# Minimum negative log likelihood

Minuit did successfully converge.
# of function calls: 641
minimum function Value: 579.9128347501
minimum edm: 2.929293669315e-05
minimum internal state vector: LAVector parameters:
    -0.3660505005561
     -1.169899910216
     -1.287002217587
     -1.171579677891
      -1.53146984544
      -1.53259307955
    -0.1932367178155
     -1.076178275504
     -1.138343513034
     -1.241711926422
     -1.145047537361
     -1.126319465461

minimum internal covariance matrix: LASymMatrix parameters:
    0.030065941   -0.003155326              0 -2.0601696e-05  0.00026370835  0.00025323703  6.1410455e-05  -0.0003252364   0.0033911494   0.0024018782   0.0036942659   0.0034172514
   -0.003155326  0.00036510213              0  3.5817421e-06 -2.8485179e-05 -2.8156369e-05  1.2759122e-05   -2.51523e-05 -0.00036724482 -0.00025818307 -0.00040133267 -0.00037022822
              0              0              2              0              0              0              0              0              0              0              0              0
 -2.0601696e-05  3.5817421e-06              0  0.00019342032   1.070759e-06  8.0252575e-07  8.7350991e-07 -3.1529796e-06 -2.5563049e-06 -1.0897011e-06 -2.5168328e-06 -2.0955948e-06
  0.00026370835 -2.8485179e-05              0   1.070759e-06  1.5277503e-05  1.2546988e-05 -1.0546044e-06 -4.9435584e-06  3.2078561e-05   2.076508e-05  3.2318352e-05  3.0104647e-05
  0.00025323703 -2.8156369e-05              0  8.0252575e-07  1.2546988e-05  1.0545818e-05 -1.1785293e-06 -1.7260979e-06   3.043949e-05  2.0164772e-05  3.1389668e-05  2.9093733e-05
  6.1410455e-05  1.2759122e-05              0  8.7350991e-07 -1.0546044e-06 -1.1785293e-06  1.9513306e-05 -4.0919492e-05  6.4423041e-07  1.5032817e-06  5.3824726e-07  1.0481234e-06
  -0.0003252364   -2.51523e-05              0 -3.1529796e-06 -4.9435584e-06 -1.7260979e-06 -4.0919492e-05  0.00020756439 -1.9913887e-05 -1.5359099e-05 -1.7687706e-05 -2.0880446e-05
   0.0033911494 -0.00036724482              0 -2.5563049e-06  3.2078561e-05   3.043949e-05  6.4423041e-07 -1.9913887e-05    0.000395403  0.00027329191  0.00042152308  0.00038993474
   0.0024018782 -0.00025818307              0 -1.0897011e-06   2.076508e-05  2.0164772e-05  1.5032817e-06 -1.5359099e-05  0.00027329191  0.00020188299  0.00029781919  0.00027556874
   0.0036942659 -0.00040133267              0 -2.5168328e-06  3.2318352e-05  3.1389668e-05  5.3824726e-07 -1.7687706e-05  0.00042152308  0.00029781919  0.00046888912  0.00042469041
   0.0034172514 -0.00037022822              0 -2.0955948e-06  3.0104647e-05  2.9093733e-05  1.0481234e-06 -2.0880446e-05  0.00038993474  0.00027556874  0.00042469041  0.00040220012


# ext. ||   Name    ||   type  ||     Value     ||  Error +/- 

   0   ||Natural mortality || limited ||    0.03605174012822 ||0.002854983174323
   1   ||Targeted q || limited ||       3.96442285369 ||0.2636240513716
   2   ||Nontargeted q || limited ||                   2 ||22.06548931833
   3   ||     sigma || limited ||      3.931711867122 ||0.1911216648212
   4   ||  Biomass1 || limited ||      0.386593205561 ||0.05433176099173
   5   ||  Biomass2 || limited ||     0.3648276499717 ||0.04385199842835
   6   ||   vm_mean || limited ||    -0.6033000515861 ||0.009630309636342
   7   ||  vm_sigma || limited ||      4.794936740211 ||0.1934298963065
   8   ||Recruit year 1 || limited ||      4.612514204678 ||0.2946008141523
   9   ||Recruit year 2 || limited ||      2.692799662281 ||0.1623282747397
  10   ||Recruit year 3 || limited ||      4.473066841928 ||0.3161423833625
  11   ||Recruit year 4 || limited ||      4.867727626818 ||0.3048400745688





