# Minimum negative log likelihood

Minuit did successfully converge.
# of function calls: 1003
minimum function Value: 417.6002737836
minimum edm: 4.954669325498e-06
minimum internal state vector: LAVector parameters:
     0.5695175332283
     -1.170478072228
     -1.287002217587
     -1.301517791765
     -1.532636472942
     -1.534446399255
     0.1731428307453
     -1.347003086303
     -1.013779630364
     -1.382928233736
     -1.332702923571
     0.1026110611151
    0.05881915843765
    0.04037427139046
    0.02539082069717

minimum internal covariance matrix: LASymMatrix parameters:
   0.0039147091 -0.00031140821              0 -0.00017862278  3.6690675e-05  3.3309175e-05   -0.001527893  0.00023957182   0.0006027641  0.00019571434  0.00024045246  1.7161915e-05  1.7477869e-05  2.3156263e-05   1.651726e-05
 -0.00031140821   2.944377e-05              0  1.3177555e-05 -3.3397057e-06 -3.0299869e-06  9.2450114e-05 -2.0237022e-05 -5.0741192e-05 -1.6222105e-05 -2.0864499e-05 -9.8452134e-07 -1.0325076e-06 -1.8356441e-06 -1.2047454e-06
              0              0              2              0              0              0              0              0              0              0              0              0              0              0              0
 -0.00017862278  1.3177555e-05              0  9.0969471e-05  5.1243343e-07   3.157847e-07  2.9269547e-05 -1.0977188e-05 -2.7560321e-05 -9.0107127e-06  -1.012506e-05 -4.7337776e-07 -6.6387997e-07  -1.696164e-07 -6.4726673e-07
  3.6690675e-05 -3.3397057e-06              0  5.1243343e-07  1.7030257e-06  1.4375044e-06 -6.5971388e-06  2.3538785e-06  5.9748991e-06  1.8905876e-06    2.35454e-06   5.637062e-08  9.8494379e-08  1.4872923e-07  7.7858701e-08
  3.3309175e-05 -3.0299869e-06              0   3.157847e-07  1.4375044e-06  1.2263346e-06 -6.3733253e-06  2.1338147e-06  5.4101656e-06  1.7155273e-06  2.1440548e-06  5.9789975e-08  9.1882977e-08  1.3883885e-07  7.6496517e-08
   -0.001527893  9.2450114e-05              0  2.9269547e-05 -6.5971388e-06 -6.3733253e-06   0.0028965719 -8.0558056e-05 -0.00021534989  -7.196107e-05 -8.7391138e-05 -1.9325362e-05 -1.7455386e-05 -1.5232695e-05 -1.6719638e-05
  0.00023957182 -2.0237022e-05              0 -1.0977188e-05  2.3538785e-06  2.1338147e-06 -8.0558056e-05  1.7468366e-05  3.7470936e-05  1.2196407e-05  1.5019238e-05  7.3045661e-07  9.6782506e-07  1.3002909e-06  9.1899339e-07
   0.0006027641 -5.0741192e-05              0 -2.7560321e-05  5.9748991e-06  5.4101656e-06 -0.00021534989  3.7470936e-05  9.7122488e-05  3.0507143e-05  3.8159243e-05   2.482675e-06  2.4755068e-06   3.619205e-06  2.4313416e-06
  0.00019571434 -1.6222105e-05              0 -9.0107127e-06  1.8905876e-06  1.7155273e-06  -7.196107e-05  1.2196407e-05  3.0507143e-05  1.2559457e-05  1.2110473e-05  7.8147702e-07  8.0911186e-07  1.0701707e-06   8.329835e-07
  0.00024045246 -2.0864499e-05              0  -1.012506e-05    2.35454e-06  2.1440548e-06 -8.7391138e-05  1.5019238e-05  3.8159243e-05  1.2110473e-05  1.8933861e-05  8.8932735e-07  9.5199443e-07  1.3856207e-06  1.2229843e-06
  1.7161915e-05 -9.8452134e-07              0 -4.7337776e-07   5.637062e-08  5.9789975e-08 -1.9325362e-05  7.3045661e-07   2.482675e-06  7.8147702e-07  8.8932735e-07  1.0540921e-06  1.5370593e-07  1.9945655e-07  1.0662128e-07
  1.7477869e-05 -1.0325076e-06              0 -6.6387997e-07  9.8494379e-08  9.1882977e-08 -1.7455386e-05  9.6782506e-07  2.4755068e-06  8.0911186e-07  9.5199443e-07  1.5370593e-07  2.2961971e-07  1.2227177e-07  1.1142981e-07
  2.3156263e-05 -1.8356441e-06              0  -1.696164e-07  1.4872923e-07  1.3883885e-07 -1.5232695e-05  1.3002909e-06   3.619205e-06  1.0701707e-06  1.3856207e-06  1.9945655e-07  1.2227177e-07  1.1613055e-06  1.4159958e-07
   1.651726e-05 -1.2047454e-06              0 -6.4726673e-07  7.7858701e-08  7.6496517e-08 -1.6719638e-05  9.1899339e-07  2.4313416e-06   8.329835e-07  1.2229843e-06  1.0662128e-07  1.1142981e-07  1.4159958e-07   5.305481e-07


# ext. ||   Name    ||   type  ||     Value     ||  Error +/- 

   0   ||Natural mortality || limited ||    0.05848064491745 ||0.0009311685855551
   1   ||Targeted q || limited ||      3.953149340301 ||0.07476422265654
   2   ||Nontargeted q || limited ||                   2 ||22.06548931833
   3   ||     sigma || limited ||      1.801845854486 ||0.08970982785882
   4   ||  Biomass1 || limited ||     0.3639994377383 ||0.0176021954246
   5   ||  Biomass2 || limited ||     0.3302929371505 ||0.01422876968907
   6   ||  vm_sigma || limited ||      46.89157524194 ||1.499112980421
   7   ||Recruit year 1 || limited ||      1.256743665843 ||0.03279086050902
   8   ||Recruit year 2 || limited ||      7.567442779241 ||0.1841795067494
   9   ||Recruit year 3 || limited ||     0.8896803839542 ||0.02339870765736
  10   ||Recruit year 4 || limited ||      1.420388338136 ||0.03627996117539
  11   ||Mean Rec dist 1 || limited ||      1.024310900661 ||0.007221607236028
  12   ||Mean Rec dist 2 || limited ||     0.5878524826175 ||0.003382500563992
  13   ||Mean Rec dist 3 || limited ||     0.4036330339033 ||0.007613846762948
  14   ||Mean Rec dist 4 || limited ||     0.2538809256777 ||0.005148815829758





