# Minimum negative log likelihood

Minuit did successfully converge.
# of function calls: 781
minimum function Value: 577.738107864
minimum edm: 5.179131372513e-05
minimum internal state vector: LAVector parameters:
    -0.6752170676897
     -1.160861135674
     -1.287002217587
     -1.173690301152
     -1.545670052209
     -1.547101510951
     -0.579378548774
     0.1935139870129
      -1.27266177919
      -1.03877180117
     -1.129405094567
     -1.163154673788

minimum internal covariance matrix: LASymMatrix parameters:
   0.0054500118  -0.0025287699              0 -6.0261652e-07  0.00015643351  0.00014693446  8.8877634e-06 -0.00013080249   0.0019177858   0.0032289441   0.0028414284   0.0026358112
  -0.0025287699   0.0011860309              0 -4.2897031e-07 -7.3146199e-05  -6.881694e-05 -6.5752129e-07 -5.8580749e-05 -0.00089319233  -0.0015047805  -0.0013232667  -0.0012274474
              0              0      3.6768668              0              0              0              0              0              0              0              0              0
 -6.0261652e-07 -4.2897031e-07              0  0.00019005917 -2.4128104e-06 -1.4337005e-06  -3.145077e-07  3.1720395e-05  5.0774951e-07 -1.8208183e-06  1.9569891e-07 -1.7395251e-06
  0.00015643351 -7.3146199e-05              0 -2.4128104e-06   2.659922e-05  2.0739501e-05 -2.9503242e-08 -8.4897544e-06  6.1059225e-05  9.2949319e-05  8.1836014e-05  7.5757315e-05
  0.00014693446  -6.881694e-05              0 -1.4337005e-06  2.0739501e-05  1.6864955e-05 -1.6771743e-08  1.5930691e-06   5.530164e-05  8.7349621e-05  7.6883135e-05  7.1087086e-05
  8.8877634e-06 -6.5752129e-07              0  -3.145077e-07 -2.9503242e-08 -1.6771743e-08  4.8144587e-06 -0.00015395994  2.2760797e-06  3.3543781e-06  3.0946413e-06  2.5726508e-06
 -0.00013080249 -5.8580749e-05              0  3.1720395e-05 -8.4897544e-06  1.5930691e-06 -0.00015395994    0.010327203 -4.0460869e-05  6.4306608e-07 -1.8915589e-05 -9.4154993e-08
   0.0019177858 -0.00089319233              0  5.0774951e-07  6.1059225e-05   5.530164e-05  2.2760797e-06 -4.0460869e-05  0.00068856154   0.0011378285   0.0010008399  0.00092878248
   0.0032289441  -0.0015047805              0 -1.8208183e-06  9.2949319e-05  8.7349621e-05  3.3543781e-06  6.4306608e-07   0.0011378285   0.0019252359   0.0016858202   0.0015640188
   0.0028414284  -0.0013232667              0  1.9569891e-07  8.1836014e-05  7.6883135e-05  3.0946413e-06 -1.8915589e-05   0.0010008399   0.0016858202   0.0014931077   0.0013758209
   0.0026358112  -0.0012274474              0 -1.7395251e-06  7.5757315e-05  7.1087086e-05  2.5726508e-06 -9.4154993e-08  0.00092878248   0.0015640188   0.0013758209   0.0012859883


# ext. ||   Name    ||   type  ||     Value     ||  Error +/- 

   0   ||Natural mortality || limited ||    0.05623998476122 ||0.006109283702744
   1   ||Targeted q || limited ||      4.142667284284 ||0.485224555973
   2   ||Nontargeted q || limited ||                   2 ||62.04284887175
   3   ||     sigma || limited ||      3.890794892687 ||0.1885055753226
   4   ||  Biomass1 || limited ||     0.1578241151209 ||0.04581111885615
   5   ||  Biomass2 || limited ||     0.1403545075167 ||0.034400098221
   6   ||   vm_mean || limited ||     -1.720034576451 ||0.004078793258868
   7   ||  vm_sigma || limited ||      47.69274272497 ||2.81821545683
   8   ||Recruit year 1 || limited ||      2.215474158529 ||0.2724692622916
   9   ||Recruit year 2 || limited ||       6.92021701841 ||0.7867392693281
  10   ||Recruit year 3 || limited ||      4.801610435296 ||0.5834881994315
  11   ||Recruit year 4 || limited ||      4.106673759909 ||0.5025356162155





