# Minimum negative log likelihood

Minuit did successfully converge.
# of function calls: 517
minimum function Value: 363.5887789085
minimum edm: 8.236293318439e-05
minimum internal state vector: LAVector parameters:
    -0.1431575446621
     -1.158605375465
     -1.287002217587
     -1.334495750292
     -1.517385426131
     -1.515482418216
    -0.9253583361266
    -0.2270912729584
     -1.156180606864
    -0.9760999130038
     -1.249008770774
     -1.207103790295

minimum internal covariance matrix: LASymMatrix parameters:
   0.0026467343 -0.00026676466              0  1.0271936e-05  2.5311642e-05  3.8166101e-05 -6.3574969e-06  0.00014598783  0.00025400471  0.00035341632  0.00025285852   0.0002432946
 -0.00026676466  2.8071873e-05              0 -1.0412917e-06 -2.8227311e-06 -3.8265994e-06  1.3615711e-06 -2.4604914e-05 -2.6777489e-05 -3.6039442e-05 -2.5764759e-05 -2.4817551e-05
              0              0              2              0              0              0              0              0              0              0              0              0
  1.0271936e-05 -1.0412917e-06              0  6.8940252e-05  3.4510893e-07  1.6176402e-07  4.8484954e-08  2.6540385e-06  1.7734495e-06   1.388689e-06  7.3604645e-07  5.1312919e-07
  2.5311642e-05 -2.8227311e-06              0  3.4510893e-07  1.8597494e-06  9.6076408e-07 -1.4297534e-07  2.3507041e-06  4.8842264e-06  3.4928824e-06  2.4847042e-06  2.3927412e-06
  3.8166101e-05 -3.8265994e-06              0  1.6176402e-07  9.6076408e-07  1.9739615e-06  2.8023827e-08  3.5419315e-06 -1.1598997e-07  5.1362389e-06  3.6766595e-06  3.5409109e-06
 -6.3574969e-06  1.3615711e-06              0  4.8484954e-08 -1.4297534e-07  2.8023827e-08  1.5673177e-06 -1.1544251e-05 -1.6898406e-06 -1.1221085e-06 -7.7452913e-07  -8.001515e-07
  0.00014598783 -2.4604914e-05              0  2.6540385e-06  2.3507041e-06  3.5419315e-06 -1.1544251e-05  0.00046803043 -2.0854607e-06  2.2593743e-05  1.7385287e-05  1.5413662e-05
  0.00025400471 -2.6777489e-05              0  1.7734495e-06  4.8842264e-06 -1.1598997e-07 -1.6898406e-06 -2.0854607e-06   4.840084e-05  3.4126603e-05  2.4289535e-05  2.3471742e-05
  0.00035341632 -3.6039442e-05              0   1.388689e-06  3.4928824e-06  5.1362389e-06 -1.1221085e-06  2.2593743e-05  3.4126603e-05  4.8231508e-05  3.3861395e-05  3.2563592e-05
  0.00025285852 -2.5764759e-05              0  7.3604645e-07  2.4847042e-06  3.6766595e-06 -7.7452913e-07  1.7385287e-05  2.4289535e-05  3.3861395e-05  2.5122926e-05  2.3307627e-05
   0.0002432946 -2.4817551e-05              0  5.1312919e-07  2.3927412e-06  3.5409109e-06  -8.001515e-07  1.5413662e-05  2.3471742e-05  3.2563592e-05  2.3307627e-05  2.3267853e-05


# ext. ||   Name    ||   type  ||     Value     ||  Error +/- 

   0   ||Natural mortality || limited ||    0.04143327337365 ||0.0008999510265972
   1   ||Targeted q || limited ||      4.187735566696 ||0.07504467088589
   2   ||Nontargeted q || limited ||                   2 ||22.06548931833
   3   ||     sigma || limited ||      1.389465560071 ||0.06872337650671
   4   ||  Biomass1 || limited ||     0.7130115511333 ||0.02573982238191
   5   ||  Biomass2 || limited ||     0.7647121128355 ||0.0274623147849
   6   ||   vm_mean || limited ||     -2.509618474546 ||0.001672953592679
   7   ||  vm_sigma || limited ||       30.9948352389 ||0.5961611856524
   8   ||Recruit year 1 || limited ||      4.246016817098 ||0.09907565746198
   9   ||Recruit year 2 || limited ||      8.593210423027 ||0.1375506940379
  10   ||Recruit year 3 || limited ||      2.576163534972 ||0.05603946561906
  11   ||Recruit year 4 || limited ||      3.280189909215 ||0.06066057426872





