# Minimum negative log likelihood

Minuit did successfully converge.
# of function calls: 1569
minimum function Value: 660.8021552146
minimum edm: 8.721370765716e-05
minimum internal state vector: LAVector parameters:
     0.3961372030504
     -0.960521482766
     -1.287002217587
     -1.084282457555
     -1.436571245958
     -1.447732321851
     0.2133968590415
     -1.342895122072
     -1.308023944946
    -0.9711787246121
     -1.080590113296
    0.08129000829004
    0.08066559285204
    0.02259926112978
    0.09903522558957

minimum internal covariance matrix: LASymMatrix parameters:
    0.025089766  -0.0022350529              0 -6.9861783e-05  0.00051123261  0.00044619501  -0.0013301414   0.0011038362   0.0012297614   0.0023979395     0.00234222  9.5005008e-05  3.9755772e-05  3.2021624e-05  2.6294427e-05
  -0.0022350529  0.00024708604              0   4.466462e-06 -5.2263254e-05 -4.5738965e-05 -3.8529325e-05 -9.7282827e-05 -0.00011322231  -0.0002155987  -0.0002238579 -7.2760971e-06  4.0524602e-07 -5.6335335e-07 -4.8695732e-07
              0              0              2              0              0              0              0              0              0              0              0              0              0              0              0
 -6.9861783e-05   4.466462e-06              0  0.00029951849   -8.51961e-07 -8.8801202e-07 -1.3563774e-05 -8.4442717e-07 -5.4271066e-06 -6.3636879e-06 -2.8324218e-06 -1.1911041e-06   4.795121e-07  9.3477728e-08 -2.2141267e-07
  0.00051123261 -5.2263254e-05              0   -8.51961e-07  2.3005473e-05  1.8749495e-05   1.866301e-05  2.3007077e-05  2.6602157e-05  5.0809134e-05   4.987306e-05  1.6861351e-06  8.0772657e-07  3.4770776e-07  1.7712913e-07
  0.00044619501 -4.5738965e-05              0 -8.8801202e-07  1.8749495e-05  1.5532368e-05  2.0350728e-05    2.01395e-05  2.3186746e-05  4.4119162e-05  4.3331395e-05  1.6343045e-06  6.4282929e-07  2.9017522e-07  8.6688279e-08
  -0.0013301414 -3.8529325e-05              0 -1.3563774e-05   1.866301e-05  2.0350728e-05   0.0083961413 -1.0386384e-05 -1.7225419e-05 -9.8189324e-05 -0.00014741599 -1.0413269e-06 -2.7464928e-05 -3.1858071e-05 -4.8578694e-05
   0.0011038362 -9.7282827e-05              0 -8.4442717e-07  2.3007077e-05    2.01395e-05 -1.0386384e-05  6.8774777e-05  5.5225825e-05  0.00010752971   0.0001016779  4.5331996e-06  1.9491687e-06   1.497512e-06  6.3929177e-07
   0.0012297614 -0.00011322231              0 -5.4271066e-06  2.6602157e-05  2.3186746e-05 -1.7225419e-05  5.5225825e-05  7.9768573e-05  0.00011827898  0.00011532244  4.9266159e-06  1.8240021e-06  1.3144796e-06  9.4616572e-07
   0.0023979395  -0.0002155987              0 -6.3636879e-06  5.0809134e-05  4.4119162e-05 -9.8189324e-05  0.00010752971  0.00011827898  0.00025096734  0.00022448662  8.9366432e-06  4.3518385e-06  3.0901673e-06  2.2287279e-06
     0.00234222  -0.0002238579              0 -2.8324218e-06   4.987306e-05  4.3331395e-05 -0.00014741599   0.0001016779  0.00011532244  0.00022448662  0.00025529051  7.0051802e-06  2.4225003e-06  2.3808783e-06  3.4785627e-06
  9.5005008e-05 -7.2760971e-06              0 -1.1911041e-06  1.6861351e-06  1.6343045e-06 -1.0413269e-06  4.5331996e-06  4.9266159e-06  8.9366432e-06  7.0051802e-06  4.3609255e-06  3.5652701e-07  2.4590624e-07 -1.0096201e-07
  3.9755772e-05  4.0524602e-07              0   4.795121e-07  8.0772657e-07  6.4282929e-07 -2.7464928e-05  1.9491687e-06  1.8240021e-06  4.3518385e-06  2.4225003e-06  3.5652701e-07    3.12896e-06  2.8339498e-07  2.3712109e-07
  3.2021624e-05 -5.6335335e-07              0  9.3477728e-08  3.4770776e-07  2.9017522e-07 -3.1858071e-05   1.497512e-06  1.3144796e-06  3.0901673e-06  2.3808783e-06  2.4590624e-07  2.8339498e-07  4.8406695e-07  2.0377901e-07
  2.6294427e-05 -4.8695732e-07              0 -2.2141267e-07  1.7712913e-07  8.6688279e-08 -4.8578694e-05  6.3929177e-07  9.4616572e-07  2.2287279e-06  3.4785627e-06 -1.0096201e-07  2.3712109e-07  2.0377901e-07    1.24187e-06


# ext. ||   Name    ||   type  ||     Value     ||  Error +/- 

   0   ||Natural mortality || limited ||    0.05464643935669 ||0.00257785662428
   1   ||Targeted q || limited ||      9.025473115556 ||0.3184894526068
   2   ||Nontargeted q || limited ||                   2 ||22.06548931833
   3   ||     sigma || limited ||      5.801592143274 ||0.2860759560021
   4   ||  Biomass1 || limited ||      4.497334856346 ||0.226933483214
   5   ||  Biomass2 || limited ||       3.78141133496 ||0.1710438895881
   6   ||  vm_sigma || limited ||      48.47163106717 ||2.531110179483
   7   ||Recruit year 1 || limited ||      1.302734297008 ||0.0662375567423
   8   ||Recruit year 2 || limited ||      1.726151382274 ||0.08201528642178
   9   ||Recruit year 3 || limited ||      8.731554126856 ||0.3160398107043
  10   ||Recruit year 4 || limited ||      5.897621656975 ||0.2659275578349
  11   ||Mean Rec dist 1 || limited ||     0.8120050958332 ||0.01471762298118
  12   ||Mean Rec dist 2 || limited ||     0.8057814030914 ||0.01246724212483
  13   ||Mean Rec dist 3 || limited ||     0.2259733750493 ||0.004918433335174
  14   ||Mean Rec dist 4 || limited ||     0.9887341577686 ||0.007841330490017





