# Minimum negative log likelihood

Minuit did successfully converge.
# of function calls: 1067
minimum function Value: 750.9934093
minimum edm: 5.781523456999e-06
minimum internal state vector: LAVector parameters:
    -0.7918014805784
     -1.161289430074
     -1.287002217587
    -0.9631781288898
     -1.368067892204
      -1.37652573023
    0.02973280487496
     -1.050769544132
    -0.9690761866769
     -1.040221096033
     -1.105865674301
    0.03161182203044
    0.03545456896695
    0.03032101376356
     0.1023873489425

minimum internal covariance matrix: LASymMatrix parameters:
    0.033992139  -0.0021487271              0  9.4898976e-05   0.0011393815   0.0010668719  -0.0078694406    0.004030012   0.0046811925     0.00402437   0.0036370598   0.0001293891  0.00013870188  0.00013847089  0.00012640494
  -0.0021487271   0.0001565046              0  -9.695953e-07 -8.2607414e-05 -7.7322026e-05  0.00025582669 -0.00026331362 -0.00030292619 -0.00025643703 -0.00024709327  -5.809841e-06 -6.5090084e-06 -6.7140498e-06 -7.6335635e-06
              0              0              2              0              0              0              0              0              0              0              0              0              0              0              0
  9.4898976e-05  -9.695953e-07              0  0.00052965785  5.6642623e-06  4.3970973e-06 -0.00021013979 -2.0427895e-06  6.6532318e-06  2.5406275e-05 -1.3661677e-06  2.6180979e-06   3.009344e-06  2.0910593e-06 -1.8759775e-06
   0.0011393815 -8.2607414e-05              0  5.6642623e-06  7.4021331e-05  6.6745902e-05 -0.00016529243  0.00014233613  0.00015989078  0.00013620425  0.00013267773   2.614709e-06  3.6723587e-06  3.8896734e-06  4.2483462e-06
   0.0010668719 -7.7322026e-05              0  4.3970973e-06  6.6745902e-05  6.0475636e-05 -0.00015071278  0.00013293189  0.00014983702  0.00012746554  0.00012398229  2.4945758e-06  3.3956308e-06  3.6049195e-06  3.9583546e-06
  -0.0078694406  0.00025582669              0 -0.00021013979 -0.00016529243 -0.00015071278    0.023111568 -0.00080718964 -0.00098463633 -0.00093923938 -0.00066448948 -0.00011277709 -0.00013219972 -0.00011846539 -0.00010292342
    0.004030012 -0.00026331362              0 -2.0427895e-06  0.00014233613  0.00013293189 -0.00080718964  0.00052082013  0.00055793097  0.00047380973  0.00044029051  1.3005004e-05  1.5343635e-05  1.5216079e-05  1.5443871e-05
   0.0046811925 -0.00030292619              0  6.6532318e-06  0.00015989078  0.00014983702 -0.00098463633  0.00055793097  0.00068482983  0.00055405863  0.00050220947  1.6512787e-05  1.7522258e-05  1.8537468e-05  1.7134483e-05
     0.00402437 -0.00025643703              0  2.5406275e-05  0.00013620425  0.00012746554 -0.00093923938  0.00047380973  0.00055405863  0.00051715757  0.00042651314  1.5077386e-05  1.6497787e-05  1.5535198e-05   1.415407e-05
   0.0036370598 -0.00024709327              0 -1.3661677e-06  0.00013267773  0.00012398229 -0.00066448948  0.00044029051  0.00050220947  0.00042651314  0.00049612795  1.2787652e-05  1.3198158e-05   1.325673e-05  1.8221349e-05
   0.0001293891  -5.809841e-06              0  2.6180979e-06   2.614709e-06  2.4945758e-06 -0.00011277709  1.3005004e-05  1.6512787e-05  1.5077386e-05  1.2787652e-05  3.6245452e-06  1.1143023e-06  1.0014437e-06  7.6346727e-07
  0.00013870188 -6.5090084e-06              0   3.009344e-06  3.6723587e-06  3.3956308e-06 -0.00013219972  1.5343635e-05  1.7522258e-05  1.6497787e-05  1.3198158e-05  1.1143023e-06  2.9968926e-06  1.1109963e-06  7.7934206e-07
  0.00013847089 -6.7140498e-06              0  2.0910593e-06  3.8896734e-06  3.6049195e-06 -0.00011846539  1.5216079e-05  1.8537468e-05  1.5535198e-05   1.325673e-05  1.0014437e-06  1.1109963e-06  3.4860726e-06  8.2120271e-07
  0.00012640494 -7.6335635e-06              0 -1.8759775e-06  4.2483462e-06  3.9583546e-06 -0.00010292342  1.5443871e-05  1.7134483e-05   1.415407e-05  1.8221349e-05  7.6346727e-07  7.7934206e-07  8.2120271e-07  7.1437437e-06


# ext. ||   Name    ||   type  ||     Value     ||  Error +/- 

   0   ||Natural mortality || limited ||    0.02720949793169 ||0.002283334479612
   1   ||Targeted q || limited ||      4.134136656206 ||0.1761032192758
   2   ||Nontargeted q || limited ||                   2 ||22.06548931833
   3   ||     sigma || limited ||      8.949492572542 ||0.4645194816288
   4   ||  Biomass1 || limited ||      10.23956287009 ||0.6124441950359
   5   ||  Biomass2 || limited ||      9.405628729922 ||0.5307804017236
   6   ||  vm_sigma || limited ||      41.18962210534 ||4.289686105377
   7   ||Recruit year 1 || limited ||      6.619045449709 ||0.4008746172562
   8   ||Recruit year 2 || limited ||      8.790965306512 ||0.523650608498
   9   ||Recruit year 3 || limited ||      6.883506107914 ||0.4067993016627
  10   ||Recruit year 4 || limited ||      5.316836240291 ||0.3530352880199
  11   ||Mean Rec dist 1 || limited ||     0.3160655730613 ||0.01345533765799
  12   ||Mean Rec dist 2 || limited ||     0.3544714154523 ||0.01223340826366
  13   ||Mean Rec dist 3 || limited ||     0.3031636796967 ||0.01319633766174
  14   ||Mean Rec dist 4 || limited ||      1.022085520353 ||0.01880040899781





