# Minimum negative log likelihood

Minuit did successfully converge.
# of function calls: 327
minimum function Value: 386.3827392393
minimum edm: 1.109515321126e-05
minimum internal state vector: LAVector parameters:
     -1.163442396036
     -1.287002217587
     -1.321112231026
     -1.457548593854
      -1.46305844249
    -0.2191862024905
   -0.07755581315537
     -1.341403797452
     -1.032286367678
     -1.264758881805
     -1.042757265412

minimum internal covariance matrix: LASymMatrix parameters:
  2.5076721e-06              0 -1.5487448e-07 -7.0809862e-07  -6.493481e-07  5.9848646e-07 -1.5634394e-05 -4.1613267e-07  -1.135182e-06 -4.2655632e-07 -1.5038224e-06
              0              2              0              0              0              0              0              0              0              0              0
 -1.5487448e-07              0  7.2288415e-05   3.107459e-07  2.6489586e-07 -1.1878148e-07  5.0574476e-06  3.5579394e-07   1.957246e-07  4.4630922e-08  2.8008455e-07
 -7.0809862e-07              0   3.107459e-07  1.2206441e-06  1.0236783e-06 -1.8016418e-07  4.3358098e-06  3.5881669e-07   3.154191e-07  1.0964969e-07  4.2432929e-07
  -6.493481e-07              0  2.6489586e-07  1.0236783e-06   8.676156e-07 -1.6218346e-07   4.004166e-06  2.9725241e-07  2.8651571e-07  1.0067884e-07   3.846665e-07
  5.9848646e-07              0 -1.1878148e-07 -1.8016418e-07 -1.6218346e-07  4.2361897e-07 -8.9898542e-06 -9.7503839e-08 -2.3478699e-07 -1.0187165e-07 -2.8427378e-07
 -1.5634394e-05              0  5.0574476e-06  4.3358098e-06   4.004166e-06 -8.9898542e-06  0.00043309725  2.2512951e-06  6.3967443e-06  3.0155191e-06  7.5312064e-06
 -4.1613267e-07              0  3.5579394e-07  3.5881669e-07  2.9725241e-07 -9.7503839e-08  2.2512951e-06  1.0582927e-06  2.0486422e-07   6.922197e-08  2.7841701e-07
  -1.135182e-06              0   1.957246e-07   3.154191e-07  2.8651571e-07 -2.3478699e-07  6.3967443e-06  2.0486422e-07  1.5377136e-06  2.2327843e-07  8.5132178e-07
 -4.2655632e-07              0  4.4630922e-08  1.0964969e-07  1.0067884e-07 -1.0187165e-07  3.0155191e-06   6.922197e-08  2.2327843e-07  9.9202835e-07  2.9743034e-07
 -1.5038224e-06              0  2.8008455e-07  4.2432929e-07   3.846665e-07 -2.8427378e-07  7.5312064e-06  2.7841701e-07  8.5132178e-07  2.9743034e-07  2.1960217e-06


# ext. ||   Name    ||   type  ||     Value     ||  Error +/- 

   0   ||Targeted q || limited ||      4.091382061228 ||0.02218115320724
   1   ||Nontargeted q || limited ||                   2 ||22.06548931833
   2   ||     sigma || limited ||      1.550473533982 ||0.07427723570491
   3   ||  Biomass1 || limited ||      3.202837012785 ||0.04414182731774
   4   ||  Biomass2 || limited ||      2.899057078307 ||0.03541168508273
   5   ||   vm_mean || limited ||    -0.6830933547132 ||0.001411255433071
   6   ||  vm_sigma || limited ||      36.90141521622 ||0.5868257628151
   7   ||Recruit year 1 || limited ||      1.319633773451 ||0.008269479372584
   8   ||Recruit year 2 || limited ||      7.085601740265 ||0.02248256613662
   9   ||Recruit year 3 || limited ||      2.333022591278 ||0.01060834412654
  10   ||Recruit year 4 || limited ||      6.819482440489 ||0.02639507189715





