# Minimum negative log likelihood

Minuit did successfully converge.
# of function calls: 1042
minimum function Value: 544.133705246
minimum edm: 5.05101766952e-05
minimum internal state vector: LAVector parameters:
    -0.6999572099379
    -0.9407874941949
     -1.287002217587
     -1.204836379939
      -1.52668581547
     -1.511262819292
    -0.9615842169492
    -0.6676582438055
     -1.210932175614
     -1.182096275971
     -1.194352399534
      -1.00917955654

minimum internal covariance matrix: LASymMatrix parameters:
    0.056167862  -0.0032605357              0  -9.322565e-05  0.00024898847  0.00032168888  0.00024851221 -0.00053135072   0.0017123654   0.0024750249   0.0025369659   0.0029607741
  -0.0032605357  0.00019529411              0  5.2651869e-06 -1.5228633e-05 -1.7972132e-05 -1.0381702e-05  1.1313513e-05 -0.00010793863 -0.00014353273 -0.00014743166 -0.00017177888
              0              0              2              0              0              0              0              0              0              0              0              0
  -9.322565e-05  5.2651869e-06              0  0.00016547035  4.0725235e-07 -7.4492661e-07 -1.3921668e-07 -3.7146072e-06  2.6842915e-06 -3.6882518e-06 -6.0719111e-06 -1.6098249e-07
  0.00024898847 -1.5228633e-05              0  4.0725235e-07  7.0481885e-06   3.150116e-06  1.4885008e-06 -3.3868257e-06  1.6280299e-05  1.0883817e-05  1.1142554e-05  1.3308293e-05
  0.00032168888 -1.7972132e-05              0 -7.4492661e-07   3.150116e-06  7.4508314e-06  1.4215998e-06 -4.9299928e-06 -1.8628803e-05  1.4888456e-05  1.4562059e-05  1.6853981e-05
  0.00024851221 -1.0381702e-05              0 -1.3921668e-07  1.4885008e-06  1.4215998e-06  9.6768707e-06 -3.0229492e-05  4.5048169e-06   1.061287e-05  1.0860664e-05  1.3092351e-05
 -0.00053135072  1.1313513e-05              0 -3.7146072e-06 -3.3868257e-06 -4.9299928e-06 -3.0229492e-05    0.000302622  -2.197009e-05 -2.2469535e-05  -2.295231e-05 -3.1732888e-05
   0.0017123654 -0.00010793863              0  2.6842915e-06  1.6280299e-05 -1.8628803e-05  4.5048169e-06  -2.197009e-05  0.00027012729  7.0257744e-05  7.6997501e-05  9.1819368e-05
   0.0024750249 -0.00014353273              0 -3.6882518e-06  1.0883817e-05  1.4888456e-05   1.061287e-05 -2.2469535e-05  7.0257744e-05   0.0001135996  0.00011164339  0.00013066111
   0.0025369659 -0.00014743166              0 -6.0719111e-06  1.1142554e-05  1.4562059e-05  1.0860664e-05  -2.295231e-05  7.6997501e-05  0.00011164339  0.00011941259   0.0001328075
   0.0029607741 -0.00017177888              0 -1.6098249e-07  1.3308293e-05  1.6853981e-05  1.3092351e-05 -3.1732888e-05  9.1819368e-05  0.00013066111   0.0001328075  0.00016204612


# ext. ||   Name    ||   type  ||     Value     ||  Error +/- 

   0   ||Natural mortality || limited ||    0.02889537602492 ||0.003189493742526
   1   ||Targeted q || limited ||      9.598884769967 ||0.2910849773454
   2   ||Nontargeted q || limited ||                   2 ||22.06548931833
   3   ||     sigma || limited ||      3.310966076618 ||0.1627440358212
   4   ||  Biomass1 || limited ||     0.4863554346735 ||0.04138993577441
   5   ||  Biomass2 || limited ||     0.8857979592717 ||0.0574198435318
   6   ||   vm_mean || limited ||     -2.576417370681 ||0.003954268521775
   7   ||  vm_sigma || limited ||      15.23485890298 ||0.3863669086245
   8   ||Recruit year 1 || limited ||      3.212446169331 ||0.2046021234081
   9   ||Recruit year 2 || limited ||      3.739501820116 ||0.1427968953661
  10   ||Recruit year 3 || limited ||      3.510760829565 ||0.1420124441495
  11   ||Recruit year 4 || limited ||      7.689472075805 ||0.2396567978073





