# Minimum negative log likelihood

Minuit did successfully converge.
# of function calls: 1472
minimum function Value: 394.8318116335
minimum edm: 1.394889935109e-05
minimum internal state vector: LAVector parameters:
     0.1890106077775
      -1.29648567118
     -1.287002217587
     -1.315934252746
      -1.50106169924
     -1.503011561416
     -1.202062237353
     -1.367836102052
     -1.310142696839
    -0.9217141326484
     -1.301006080068
    0.05805459710461
    0.08822732536986
    0.09531321395553
     0.0753583381153

minimum internal covariance matrix: LASymMatrix parameters:
    0.030929282  -0.0028674911              0  2.4964221e-05   0.0007326224  0.00071023718 -0.00044078849   0.0028940972   0.0036142177   0.0093873274   0.0040091258  0.00058698258  0.00040715391  0.00046816673  0.00061712611
  -0.0028674911   0.0002772839              0  -3.288537e-06  -7.102619e-05 -6.8777363e-05   3.112554e-05 -0.00027407377 -0.00034285156 -0.00088877587 -0.00037721106 -5.2531346e-05 -3.6986715e-05 -4.0669356e-05 -6.1431829e-05
              0              0              2              0              0              0              0              0              0              0              0              0              0              0              0
  2.4964221e-05  -3.288537e-06              0  8.6451537e-05  3.4284009e-07  3.6595506e-07 -2.8914602e-06  2.9696426e-06  3.1426828e-06  9.1745362e-06  4.8377481e-06  8.8893076e-07  2.6725586e-06   5.328682e-07  1.3676483e-06
   0.0007326224  -7.102619e-05              0  3.4284009e-07  2.0125495e-05  1.9244021e-05   -8.07528e-06  7.0478922e-05  8.7831682e-05  0.00022736581  9.6529816e-05  1.2323091e-05  9.3343084e-06  1.0356832e-05  1.5586248e-05
  0.00071023718 -6.8777363e-05              0  3.6595506e-07  1.9244021e-05  1.8440446e-05 -7.8119251e-06  6.8194559e-05  8.5080056e-05  0.00022030262  9.3537405e-05   1.220761e-05  9.0672957e-06  1.0049043e-05  1.5103879e-05
 -0.00044078849   3.112554e-05              0 -2.8914602e-06   -8.07528e-06 -7.8119251e-06  2.8140514e-05  -3.608844e-05 -4.2929683e-05 -0.00011729696 -5.3003418e-05 -8.3520514e-06 -7.2414981e-06 -1.1081778e-05 -6.3130916e-06
   0.0028940972 -0.00027407377              0  2.9696426e-06  7.0478922e-05  6.8194559e-05  -3.608844e-05  0.00027622797  0.00034188547  0.00088770275  0.00037816952  5.3294825e-05  3.7998201e-05  4.2360652e-05    5.98883e-05
   0.0036142177 -0.00034285156              0  3.1426828e-06  8.7831682e-05  8.5080056e-05 -4.2929683e-05  0.00034188547  0.00043032855   0.0011096548  0.00047203564  6.7010644e-05  4.6342927e-05  5.2681243e-05  7.5059784e-05
   0.0093873274 -0.00088877587              0  9.1745362e-06  0.00022736581  0.00022030262 -0.00011729696  0.00088770275   0.0011096548   0.0028814266   0.0012253705  0.00017463888  0.00012205772  0.00013740923  0.00019444272
   0.0040091258 -0.00037721106              0  4.8377481e-06  9.6529816e-05  9.3537405e-05 -5.3003418e-05  0.00037816952  0.00047203564   0.0012253705  0.00052934097  7.5093664e-05  5.2666392e-05  5.9265476e-05  8.2795762e-05
  0.00058698258 -5.2531346e-05              0  8.8893076e-07  1.2323091e-05   1.220761e-05 -8.3520514e-06  5.3294825e-05  6.7010644e-05  0.00017463888  7.5093664e-05  2.3095851e-05  8.6617922e-06  9.2216427e-06  1.2826261e-05
  0.00040715391 -3.6986715e-05              0  2.6725586e-06  9.3343084e-06  9.0672957e-06 -7.2414981e-06  3.7998201e-05  4.6342927e-05  0.00012205772  5.2666392e-05  8.6617922e-06  9.6382418e-06  6.5081164e-06  7.8192014e-06
  0.00046816673 -4.0669356e-05              0   5.328682e-07  1.0356832e-05  1.0049043e-05 -1.1081778e-05  4.2360652e-05  5.2681243e-05  0.00013740923  5.9265476e-05  9.2216427e-06  6.5081164e-06  8.7128068e-06  8.9803014e-06
  0.00061712611 -6.1431829e-05              0  1.3676483e-06  1.5586248e-05  1.5103879e-05 -6.3130916e-06    5.98883e-05  7.5059784e-05  0.00019444272  8.2795762e-05  1.2826261e-05  7.8192014e-06  8.9803014e-06  2.5535659e-05


# ext. ||   Name    ||   type  ||     Value     ||  Error +/- 

   0   ||Natural mortality || limited ||    0.04969718038364 ||0.003045690463103
   1   ||Targeted q || limited ||      1.869392085026 ||0.1594739459915
   2   ||Nontargeted q || limited ||                   2 ||22.06548931833
   3   ||     sigma || limited ||      1.615096116395 ||0.08287654767584
   4   ||  Biomass1 || limited ||      1.215236983791 ||0.1105157056259
   5   ||  Biomass2 || limited ||       1.14825383938 ||0.1028346607038
   6   ||  vm_sigma || limited ||      2.689591542735 ||0.05407934149446
   7   ||Recruit year 1 || limited ||      1.036188435547 ||0.1184296913556
   8   ||Recruit year 2 || limited ||      1.698744300665 ||0.1889865896614
   9   ||Recruit year 3 || limited ||      10.17703785458 ||1.146767568963
  10   ||Recruit year 4 || limited ||      1.818477986311 ||0.216772952493
  11   ||Mean Rec dist 1 || limited ||     0.5802199201413 ||0.033924923891
  12   ||Mean Rec dist 2 || limited ||       0.88112908764 ||0.02186709427669
  13   ||Mean Rec dist 3 || limited ||     0.9516896561679 ||0.02077724863759
  14   ||Mean Rec dist 4 || limited ||     0.7528703321606 ||0.03563061262744





