# Minimum negative log likelihood

Minuit did successfully converge.
# of function calls: 1976
minimum function Value: 507.3395716553
minimum edm: 2.052499521831e-06
minimum internal state vector: LAVector parameters:
      -2.61026557043
     -1.319923665857
     -1.287002217587
     -1.236149834476
     -1.370310450091
     -1.374396687438
      2.406233537607
     -1.005789103664
     -1.316906110951
    -0.9927916252772
     -1.158156139814
    0.02258118716082
    0.08474086424746
    0.07742334982081
    0.04839532684117

minimum internal covariance matrix: LASymMatrix parameters:
   0.0055787379  0.00059221219              0 -3.0543491e-05 -0.00049476411 -0.00047929678  -0.0074664609  -0.0017587229 -0.00080600612   -0.001775048  -0.0012521152 -3.3309411e-05  -3.810017e-05 -2.8475057e-05  -3.789001e-05
  0.00059221219  6.9526857e-05              0 -4.1060854e-06 -5.8269833e-05 -5.6377077e-05 -0.00062548235 -0.00019545668  -8.712234e-05 -0.00019781386 -0.00014028185 -3.0507817e-06 -4.2471359e-06 -2.4387207e-06 -4.1844802e-06
              0              0              2              0              0              0              0              0              0              0              0              0              0              0              0
 -3.0543491e-05 -4.1060854e-06              0   0.0001438913  3.4598009e-06  3.3796178e-06  3.6579556e-05  9.5612753e-06  6.2746896e-06  1.0216254e-05  6.4355988e-06 -1.4431962e-07   1.993838e-07 -1.9456759e-08 -3.3919274e-07
 -0.00049476411 -5.8269833e-05              0  3.4598009e-06  5.4941191e-05  5.2578282e-05  0.00054396281  0.00016457806  7.2916157e-05  0.00016571869  0.00011725486  2.3320661e-06  3.6035198e-06  2.0276876e-06  3.5408592e-06
 -0.00047929678 -5.6377077e-05              0  3.3796178e-06  5.2578282e-05  5.0390636e-05  0.00052475171  0.00015913309  7.0625768e-05  0.00016041421  0.00011350637  2.3025667e-06  3.4710727e-06  1.9575923e-06  3.4145692e-06
  -0.0074664609 -0.00062548235              0  3.6579556e-05  0.00054396281  0.00052475171    0.076408615   0.0021559283   0.0010253542   0.0021315193   0.0015358817  0.00011341435  6.2249805e-05  0.00012305077  9.1174115e-05
  -0.0017587229 -0.00019545668              0  9.5612753e-06  0.00016457806  0.00015913309   0.0021559283  0.00057247316   0.0002550094  0.00057195313  0.00040443466  9.6811012e-06   1.296534e-05  8.3080574e-06  1.2247607e-05
 -0.00080600612  -8.712234e-05              0  6.2746896e-06  7.2916157e-05  7.0625768e-05   0.0010253542   0.0002550094  0.00012452064  0.00025810774  0.00018233653  4.5818955e-06  3.3801042e-06  4.0567213e-06  5.2953244e-06
   -0.001775048 -0.00019781386              0  1.0216254e-05  0.00016571869  0.00016041421   0.0021315193  0.00057195313  0.00025810774  0.00058380112  0.00040802176  9.8794024e-06  1.2186948e-05  8.0658121e-06  1.2606611e-05
  -0.0012521152 -0.00014028185              0  6.4355988e-06  0.00011725486  0.00011350637   0.0015358817  0.00040443466  0.00018233653  0.00040802176   0.0003076954  6.9615891e-06  8.9458547e-06  5.8034926e-06  9.7610292e-06
 -3.3309411e-05 -3.0507817e-06              0 -1.4431962e-07  2.3320661e-06  2.3025667e-06  0.00011341435  9.6811012e-06  4.5818955e-06  9.8794024e-06  6.9615891e-06  8.0696481e-07  2.9728762e-07  2.8096635e-07  2.6543726e-07
  -3.810017e-05 -4.2471359e-06              0   1.993838e-07  3.6035198e-06  3.4710727e-06  6.2249805e-05   1.296534e-05  3.3801042e-06  1.2186948e-05  8.9458547e-06  2.9728762e-07  1.1173439e-05  3.0732876e-07  3.1101634e-07
 -2.8475057e-05 -2.4387207e-06              0 -1.9456759e-08  2.0276876e-06  1.9575923e-06  0.00012305077  8.3080574e-06  4.0567213e-06  8.0658121e-06  5.8034926e-06  2.8096635e-07  3.0732876e-07  9.3857623e-07  3.0717271e-07
  -3.789001e-05 -4.1844802e-06              0 -3.3919274e-07  3.5408592e-06  3.4145692e-06  9.1174115e-05  1.2247607e-05  5.2953244e-06  1.2606611e-05  9.7610292e-06  2.6543726e-07  3.1101634e-07  3.0717271e-07  2.4175873e-06


# ext. ||   Name    ||   type  ||     Value     ||  Error +/- 

   0   ||Natural mortality || limited ||    0.03233305218893 ||0.001137801658603
   1   ||Targeted q || limited ||      1.565192348222 ||0.07318414310647
   2   ||Nontargeted q || limited ||                   2 ||22.06548931833
   3   ||     sigma || limited ||      2.773676347662 ||0.1392890203745
   4   ||  Biomass1 || limited ||      10.01503331991 ||0.5218822746877
   5   ||  Biomass2 || limited ||      9.612247280754 ||0.4897485926714
   6   ||  vm_sigma || limited ||      66.83430520009 ||5.761103510438
   7   ||Recruit year 1 || limited ||       7.77998627252 ||0.4528606308467
   8   ||Recruit year 2 || limited ||      1.612707828584 ||0.09908270453885
   9   ||Recruit year 3 || limited ||      8.131464999763 ||0.4666560687657
  10   ||Recruit year 4 || limited ||      4.206319103741 ||0.2486778211128
  11   ||Mean Rec dist 1 || limited ||     0.2257926814751 ||0.006350406658248
  12   ||Mean Rec dist 2 || limited ||     0.8463947976669 ||0.02355140459882
  13   ||Mean Rec dist 3 || limited ||     0.7734602223429 ||0.006829938274269
  14   ||Mean Rec dist 4 || limited ||     0.4837643787569 ||0.01098164038734





