# Minimum negative log likelihood

Minuit did successfully converge.
# of function calls: 1073
minimum function Value: 663.2747875671
minimum edm: 6.102163164499e-05
minimum internal state vector: LAVector parameters:
    -0.2548155556128
     -1.293095351468
     -1.287002217587
     -1.081345653137
     -1.449373016101
     -1.451441405243
    -0.4855864208971
    -0.5729614616005
      -1.01362181268
     -1.167211802238
    -0.9703647845475
     -0.864200879516

minimum internal covariance matrix: LASymMatrix parameters:
     0.11818346   -0.017067455              0 -2.7606583e-05   0.0074154764   0.0071622066  0.00019966543 -0.00073278355    0.036208835      0.0242842    0.038009688    0.045047202
   -0.017067455   0.0025071798              0  3.2837822e-06   -0.001087567  -0.0010511953 -1.1042918e-05 -0.00015052213  -0.0052733933  -0.0035344128  -0.0055426308  -0.0065693264
              0              0              2              0              0              0              0              0              0              0              0              0
 -2.7606583e-05  3.2837822e-06              0  0.00031584533 -4.1931722e-06 -3.4642617e-06 -1.1853977e-06  3.1181561e-05  -1.198586e-05 -3.2889728e-06 -8.0270713e-06 -8.4932503e-06
   0.0074154764   -0.001087567              0 -4.1931722e-06  0.00051708259  0.00049244841  3.1425081e-06  1.7290451e-05    0.002311175   0.0015343765   0.0024072996   0.0028528988
   0.0071622066  -0.0010511953              0 -3.4642617e-06  0.00049244841  0.00047064589  3.7807387e-06  3.6506212e-05   0.0022264161   0.0014826915   0.0023260959   0.0027565675
  0.00019966543 -1.1042918e-05              0 -1.1853977e-06  3.1425081e-06  3.7807387e-06  2.6581176e-05 -0.00017738375  3.7857687e-05  2.9152898e-05  4.2001574e-05  4.9984155e-05
 -0.00073278355 -0.00015052213              0  3.1181561e-05  1.7290451e-05  3.6506212e-05 -0.00017738375   0.0047260249 -3.2508879e-05  2.9012762e-05  8.7174959e-05  8.3179593e-05
    0.036208835  -0.0052733933              0  -1.198586e-05    0.002311175   0.0022264161  3.7857687e-05 -3.2508879e-05    0.011189448   0.0074653319    0.011700332    0.013868188
      0.0242842  -0.0035344128              0 -3.2889728e-06   0.0015343765   0.0014826915  2.9152898e-05  2.9012762e-05   0.0074653319   0.0050293401   0.0078436847   0.0092985627
    0.038009688  -0.0055426308              0 -8.0270713e-06   0.0024072996   0.0023260959  4.2001574e-05  8.7174959e-05    0.011700332   0.0078436847    0.012313826    0.014569557
    0.045047202  -0.0065693264              0 -8.4932503e-06   0.0028528988   0.0027565675  4.9984155e-05  8.3179593e-05    0.013868188   0.0092985627    0.014569557    0.017290317


# ext. ||   Name    ||   type  ||     Value     ||  Error +/- 

   0   ||Natural mortality || limited ||    0.03869832689297 ||0.005823215204814
   1   ||Targeted q || limited ||      1.915587681473 ||0.4852192436962
   2   ||Nontargeted q || limited ||                   2 ||22.06548931833
   3   ||     sigma || limited ||      5.870437366567 ||0.2953990213413
   4   ||  Biomass1 || limited ||      3.681378687882 ||0.9737570495693
   5   ||  Biomass2 || limited ||      3.557173476744 ||0.9132586976044
   6   ||   vm_mean || limited ||     -1.466266337907 ||0.01012908995721
   7   ||  vm_sigma || limited ||      18.31585361566 ||1.63324168255
   8   ||Recruit year 1 || limited ||      7.571614455543 ||1.975578326788
   9   ||Recruit year 2 || limited ||      4.026638290205 ||0.9841588208156
  10   ||Recruit year 3 || limited ||      8.754531910121 ||2.214163596799
  11   ||Recruit year 4 || limited ||      11.97996892999 ||3.013684699503





