# Minimum negative log likelihood

Minuit did successfully converge.
# of function calls: 1580
minimum function Value: 392.5684009177
minimum edm: 7.480578035363e-05
minimum internal state vector: LAVector parameters:
     0.5873643714257
     -1.085243788638
     -1.287002217587
     -1.317363132346
     -1.474910244427
     -1.481179205955
    -0.7183256543806
    -0.9336903034359
    -0.9339997231473
     -1.051315128368
    -0.9364023952436
     0.1052369145561
    0.05380101130006
    0.03895076387061
    0.03852335485218

minimum internal covariance matrix: LASymMatrix parameters:
   0.0016245605 -0.00010360633              0  9.3750146e-06  1.9987943e-05  1.8538747e-05   -0.000142801  0.00021045169  0.00021167964  0.00016261524  0.00019901948  9.0045978e-06  9.4278211e-06  7.8807864e-06  8.9316532e-06
 -0.00010360633  8.6919341e-06              0  1.6928208e-06 -1.4039309e-06 -1.3257991e-06  3.6430579e-06 -1.4268367e-05 -1.4986031e-05 -1.1044853e-05 -1.4007346e-05 -3.5056561e-07 -3.3151327e-07 -2.4606703e-08 -3.6081778e-07
              0              0              2              0              0              0              0              0              0              0              0              0              0              0              0
  9.3750146e-06  1.6928208e-06              0  8.3161454e-05  4.6205718e-07  1.9189284e-07 -1.3681366e-05 -2.7522705e-07  1.9008885e-07 -9.2458995e-07 -1.4824684e-06  4.6249092e-07  7.7133981e-07  5.0838265e-07  8.7911722e-07
  1.9987943e-05 -1.4039309e-06              0  4.6205718e-07  1.3592963e-06  1.1158525e-06 -3.3587058e-06   2.542144e-06  2.8632225e-06  2.1264615e-06  2.5109723e-06  6.4984974e-08  1.5588311e-07  1.1339985e-07  1.6702136e-07
  1.8538747e-05 -1.3257991e-06              0  1.9189284e-07  1.1158525e-06  9.4031613e-07 -2.9357499e-06  2.3485704e-06  2.5807051e-06  1.9376734e-06  2.3748018e-06  7.6161507e-08  1.3277742e-07  9.8190058e-08  1.3595137e-07
   -0.000142801  3.6430579e-06              0 -1.3681366e-05 -3.3587058e-06 -2.9357499e-06  7.6344674e-05 -1.3715779e-05 -1.3139921e-05  -9.250577e-06  -1.379332e-05 -2.3317928e-06 -3.0178547e-06 -2.6519396e-06 -2.8283447e-06
  0.00021045169 -1.4268367e-05              0 -2.7522705e-07   2.542144e-06  2.3485704e-06 -1.3715779e-05  2.9611764e-05  2.7824147e-05  2.1911433e-05  2.6380642e-05   9.992543e-07  1.0850145e-06  8.1204296e-07  1.0108306e-06
  0.00021167964 -1.4986031e-05              0  1.9008885e-07  2.8632225e-06  2.5807051e-06 -1.3139921e-05  2.7824147e-05  3.3081829e-05  2.1521149e-05  2.6664503e-05  8.2906707e-07  7.3139678e-07  6.6120881e-07  9.6500421e-07
  0.00016261524 -1.1044853e-05              0 -9.2458995e-07  2.1264615e-06  1.9376734e-06  -9.250577e-06  2.1911433e-05  2.1521149e-05  2.0635411e-05  2.0838403e-05  5.5263556e-07  7.3658517e-07  4.3090024e-07  6.1039125e-07
  0.00019901948 -1.4007346e-05              0 -1.4824684e-06  2.5109723e-06  2.3748018e-06  -1.379332e-05  2.6380642e-05  2.6664503e-05  2.0838403e-05  2.7754071e-05  9.5258315e-07  9.2249261e-07  6.9532984e-07   9.433173e-07
  9.0045978e-06 -3.5056561e-07              0  4.6249092e-07  6.4984974e-08  7.6161507e-08 -2.3317928e-06   9.992543e-07  8.2906707e-07  5.5263556e-07  9.5258315e-07  2.4878948e-07  1.3745149e-07   1.433624e-07  1.1880432e-07
  9.4278211e-06 -3.3151327e-07              0  7.7133981e-07  1.5588311e-07  1.3277742e-07 -3.0178547e-06  1.0850145e-06  7.3139678e-07  7.3658517e-07  9.2249261e-07  1.3745149e-07  2.5913117e-07  1.2061819e-07  1.5797992e-07
  7.8807864e-06 -2.4606703e-08              0  5.0838265e-07  1.1339985e-07  9.8190058e-08 -2.6519396e-06  8.1204296e-07  6.6120881e-07  4.3090024e-07  6.9532984e-07   1.433624e-07  1.2061819e-07  3.5207984e-07   1.188385e-07
  8.9316532e-06 -3.6081778e-07              0  8.7911722e-07  1.6702136e-07  1.3595137e-07 -2.8283447e-06  1.0108306e-06  9.6500421e-07  6.1039125e-07   9.433173e-07  1.1880432e-07  1.5797992e-07   1.188385e-07  2.1095488e-07


# ext. ||   Name    ||   type  ||     Value     ||  Error +/- 

   0   ||Natural mortality || limited ||    0.05885422605151 ||0.0005930187199748
   1   ||Targeted q || limited ||      5.779139191551 ||0.04864609816909
   2   ||Nontargeted q || limited ||                   2 ||22.06548931833
   3   ||     sigma || limited ||      1.597133635742 ||0.08083836698521
   4   ||  Biomass1 || limited ||      2.296774649583 ||0.03946407293112
   5   ||  Biomass2 || limited ||      2.006463683494 ||0.03068325476338
   6   ||  vm_sigma || limited ||      13.67583043608 ||0.1860666321553
   7   ||Recruit year 1 || limited ||      9.817985787568 ||0.1144368641378
   8   ||Recruit year 2 || limited ||      9.808785380358 ||0.1209057080063
   9   ||Recruit year 3 || limited ||      6.605498130513 ||0.07972146457162
  10   ||Recruit year 4 || limited ||      9.737474416857 ||0.1103827307561
  11   ||Mean Rec dist 1 || limited ||      1.050427756494 ||0.003507451572634
  12   ||Mean Rec dist 2 || limited ||     0.5377506011392 ||0.003594313648933
  13   ||Mean Rec dist 3 || limited ||     0.3894091551454 ||0.004192528628234
  14   ||Mean Rec dist 4 || limited ||     0.3851382713566 ||0.003245319364378





