# Minimum negative log likelihood

Minuit did successfully converge.
# of function calls: 1923
minimum function Value: 412.473753241
minimum edm: 5.973330799744e-05
minimum internal state vector: LAVector parameters:
      2.440030336045
     -1.045266894694
     -1.287002217587
     -1.304815865222
       -1.4520477832
      -1.46060432843
   -0.02783225613504
    -0.9359028135265
      -1.06229684505
     -1.143209936301
     -1.266809771502
    0.02232493776635
    0.06028391326985
     0.1179543999491
    0.04238948317492

minimum internal covariance matrix: LASymMatrix parameters:
   0.0024448376  0.00015510834              0 -2.1858427e-06 -3.5080609e-05 -3.0592505e-05  0.00033749482 -0.00025206954 -0.00021437504    -0.00017746 -0.00011395784 -6.3153742e-06  -4.802772e-06 -4.3360894e-06 -8.8498194e-06
  0.00015510834  1.2364458e-05              0 -1.4449385e-06 -2.9478788e-06 -2.5543075e-06  9.9564907e-06 -1.6766899e-05 -1.4273682e-05 -1.1611418e-05 -7.8569362e-06 -2.2622751e-07  -2.136663e-07 -2.5246163e-07 -3.8857696e-07
              0              0              2              0              0              0              0              0              0              0              0              0              0              0              0
 -2.1858427e-06 -1.4449385e-06              0  0.00010053911  7.4360963e-07  6.0430055e-07   7.195631e-06 -1.6602313e-06   2.173043e-06  8.1659079e-07  1.9856067e-06 -1.4804092e-07  9.8041263e-08 -8.1595644e-08  1.4430282e-07
 -3.5080609e-05 -2.9478788e-06              0  7.4360963e-07  2.2017695e-06  1.7898361e-06 -2.4690184e-06  4.2266946e-06  3.1261755e-06  2.8193698e-06  1.5393364e-06  6.0054717e-08  8.4411514e-08  5.1171499e-08 -6.1822611e-08
 -3.0592505e-05 -2.5543075e-06              0  6.0430055e-07  1.7898361e-06  1.4728356e-06 -2.2700576e-06  3.6228778e-06  2.7747525e-06  2.4506725e-06  1.3722762e-06  5.2015234e-08  7.4709355e-08  4.8571829e-08 -5.2842007e-08
  0.00033749482  9.9564907e-06              0   7.195631e-06 -2.4690184e-06 -2.2700576e-06  0.00043512576 -2.9754823e-05 -2.5966164e-05 -2.2459191e-05 -1.5009703e-05 -3.4205771e-06  -3.683732e-06 -1.8296576e-06 -3.2093501e-06
 -0.00025206954 -1.6766899e-05              0 -1.6602313e-06  4.2266946e-06  3.6228778e-06 -2.9754823e-05  2.9683075e-05  2.1893267e-05  1.8169446e-05  1.1210722e-05  5.6395219e-07  5.0644587e-07  4.1487625e-07  8.4425732e-07
 -0.00021437504 -1.4273682e-05              0   2.173043e-06  3.1261755e-06  2.7747525e-06 -2.5966164e-05  2.1893267e-05  2.2939937e-05   1.492477e-05  9.4433952e-06  4.5179932e-07  3.5374076e-07  3.2258036e-07  6.3784405e-07
    -0.00017746 -1.1611418e-05              0  8.1659079e-07  2.8193698e-06  2.4506725e-06 -2.2459191e-05  1.8169446e-05   1.492477e-05  1.6114463e-05  9.4873876e-06  4.6291983e-07  2.7220598e-07  3.2207737e-07  5.9675745e-07
 -0.00011395784 -7.8569362e-06              0  1.9856067e-06  1.5393364e-06  1.3722762e-06 -1.5009703e-05  1.1210722e-05  9.4433952e-06  9.4873876e-06  9.6647037e-06  2.3794758e-07  2.3867453e-07  2.1949087e-07  6.3517182e-07
 -6.3153742e-06 -2.2622751e-07              0 -1.4804092e-07  6.0054717e-08  5.2015234e-08 -3.4205771e-06  5.6395219e-07  4.5179932e-07  4.6291983e-07  2.3794758e-07  9.0116323e-08  1.9438214e-08 -1.7651037e-09  1.8590794e-08
  -4.802772e-06  -2.136663e-07              0  9.8041263e-08  8.4411514e-08  7.4709355e-08  -3.683732e-06  5.0644587e-07  3.5374076e-07  2.7220598e-07  2.3867453e-07  1.9438214e-08  1.5429837e-07  3.0278864e-10  3.0654602e-08
 -4.3360894e-06 -2.5246163e-07              0 -8.1595644e-08  5.1171499e-08  4.8571829e-08 -1.8296576e-06  4.1487625e-07  3.2258036e-07  3.2207737e-07  2.1949087e-07 -1.7651037e-09  3.0278864e-10  2.7388043e-07  3.1432231e-09
 -8.8498194e-06 -3.8857696e-07              0  1.4430282e-07 -6.1822611e-08 -5.2842007e-08 -3.2093501e-06  8.4425732e-07  6.3784405e-07  5.9675745e-07  6.3517182e-07  1.8590794e-08  3.0654602e-08  3.1432231e-09  3.3291068e-07


# ext. ||   Name    ||   type  ||     Value     ||  Error +/- 

   0   ||Natural mortality || limited ||    0.06113529567263 ||0.0006675148973722
   1   ||Targeted q || limited ||      6.747076894648 ||0.06236790569175
   2   ||Nontargeted q || limited ||                   2 ||22.06548931833
   3   ||     sigma || limited ||      1.758237746232 ||0.09318279885993
   4   ||  Biomass1 || limited ||      3.521163508368 ||0.06215097995518
   5   ||  Biomass2 || limited ||      3.032498808885 ||0.04718488569838
   6   ||  vm_sigma || limited ||      38.88736739553 ||0.5897432564353
   7   ||Recruit year 1 || limited ||      9.752282802109 ||0.1142317564049
   8   ||Recruit year 2 || limited ||      6.335565193948 ||0.0824360760217
   9   ||Recruit year 3 || limited ||      4.511086624526 ||0.05884742967472
  10   ||Recruit year 4 || limited ||      2.302231093426 ||0.03289655701775
  11   ||Mean Rec dist 1 || limited ||     0.2232308334381 ||0.002122161814572
  12   ||Mean Rec dist 2 || limited ||     0.6024740643814 ||0.002772528606447
  13   ||Mean Rec dist 3 || limited ||      1.176810688427 ||0.003674829907881
  14   ||Mean Rec dist 4 || limited ||     0.4237678959576 ||0.004076228775804





