# Minimum negative log likelihood

Minuit did successfully converge.
# of function calls: 1663
minimum function Value: 551.5212216481
minimum edm: 8.955972968442e-05
minimum internal state vector: LAVector parameters:
      2.540270410566
    -0.9921611669015
     -1.287002217587
     -1.198205988457
     -1.452630535323
     -1.461499280843
    0.01474803649726
    -0.9993785791444
     -1.060331798544
     -1.424034171119
     -1.185961677784
     0.0357034720538
    0.07213602949729
    0.02800848158246
     0.1151598363556

minimum internal covariance matrix: LASymMatrix parameters:
     0.01015418  0.00069540101              0 -9.7621121e-05 -0.00014679274 -0.00012774276   0.0015166168 -0.00092571676 -0.00089403958 -0.00022956272 -0.00070670464 -2.3271228e-05 -2.5388349e-05 -3.4061854e-05  -2.520446e-05
  0.00069540101  5.8710242e-05              0 -7.3357695e-06 -1.1860245e-05 -1.0325258e-05  5.2699831e-05 -6.6211397e-05 -6.3594458e-05 -1.7273271e-05 -5.1470529e-05 -9.0411887e-07 -1.0489147e-06 -1.9882948e-06 -1.0894184e-06
              0              0              2              0              0              0              0              0              0              0              0              0              0              0              0
 -9.7621121e-05 -7.3357695e-06              0  0.00021344855  1.8401145e-06  1.6631019e-06  3.9475411e-05  1.0195235e-05  1.0230312e-05   3.702814e-06  9.1878884e-06  5.9699511e-08 -2.9994105e-07  5.8912222e-07 -5.2511469e-07
 -0.00014679274 -1.1860245e-05              0  1.8401145e-06  7.0624785e-06  5.6907008e-06 -2.0966541e-05  1.4009882e-05  1.3503634e-05  3.3734943e-06  1.2248881e-05  2.6070125e-07  2.7223637e-07  3.5162858e-08  4.4089777e-07
 -0.00012774276 -1.0325258e-05              0  1.6631019e-06  5.6907008e-06  4.6669178e-06 -1.5846068e-05   1.216185e-05  1.1750044e-05  2.9891753e-06  1.0606066e-05   2.203989e-07  2.2832888e-07   1.132985e-08  3.3605884e-07
   0.0015166168  5.2699831e-05              0  3.9475411e-05 -2.0966541e-05 -1.5846068e-05   0.0023328522 -0.00012686897 -0.00011879144 -2.5056696e-05 -8.4753277e-05 -1.7320886e-05 -1.6779465e-05 -1.4810555e-05 -2.1605519e-05
 -0.00092571676 -6.6211397e-05              0  1.0195235e-05  1.4009882e-05   1.216185e-05 -0.00012686897   9.296652e-05  8.1357807e-05  2.0737958e-05  6.5611682e-05  2.0320482e-06  2.1450969e-06  2.9573339e-06  2.2717444e-06
 -0.00089403958 -6.3594458e-05              0  1.0230312e-05  1.3503634e-05  1.1750044e-05 -0.00011879144  8.1357807e-05  8.7660734e-05  2.0255171e-05  6.2687895e-05  1.8857566e-06  2.0765736e-06  2.8116667e-06  2.0239776e-06
 -0.00022956272 -1.7273271e-05              0   3.702814e-06  3.3734943e-06  2.9891753e-06 -2.5056696e-05  2.0737958e-05  2.0255171e-05  1.3709839e-05  1.7081133e-05   3.870195e-07  4.0529582e-07  7.7462182e-07  5.2357924e-07
 -0.00070670464 -5.1470529e-05              0  9.1878884e-06  1.2248881e-05  1.0606066e-05 -8.4753277e-05  6.5611682e-05  6.2687895e-05  1.7081133e-05  6.4635496e-05  1.3991377e-06  1.3679997e-06  1.4695919e-06  2.2126462e-06
 -2.3271228e-05 -9.0411887e-07              0  5.9699511e-08  2.6070125e-07   2.203989e-07 -1.7320886e-05  2.0320482e-06  1.8857566e-06   3.870195e-07  1.3991377e-06  2.9024105e-07  1.6043372e-07  1.1672915e-07  1.9056548e-07
 -2.5388349e-05 -1.0489147e-06              0 -2.9994105e-07  2.7223637e-07  2.2832888e-07 -1.6779465e-05  2.1450969e-06  2.0765736e-06  4.0529582e-07  1.3679997e-06  1.6043372e-07  3.9292067e-07  1.4450621e-07  1.5952511e-07
 -3.4061854e-05 -1.9882948e-06              0  5.8912222e-07  3.5162858e-08   1.132985e-08 -1.4810555e-05  2.9573339e-06  2.8116667e-06  7.7462182e-07  1.4695919e-06  1.1672915e-07  1.4450621e-07  2.4667525e-06 -7.1812396e-10
  -2.520446e-05 -1.0894184e-06              0 -5.2511469e-07  4.4089777e-07  3.3605884e-07 -2.1605519e-05  2.2717444e-06  2.0239776e-06  5.2357924e-07  2.2126462e-06  1.9056548e-07  1.5952511e-07 -7.1812396e-10  1.1065208e-06


# ext. ||   Name    ||   type  ||     Value     ||  Error +/- 

   0   ||Natural mortality || limited ||    0.05914333184366 ||0.001467631575009
   1   ||Targeted q || limited ||      8.139508217254 ||0.1481505541049
   2   ||Nontargeted q || limited ||                   2 ||22.06548931833
   3   ||     sigma || limited ||      3.430624377564 ||0.1880313140518
   4   ||  Biomass1 || limited ||      3.486728590317 ||0.1107679019636
   5   ||  Biomass2 || limited ||      2.983489263824 ||0.08331310526882
   6   ||  vm_sigma || limited ||      40.59039270127 ||1.365688066546
   7   ||Recruit year 1 || limited ||      7.952452313562 ||0.1843437187134
   8   ||Recruit year 2 || limited ||      6.383480519802 ||0.1617144983939
   9   ||Recruit year 3 || limited ||     0.5474586714439 ||0.01914172867939
  10   ||Recruit year 4 || limited ||      3.666608348712 ||0.106695438589
  11   ||Mean Rec dist 1 || limited ||     0.3569588710899 ||0.003807040942112
  12   ||Mean Rec dist 2 || limited ||     0.7207348451746 ||0.004420857267675
  13   ||Mean Rec dist 3 || limited ||     0.2800481973364 ||0.01110138925864
  14   ||Mean Rec dist 4 || limited ||      1.149054675292 ||0.007388879820903





