# Minimum negative log likelihood

Minuit did successfully converge.
# of function calls: 1448
minimum function Value: 265.1075527331
minimum edm: 3.120855669499e-06
minimum internal state vector: LAVector parameters:
     0.2855940595233
     -1.062980727138
     -1.287002217587
     -1.384456325582
     -1.477857715583
     -1.484721897273
     0.2776483668805
     -1.338853221974
     -1.308072633081
      -1.39946434102
    -0.9383725452116
     -1.116118040235

minimum internal covariance matrix: LASymMatrix parameters:
    0.013768296  -0.0010173893              0  4.8850251e-05  0.00017995348  0.00018334209  0.00014223423  1.3448861e-05  0.00053988924  0.00038107811   0.0013816924   0.0011048614
  -0.0010173893  7.9356063e-05              0 -4.2066953e-06  -1.413939e-05 -1.4350937e-05 -8.5718227e-06 -1.5882899e-06 -4.0254659e-05  -2.871294e-05 -0.00010376996 -8.2567532e-05
              0              0              2              0              0              0              0              0              0              0              0              0
  4.8850251e-05 -4.2066953e-06              0  4.5636634e-05  9.3733387e-07  9.0355975e-07  9.9020482e-07  1.7340091e-07  2.4614902e-06  1.3298526e-06  5.5330902e-06  3.9814415e-06
  0.00017995348  -1.413939e-05              0  9.3733387e-07  2.9310873e-06  2.8731603e-06  1.4933353e-06  2.7041917e-07  7.2048366e-06  5.0885045e-06  1.8427826e-05  1.4583488e-05
  0.00018334209 -1.4350937e-05              0  9.0355975e-07  2.8731603e-06  2.8419364e-06  1.5505532e-06   2.790917e-07  7.3038651e-06  5.1828809e-06  1.8744708e-05  1.4858739e-05
  0.00014223423 -8.5718227e-06              0  9.9020482e-07  1.4933353e-06  1.5505532e-06  3.7881969e-06 -1.4686725e-07  5.4240388e-06  3.7931693e-06  1.3612141e-05  1.1012105e-05
  1.3448861e-05 -1.5882899e-06              0  1.7340091e-07  2.7041917e-07   2.790917e-07 -1.4686725e-07  3.8115155e-07  5.7139863e-07  4.9906516e-07  1.6162104e-06  1.1431149e-06
  0.00053988924 -4.0254659e-05              0  2.4614902e-06  7.2048366e-06  7.3038651e-06  5.4240388e-06  5.7139863e-07  2.1806985e-05  1.4839679e-05    5.43873e-05   4.336964e-05
  0.00038107811  -2.871294e-05              0  1.3298526e-06  5.0885045e-06  5.1828809e-06  3.7931693e-06  4.9906516e-07  1.4839679e-05  1.1324117e-05  3.8439742e-05  3.0731827e-05
   0.0013816924 -0.00010376996              0  5.5330902e-06  1.8427826e-05  1.8744708e-05  1.3612141e-05  1.6162104e-06    5.43873e-05  3.8439742e-05  0.00013978758  0.00011119383
   0.0011048614 -8.2567532e-05              0  3.9814415e-06  1.4583488e-05  1.4858739e-05  1.1012105e-05  1.1431149e-06   4.336964e-05  3.0731827e-05  0.00011119383  8.9452753e-05


# ext. ||   Name    ||   type  ||     Value     ||  Error +/- 

   0   ||Natural mortality || limited ||    0.05204318744486 ||0.001987967004361
   1   ||Targeted q || limited ||      6.309560042588 ||0.1531508338974
   2   ||Nontargeted q || limited ||                   2 ||22.06548931833
   3   ||     sigma || limited ||     0.8655560177842 ||0.04424865052623
   4   ||  Biomass1 || limited ||      2.157842480055 ||0.05617460992002
   5   ||  Biomass2 || limited ||      1.851058586181 ||0.05123890404746
   6   ||   vm_mean || limited ||     0.8610943253673 ||0.004158070312152
   7   ||  vm_sigma || limited ||      1.072123692991 ||0.004013921322608
   8   ||Recruit year 1 || limited ||      1.725519144248 ||0.0428746106308
   9   ||Recruit year 2 || limited ||     0.7419995832915 ||0.02028266180548
  10   ||Recruit year 3 || limited ||      9.679174084355 ||0.2470602463556
  11   ||Recruit year 4 || limited ||      5.089373880599 ||0.1468389026893





