# Minimum negative log likelihood

Minuit did successfully converge.
# of function calls: 705
minimum function Value: 572.9862781133
minimum edm: 6.346320350401e-05
minimum internal state vector: LAVector parameters:
     -0.595818866144
     -1.146454559846
     -1.287002217587
     -1.178239564402
     -1.539931502012
     -1.526005668446
    -0.7320080595635
     -1.011252994229
    -0.8756647646289
     -1.206374170431
    -0.9509680262121
     -1.080947144106

minimum internal covariance matrix: LASymMatrix parameters:
   0.0018316253 -0.00086443129              0 -7.7315353e-06  6.5597768e-05  8.8641423e-05  2.5441981e-05 -1.3711073e-05   0.0015794248  0.00087053781   0.0013451067    0.001018267
 -0.00086443129  0.00042653014              0  5.6438273e-06  -3.277408e-05 -4.3795825e-05 -1.2756191e-06  -2.658143e-05 -0.00075675131 -0.00041858648 -0.00064643599 -0.00048867288
              0              0              2              0              0              0              0              0              0              0              0              0
 -7.7315353e-06  5.6438273e-06              0  0.00021414349 -5.0318591e-07  6.5652543e-08  -1.487283e-07 -2.7177536e-06 -1.0767891e-05 -5.5808862e-06 -7.0574144e-06 -5.7088661e-06
  6.5597768e-05  -3.277408e-05              0 -5.0318591e-07   1.911156e-05  8.2632096e-06 -8.1207084e-07  5.0993229e-06  6.4252812e-05  3.1980039e-05  4.8984683e-05  3.7259754e-05
  8.8641423e-05 -4.3795825e-05              0  6.5652543e-08  8.2632096e-06  1.0190363e-05  1.7699227e-06  2.9140736e-06  7.2332129e-05   4.316379e-05  6.6434491e-05  5.0085629e-05
  2.5441981e-05 -1.2756191e-06              0  -1.487283e-07 -8.1207084e-07  1.7699227e-06  1.4582069e-05 -2.4171358e-05  1.0127372e-05  8.0140006e-06  1.2285116e-05  9.4904316e-06
 -1.3711073e-05  -2.658143e-05              0 -2.7177536e-06  5.0993229e-06  2.9140736e-06 -2.4171358e-05  0.00013051536  1.1851419e-07  8.6243808e-06  8.1958196e-06   6.327669e-06
   0.0015794248 -0.00075675131              0 -1.0767891e-05  6.4252812e-05  7.2332129e-05  1.0127372e-05  1.1851419e-07   0.0013979086  0.00075462952    0.001167509  0.00088324027
  0.00087053781 -0.00041858648              0 -5.5808862e-06  3.1980039e-05   4.316379e-05  8.0140006e-06  8.6243808e-06  0.00075462952  0.00042663675  0.00064450553  0.00048814205
   0.0013451067 -0.00064643599              0 -7.0574144e-06  4.8984683e-05  6.6434491e-05  1.2285116e-05  8.1958196e-06    0.001167509  0.00064450553   0.0010047959  0.00075339452
    0.001018267 -0.00048867288              0 -5.7088661e-06  3.7259754e-05  5.0085629e-05  9.4904316e-06   6.327669e-06  0.00088324027  0.00048814205  0.00075339452  0.00057879751


# ext. ||   Name    ||   type  ||     Value     ||  Error +/- 

   0   ||Natural mortality || limited ||     0.0658219936097 ||0.003756605554533
   1   ||Targeted q || limited ||      4.434503063128 ||0.3006197210086
   2   ||Nontargeted q || limited ||                   2 ||22.06548931833
   3   ||     sigma || limited ||      3.803300680249 ||0.1979201952224
   4   ||  Biomass1 || limited ||      0.238140446193 ||0.04769767871829
   5   ||  Biomass2 || limited ||     0.5014669233899 ||0.05053493227475
   6   ||   vm_mean || limited ||      -2.09972945574 ||0.006309861518274
   7   ||  vm_sigma || limited ||      6.101019824887 ||0.1715125599293
   8   ||Recruit year 1 || limited ||      11.61036761473 ||0.846467599288
   9   ||Recruit year 2 || limited ||      3.293178345432 ||0.2602402594399
  10   ||Recruit year 3 || limited ||      9.310159487857 ||0.6508967098803
  11   ||Recruit year 4 || limited ||      5.889220663828 ||0.4001353756471





