# Minimum negative log likelihood

Minuit did successfully converge.
# of function calls: 1261
minimum function Value: 320.5960659871
minimum edm: 4.713652274485e-05
minimum internal state vector: LAVector parameters:
      3.261143214716
     -1.011054617529
     -1.287002217587
     -1.357782977515
     -1.472275509263
     -1.474441026905
     0.9432296515492
    -0.9198922292249
      -1.50423108458
      -1.09121629633
     -1.288735052767
     -1.138841021124

minimum internal covariance matrix: LASymMatrix parameters:
    0.019427868   0.0013374437              0 -5.4163557e-05 -0.00019748717 -0.00020347407  4.0354872e-05  6.9945442e-05 -0.00021593523  -0.0010359289 -0.00065507107 -0.00099537808
   0.0013374437  9.3548986e-05              0 -3.7767508e-06 -1.3969885e-05 -1.4330446e-05  3.3116384e-06  4.2122491e-06 -1.5192601e-05 -7.1378891e-05 -4.5193979e-05 -6.9013491e-05
              0              0              2              0              0              0              0              0              0              0              0              0
 -5.4163557e-05 -3.7767508e-06              0  5.6639583e-05  4.4603478e-07  4.5122087e-07 -4.2029398e-07 -8.6951702e-07  7.0490855e-07   3.261982e-06   2.012832e-06  2.0651507e-06
 -0.00019748717 -1.3969885e-05              0  4.4603478e-07  2.6975934e-06  2.6466001e-06 -5.2247764e-07 -3.5573471e-07  2.2461407e-06  1.0465635e-05  6.6670801e-06  1.0358618e-05
 -0.00020347407 -1.4330446e-05              0  4.5122087e-07  2.6466001e-06  2.6195331e-06 -5.1715533e-07 -4.2826004e-07  2.3009297e-06  1.0792403e-05  6.8674546e-06  1.0630856e-05
  4.0354872e-05  3.3116384e-06              0 -4.2029398e-07 -5.2247764e-07 -5.1715533e-07  1.0705856e-06 -3.2021374e-08 -9.6099277e-07 -2.2795705e-06 -1.5358532e-06 -1.7032349e-06
  6.9945442e-05  4.2122491e-06              0 -8.6951702e-07 -3.5573471e-07 -4.2826004e-07 -3.2021374e-08  4.9913316e-06  1.6503898e-07 -3.9422998e-06 -2.1794132e-06 -3.2217383e-06
 -0.00021593523 -1.5192601e-05              0  7.0490855e-07  2.2461407e-06  2.3009297e-06 -9.6099277e-07  1.6503898e-07  4.3465616e-06  1.1513527e-05  7.4250848e-06  1.0856493e-05
  -0.0010359289 -7.1378891e-05              0   3.261982e-06  1.0465635e-05  1.0792403e-05 -2.2795705e-06 -3.9422998e-06  1.1513527e-05  5.5942245e-05  3.4965367e-05  5.2870172e-05
 -0.00065507107 -4.5193979e-05              0   2.012832e-06  6.6670801e-06  6.8674546e-06 -1.5358532e-06 -2.1794132e-06  7.4250848e-06  3.4965367e-05  2.2772519e-05  3.3335739e-05
 -0.00099537808 -6.9013491e-05              0  2.0651507e-06  1.0358618e-05  1.0630856e-05 -1.7032349e-06 -3.2217383e-06  1.0856493e-05  5.2870172e-05  3.3335739e-05  5.3060319e-05


# ext. ||   Name    ||   type  ||     Value     ||  Error +/- 

   0   ||Natural mortality || limited ||    0.04201835028954 ||0.002442436478504
   1   ||Targeted q || limited ||      7.630385838842 ||0.1815678593224
   2   ||Nontargeted q || limited ||                   2 ||22.06548931833
   3   ||     sigma || limited ||       1.13008436026 ||0.05625103148922
   4   ||  Biomass1 || limited ||      2.424625730479 ||0.0571173912583
   5   ||  Biomass2 || limited ||      2.319290696539 ||0.05505163595759
   6   ||   vm_mean || limited ||      2.542989490314 ||0.001349629089561
   7   ||  vm_sigma || limited ||      8.179444739827 ||0.03828712675559
   8   ||Recruit year 1 || limited ||     0.1207213171751 ||0.004902426424999
   9   ||Recruit year 2 || limited ||      5.649997057005 ||0.1220009803332
  10   ||Recruit year 3 || limited ||      1.985614803588 ||0.04695542300932
  11   ||Recruit year 4 || limited ||      4.602095606374 ||0.1078059889042





