# Minimum negative log likelihood

Minuit did successfully converge.
# of function calls: 641
minimum function Value: 532.8533241095
minimum edm: 2.43148079429e-05
minimum internal state vector: LAVector parameters:
     0.2719528451006
     -1.114107995777
     -1.287002217587
     -1.926791598141
     -1.509703084171
     -1.511063166541
    -0.7922308124582
     -1.226985807145
     -1.387914035312
    -0.9705003852843
    -0.9632631088594
     -1.190543439811

minimum internal covariance matrix: LASymMatrix parameters:
    0.049869662  -0.0043651169              0  0.00017500299  0.00053727657  0.00054921306  0.00054608495 -0.00036264926   0.0019265293   0.0064353633   0.0058351313   0.0049639289
  -0.0043651169  0.00044705198              0 -1.4386924e-05 -5.4598958e-05 -5.5838597e-05 -4.6906362e-06 -5.4871523e-06 -0.00017512029 -0.00059616592 -0.00053546431 -0.00045388223
              0              0      3.0029441              0              0              0              0              0              0              0              0              0
  0.00017500299 -1.4386924e-05              0   0.0001828064  3.5423117e-07  4.0155189e-07 -1.6592667e-06  9.0388878e-07  1.3349649e-05  2.3285252e-05  2.2492265e-05  2.0154251e-05
  0.00053727657 -5.4598958e-05              0  3.5423117e-07  1.2087817e-05  1.0332046e-05  1.8575884e-06  4.6271721e-07  2.9313855e-05   7.245446e-05  6.6101018e-05  5.5677381e-05
  0.00054921306 -5.5838597e-05              0  4.0155189e-07  1.0332046e-05  9.6346368e-06   1.256465e-06  2.6259727e-07  2.3201887e-05  7.4331611e-05  6.7292352e-05  5.6696867e-05
  0.00054608495 -4.6906362e-06              0 -1.6592667e-06  1.8575884e-06   1.256465e-06  4.6181569e-05 -2.9300468e-05  2.0239448e-05  4.7927246e-05   4.751605e-05  4.2443353e-05
 -0.00036264926 -5.4871523e-06              0  9.0388878e-07  4.6271721e-07  2.6259727e-07 -2.9300468e-05  3.0262123e-05 -8.0435778e-06  -2.899113e-05 -2.7852108e-05 -2.3727386e-05
   0.0019265293 -0.00017512029              0  1.3349649e-05  2.9313855e-05  2.3201887e-05  2.0239448e-05 -8.0435778e-06  0.00013504135  0.00025119493  0.00023106607  0.00019663156
   0.0064353633 -0.00059616592              0  2.3285252e-05   7.245446e-05  7.4331611e-05  4.7927246e-05  -2.899113e-05  0.00025119493  0.00085520331   0.0007641319  0.00064985809
   0.0058351313 -0.00053546431              0  2.2492265e-05  6.6101018e-05  6.7292352e-05   4.751605e-05 -2.7852108e-05  0.00023106607   0.0007641319  0.00070114656   0.0005870783
   0.0049639289 -0.00045388223              0  2.0154251e-05  5.5677381e-05  5.6696867e-05  4.2443353e-05 -2.3727386e-05  0.00019663156  0.00064985809   0.0005870783  0.00051045222


# ext. ||   Name    ||   type  ||     Value     ||  Error +/- 

   0   ||Natural mortality || limited ||    0.05171532555404 ||0.00378682355717
   1   ||Targeted q || limited ||      5.124110477672 ||0.329636282364
   2   ||Nontargeted q || limited ||                   2 ||59.28664163804
   3   ||     sigma || limited ||      3.134996112712 ||0.166600397369
   4   ||  Biomass1 || limited ||     0.9328058869225 ||0.07505013724432
   5   ||  Biomass2 || limited ||     0.8917474111874 ||0.06551330799026
   6   ||   vm_mean || limited ||     -2.236567827047 ||0.01060143853525
   7   ||  vm_sigma || limited ||       2.34188813585 ||0.05244660086723
   8   ||Recruit year 1 || limited ||      0.843737048021 ||0.0747116151425
   9   ||Recruit year 2 || limited ||      8.750701961209 ||0.5839513386809
  10   ||Recruit year 3 || limited ||       8.95617220307 ||0.5343279741807
  11   ||Recruit year 4 || limited ||      3.581102607837 ||0.296432844516





