# Minimum negative log likelihood

Minuit did successfully converge.
# of function calls: 2307
minimum function Value: 302.1692384734
minimum edm: 3.333828995109e-05
minimum internal state vector: LAVector parameters:
      -2.44857423895
     -1.333066941063
     -1.287002217587
     -1.367029404898
     -1.295637667228
     -1.300551690165
    -0.7877281453774
     -1.171032683809
    -0.9787158172743
     -1.485597646945
    -0.9866784261497
    0.02169962358949
    0.09869269904844
    0.06598468138359
    0.05286967549801

minimum internal covariance matrix: LASymMatrix parameters:
   0.0024309928  0.00021136889              0  3.9264691e-07 -0.00025061971 -0.00024467001  0.00035017982  -0.0005048072  -0.0007059861 -0.00025836399 -0.00068216341 -3.7133903e-05  -2.329105e-05 -0.00018301475 -2.4251615e-05
  0.00021136889  2.0559548e-05              0  5.3075962e-07 -2.4223166e-05 -2.3612955e-05  2.5380309e-05 -4.5855117e-05 -6.4842191e-05 -1.7674936e-05 -6.3980255e-05 -2.9971933e-06  -1.745983e-06 -1.8066392e-05 -1.9211628e-06
              0              0              2              0              0              0              0              0              0              0              0              0              0              0              0
  3.9264691e-07  5.3075962e-07              0  5.0884837e-05 -5.9362724e-07 -5.6810349e-07 -1.4540916e-06 -3.0605202e-07 -9.8306318e-07  1.4848023e-06 -1.1238574e-06  2.5353438e-08 -2.8107846e-09 -3.8167358e-06  9.4623989e-08
 -0.00025061971 -2.4223166e-05              0 -5.9362724e-07  2.9756436e-05  2.8886316e-05 -2.9121233e-05   5.479331e-05  7.6644232e-05  2.1436856e-05  7.5429265e-05  3.3015689e-06  2.0645731e-06  2.1309558e-05  2.2410856e-06
 -0.00024467001 -2.3612955e-05              0 -5.6810349e-07  2.8886316e-05  2.8058508e-05 -2.8589371e-05  5.3353755e-05  7.4766157e-05   2.101363e-05  7.3570587e-05  3.2779783e-06  2.0184778e-06  2.0769404e-05  2.1982596e-06
  0.00035017982  2.5380309e-05              0 -1.4540916e-06 -2.9121233e-05 -2.8589371e-05  0.00021541722 -6.7639278e-05 -9.4270375e-05 -4.2099377e-05 -9.1130028e-05 -7.2729667e-06 -6.1024489e-06 -1.6851374e-05 -8.0365426e-06
  -0.0005048072 -4.5855117e-05              0 -3.0605202e-07   5.479331e-05  5.3353755e-05 -6.7639278e-05   0.0001085017  0.00014962636  4.9179495e-05  0.00014584189  6.9520687e-06  4.6416119e-06  3.8902713e-05  4.7917051e-06
  -0.0007059861 -6.4842191e-05              0 -9.8306318e-07  7.6644232e-05  7.4766157e-05 -9.4270375e-05  0.00014962636   0.0002114194  6.6398418e-05  0.00020546111  1.0368176e-05  6.2503898e-06  5.8525164e-05  6.7331692e-06
 -0.00025836399 -1.7674936e-05              0  1.4848023e-06  2.1436856e-05   2.101363e-05 -4.2099377e-05  4.9179495e-05  6.6398418e-05  4.6737756e-05  6.2016037e-05  4.4407349e-06  2.7943499e-06 -1.6377929e-06  3.0127459e-06
 -0.00068216341 -6.3980255e-05              0 -1.1238574e-06  7.5429265e-05  7.3570587e-05 -9.1130028e-05  0.00014584189  0.00020546111  6.2016037e-05  0.00020437682  9.9866849e-06  6.0289521e-06  5.5334606e-05  6.7254905e-06
 -3.7133903e-05 -2.9971933e-06              0  2.5353438e-08  3.3015689e-06  3.2779783e-06 -7.2729667e-06  6.9520687e-06  1.0368176e-05  4.4407349e-06  9.9866849e-06  1.4588335e-06  4.1992263e-07  2.7772244e-06  4.4759416e-07
  -2.329105e-05  -1.745983e-06              0 -2.8107846e-09  2.0645731e-06  2.0184778e-06 -6.1024489e-06  4.6416119e-06  6.2503898e-06  2.7943499e-06  6.0289521e-06  4.1992263e-07  6.7120678e-07  3.5950439e-06  2.8247125e-07
 -0.00018301475 -1.8066392e-05              0 -3.8167358e-06  2.1309558e-05  2.0769404e-05 -1.6851374e-05  3.8902713e-05  5.8525164e-05 -1.6377929e-06  5.5334606e-05  2.7772244e-06  3.5950439e-06  0.00026874833  1.4468179e-06
 -2.4251615e-05 -1.9211628e-06              0  9.4623989e-08  2.2410856e-06  2.1982596e-06 -8.0365426e-06  4.7917051e-06  6.7331692e-06  3.0127459e-06  6.7254905e-06  4.4759416e-07  2.8247125e-07  1.4468179e-06  5.6720131e-07


# ext. ||   Name    ||   type  ||     Value     ||  Error +/- 

   0   ||Natural mortality || limited ||    0.02902844451845 ||0.0006704039251167
   1   ||Targeted q || limited ||      1.406239929697 ||0.03775247849825
   2   ||Nontargeted q || limited ||                   2 ||22.06548931833
   3   ||     sigma || limited ||       1.03443728294 ||0.05103539543468
   4   ||  Biomass1 || limited ||      18.80894900229 ||0.5240025946928
   5   ||  Biomass2 || limited ||      18.14719237632 ||0.4999702784503
   6   ||  vm_sigma || limited ||      11.65075812107 ||0.2928483079575
   7   ||Recruit year 1 || limited ||      3.951955263486 ||0.1433175786486
   8   ||Recruit year 2 || limited ||      8.520080548876 ||0.28686627564
   9   ||Recruit year 3 || limited ||     0.1913424950381 ||0.02056606198643
  10   ||Recruit year 4 || limited ||      8.299228184911 ||0.2786999983208
  11   ||Mean Rec dist 1 || limited ||     0.2169792066604 ||0.008538578058657
  12   ||Mean Rec dist 2 || limited ||     0.9853256181584 ||0.005764937929738
  13   ||Mean Rec dist 3 || limited ||     0.6593680916271 ||0.1156650168779
  14   ||Mean Rec dist 4 || limited ||     0.5284504869782 ||0.005317975615741





