# Minimum negative log likelihood

Minuit did successfully converge.
# of function calls: 1306
minimum function Value: 623.169081012
minimum edm: 3.657412193155e-05
minimum internal state vector: LAVector parameters:
       2.51134520634
    -0.9886005634388
     -1.287002217587
     -1.127152679858
     -1.449975837198
     -1.459807990388
   0.003524716050939
     -1.005330322248
     -1.248641132094
    -0.9567831623948
     -1.004913427338
    0.05066127490742
    0.04463710422986
     0.0786583407547
    0.05896761305446

minimum internal covariance matrix: LASymMatrix parameters:
    0.014086802  0.00093812818              0 -9.8195571e-05  -0.0002128262 -0.00018528591    0.002268989  -0.0012938179 -0.00073001176  -0.0014995404  -0.0013032266 -3.1956981e-05 -3.9084238e-05 -3.5888699e-05 -3.2859972e-05
  0.00093812818  8.0964997e-05              0 -1.4092182e-05 -1.9109421e-05 -1.6414065e-05  6.7013638e-05 -9.0707564e-05 -5.1230608e-05 -0.00010592967 -9.6253607e-05 -1.1257772e-06 -1.3653209e-06 -1.2772625e-06 -1.3446371e-06
              0              0              2              0              0              0              0              0              0              0              0              0              0              0              0
 -9.8195571e-05 -1.4092182e-05              0  0.00031296887  1.0373489e-05   8.063113e-06  6.9407291e-05  1.2136964e-05  9.1392598e-06  1.6826784e-05  9.2334536e-06 -1.6180513e-06  -1.835914e-07 -1.6777309e-06 -1.8980526e-06
  -0.0002128262 -1.9109421e-05              0  1.0373489e-05  1.1478473e-05  9.2302547e-06 -1.1560666e-05  2.1111403e-05  1.2294834e-05  2.5042962e-05  2.1953108e-05  6.2656335e-08  3.2752633e-07  1.6350389e-07  1.0233576e-07
 -0.00018528591 -1.6414065e-05              0   8.063113e-06  9.2302547e-06  7.5568715e-06 -9.6711597e-06  1.8472204e-05   1.069961e-05  2.1758984e-05   1.905911e-05  7.5054735e-08  2.7699005e-07   1.485629e-07  9.6404261e-08
    0.002268989  6.7013638e-05              0  6.9407291e-05 -1.1560666e-05 -9.6711597e-06   0.0029608921 -0.00018100724 -9.3095358e-05  -0.0001967718 -0.00017903137 -2.2863009e-05 -2.3702588e-05 -2.5776968e-05 -2.4796912e-05
  -0.0012938179 -9.0707564e-05              0  1.2136964e-05  2.1111403e-05  1.8472204e-05 -0.00018100724  0.00013707693  6.8716506e-05  0.00014098116  0.00012214909  2.5310995e-06  3.1214965e-06  2.8441513e-06  2.4314413e-06
 -0.00073001176 -5.1230608e-05              0  9.1392598e-06  1.2294834e-05   1.069961e-05 -9.3095358e-05  6.8716506e-05  5.3212077e-05  7.9781589e-05   6.835553e-05  1.2218493e-06  1.8895896e-06  1.3435729e-06  1.1924371e-06
  -0.0014995404 -0.00010592967              0  1.6826784e-05  2.5042962e-05  2.1758984e-05  -0.0001967718  0.00014098116  7.9781589e-05  0.00017809395  0.00014155906  2.7788306e-06  3.5171683e-06   3.081711e-06  2.7676043e-06
  -0.0013032266 -9.6253607e-05              0  9.2334536e-06  2.1953108e-05   1.905911e-05 -0.00017903137  0.00012214909   6.835553e-05  0.00014155906  0.00014482859  2.6031469e-06  2.9647924e-06  2.8774724e-06  3.0702799e-06
 -3.1956981e-05 -1.1257772e-06              0 -1.6180513e-06  6.2656335e-08  7.5054735e-08 -2.2863009e-05  2.5310995e-06  1.2218493e-06  2.7788306e-06  2.6031469e-06  5.6518086e-07  1.9621103e-07   2.937743e-07   2.842391e-07
 -3.9084238e-05 -1.3653209e-06              0  -1.835914e-07  3.2752633e-07  2.7699005e-07 -2.3702588e-05  3.1214965e-06  1.8895896e-06  3.5171683e-06  2.9647924e-06  1.9621103e-07  1.2130004e-06  2.3740958e-07  2.1188257e-07
 -3.5888699e-05 -1.2772625e-06              0 -1.6777309e-06  1.6350389e-07   1.485629e-07 -2.5776968e-05  2.8441513e-06  1.3435729e-06   3.081711e-06  2.8774724e-06   2.937743e-07  2.3740958e-07  6.7032318e-07  3.1912975e-07
 -3.2859972e-05 -1.3446371e-06              0 -1.8980526e-06  1.0233576e-07  9.6404261e-08 -2.4796912e-05  2.4314413e-06  1.1924371e-06  2.7676043e-06  3.0702799e-06   2.842391e-07  2.1188257e-07  3.1912975e-07   6.712591e-07


# ext. ||   Name    ||   type  ||     Value     ||  Error +/- 

   0   ||Natural mortality || limited ||    0.05973361710221 ||0.001693047150581
   1   ||Targeted q || limited ||      8.237134822326 ||0.1749251654501
   2   ||Nontargeted q || limited ||                   2 ||22.06548931833
   3   ||     sigma || limited ||        4.8403156091 ||0.2684649428702
   4   ||  Biomass1 || limited ||      3.644960468363 ||0.1443710494439
   5   ||  Biomass2 || limited ||      3.076442684765 ||0.1076492702803
   6   ||  vm_sigma || limited ||      40.14148658775 ||1.538654088077
   7   ||Recruit year 1 || limited ||      7.792271568901 ||0.22176809901
   8   ||Recruit year 2 || limited ||      2.581979681869 ||0.08164725676731
   9   ||Recruit year 3 || limited ||      9.141966096425 ||0.2718109541313
  10   ||Recruit year 4 || limited ||      7.803442929348 ||0.2281019218631
  11   ||Mean Rec dist 1 || limited ||     0.5063960678097 ||0.005309102887606
  12   ||Mean Rec dist 2 || limited ||     0.4462228268334 ||0.007780054153937
  13   ||Mean Rec dist 3 || limited ||     0.7857725422021 ||0.005771413473144
  14   ||Mean Rec dist 4 || limited ||     0.5893344550055 ||0.005783284692251





