# Minimum negative log likelihood

Minuit did successfully converge.
# of function calls: 1473
minimum function Value: 415.9845390848
minimum edm: 5.245456578533e-05
minimum internal state vector: LAVector parameters:
    -0.6123470217947
     -1.083934269667
     -1.287002217587
     -1.302570703506
     -1.419684408831
     -1.427321237307
   -0.01165683239958
     -1.207542659141
     -1.035233546691
     -1.202824130304
     -1.510240957649
    0.05683010472451
    0.03428609964086
    0.06569146879278
    0.02682230980423

minimum internal covariance matrix: LASymMatrix parameters:
   0.0021822504 -0.00013736337              0  5.2938793e-05  5.4024018e-05  4.8394429e-05 -0.00058103719  0.00016485539  0.00023728562  0.00016483513  3.0085107e-05  9.7622838e-06  9.0839092e-06  9.2491482e-06  2.4817726e-05
 -0.00013736337  1.0260222e-05              0 -4.7026344e-06 -3.5877318e-06 -3.2473684e-06  9.2304331e-06 -1.0290239e-05 -1.5139846e-05 -1.0561037e-05  -1.392392e-06 -3.7063413e-07 -3.5854305e-07 -4.8108056e-07 -9.0465016e-07
              0              0              2              0              0              0              0              0              0              0              0              0              0              0              0
  5.2938793e-05 -4.7026344e-06              0  0.00011132804  1.2005212e-06  1.1672842e-06  9.5692041e-05  2.7575044e-06  5.3475503e-06  3.2441085e-06  -9.366332e-07 -5.2193633e-07 -3.8013095e-07   2.364994e-07 -3.4224949e-06
  5.4024018e-05 -3.5877318e-06              0  1.2005212e-06  3.0752788e-06  2.6127354e-06 -2.4399388e-05  4.2461521e-06  5.7812595e-06  4.3597365e-06  1.0859165e-06  2.9569615e-07   2.671149e-07  1.7699642e-07  1.4337215e-06
  4.8394429e-05 -3.2473684e-06              0  1.1672842e-06  2.6127354e-06  2.2343271e-06 -1.9573324e-05  3.7803802e-06  5.1932764e-06  3.8834167e-06  9.1428066e-07  2.4991944e-07  2.2661319e-07  1.6025086e-07  1.1632097e-06
 -0.00058103719  9.2304331e-06              0  9.5692041e-05 -2.4399388e-05 -1.9573324e-05   0.0020634017 -4.6402038e-05  -5.706699e-05 -5.4960979e-05 -2.5461186e-05 -1.5722807e-05 -1.2881464e-05 -6.7305587e-06 -5.7636272e-05
  0.00016485539 -1.0290239e-05              0  2.7575044e-06  4.2461521e-06  3.7803802e-06 -4.6402038e-05  1.4352598e-05  1.8194154e-05  1.1623887e-05  2.8431966e-06  6.6816419e-07  7.0154502e-07  6.6249932e-07   2.115293e-06
  0.00023728562 -1.5139846e-05              0  5.3475503e-06  5.7812595e-06  5.1932764e-06  -5.706699e-05  1.8194154e-05  2.7408135e-05  1.7316086e-05  3.5943578e-06  9.8431372e-07    9.37121e-07  9.9950003e-07    2.56955e-06
  0.00016483513 -1.0561037e-05              0  3.2441085e-06  4.3597365e-06  3.8834167e-06 -5.4960979e-05  1.1623887e-05  1.7316086e-05  1.5644922e-05  1.1898707e-06  8.8947968e-07  7.3422882e-07  6.6803032e-07  2.5654764e-06
  3.0085107e-05  -1.392392e-06              0  -9.366332e-07  1.0859165e-06  9.1428066e-07 -2.5461186e-05  2.8431966e-06  3.5943578e-06  1.1898707e-06  4.5742895e-06  2.4329418e-07  2.3673298e-07  1.1823061e-07  8.8627405e-07
  9.7622838e-06 -3.7063413e-07              0 -5.2193633e-07  2.9569615e-07  2.4991944e-07 -1.5722807e-05  6.6816419e-07  9.8431372e-07  8.8947968e-07  2.4329418e-07  3.1738744e-07  1.1429983e-07  7.1955997e-08  5.1456875e-07
  9.0839092e-06 -3.5854305e-07              0 -3.8013095e-07   2.671149e-07  2.2661319e-07 -1.2881464e-05  7.0154502e-07    9.37121e-07  7.3422882e-07  2.3673298e-07  1.1429983e-07  1.5428005e-07  6.5638667e-08  3.7922942e-07
  9.2491482e-06 -4.8108056e-07              0   2.364994e-07  1.7699642e-07  1.6025086e-07 -6.7305587e-06  6.6249932e-07  9.9950003e-07  6.6803032e-07  1.1823061e-07  7.1955997e-08  6.5638667e-08  2.4146018e-07   1.464157e-07
  2.4817726e-05 -9.0465016e-07              0 -3.4224949e-06  1.4337215e-06  1.1632097e-06 -5.7636272e-05   2.115293e-06    2.56955e-06  2.5654764e-06  8.8627405e-07  5.1456875e-07  3.7922942e-07   1.464157e-07  1.4425912e-05


# ext. ||   Name    ||   type  ||     Value     ||  Error +/- 

   0   ||Natural mortality || limited ||    0.03063025969316 ||0.0006756340366042
   1   ||Targeted q || limited ||      5.809734534278 ||0.05298392942529
   2   ||Nontargeted q || limited ||                   2 ||22.06548931833
   3   ||     sigma || limited ||      1.787866950342 ||0.09886291736133
   4   ||  Biomass1 || limited ||      5.697848106457 ||0.09333440520398
   5   ||  Biomass2 || limited ||       5.13745333127 ||0.07556379938478
   6   ||  vm_sigma || limited ||       39.5342430919 ||1.284479763769
   7   ||Recruit year 1 || limited ||       3.27238930047 ||0.04758749737988
   8   ||Recruit year 2 || limited ||      7.010221674634 ||0.09444897706969
   9   ||Recruit year 3 || limited ||      3.356729629217 ||0.05029991615446
  10   ||Recruit year 4 || limited ||     0.1016366435234 ||0.004575730468415
  11   ||Mean Rec dist 1 || limited ||       0.56799519337 ||0.003977206787023
  12   ||Mean Rec dist 2 || limited ||     0.3427938260801 ||0.002775776985334
  13   ||Mean Rec dist 3 || limited ||     0.6564423183072 ||0.003467129082696
  14   ||Mean Rec dist 4 || limited ||     0.2681909376268 ||0.0268472545318





