# Minimum negative log likelihood

Minuit did successfully converge.
# of function calls: 1231
minimum function Value: 334.1736854625
minimum edm: 1.527852744163e-06
minimum internal state vector: LAVector parameters:
    -0.3329652641411
     -1.096075935146
     -1.287002217587
     -1.350672583738
     -1.432060440659
     -1.436988848153
     0.7215124882959
    -0.5172898848385
      -1.03565738315
     -1.138229205743
     -1.314367344403
     -1.301089669339

minimum internal covariance matrix: LASymMatrix parameters:
    0.008470232 -0.00063148756              0  3.9380843e-05  0.00016106099   0.0001646886  4.1068873e-05  -0.0002915724  0.00081453755  0.00065551528  0.00040322013   0.0003828025
 -0.00063148756  4.7846405e-05              0 -2.6684113e-06  -1.224275e-05 -1.2494577e-05 -2.6448526e-06  1.7665501e-05 -6.0893613e-05 -4.8959751e-05 -3.0109821e-05 -2.8663728e-05
              0              0      3.0224175              0              0              0              0              0              0              0              0              0
  3.9380843e-05 -2.6684113e-06              0  4.7834288e-05  7.7033592e-07  7.7075353e-07  1.0664276e-06 -1.1537657e-05  3.1009988e-06  2.9168959e-06  1.7789301e-06  1.1332855e-06
  0.00016106099  -1.224275e-05              0  7.7033592e-07  3.6353987e-06  3.6204014e-06  6.2878469e-07 -4.3120267e-06  1.5547739e-05  1.2505987e-05  7.6762687e-06  7.3045908e-06
   0.0001646886 -1.2494577e-05              0  7.7075353e-07  3.6204014e-06  3.6230436e-06  6.6185824e-07 -4.5097854e-06  1.5889289e-05  1.2782158e-05  7.8482305e-06  7.4670688e-06
  4.1068873e-05 -2.6448526e-06              0  1.0664276e-06  6.2878469e-07  6.6185824e-07  1.0058537e-06 -7.6394367e-06  3.9144855e-06  3.1062904e-06  1.9415568e-06  2.0961656e-06
  -0.0002915724  1.7665501e-05              0 -1.1537657e-05 -4.3120267e-06 -4.5097854e-06 -7.6394367e-06  0.00012208583 -2.7864255e-05 -2.2048601e-05 -1.3712753e-05 -1.5514982e-05
  0.00081453755 -6.0893613e-05              0  3.1009988e-06  1.5547739e-05  1.5889289e-05  3.9144855e-06 -2.7864255e-05  7.9036674e-05  6.3010535e-05    3.88207e-05  3.6849224e-05
  0.00065551528 -4.8959751e-05              0  2.9168959e-06  1.2505987e-05  1.2782158e-05  3.1062904e-06 -2.2048601e-05  6.3010535e-05  5.1368005e-05  3.1216341e-05  2.9618001e-05
  0.00040322013 -3.0109821e-05              0  1.7789301e-06  7.6762687e-06  7.8482305e-06  1.9415568e-06 -1.3712753e-05    3.88207e-05  3.1216341e-05  1.9752785e-05  1.8196852e-05
   0.0003828025 -2.8663728e-05              0  1.1332855e-06  7.3045908e-06  7.4670688e-06  2.0961656e-06 -1.5514982e-05  3.6849224e-05  2.9618001e-05  1.8196852e-05  1.8852818e-05


# ext. ||   Name    ||   type  ||     Value     ||  Error +/- 

   0   ||Natural mortality || limited ||    0.03682882837248 ||0.001536502991824
   1   ||Targeted q || limited ||        5.5289718746 ||0.111783946653
   2   ||Nontargeted q || limited ||                   2 ||59.36693012854
   3   ||     sigma || limited ||      1.206478127085 ||0.05339208581255
   4   ||  Biomass1 || limited ||      4.804198311512 ||0.09322354764277
   5   ||  Biomass2 || limited ||      4.469435798433 ||0.08977911166963
   6   ||   vm_mean || limited ||      2.075087967302 ||0.001672749434215
   7   ||  vm_sigma || limited ||      20.21969021986 ||0.271624418013
   8   ||Recruit year 1 || limited ||      6.999411898971 ||0.160272730345
   9   ||Recruit year 2 || limited ||      4.614909565642 ||0.1062136405022
  10   ||Recruit year 3 || limited ||      1.644743830047 ||0.03984942803503
  11   ||Recruit year 4 || limited ||      1.817364316652 ||0.04089899699911





