# Minimum negative log likelihood

Minuit did successfully converge.
# of function calls: 694
minimum function Value: 758.4347112524
minimum edm: 6.898945040023e-05
minimum internal state vector: LAVector parameters:
      0.267930778345
     -1.016014984118
     -1.287002217587
    -0.9518422083268
     -1.538407340072
     -1.540835570092
    -0.4133879489818
     0.2268571551518
     -1.057955474067
    -0.9879320167753
    -0.9662756692474
    -0.9935341743688

minimum internal covariance matrix: LASymMatrix parameters:
     0.26715791   -0.020708228              0  0.00033301473   0.0011628292   0.0011182272 -6.6804182e-05 -0.00046609637    0.019523205    0.022964206    0.022932114    0.021005374
   -0.020708228   0.0016422014              0 -1.8818782e-05 -9.0451362e-05 -8.7480299e-05  1.3765536e-05 -0.00026530918  -0.0015182703  -0.0017866412  -0.0017851489  -0.0016333766
              0              0              2              0              0              0              0              0              0              0              0              0
  0.00033301473 -1.8818782e-05              0  0.00049499465  1.2516784e-06  1.5100868e-06 -2.2402079e-08  1.1392312e-07  2.9897939e-05  2.7462622e-05  2.9507496e-05  2.9183197e-05
   0.0011628292 -9.0451362e-05              0  1.2516784e-06  4.0197835e-05   3.263337e-05 -4.9614957e-07 -3.8987219e-05  8.8721335e-05  9.9574104e-05  0.00010019806  9.0489442e-05
   0.0011182272 -8.7480299e-05              0  1.5100868e-06   3.263337e-05  2.7187701e-05 -5.2982351e-07 -1.6005002e-05  8.4187651e-05  9.5957192e-05  9.6365867e-05  8.7202697e-05
 -6.6804182e-05  1.3765536e-05              0 -2.2402079e-08 -4.9614957e-07 -5.2982351e-07  6.2266418e-06 -0.00016909392 -6.3231161e-06 -8.4904238e-06 -7.6189299e-06 -6.0927776e-06
 -0.00046609637 -0.00026530918              0  1.1392312e-07 -3.8987219e-05 -1.6005002e-05 -0.00016909392    0.014628599  7.6221222e-06  1.6719627e-05  1.9552205e-05  4.8489423e-06
    0.019523205  -0.0015182703              0  2.9897939e-05  8.8721335e-05  8.4187651e-05 -6.3231161e-06  7.6221222e-06   0.0014764171      0.0016798   0.0016760081   0.0015316874
    0.022964206  -0.0017866412              0  2.7462622e-05  9.9574104e-05  9.5957192e-05 -8.4904238e-06  1.6719627e-05      0.0016798   0.0020266051   0.0019713647   0.0018070183
    0.022932114  -0.0017851489              0  2.9507496e-05  0.00010019806  9.6365867e-05 -7.6189299e-06  1.9552205e-05   0.0016760081   0.0019713647   0.0020252816   0.0018019358
    0.021005374  -0.0016333766              0  2.9183197e-05  9.0489442e-05  8.7202697e-05 -6.0927776e-06  4.8489423e-06   0.0015316874   0.0018070183   0.0018019358   0.0017033658


# ext. ||   Name    ||   type  ||     Value     ||  Error +/- 

   0   ||Natural mortality || limited ||    0.05161841528685 ||0.008616251301489
   1   ||Targeted q || limited ||       7.49921800186 ||0.7546046329276
   2   ||Nontargeted q || limited ||                   2 ||22.06548931833
   3   ||     sigma || limited ||      9.275714732116 ||0.4563549946609
   4   ||  Biomass1 || limited ||     0.2622386889921 ||0.07258991831768
   5   ||  Biomass2 || limited ||     0.2243949491735 ||0.05522402605654
   6   ||   vm_mean || limited ||     -1.262022357389 ||0.005076281262459
   7   ||  vm_sigma || limited ||      48.99704035142 ||3.329192352502
   8   ||Recruit year 1 || limited ||      6.441649364145 ||0.6664054894244
   9   ||Recruit year 2 || limited ||      8.264698931188 ||0.8758204491124
  10   ||Recruit year 3 || limited ||      8.870382126291 ||0.9040873883893
  11   ||Recruit year 4 || limited ||      8.111193846287 ||0.7961284315709





