# Minimum negative log likelihood

Minuit did successfully converge.
# of function calls: 1289
minimum function Value: 436.039115991
minimum edm: 1.777099900659e-05
minimum internal state vector: LAVector parameters:
      0.111864178948
    -0.9987287313702
     -1.287002217587
     -1.289256385255
     -1.509825791193
     -1.514045405512
     0.8070018813528
     -0.252851467942
    -0.9387400341198
     -1.032346665126
    -0.9415324490667
     -1.211016186301

minimum internal covariance matrix: LASymMatrix parameters:
    0.013751797  -0.0010998642              0 -2.2169496e-05  0.00011107509  0.00010479873  3.5629604e-05 -9.2688481e-05    0.001316684    0.001129022   0.0014337713  0.00058666128
  -0.0010998642  8.9318202e-05              0  1.7250891e-06 -9.0422745e-06 -8.5181134e-06 -2.3628924e-06  2.0741952e-06  -0.0001055398 -9.0501236e-05 -0.00011495321 -4.7173892e-05
              0              0       3.097164              0              0              0              0              0              0              0              0              0
 -2.2169496e-05  1.7250891e-06              0  9.3507906e-05 -3.7365689e-07 -2.9098883e-07  -2.121496e-07   -2.38789e-06 -1.5644308e-06 -1.5685367e-06 -2.1209275e-06 -8.8844063e-07
  0.00011107509 -9.0422745e-06              0 -3.7365689e-07  1.9446084e-06  1.6722073e-06  2.2391186e-07  1.9911314e-07  1.0705055e-05  9.1409991e-06  1.1574688e-05  4.7772873e-06
  0.00010479873 -8.5181134e-06              0 -2.9098883e-07  1.6722073e-06  1.4623177e-06   2.169511e-07  1.0839899e-07  1.0090393e-05  8.6224976e-06  1.0923739e-05   4.503239e-06
  3.5629604e-05 -2.3628924e-06              0  -2.121496e-07  2.2391186e-07   2.169511e-07  8.5493376e-07 -7.9504621e-06  3.3377731e-06  2.8371165e-06  3.6256918e-06  1.6152592e-06
 -9.2688481e-05  2.0741952e-06              0   -2.38789e-06  1.9911314e-07  1.0839899e-07 -7.9504621e-06  0.00016687217 -8.2369888e-06 -6.6497764e-06 -8.7093308e-06 -5.4489793e-06
    0.001316684  -0.0001055398              0 -1.5644308e-06  1.0705055e-05  1.0090393e-05  3.3377731e-06 -8.2369888e-06  0.00012794366  0.00010814623  0.00013733711   5.626058e-05
    0.001129022 -9.0501236e-05              0 -1.5685367e-06  9.1409991e-06  8.6224976e-06  2.8371165e-06 -6.6497764e-06  0.00010814623  9.4514654e-05  0.00011774585  4.8191166e-05
   0.0014337713 -0.00011495321              0 -2.1209275e-06  1.1574688e-05  1.0923739e-05  3.6256918e-06 -8.7093308e-06  0.00013733711  0.00011774585  0.00015143299  6.1265128e-05
  0.00058666128 -4.7173892e-05              0 -8.8844063e-07  4.7772873e-06   4.503239e-06  1.6152592e-06 -5.4489793e-06   5.626058e-05  4.8191166e-05  6.1265128e-05   2.789294e-05


# ext. ||   Name    ||   type  ||     Value     ||  Error +/- 

   0   ||Natural mortality || limited ||    0.04779077552621 ||0.002057708973992
   1   ||Targeted q || limited ||      7.960828216988 ||0.1808911134857
   2   ||Nontargeted q || limited ||                   2 ||59.67482846886
   3   ||     sigma || limited ||      1.968563629837 ||0.0949867867256
   4   ||  Biomass1 || limited ||     0.9290636904672 ||0.03004152069655
   5   ||  Biomass2 || limited ||     0.8049506919701 ||0.02425021508404
   6   ||   vm_mean || limited ||      2.268910754904 ||0.001420685754454
   7   ||  vm_sigma || limited ||      29.99399418626 ||0.3537463099958
   8   ||Recruit year 1 || limited ||      9.668316731293 ||0.2362438622516
   9   ||Recruit year 2 || limited ||      7.084055773305 ||0.1762424488429
  10   ||Recruit year 3 || limited ||      9.585993708596 ||0.2560351262415
  11   ||Recruit year 4 || limited ||       3.21096727643 ||0.0657332082567





