# Minimum negative log likelihood

Minuit did successfully converge.
# of function calls: 933
minimum function Value: 169.6404942039
minimum edm: 3.405503591761e-05
minimum internal state vector: LAVector parameters:
     -1.194351342336
     -1.287002217587
    -0.9865543778116
     -1.364266522565
     -1.356477707918
     -1.279146817797
      1.353086738869
     -1.012535104443
     -1.039925782688
     -1.173142236688
     -1.283499856836

minimum internal covariance matrix: LASymMatrix parameters:
  3.4575006e-05              0   1.589105e-05 -3.1845665e-05 -1.9888916e-05  5.1713786e-05  -0.0055128383 -3.5823463e-05 -1.5800849e-05 -1.0321393e-05 -5.4514899e-06
              0              2              0              0              0              0              0              0              0              0              0
   1.589105e-05              0   0.0018932206 -1.3919582e-05 -9.2325608e-06 -0.00040512108    0.046431528 -9.3231416e-05 -9.3332843e-06 -3.1378172e-06 -2.0058127e-06
 -3.1845665e-05              0 -1.3919582e-05  0.00012685685  6.9286953e-05 -7.6417705e-05   0.0084419816  4.7510442e-05  1.3046366e-05  1.0185778e-05  6.0665623e-06
 -1.9888916e-05              0 -9.2325608e-06  6.9286953e-05  4.0240963e-05 -4.4540564e-05   0.0049478491  2.6080626e-05  8.0778186e-06  6.4011681e-06  3.5914256e-06
  5.1713786e-05              0 -0.00040512108 -7.6417705e-05 -4.4540564e-05   0.0022767086    -0.23723543 -0.00015031636 -5.2138843e-05 -2.2691224e-06 -4.8140786e-05
  -0.0055128383              0    0.046431528   0.0084419816   0.0049478491    -0.23723543      26.066618    0.066574645   0.0003866347   0.0038047063   0.0078621952
 -3.5823463e-05              0 -9.3231416e-05  4.7510442e-05  2.6080626e-05 -0.00015031636    0.066574645    0.004443116  -0.0004699216  0.00016523418   5.700012e-05
 -1.5800849e-05              0 -9.3332843e-06  1.3046366e-05  8.0778186e-06 -5.2138843e-05   0.0003866347  -0.0004699216  0.00011370818 -2.0935302e-05 -2.4095695e-06
 -1.0321393e-05              0 -3.1378172e-06  1.0185778e-05  6.4011681e-06 -2.2691224e-06   0.0038047063  0.00016523418 -2.0935302e-05  7.2901903e-05 -4.8955037e-06
 -5.4514899e-06              0 -2.0058127e-06  6.0665623e-06  3.5914256e-06 -4.8140786e-05   0.0078621952   5.700012e-05 -2.4095695e-06 -4.8955037e-06  6.1728012e-05


# ext. ||   Name    ||   type  ||     Value     ||  Error +/- 

   0   ||Targeted q || limited ||      3.501130372816 ||0.07642406504945
   1   ||Nontargeted q || limited ||                   2 ||22.06548931833
   2   ||     sigma || limited ||      8.293477919629 ||0.8483704815138
   3   ||  Biomass1 || limited ||      10.62578945484 ||0.8165791123562
   4   ||  Biomass2 || limited ||      11.43923084476 ||0.4769993937698
   5   ||   vm_mean || limited ||      -3.00892599601 ||0.03047144786059
   6   ||  vm_sigma || limited ||      79.05580079805 ||74.99907306263
   7   ||Recruit year 1 || limited ||      7.600368664081 ||1.247770084001
   8   ||Recruit year 2 || limited ||      6.890979105203 ||0.1908524542158
   9   ||Recruit year 3 || limited ||      3.911009906311 ||0.1168899401742
  10   ||Recruit year 4 || limited ||      2.059122413964 ||0.07870274152771





