# Minimum negative log likelihood

Minuit did successfully converge.
# of function calls: 1066
minimum function Value: 682.8028215002
minimum edm: 2.416759254603e-05
minimum internal state vector: LAVector parameters:
     0.3606167355433
     -1.266649310675
     -1.287002217587
     -1.057332891103
     -1.373987858227
     -1.381750075918
    -0.2404027557256
       -1.1417931769
    -0.9287915992633
    -0.9373427547489
     -1.187195050861
    0.08202566437807
     0.1013984794526
     0.1228459470739
     0.0657167139059

minimum internal covariance matrix: LASymMatrix parameters:
    0.067830626  -0.0060499342              0  6.7249819e-06    0.004011617   0.0038083561     -0.0251942    0.012091758    0.018003255    0.017385601    0.010430217  0.00052092463   0.0004758906   0.0004022752  0.00046645525
  -0.0060499342  0.00057092454              0  2.1553571e-07 -0.00037621749 -0.00035668546   0.0020896616  -0.0011000115  -0.0016445742  -0.0015877012 -0.00095584004 -4.4632398e-05 -3.9978198e-05 -3.4628849e-05 -4.3881211e-05
              0              0              2              0              0              0              0              0              0              0              0              0              0              0              0
  6.7249819e-06  2.1553571e-07              0  0.00035889911 -7.2324843e-06 -6.3062875e-06  1.7745291e-05 -5.1155036e-06  2.7949728e-06  5.9892213e-06  1.5966103e-07  2.7757151e-07 -3.8105453e-07  9.2470445e-07  4.2860322e-06
    0.004011617 -0.00037621749              0 -7.2324843e-06  0.00026971621  0.00025365425  -0.0013925596  0.00073265455   0.0010883854   0.0010513471  0.00063537235  2.8290093e-05  2.6439435e-05  2.3078998e-05  2.8290675e-05
   0.0038083561 -0.00035668546              0 -6.3062875e-06  0.00025365425  0.00023885899  -0.0013204611  0.00069477306    0.001032688  0.00099749631   0.0006024955  2.7062177e-05  2.5113775e-05   2.188347e-05  2.6900207e-05
     -0.0251942   0.0020896616              0  1.7745291e-05  -0.0013925596  -0.0013204611    0.026989973  -0.0042953977  -0.0063830372  -0.0062054099  -0.0038043414 -0.00029457423 -0.00032886457 -0.00027728829 -0.00022766791
    0.012091758  -0.0011000115              0 -5.1155036e-06  0.00073265455  0.00069477306  -0.0042953977   0.0022132895   0.0032326742   0.0031261198   0.0018802159  8.8081115e-05  8.1911052e-05  6.8559478e-05  8.3379224e-05
    0.018003255  -0.0016445742              0  2.7949728e-06   0.0010883854    0.001032688  -0.0063830372   0.0032326742   0.0048657419   0.0046685902   0.0028041279  0.00013500602  0.00012082228  0.00010573511  0.00012711721
    0.017385601  -0.0015877012              0  5.9892213e-06   0.0010513471  0.00099749631  -0.0062054099   0.0031261198   0.0046685902    0.004532925    0.002704295  0.00013058156  0.00011829015  9.9791497e-05  0.00012438439
    0.010430217 -0.00095584004              0  1.5966103e-07  0.00063537235   0.0006024955  -0.0038043414   0.0018802159   0.0028041279    0.002704295   0.0016837465  7.8924236e-05  7.1012141e-05  6.1574396e-05  7.7827494e-05
  0.00052092463 -4.4632398e-05              0  2.7757151e-07  2.8290093e-05  2.7062177e-05 -0.00029457423  8.8081115e-05  0.00013500602  0.00013058156  7.8924236e-05  1.1561524e-05  4.6971084e-06  3.7303448e-06  4.1834458e-06
   0.0004758906 -3.9978198e-05              0 -3.8105453e-07  2.6439435e-05  2.5113775e-05 -0.00032886457  8.1911052e-05  0.00012082228  0.00011829015  7.1012141e-05  4.6971084e-06  7.3960665e-06  4.1200949e-06  3.5054521e-06
   0.0004022752 -3.4628849e-05              0  9.2470445e-07  2.3078998e-05   2.188347e-05 -0.00027728829  6.8559478e-05  0.00010573511  9.9791497e-05  6.1574396e-05  3.7303448e-06  4.1200949e-06  8.3240865e-06  3.2987795e-06
  0.00046645525 -4.3881211e-05              0  4.2860322e-06  2.8290675e-05  2.6900207e-05 -0.00022766791  8.3379224e-05  0.00012711721  0.00012438439  7.7827494e-05  4.1834458e-06  3.5054521e-06  3.2987795e-06  1.6587972e-05


# ext. ||   Name    ||   type  ||     Value     ||  Error +/- 

   0   ||Natural mortality || limited ||    0.05382128417696 ||0.004283584433184
   1   ||Targeted q || limited ||      2.294862461309 ||0.2529826434207
   2   ||Nontargeted q || limited ||                   2 ||22.06548931833
   3   ||     sigma || limited ||      6.447574696174 ||0.3289909276323
   4   ||  Biomass1 || limited ||       9.65217761697 ||1.135364452578
   5   ||  Biomass2 || limited ||      8.908043769243 ||1.026822323109
   6   ||  vm_sigma || limited ||      30.47686628418 ||4.502887309549
   7   ||Recruit year 1 || limited ||      4.540504120022 ||0.6916825886018
   8   ||Recruit year 2 || limited ||      9.964157846696 ||1.47602394059
   9   ||Recruit year 3 || limited ||      9.709627952307 ||1.408343075608
  10   ||Recruit year 4 || limited ||       3.64349513928 ||0.5428317400077
  11   ||Mean Rec dist 1 || limited ||     0.8193371433916 ||0.02396235362997
  12   ||Mean Rec dist 2 || limited ||      1.012248114493 ||0.01913148445922
  13   ||Mean Rec dist 3 || limited ||      1.225371995078 ||0.02024732810037
  14   ||Mean Rec dist 4 || limited ||     0.6566942247151 ||0.02873707675051





