# Minimum negative log likelihood

Minuit did successfully converge.
# of function calls: 1299
minimum function Value: 544.0218932368
minimum edm: 1.750244094629e-05
minimum internal state vector: LAVector parameters:
    -0.9576076035391
     -1.230862650034
     -1.287002217587
     -1.204963730423
     -1.460868654921
     -1.464186843505
      0.453940424267
     -1.433212229229
     -1.278457821601
    -0.9659558943042
     -1.133571465159
    0.04531858145674
    0.02013562881663
    0.06580746064535
     0.0699888189855

minimum internal covariance matrix: LASymMatrix parameters:
    0.016474387 -0.00088851732              0 -3.0352721e-05  0.00030202308  0.00028745143  -0.0086781869  0.00057192412   0.0011112797    0.002375132   0.0016916588  7.2240709e-05  6.0675784e-05   5.983997e-05  5.7452009e-05
 -0.00088851732  5.3532896e-05              0   1.194678e-06 -1.8183588e-05 -1.7265797e-05  0.00035317562 -3.1565443e-05 -6.1416965e-05 -0.00013152479 -9.5558789e-05 -3.4915201e-06 -2.7509875e-06 -2.6615745e-06  -3.161921e-06
              0              0              2              0              0              0              0              0              0              0              0              0              0              0              0
 -3.0352721e-05   1.194678e-06              0  0.00016245624 -8.5746761e-07 -7.9497951e-07 -1.8908357e-05 -6.8059926e-07 -1.9396868e-06 -3.9665161e-06  -3.724002e-06 -3.5431124e-08 -5.0478715e-07 -2.7739592e-07 -1.5728854e-07
  0.00030202308 -1.8183588e-05              0 -8.5746761e-07  1.1315596e-05  1.0323835e-05 -0.00013108328  1.2091447e-05  2.0786018e-05  4.4725026e-05  3.2515973e-05  4.1377218e-07  9.4996959e-07   8.570856e-07  1.0587868e-06
  0.00028745143 -1.7265797e-05              0 -7.9497951e-07  1.0323835e-05  9.4570531e-06 -0.00012446561  1.1287932e-05  1.9781205e-05  4.2539355e-05  3.0915341e-05  5.4747804e-07   9.074311e-07  8.2260466e-07  1.0069182e-06
  -0.0086781869  0.00035317562              0 -1.8908357e-05 -0.00013108328 -0.00012446561    0.030473643 -0.00028495616 -0.00054791035  -0.0011767086 -0.00082244406 -6.4296638e-05 -8.8220477e-05 -9.6814712e-05 -5.3057971e-05
  0.00057192412 -3.1565443e-05              0 -6.8059926e-07  1.2091447e-05  1.1287932e-05 -0.00028495616  2.6461319e-05  3.8603987e-05   8.279951e-05   5.916758e-05  5.3366822e-07   2.108563e-06  1.9836427e-06  2.0221961e-06
   0.0011112797 -6.1416965e-05              0 -1.9396868e-06  2.0786018e-05  1.9781205e-05 -0.00054791035  3.8603987e-05  7.9844408e-05  0.00016085861  0.00011537139  4.7483806e-06  3.8745366e-06  3.9207623e-06  3.9021062e-06
    0.002375132 -0.00013152479              0 -3.9665161e-06  4.4725026e-05  4.2539355e-05  -0.0011767086   8.279951e-05  0.00016085861  0.00034918512   0.0002460329  1.0119878e-05  8.3788355e-06  8.1490539e-06  8.4456463e-06
   0.0016916588 -9.5558789e-05              0  -3.724002e-06  3.2515973e-05  3.0915341e-05 -0.00082244406   5.916758e-05  0.00011537139   0.0002460329  0.00019048374   7.099101e-06  5.9107788e-06  5.7049844e-06  6.6981746e-06
  7.2240709e-05 -3.4915201e-06              0 -3.5431124e-08  4.1377218e-07  5.4747804e-07 -6.4296638e-05  5.3366822e-07  4.7483806e-06  1.0119878e-05   7.099101e-06  1.2941022e-05  3.6829093e-07  3.4865256e-07  2.6911952e-07
  6.0675784e-05 -2.7509875e-06              0 -5.0478715e-07  9.4996959e-07   9.074311e-07 -8.8220477e-05   2.108563e-06  3.8745366e-06  8.3788355e-06  5.9107788e-06  3.6829093e-07  1.3890133e-06   3.770528e-07  2.7745478e-07
   5.983997e-05 -2.6615745e-06              0 -2.7739592e-07   8.570856e-07  8.2260466e-07 -9.6814712e-05  1.9836427e-06  3.9207623e-06  8.1490539e-06  5.7049844e-06  3.4865256e-07   3.770528e-07  7.8579628e-07  2.7044123e-07
  5.7452009e-05  -3.161921e-06              0 -1.5728854e-07  1.0587868e-06  1.0069182e-06 -5.3057971e-05  2.0221961e-06  3.9021062e-06  8.4456463e-06  6.6981746e-06  2.6911952e-07  2.7745478e-07  2.7044123e-07  1.6083257e-06


# ext. ||   Name    ||   type  ||     Value     ||  Error +/- 

   0   ||Natural mortality || limited ||    0.02455457154801 ||0.001303953513854
   1   ||Targeted q || limited ||      2.861160930045 ||0.08625038290885
   2   ||Nontargeted q || limited ||                   2 ||22.06548931833
   3   ||     sigma || limited ||      3.308687863174 ||0.1612014501009
   4   ||  Biomass1 || limited ||       3.01798229218 ||0.130474403624
   5   ||  Biomass2 || limited ||      2.838705325072 ||0.1156925615747
   6   ||  vm_sigma || limited ||      57.54069241303 ||4.426145631195
   7   ||Recruit year 1 || limited ||     0.4824413163068 ||0.02494098395456
   8   ||Recruit year 2 || limited ||      2.131160101263 ||0.09103602981166
   9   ||Recruit year 3 || limited ||      8.879470808781 ||0.3756273466179
  10   ||Recruit year 4 || limited ||      4.713018714526 ||0.2065913826411
  11   ||Mean Rec dist 1 || limited ||     0.4530307069687 ||0.02541105555407
  12   ||Mean Rec dist 2 || limited ||     0.2013426820074 ||0.008332016178396
  13   ||Mean Rec dist 3 || limited ||     0.6575997305761 ||0.006254590703468
  14   ||Mean Rec dist 4 || limited ||     0.6993169370096 ||0.008945557245769





