# Minimum negative log likelihood

Minuit did successfully converge.
# of function calls: 284
minimum function Value: 139.7498528119
minimum edm: 2.356373204317e-06
minimum internal state vector: LAVector parameters:
     -1.164890953966
     -1.287002217587
     -1.145785372718
     -1.387089412552
      -1.39629771089
      0.736646273728
      1.742182343058
     -1.117862955572
     -1.166708213202
     -1.278875367285
     -1.235770031576

minimum internal covariance matrix: LASymMatrix parameters:
  1.3994923e-05              0 -6.5947445e-06 -9.9041808e-06 -6.4930343e-06  1.7181191e-06    0.002104136  -4.926093e-06 -3.8882397e-06 -2.5599267e-06 -7.8324493e-06
              0              2              0              0              0              0              0              0              0              0              0
 -6.5947445e-06              0  0.00095440045  3.5894939e-06  2.9265876e-06 -1.9468566e-06   0.0010995529  2.4584189e-06  2.5552885e-06  1.5835454e-06  6.9151038e-07
 -9.9041808e-06              0  3.5894939e-06  3.0166716e-05  1.7783807e-05  -2.007907e-06  -0.0034780371  3.7597692e-06  2.5338266e-06  1.6834056e-06  5.2631559e-06
 -6.4930343e-06              0  2.9265876e-06  1.7783807e-05  1.1020141e-05 -1.2193053e-06  -0.0020431216  2.3416083e-06  1.6582506e-06  1.1037898e-06  3.4009491e-06
  1.7181191e-06              0 -1.9468566e-06  -2.007907e-06 -1.2193053e-06  1.2448976e-06   0.0001853788 -4.3352105e-07 -3.3718981e-07 -1.9719746e-07 -4.3092779e-07
    0.002104136              0   0.0010995529  -0.0034780371  -0.0020431216   0.0001853788      2.9782995 -0.00065822935 -0.00051093663 -0.00033327679  -0.0008433456
  -4.926093e-06              0  2.4584189e-06  3.7597692e-06  2.3416083e-06 -4.3352105e-07 -0.00065822935  1.2851166e-05  1.9102832e-06  1.2382161e-06  3.0891202e-06
 -3.8882397e-06              0  2.5552885e-06  2.5338266e-06  1.6582506e-06 -3.3718981e-07 -0.00051093663  1.9102832e-06  1.2107659e-05  1.0755924e-06  2.2876271e-06
 -2.5599267e-06              0  1.5835454e-06  1.6834056e-06  1.1037898e-06 -1.9719746e-07 -0.00033327679  1.2382161e-06  1.0755924e-06  1.1088832e-05  1.4306679e-06
 -7.8324493e-06              0  6.9151038e-07  5.2631559e-06  3.4009491e-06 -4.3092779e-07  -0.0008433456  3.0891202e-06  2.2876271e-06  1.4306679e-06  2.5733366e-05


# ext. ||   Name    ||   type  ||     Value     ||  Error +/- 

   0   ||Targeted q || limited ||      4.062735667961 ||0.05222430831113
   1   ||Nontargeted q || limited ||                   2 ||22.06548931833
   2   ||     sigma || limited ||      4.448289184709 ||0.4503306618854
   3   ||  Biomass1 || limited ||      8.413356281397 ||0.3547299835023
   4   ||  Biomass2 || limited ||      7.593144910434 ||0.2037670188923
   5   ||   vm_mean || limited ||      2.110545515574 ||0.001835942624185
   6   ||  vm_sigma || limited ||      79.41398055826 ||49.7362344409
   7   ||Recruit year 1 || limited ||      5.051130097534 ||0.05545805822024
   8   ||Recruit year 2 || limited ||      4.036531539875 ||0.04836522136919
   9   ||Recruit year 3 || limited ||      2.125148203832 ||0.03387922499734
  10   ||Recruit year 4 || limited ||      2.789638795873 ||0.05896344254879





