# Minimum negative log likelihood

Minuit did successfully converge.
# of function calls: 1404
minimum function Value: 650.526374419
minimum edm: 5.959141974135e-05
minimum internal state vector: LAVector parameters:
      3.186382641797
    -0.9420993663868
     -1.287002217587
     -1.096440900799
     -1.449836823566
     -1.460177551346
     -0.877697609199
     -1.235613064804
     -1.268820835704
    -0.9519421634614
     -1.131557477829
     0.1099784401633
    0.03661605237258
    0.08660588951771
    0.02925579343473

minimum internal covariance matrix: LASymMatrix parameters:
    0.026282022   0.0014871925              0  0.00023630108  -0.0003187466 -0.00027412231   0.0019274802  -0.0015303339  -0.0010834143  -0.0029577904  -0.0016096214 -0.00015276199 -0.00019455275 -0.00022374585 -0.00018449514
   0.0014871925  0.00011206795              0  1.4761165e-05 -2.2115426e-05 -1.9229423e-05  7.8693155e-05 -8.8613091e-05 -6.8219032e-05 -0.00016935321 -0.00010198737 -5.3606074e-06 -7.9441552e-06 -8.6676487e-06  -1.035283e-05
              0              0              2              0              0              0              0              0              0              0              0              0              0              0              0
  0.00023630108  1.4761165e-05              0  0.00045219506  5.5633599e-06  4.1923316e-06  7.6308909e-05 -1.8871175e-05 -3.0965353e-06 -4.6697733e-05 -9.3029339e-06  4.5479297e-06  1.4474585e-06 -2.2050621e-06 -3.8980764e-06
  -0.0003187466 -2.2115426e-05              0  5.5633599e-06   1.411583e-05  1.1323781e-05 -1.7377257e-05  1.8842812e-05  1.2569138e-05  3.5459712e-05  1.9542929e-05  1.7037971e-06  2.0824087e-06  2.1938052e-06  1.8179721e-06
 -0.00027412231 -1.9229423e-05              0  4.1923316e-06  1.1323781e-05  9.2373318e-06 -1.4964324e-05  1.6246386e-05   1.137516e-05  3.0445423e-05  1.7202017e-05  1.6314014e-06   1.729126e-06  1.7753526e-06  1.6628706e-06
   0.0019274802  7.8693155e-05              0  7.6308909e-05 -1.7377257e-05 -1.4964324e-05  0.00048087287 -0.00011317786 -4.5288527e-05 -0.00022503886  -9.409146e-05  -2.406395e-05 -1.7825553e-05  -2.720367e-05 -2.8139631e-05
  -0.0015303339 -8.8613091e-05              0 -1.8871175e-05  1.8842812e-05  1.6246386e-05 -0.00011317786  0.00010463788  6.2296456e-05  0.00017353249  9.0889444e-05  9.9068584e-06  9.3705833e-06  1.2948681e-05  9.7788758e-06
  -0.0010834143 -6.8219032e-05              0 -3.0965353e-06  1.2569138e-05   1.137516e-05 -4.5288527e-05  6.2296456e-05  8.0416857e-05  0.00011693903  7.8735892e-05  1.0394366e-05  8.0387351e-06  6.1008636e-06  6.9269055e-06
  -0.0029577904 -0.00016935321              0 -4.6697733e-05  3.5459712e-05  3.0445423e-05 -0.00022503886  0.00017353249  0.00011693903  0.00035162201   0.0001759616  1.5040804e-05  2.0583522e-05   2.556624e-05  1.9690799e-05
  -0.0016096214 -0.00010198737              0 -9.3029339e-06  1.9542929e-05  1.7202017e-05  -9.409146e-05  9.0889444e-05  7.8735892e-05   0.0001759616  0.00012907747  6.4718901e-06  1.2909564e-05  1.0786784e-05  1.3556074e-05
 -0.00015276199 -5.3606074e-06              0  4.5479297e-06  1.7037971e-06  1.6314014e-06  -2.406395e-05  9.9068584e-06  1.0394366e-05  1.5040804e-05  6.4718901e-06  1.1867391e-05 -1.7765192e-07   1.316447e-06  1.3154697e-06
 -0.00019455275 -7.9441552e-06              0  1.4474585e-06  2.0824087e-06   1.729126e-06 -1.7825553e-05  9.3705833e-06  8.0387351e-06  2.0583522e-05  1.2909564e-05 -1.7765192e-07   5.363968e-06  2.0597059e-06  1.9123465e-06
 -0.00022374585 -8.6676487e-06              0 -2.2050621e-06  2.1938052e-06  1.7753526e-06  -2.720367e-05  1.2948681e-05  6.1008636e-06   2.556624e-05  1.0786784e-05   1.316447e-06  2.0597059e-06  3.8534765e-06  1.3257153e-06
 -0.00018449514  -1.035283e-05              0 -3.8980764e-06  1.8179721e-06  1.6628706e-06 -2.8139631e-05  9.7788758e-06  6.9269055e-06  1.9690799e-05  1.3556074e-05  1.3154697e-06  1.9123465e-06  1.3257153e-06  4.6812721e-06


# ext. ||   Name    ||   type  ||     Value     ||  Error +/- 

   0   ||Natural mortality || limited ||     0.0438806246536 ||0.002856715749738
   1   ||Targeted q || limited ||      9.560274946996 ||0.2201083294019
   2   ||Nontargeted q || limited ||                   2 ||22.06548931833
   3   ||     sigma || limited ||      5.520633733154 ||0.3433954179554
   4   ||  Biomass1 || limited ||      3.653342695386 ||0.1602832526456
   5   ||  Biomass2 || limited ||      3.056010220418 ||0.1186234960802
   6   ||  vm_sigma || limited ||      9.230089978213 ||0.3962657158792
   7   ||Recruit year 1 || limited ||      2.792219606145 ||0.1189520414308
   8   ||Recruit year 2 || limited ||      2.272232362183 ||0.09428296548934
   9   ||Recruit year 3 || limited ||      9.281888037424 ||0.3845398850829
  10   ||Recruit year 4 || limited ||      4.755745109597 ||0.1707957861067
  11   ||Mean Rec dist 1 || limited ||      1.097568712805 ||0.02421198726235
  12   ||Mean Rec dist 2 || limited ||     0.3660787084879 ||0.01636577955491
  13   ||Mean Rec dist 3 || limited ||     0.8649766437802 ||0.01382867117206
  14   ||Mean Rec dist 4 || limited ||     0.2925162026732 ||0.01529258455084





