# Minimum negative log likelihood

Minuit did successfully converge.
# of function calls: 986
minimum function Value: 601.9050676272
minimum edm: 2.060757505826e-05
minimum internal state vector: LAVector parameters:
    -0.4252740883811
     -1.068540048378
     -1.287002217587
     -1.149606470295
     -1.361875029178
      -1.36591861189
      0.970283186845
     -1.289678386105
     -1.053654433576
    -0.9654296710029
     -1.151664335978
     -1.011378601171

minimum internal covariance matrix: LASymMatrix parameters:
    0.057913543   -0.002906594              0  5.4501948e-05  0.00099873954   0.0011348596   0.0015019851 -0.00081328162   0.0050791002    0.005271011   0.0034814345   0.0046652767
   -0.002906594  0.00019868845              0 -4.5287963e-06 -7.3929531e-05  -7.975106e-05 -3.0569901e-05  2.0012189e-05 -0.00027015488 -0.00026479813 -0.00017563708 -0.00025600835
              0              0              2              0              0              0              0              0              0              0              0              0
  5.4501948e-05 -4.5287963e-06              0  0.00026053856   4.397508e-07  7.3417292e-07 -9.3764011e-06 -2.8478881e-06  8.6731646e-06  2.1330364e-06  3.0228304e-06  3.8781903e-06
  0.00099873954 -7.3929531e-05              0   4.397508e-07  3.6688067e-05  3.6804194e-05  4.6103427e-06 -5.1257412e-06  9.3492628e-05  9.2751245e-05  5.9784066e-05  8.9844671e-05
   0.0011348596  -7.975106e-05              0  7.3417292e-07  3.6804194e-05  3.7701328e-05  9.1470587e-06 -7.0688164e-06  0.00010523027  0.00010461641  6.8134704e-05  0.00010065191
   0.0015019851 -3.0569901e-05              0 -9.3764011e-06  4.6103427e-06  9.1470587e-06  0.00011569023 -3.9244495e-05  0.00012092205  0.00013747479  8.9827572e-05  0.00010436373
 -0.00081328162  2.0012189e-05              0 -2.8478881e-06 -5.1257412e-06 -7.0688164e-06 -3.9244495e-05  2.5701907e-05 -6.4430939e-05 -7.5012522e-05 -4.8600988e-05 -5.4376693e-05
   0.0050791002 -0.00027015488              0  8.6731646e-06  9.3492628e-05  0.00010523027  0.00012092205 -6.4430939e-05  0.00047579495  0.00045059952  0.00030822479  0.00041599815
    0.005271011 -0.00026479813              0  2.1330364e-06  9.2751245e-05  0.00010461641  0.00013747479 -7.5012522e-05  0.00045059952  0.00050092243  0.00031163115   0.0004235813
   0.0034814345 -0.00017563708              0  3.0228304e-06  5.9784066e-05  6.8134704e-05  8.9827572e-05 -4.8600988e-05  0.00030822479  0.00031163115  0.00022526441  0.00027628233
   0.0046652767 -0.00025600835              0  3.8781903e-06  8.9844671e-05  0.00010065191  0.00010436373 -5.4376693e-05  0.00041599815   0.0004235813  0.00027628233  0.00040713195


# ext. ||   Name    ||   type  ||     Value     ||  Error +/- 

   0   ||Natural mortality || limited ||     0.0346857382154 ||0.003856559539784
   1   ||Targeted q || limited ||      6.175069424072 ||0.2399076885519
   2   ||Nontargeted q || limited ||                   2 ||22.06548931833
   3   ||     sigma || limited ||      4.369844117764 ||0.2333146341944
   4   ||  Biomass1 || limited ||      10.87239407326 ||0.4441552923786
   5   ||  Biomass2 || limited ||      10.45706478561 ||0.4416560483339
   6   ||   vm_mean || limited ||      2.591957716245 ||0.01350137925879
   7   ||  vm_sigma || limited ||      1.571144829292 ||0.03978089405006
   8   ||Recruit year 1 || limited ||      6.547557692426 ||0.3812244903343
   9   ||Recruit year 2 || limited ||      8.894436345493 ||0.4502352588332
  10   ||Recruit year 3 || limited ||      4.337440407338 ||0.2159283608676
  11   ||Recruit year 4 || limited ||      7.631024647336 ||0.3785363647311





