# Minimum negative log likelihood

Minuit did successfully converge.
# of function calls: 1951
minimum function Value: 504.5827575669
minimum edm: 1.673302274913e-05
minimum internal state vector: LAVector parameters:
     -2.853605856595
     -1.406696689619
     -1.287002217587
     -1.238372565023
     -1.337298791545
     -1.339435678498
     0.2847085687637
      2.682777088949
     -1.146700713887
     -1.153488811063
     -1.117256387296
     -1.071983234835

minimum internal covariance matrix: LASymMatrix parameters:
    0.024342685   0.0059284489              0 -1.2651214e-05  -0.0083976529  -0.0083120963 -5.2048104e-05   0.0037640814   -0.016084014   -0.015071277   -0.016970108   -0.018146898
   0.0059284489   0.0015065244              0 -3.8734492e-06   -0.002134695  -0.0021122787 -4.8049308e-06   0.0018762445  -0.0040498396  -0.0037917146  -0.0042737902  -0.0045825757
              0              0              2              0              0              0              0              0              0              0              0              0
 -1.2651214e-05 -3.8734492e-06              0  0.00013093696  3.8088103e-06  3.8645906e-06  -2.123053e-06 -8.0041927e-05  1.1258323e-05  9.9010037e-06  1.1127905e-05  1.1798736e-05
  -0.0083976529   -0.002134695              0  3.8088103e-06   0.0030403658   0.0030068234  4.7390694e-06  -0.0027114801   0.0057428301   0.0053735859   0.0060561385   0.0064925138
  -0.0083120963  -0.0021122787              0  3.8645906e-06   0.0030068234   0.0029738681  5.0067806e-06  -0.0026738364   0.0056822556    0.005317393   0.0059928081   0.0064247387
 -5.2048104e-05 -4.8049308e-06              0  -2.123053e-06  4.7390694e-06  5.0067806e-06  1.3679036e-05  0.00048792725  1.8230253e-05  1.7055669e-05  1.9222062e-05  1.9206132e-05
   0.0037640814   0.0018762445              0 -8.0041927e-05  -0.0027114801  -0.0026738364  0.00048792725    0.089241968  -0.0044538782  -0.0042041871  -0.0047975665  -0.0052870951
   -0.016084014  -0.0040498396              0  1.1258323e-05   0.0057428301   0.0056822556  1.8230253e-05  -0.0044538782    0.010920638    0.010215041    0.011513869    0.012335394
   -0.015071277  -0.0037917146              0  9.9010037e-06   0.0053735859    0.005317393  1.7055669e-05  -0.0042041871    0.010215041   0.0095748913     0.01077931     0.01155186
   -0.016970108  -0.0042737902              0  1.1127905e-05   0.0060561385   0.0059928081  1.9222062e-05  -0.0047975665    0.011513869     0.01077931    0.012157167    0.013016926
   -0.018146898  -0.0045825757              0  1.1798736e-05   0.0064925138   0.0064247387  1.9206132e-05  -0.0052870951    0.012335394     0.01155186    0.013016926    0.013964901


# ext. ||   Name    ||   type  ||     Value     ||  Error +/- 

   0   ||Natural mortality || limited ||    0.03789943731304 ||0.002639148955571
   1   ||Targeted q || limited ||     0.6717078901283 ||0.2241533702513
   2   ||Nontargeted q || limited ||                   2 ||22.06548931833
   3   ||     sigma || limited ||      2.737291881305 ||0.1320216419024
   4   ||  Biomass1 || limited ||      13.56845904892 ||4.509585480244
   5   ||  Biomass2 || limited ||      13.32235171663 ||4.419939389495
   6   ||   vm_mean || limited ||      0.882403519869 ||0.007885283860976
   7   ||  vm_sigma || limited ||      57.71573773866 ||7.519301061831
   8   ||Recruit year 1 || limited ||      4.438994160312 ||1.518821090601
   9   ||Recruit year 2 || limited ||      4.300395023261 ||1.400906201266
  10   ||Recruit year 3 || limited ||      5.064408905025 ||1.706124952864
  11   ||Recruit year 4 || limited ||      6.101841873099 ||1.996187158906





