# Minimum negative log likelihood

Minuit did successfully converge.
# of function calls: 1213
minimum function Value: 270.836075785
minimum edm: 2.519245405725e-05
minimum internal state vector: LAVector parameters:
    -0.8823252097795
     -1.038937436865
     -1.287002217587
     -1.381867421639
     -1.432287467516
     -1.436107736148
     0.9496199842008
   -0.06035239074334
     -1.079429970632
     -1.147715767841
     -1.100670152973
     -1.069861764977

minimum internal covariance matrix: LASymMatrix parameters:
  0.00011080331 -3.3428697e-05              0  1.1621876e-05  9.5291861e-06  8.9081574e-06  5.0579854e-07 -9.8427008e-06  2.6266113e-05  2.8804152e-05  3.3761023e-05  3.1336385e-05
 -3.3428697e-05  1.0463486e-05              0 -3.4677768e-06 -3.0135895e-06 -2.8050092e-06  1.9968241e-09  7.9678085e-07 -7.9492888e-06 -8.7337647e-06 -1.0233613e-05 -9.6029685e-06
              0              0              2              0              0              0              0              0              0              0              0              0
  1.1621876e-05 -3.4677768e-06              0  5.1037442e-05     1.1212e-06  1.0339974e-06  2.0648741e-07 -1.0993424e-06  3.0677281e-06  3.0082671e-06  3.1716932e-06  4.2801139e-06
  9.5291861e-06 -3.0135895e-06              0     1.1212e-06   1.168496e-06  1.0541309e-06 -1.0054277e-08 -1.2055825e-07  2.2711539e-06  2.4908389e-06  2.9091884e-06  2.7679638e-06
  8.9081574e-06 -2.8050092e-06              0  1.0339974e-06  1.0541309e-06  9.5596447e-07 -4.5888576e-09 -1.6818612e-07   2.122642e-06  2.3275919e-06  2.7192583e-06  2.5821856e-06
  5.0579854e-07  1.9968241e-09              0  2.0648741e-07 -1.0054277e-08 -4.5888576e-09  2.3932359e-07 -2.6622145e-06  1.1682486e-07  1.1181512e-07  1.2447586e-07  2.0735084e-07
 -9.8427008e-06  7.9678085e-07              0 -1.0993424e-06 -1.2055825e-07 -1.6818612e-07 -2.6622145e-06  8.8982222e-05  -2.199279e-06 -2.2789295e-06 -2.6737018e-06 -3.4494997e-06
  2.6266113e-05 -7.9492888e-06              0  3.0677281e-06  2.2711539e-06   2.122642e-06  1.1682486e-07  -2.199279e-06  6.5766029e-06  6.8365021e-06  7.9938809e-06  7.5052377e-06
  2.8804152e-05 -8.7337647e-06              0  3.0082671e-06  2.4908389e-06  2.3275919e-06  1.1181512e-07 -2.2789295e-06  6.8365021e-06  7.8259164e-06  8.7806523e-06  8.1657651e-06
  3.3761023e-05 -1.0233613e-05              0  3.1716932e-06  2.9091884e-06  2.7192583e-06  1.2447586e-07 -2.6737018e-06  7.9938809e-06  8.7806523e-06  1.0641036e-05  9.5189462e-06
  3.1336385e-05 -9.6029685e-06              0  4.2801139e-06  2.7679638e-06  2.5821856e-06  2.0735084e-07 -3.4494997e-06  7.5052377e-06  8.1657651e-06  9.5189462e-06  9.9083615e-06


# ext. ||   Name    ||   type  ||     Value     ||  Error +/- 

   0   ||Natural mortality || limited ||    0.03416725438533 ||0.0007093599108197
   1   ||Targeted q || limited ||      6.906707524168 ||0.05799860548193
   2   ||Nontargeted q || limited ||                   2 ||22.06548931833
   3   ||     sigma || limited ||     0.8897021216026 ||0.04743613630434
   4   ||  Biomass1 || limited ||      4.788513158327 ||0.05276629574849
   5   ||  Biomass2 || limited ||      4.528402080599 ||0.04641867834956
   6   ||   vm_mean || limited ||      2.554725544489 ||0.000632477021826
   7   ||  vm_sigma || limited ||      37.58789978271 ||0.2663155642722
   8   ||Recruit year 1 || limited ||      5.924958814907 ||0.04277584970036
   9   ||Recruit year 2 || limited ||      4.418135159783 ||0.04060387869706
  10   ||Recruit year 3 || limited ||      5.433900620439 ||0.05223963864217
  11   ||Recruit year 4 || limited ||      6.152679375137 ||0.05344110484482





