# Minimum negative log likelihood

Minuit did successfully converge.
# of function calls: 292
minimum function Value: 129.9248172154
minimum edm: 1.495408107503e-06
minimum internal state vector: LAVector parameters:
     -1.164573223397
     -1.287002217587
     -1.187676413969
     -1.476083469334
     -1.482262685552
     0.1144737961426
    -0.6081277325243
     -1.422046526181
    -0.9845239125375
     -1.114556144676
     -1.418200226209

minimum internal covariance matrix: LASymMatrix parameters:
  1.7937289e-05              0 -3.6722528e-06 -5.4154199e-06 -3.8211064e-06  2.1493716e-06 -0.00010252904 -1.7698696e-06 -7.6378528e-06 -4.4139267e-06 -4.7058717e-07
              0              2              0              0              0              0              0              0              0              0              0
 -3.6722528e-06              0  0.00079911791  3.7318525e-06  2.2585492e-06 -5.5142437e-07  2.0435333e-05    1.99018e-06 -6.9642933e-07  4.6095964e-06  6.5238722e-06
 -5.4154199e-06              0  3.7318525e-06  1.7800946e-05  1.0253239e-05 -6.8024617e-07  2.9918768e-05  2.1577044e-06  2.2662928e-06  1.3572564e-06  2.3957847e-07
 -3.8211064e-06              0  2.2585492e-06  1.0253239e-05  6.3253572e-06 -4.7280976e-07  2.1479885e-05  7.4345114e-07  1.5676059e-06  9.5775758e-07  1.9790342e-07
  2.1493716e-06              0 -5.5142437e-07 -6.8024617e-07 -4.7280976e-07   5.350077e-07 -2.1985304e-05 -2.1128691e-07 -7.7624099e-07 -4.7467358e-07 -3.6208111e-08
 -0.00010252904              0  2.0435333e-05  2.9918768e-05  2.1479885e-05 -2.1985304e-05   0.0015867219  1.2252625e-05  4.1783493e-05  1.8120839e-05 -2.8376551e-06
 -1.7698696e-06              0    1.99018e-06  2.1577044e-06  7.4345114e-07 -2.1128691e-07  1.2252625e-05  1.1522666e-05  6.7135092e-07  4.1773387e-07  9.9453642e-08
 -7.6378528e-06              0 -6.9642933e-07  2.2662928e-06  1.5676059e-06 -7.7624099e-07  4.1783493e-05  6.7135092e-07  1.1835573e-05  4.0424983e-07   -1.42613e-07
 -4.4139267e-06              0  4.6095964e-06  1.3572564e-06  9.5775758e-07 -4.7467358e-07  1.8120839e-05  4.1773387e-07  4.0424983e-07  1.0901032e-05 -2.9908021e-07
 -4.7058717e-07              0  6.5238722e-06  2.3957847e-07  1.9790342e-07 -3.6208111e-08 -2.8376551e-06  9.9453642e-08   -1.42613e-07 -2.9908021e-07  1.4289911e-05


# ext. ||   Name    ||   type  ||     Value     ||  Error +/- 

   0   ||Targeted q || limited ||       4.06901079395 ||0.05916796583523
   1   ||Nontargeted q || limited ||                   2 ||22.06548931833
   2   ||     sigma || limited ||      3.624856090809 ||0.3735849877062
   3   ||  Biomass1 || limited ||      2.240955378202 ||0.1410702181066
   4   ||  Biomass2 || limited ||      1.958271795051 ||0.07862092238245
   5   ||   vm_mean || limited ||      1.142239443642 ||0.00513822609447
   6   ||  vm_sigma || limited ||      17.14751140148 ||0.9245429963656
   7   ||Recruit year 1 || limited ||     0.5620881544077 ||0.01778448476009
   8   ||Recruit year 2 || limited ||      8.358725803728 ||0.06728757394287
   9   ||Recruit year 3 || limited ||      5.123722365182 ||0.05142399448244
  10   ||Recruit year 4 || limited ||     0.5909524028826 ||0.02031339353382





