# Minimum negative log likelihood

Minuit did successfully converge.
# of function calls: 2009
minimum function Value: 369.1041750973
minimum edm: 3.369593388304e-06
minimum internal state vector: LAVector parameters:
    -0.6133262114463
    -0.9905884464949
     -1.287002217587
     -1.331302978741
     -1.408430118131
     -1.419309149496
    -0.1258449793402
     -1.379713785449
     -1.186558169406
     -1.132215263865
      -1.17605947777
    0.03901448078653
    0.08140246972394
    0.04460394372588
    0.03563062243423

minimum internal covariance matrix: LASymMatrix parameters:
   0.0015809301 -9.3550693e-05              0 -9.8517339e-07  2.4454659e-05  2.2024558e-05 -0.00029240865  4.6060304e-05  0.00010393877  0.00011024408  9.6907159e-05  6.6347739e-06  6.7028524e-06  5.9898378e-06  5.2310532e-06
 -9.3550693e-05  7.1040088e-06              0 -5.2830108e-07 -1.9920503e-06 -1.7641344e-06  1.1657173e-05 -2.7705103e-06 -6.0698293e-06 -6.6449616e-06 -6.2465666e-06 -3.4954631e-07 -2.7197822e-07  -2.368638e-07 -2.6220213e-07
              0              0              2              0              0              0              0              0              0              0              0              0              0              0              0
 -9.8517339e-07 -5.2830108e-07              0  8.1301726e-05  5.2310887e-07  4.2449726e-07 -9.4221586e-07  1.9755067e-07 -5.5799029e-07  -2.156262e-07  8.7009987e-08 -2.1436961e-08 -1.6396309e-07 -9.0702108e-08  2.4164777e-08
  2.4454659e-05 -1.9920503e-06              0  5.2310887e-07  1.2268126e-06  1.0231733e-06 -3.0339666e-06  8.0485662e-07  1.5908053e-06  1.7638865e-06  1.6644925e-06  5.2586256e-08  7.4878248e-08  4.1150563e-08  8.2625322e-08
  2.2024558e-05 -1.7641344e-06              0  4.2449726e-07  1.0231733e-06  8.6288195e-07 -2.7948676e-06  7.1276707e-07  1.4241616e-06  1.5851328e-06  1.4949191e-06  5.4900757e-08  6.9771503e-08  3.9671785e-08  7.4016352e-08
 -0.00029240865  1.1657173e-05              0 -9.4221586e-07 -3.0339666e-06 -2.7948676e-06   0.0003325958 -8.4450944e-06 -1.8188611e-05 -1.9609844e-05 -1.7233499e-05 -2.8177846e-06 -3.5142306e-06  -3.088906e-06 -2.9801201e-06
  4.6060304e-05 -2.7705103e-06              0  1.9755067e-07  8.0485662e-07  7.1276707e-07 -8.4450944e-06  2.1867932e-06  3.0331105e-06  3.2598622e-06  2.8136354e-06  1.3696908e-07  1.7794512e-07  1.6947511e-07  1.6069042e-07
  0.00010393877 -6.0698293e-06              0 -5.5799029e-07  1.5908053e-06  1.4241616e-06 -1.8188611e-05  3.0331105e-06  7.7834144e-06  7.2191797e-06  6.2529397e-06  4.3595156e-07  4.3753301e-07  4.0571492e-07  3.2018908e-07
  0.00011024408 -6.6449616e-06              0  -2.156262e-07  1.7638865e-06  1.5851328e-06 -1.9609844e-05  3.2598622e-06  7.2191797e-06  8.6051355e-06  6.8292291e-06  4.2514292e-07  4.0990249e-07  4.0225724e-07  3.6057121e-07
  9.6907159e-05 -6.2465666e-06              0  8.7009987e-08  1.6644925e-06  1.4949191e-06 -1.7233499e-05  2.8136354e-06  6.2529397e-06  6.8292291e-06  7.2830591e-06  4.0048521e-07  3.6387601e-07   3.294504e-07  3.2648158e-07
  6.6347739e-06 -3.4954631e-07              0 -2.1436961e-08  5.2586256e-08  5.4900757e-08 -2.8177846e-06  1.3696908e-07  4.3595156e-07  4.2514292e-07  4.0048521e-07  3.4947676e-07  6.5592605e-08  4.6952314e-08  1.8237778e-08
  6.7028524e-06 -2.7197822e-07              0 -1.6396309e-07  7.4878248e-08  6.9771503e-08 -3.5142306e-06  1.7794512e-07  4.3753301e-07  4.0990249e-07  3.6387601e-07  6.5592605e-08  1.5873017e-07  4.4638483e-08  3.9717357e-08
  5.9898378e-06  -2.368638e-07              0 -9.0702108e-08  4.1150563e-08  3.9671785e-08  -3.088906e-06  1.6947511e-07  4.0571492e-07  4.0225724e-07   3.294504e-07  4.6952314e-08  4.4638483e-08  8.7530742e-08  3.0294965e-08
  5.2310532e-06 -2.6220213e-07              0  2.4164777e-08  8.2625322e-08  7.4016352e-08 -2.9801201e-06  1.6069042e-07  3.2018908e-07  3.6057121e-07  3.2648158e-07  1.8237778e-08  3.9717357e-08  3.0294965e-08   9.418991e-08


# ext. ||   Name    ||   type  ||     Value     ||  Error +/- 

   0   ||Natural mortality || limited ||    0.03061023478292 ||0.0005746961824653
   1   ||Targeted q || limited ||      8.182564576897 ||0.05165873759231
   2   ||Nontargeted q || limited ||                   2 ||22.06548931833
   3   ||     sigma || limited ||      1.427085866208 ||0.07561984680709
   4   ||  Biomass1 || limited ||      6.576230053501 ||0.0633038094045
   5   ||  Biomass2 || limited ||      5.726128205328 ||0.04956147345933
   6   ||  vm_sigma || limited ||      34.98003974424 ||0.5117264191344
   7   ||Recruit year 1 || limited ||     0.9199483864767 ||0.009928651671095
   8   ||Recruit year 2 || limited ||        3.6554213894 ||0.03697066875534
   9   ||Recruit year 3 || limited ||      4.741770100251 ||0.04403790184745
  10   ||Recruit year 4 || limited ||      3.854725736266 ||0.03668920563055
  11   ||Mean Rec dist 1 || limited ||     0.3900458402304 ||0.004176990878783
  12   ||Mean Rec dist 2 || limited ||      0.813125991318 ||0.002807852240421
  13   ||Mean Rec dist 3 || limited ||     0.4458915518502 ||0.002089936753324
  14   ||Mean Rec dist 4 || limited ||     0.3562308382192 ||0.002168759795399





