# Minimum negative log likelihood

Minuit did successfully converge.
# of function calls: 1175
minimum function Value: 624.5550089691
minimum edm: 1.059983227878e-05
minimum internal state vector: LAVector parameters:
    -0.1902699877122
     -1.033116572154
     -1.287002217587
     -1.125643306093
     -1.466561689812
     -1.473462357259
    -0.5779974022048
     -1.258415218223
    -0.9527327306927
     -1.188781591065
    -0.9809146179765
    0.07970310365494
    0.06307859384052
     0.1133251548339
    0.02610165967425

minimum internal covariance matrix: LASymMatrix parameters:
    0.014060901 -0.00095708683              0  0.00013495609  0.00020063594  0.00018119384  -0.0019581502  0.00096398164   0.0019542216   0.0011925423   0.0015886452  6.6405973e-05  0.00010079156  6.9379064e-05   9.560703e-05
 -0.00095708683  8.0376672e-05              0 -1.3153209e-05 -1.7146256e-05  -1.521068e-05  9.6262149e-05 -6.5659449e-05 -0.00013653958 -8.3009618e-05 -0.00011842029 -2.7114396e-06  -4.925338e-06 -2.9406897e-06 -5.6217878e-06
              0              0              2              0              0              0              0              0              0              0              0              0              0              0              0
  0.00013495609 -1.3153209e-05              0  0.00032000387  1.5996615e-06  1.2741863e-06 -3.6351176e-05  6.5353288e-06  2.1354148e-05  1.3734082e-05  2.1272947e-05   2.330258e-06  1.8109679e-07  1.2586616e-06  4.1873299e-06
  0.00020063594 -1.7146256e-05              0  1.5996615e-06  1.0714011e-05  8.9007131e-06 -1.9996198e-05  1.3689331e-05  2.8863753e-05  1.7760151e-05  2.5205601e-05  8.3799583e-09  1.1167032e-06  1.2240307e-06  1.2451617e-06
  0.00018119384  -1.521068e-05              0  1.2741863e-06  8.9007131e-06   7.497339e-06 -1.8031595e-05  1.2382866e-05  2.6121388e-05  1.5970748e-05  2.2640979e-05  4.5702786e-08  1.0469561e-06   1.016489e-06  1.1031128e-06
  -0.0019581502  9.6262149e-05              0 -3.6351176e-05 -1.9996198e-05 -1.8031595e-05  0.00088099478 -0.00013305194 -0.00026019486 -0.00016563939 -0.00019309579 -2.4466564e-05 -2.7395075e-05 -2.2428543e-05 -2.4951757e-05
  0.00096398164 -6.5659449e-05              0  6.5353288e-06  1.3689331e-05  1.2382866e-05 -0.00013305194  7.7441576e-05  0.00013412657  8.2403741e-05  0.00010683867  4.3873318e-06  7.0286821e-06  4.5199603e-06  6.3378552e-06
   0.0019542216 -0.00013653958              0  2.1354148e-05  2.8863753e-05  2.6121388e-05 -0.00026019486  0.00013412657  0.00028614945  0.00016806329  0.00022267578  8.0363029e-06    1.38706e-05  9.1446627e-06  1.2998911e-05
   0.0011925423 -8.3009618e-05              0  1.3734082e-05  1.7760151e-05  1.5970748e-05 -0.00016563939  8.2403741e-05  0.00016806329  0.00011545709  0.00013192645   5.360363e-06  8.8381942e-06  5.9768349e-06   8.100796e-06
   0.0015886452 -0.00011842029              0  2.1272947e-05  2.5205601e-05  2.2640979e-05 -0.00019309579  0.00010683867  0.00022267578  0.00013192645  0.00021260196  5.9114954e-06  1.0083694e-05  6.5606742e-06   1.133211e-05
  6.6405973e-05 -2.7114396e-06              0   2.330258e-06  8.3799583e-09  4.5702786e-08 -2.4466564e-05  4.3873318e-06  8.0363029e-06   5.360363e-06  5.9114954e-06  3.9677017e-06  1.0331232e-06  2.4408352e-07  9.2095191e-07
  0.00010079156  -4.925338e-06              0  1.8109679e-07  1.1167032e-06  1.0469561e-06 -2.7395075e-05  7.0286821e-06    1.38706e-05  8.8381942e-06  1.0083694e-05  1.0331232e-06  1.8820793e-06  7.4169377e-07  1.0706202e-06
  6.9379064e-05 -2.9406897e-06              0  1.2586616e-06  1.2240307e-06   1.016489e-06 -2.2428543e-05  4.5199603e-06  9.1446627e-06  5.9768349e-06  6.5606742e-06  2.4408352e-07  7.4169377e-07  4.2423329e-06  8.4954484e-07
   9.560703e-05 -5.6217878e-06              0  4.1873299e-06  1.2451617e-06  1.1031128e-06 -2.4951757e-05  6.3378552e-06  1.2998911e-05   8.100796e-06   1.133211e-05  9.2095191e-07  1.0706202e-06  8.4954484e-07  1.5999678e-06


# ext. ||   Name    ||   type  ||     Value     ||  Error +/- 

   0   ||Natural mortality || limited ||    0.04027189957083 ||0.002055953940455
   1   ||Targeted q || limited ||      7.055035340532 ||0.1623340537738
   2   ||Nontargeted q || limited ||                   2 ||22.06548931833
   3   ||     sigma || limited ||      4.872760706913 ||0.272327203551
   4   ||  Biomass1 || limited ||      2.713756502791 ||0.1204081880209
   5   ||  Biomass2 || limited ||      2.366606104897 ||0.09407771983375
   6   ||  vm_sigma || limited ||      18.14686354362 ||0.7030876503383
   7   ||Recruit year 1 || limited ||      2.429533366115 ||0.09560801222219
   8   ||Recruit year 2 || limited ||      9.258972568957 ||0.3465131295632
   9   ||Recruit year 3 || limited ||      3.613867349182 ||0.1416063724693
  10   ||Recruit year 4 || limited ||      8.458830737969 ||0.2867262602912
  11   ||Mean Rec dist 1 || limited ||     0.7961874366803 ||0.01404020523844
  12   ||Mean Rec dist 2 || limited ||     0.6303677149761 ||0.009681425637417
  13   ||Mean Rec dist 3 || limited ||      1.130827457807 ||0.01447079861214
  14   ||Mean Rec dist 4 || limited ||     0.2609869594638 ||0.008941134138794





