# Minimum negative log likelihood

Minuit did successfully converge.
# of function calls: 1023
minimum function Value: 552.1559451718
minimum edm: 3.755672147045e-05
minimum internal state vector: LAVector parameters:
     0.5998649674271
     -1.017700753443
     -1.287002217587
      -1.19764882189
      -1.55064942446
     -1.552195445222
   -0.07188762693708
    -0.9595635889973
     -1.168916668359
    -0.9547860443811
     -1.120075744262
    0.05094722238944
     0.0816013532734
    0.08548662772575
     0.1015198933395

minimum internal covariance matrix: LASymMatrix parameters:
   0.0081364543 -0.00051258295              0 -2.8149035e-05  1.9012967e-05  1.6601431e-05  -0.0015361907  0.00086053072   0.0005788472  0.00090466655   0.0006629968  2.6938129e-05  2.9261917e-05  2.6880094e-05  2.8327296e-05
 -0.00051258295  3.8422209e-05              0  2.2689877e-06 -1.3477129e-06 -1.1795047e-06  7.1587844e-05 -5.6130873e-05 -3.7723892e-05 -5.8881489e-05  -4.480046e-05  -1.286761e-06 -1.4109597e-06 -1.2622061e-06 -1.5926491e-06
              0              0              2              0              0              0              0              0              0              0              0              0              0              0              0
 -2.8149035e-05  2.2689877e-06              0  0.00017784582  1.4808398e-06  1.2524755e-06  2.7374332e-05 -2.1322543e-06 -1.9055352e-06 -2.5665887e-06 -1.8243325e-06 -2.8070967e-07 -8.2713963e-07  -5.428583e-08 -3.7431608e-07
  1.9012967e-05 -1.3477129e-06              0  1.4808398e-06  3.3903482e-06  2.6577553e-06 -3.1940627e-06  2.1281434e-06  1.4691547e-06  2.2621675e-06  1.7357901e-06  4.5908157e-08  3.9764814e-08  7.3657399e-08  3.3058495e-08
  1.6601431e-05 -1.1795047e-06              0  1.2524755e-06  2.6577553e-06  2.1267291e-06 -2.5988098e-06  1.8542182e-06  1.2765062e-06  1.9632148e-06  1.5069984e-06  3.9029309e-08  3.0910774e-08  6.3630333e-08  3.1073384e-08
  -0.0015361907  7.1587844e-05              0  2.7374332e-05 -3.1940627e-06 -2.5988098e-06   0.0013764288 -0.00015137184 -0.00010162603 -0.00015862889 -0.00011234069 -1.3237405e-05 -1.3249858e-05 -1.2605248e-05 -1.3146856e-05
  0.00086053072 -5.6130873e-05              0 -2.1322543e-06  2.1281434e-06  1.8542182e-06 -0.00015137184  9.8961959e-05  6.1535592e-05  9.6201808e-05  7.1129167e-05  2.6922856e-06  2.8277092e-06   2.689976e-06   2.932265e-06
   0.0005788472 -3.7723892e-05              0 -1.9055352e-06  1.4691547e-06  1.2765062e-06 -0.00010162603  6.1535592e-05  4.8149661e-05  6.4766293e-05  4.7803311e-05   1.793004e-06  1.8541541e-06  1.8138828e-06  1.9789255e-06
  0.00090466655 -5.8881489e-05              0 -2.5665887e-06  2.2621675e-06  1.9632148e-06 -0.00015862889  9.6201808e-05  6.4766293e-05  0.00010821555  7.4606964e-05  2.8107862e-06    2.98521e-06   2.827916e-06  3.0922042e-06
   0.0006629968  -4.480046e-05              0 -1.8243325e-06  1.7357901e-06  1.5069984e-06 -0.00011234069  7.1129167e-05  4.7803311e-05  7.4606964e-05   6.562483e-05  1.9826729e-06   2.073554e-06  2.0040521e-06  2.4014683e-06
  2.6938129e-05  -1.286761e-06              0 -2.8070967e-07  4.5908157e-08  3.9029309e-08 -1.3237405e-05  2.6922856e-06   1.793004e-06  2.8107862e-06  1.9826729e-06  2.9968221e-07  1.6267071e-07  1.5593715e-07  1.5803568e-07
  2.9261917e-05 -1.4109597e-06              0 -8.2713963e-07  3.9764814e-08  3.0910774e-08 -1.3249858e-05  2.8277092e-06  1.8541541e-06    2.98521e-06   2.073554e-06  1.6267071e-07  6.2384719e-07  1.4708621e-07  1.7976727e-07
  2.6880094e-05 -1.2622061e-06              0  -5.428583e-08  7.3657399e-08  6.3630333e-08 -1.2605248e-05   2.689976e-06  1.8138828e-06   2.827916e-06  2.0040521e-06  1.5593715e-07  1.4708621e-07  3.4785167e-07  1.4776322e-07
  2.8327296e-05 -1.5926491e-06              0 -3.7431608e-07  3.3058495e-08  3.1073384e-08 -1.3146856e-05   2.932265e-06  1.9789255e-06  3.0922042e-06  2.4014683e-06  1.5803568e-07  1.7976727e-07  1.4776322e-07  5.9301767e-07


# ext. ||   Name    ||   type  ||     Value     ||  Error +/- 

   0   ||Natural mortality || limited ||     0.0591132755264 ||0.001315281766392
   1   ||Targeted q || limited ||      7.454878835018 ||0.1151255809415
   2   ||Nontargeted q || limited ||                   2 ||22.06548931833
   3   ||     sigma || limited ||      3.440772852051 ||0.1718799788373
   4   ||  Biomass1 || limited ||     0.1014709861172 ||0.01311462682277
   5   ||  Biomass2 || limited ||    0.08649570487074 ||0.009590019748984
   6   ||  vm_sigma || limited ||      37.12750688284 ||1.046510226185
   7   ||Recruit year 1 || limited ||      9.062034712632 ||0.2018186444105
   8   ||Recruit year 2 || limited ||      3.993231944245 ||0.09595080021024
   9   ||Recruit year 3 || limited ||      9.199573994538 ||0.2124797569309
  10   ||Recruit year 4 || limited ||      5.002828665215 ||0.124751389064
  11   ||Mean Rec dist 1 || limited ||     0.5092518531591 ||0.003865908728335
  12   ||Mean Rec dist 2 || limited ||     0.8151082249838 ||0.005566427387413
  13   ||Mean Rec dist 3 || limited ||     0.8538254357238 ||0.004155212086563
  14   ||Mean Rec dist 4 || limited ||      1.013456009568 ||0.005417226092869





