# Minimum negative log likelihood

Minuit did successfully converge.
# of function calls: 702
minimum function Value: 398.4397853748
minimum edm: 3.17501136571e-05
minimum internal state vector: LAVector parameters:
     0.3190349051279
     -1.141337546269
     -1.287002217587
     -1.313727343177
     -1.497851868958
     -1.499275375398
     0.6006497328243
    -0.9255032461454
     -1.089269372895
       -1.4144027735
      -1.24144973249
     -1.186631718692

minimum internal covariance matrix: LASymMatrix parameters:
    0.020508534   -0.001864138              0 -8.5555095e-05  0.00031238042  0.00029274919 -1.2946108e-05  0.00015138651    0.002240288  0.00082043316   0.0013957222   0.0017803283
   -0.001864138   0.0001760371              0  6.3057033e-06 -2.9614014e-05 -2.7694763e-05  4.6297079e-06 -2.3835996e-05 -0.00020634897 -7.4888184e-05 -0.00012846736 -0.00016504496
              0              0              2              0              0              0              0              0              0              0              0              0
 -8.5555095e-05  6.3057033e-06              0  9.5384663e-05 -3.3004371e-07 -3.9172011e-07  2.2554322e-07 -2.3792407e-06 -9.3136621e-06 -3.5538287e-06 -6.0173362e-06 -6.7251279e-06
  0.00031238042 -2.9614014e-05              0 -3.3004371e-07  6.2772101e-06  5.7440036e-06  -8.506224e-07  4.0696086e-06  3.4649257e-05  1.2601615e-05  2.1537307e-05  2.7634791e-05
  0.00029274919 -2.7694763e-05              0 -3.9172011e-07  5.7440036e-06  5.2765047e-06 -7.6273497e-07  3.7824259e-06  3.2440479e-05   1.180177e-05  2.0170683e-05  2.5877365e-05
 -1.2946108e-05  4.6297079e-06              0  2.2554322e-07  -8.506224e-07 -7.6273497e-07  4.1951814e-06 -1.0148181e-05  -2.910056e-06  -8.911565e-07 -1.8134142e-06 -2.0644553e-06
  0.00015138651 -2.3835996e-05              0 -2.3792407e-06  4.0696086e-06  3.7824259e-06 -1.0148181e-05  5.9890565e-05  2.0800129e-05  7.4053065e-06  1.3201818e-05  1.5830029e-05
    0.002240288 -0.00020634897              0 -9.3136621e-06  3.4649257e-05  3.2440479e-05  -2.910056e-06  2.0800129e-05  0.00024747509  8.9715468e-05  0.00015313078  0.00019572529
  0.00082043316 -7.4888184e-05              0 -3.5538287e-06  1.2601615e-05   1.180177e-05  -8.911565e-07  7.4053065e-06  8.9715468e-05  3.4722947e-05  5.5934138e-05  7.1254075e-05
   0.0013957222 -0.00012846736              0 -6.0173362e-06  2.1537307e-05  2.0170683e-05 -1.8134142e-06  1.3201818e-05  0.00015313078  5.5934138e-05  9.6908377e-05  0.00012184707
   0.0017803283 -0.00016504496              0 -6.7251279e-06  2.7634791e-05  2.5877365e-05 -2.0644553e-06  1.5830029e-05  0.00019572529  7.1254075e-05  0.00012184707  0.00015938345


# ext. ||   Name    ||   type  ||     Value     ||  Error +/- 

   0   ||Natural mortality || limited ||    0.05284125780073 ||0.002399730336574
   1   ||Targeted q || limited ||      4.540438243307 ||0.1953166837477
   2   ||Nontargeted q || limited ||                   2 ||22.06548931833
   3   ||     sigma || limited ||      1.643033334566 ||0.0877903084987
   4   ||  Biomass1 || limited ||      1.329633755371 ||0.06455727700286
   5   ||  Biomass2 || limited ||      1.278266595385 ||0.05803512784985
   6   ||   vm_mean || limited ||      1.775560943427 ||0.003753595778427
   7   ||  vm_sigma || limited ||      8.043958141895 ||0.1316447604114
   8   ||Recruit year 1 || limited ||      5.694992769503 ||0.2575574580269
   9   ||Recruit year 2 || limited ||     0.6201672475024 ||0.03244633222068
  10   ||Recruit year 3 || limited ||      2.697037613247 ||0.1125542917147
  11   ||Recruit year 4 || limited ||      3.654043144261 ||0.167266647637





