# Minimum negative log likelihood

Minuit did successfully converge.
# of function calls: 845
minimum function Value: 602.5484060391
minimum edm: 6.080879866829e-06
minimum internal state vector: LAVector parameters:
    -0.2391372993249
    -0.9758515771387
     -1.287002217587
     -1.148900607572
      -1.54305095596
     -1.544539201497
    -0.2374783942831
    -0.7521310157204
     -1.156833744328
     -1.015929714137
     -1.123008650889
    -0.9921946548238

minimum internal covariance matrix: LASymMatrix parameters:
    0.054701066  -0.0037607953              0  9.0416105e-05  0.00017592425  0.00015923404  5.4121842e-05 -0.00045354889   0.0026597529   0.0038674845   0.0027890169   0.0038423683
  -0.0037607953  0.00027076419              0    -4.0119e-06 -1.2905054e-05 -1.1601816e-05  1.6039465e-06 -1.4555287e-06  -0.0001837016 -0.00026687344 -0.00019277548 -0.00026536926
              0              0              2              0              0              0              0              0              0              0              0              0
  9.0416105e-05    -4.0119e-06              0  0.00022787375  2.7504891e-09  2.1938651e-07  1.7540584e-06  -1.185953e-05  4.3676394e-06   7.704803e-06  3.2806686e-06  5.4287328e-06
  0.00017592425 -1.2905054e-05              0  2.7504891e-09  7.9639647e-06  6.1796604e-06 -8.0577271e-08  -1.381129e-06  8.7371463e-06  1.2481176e-05  8.7976494e-06  1.3013936e-05
  0.00015923404 -1.1601816e-05              0  2.1938651e-07  6.1796604e-06  4.9218979e-06 -4.8501669e-08 -1.0412188e-06  7.7856248e-06  1.1326695e-05  7.9856166e-06  1.1661208e-05
  5.4121842e-05  1.6039465e-06              0  1.7540584e-06 -8.0577271e-08 -4.8501669e-08  4.5609341e-06 -2.3555896e-05  2.4245373e-06  3.4040872e-06  2.3468063e-06  3.4909176e-06
 -0.00045354889 -1.4555287e-06              0  -1.185953e-05  -1.381129e-06 -1.0412188e-06 -2.3555896e-05   0.0002616675 -2.1000701e-05 -3.0342533e-05 -2.0713846e-05 -2.9703814e-05
   0.0026597529  -0.0001837016              0  4.3676394e-06  8.7371463e-06  7.7856248e-06  2.4245373e-06 -2.1000701e-05  0.00013872102  0.00018750574  0.00013566684  0.00018723439
   0.0038674845 -0.00026687344              0   7.704803e-06  1.2481176e-05  1.1326695e-05  3.4040872e-06 -3.0342533e-05  0.00018750574  0.00028334971  0.00019765182  0.00027123257
   0.0027890169 -0.00019277548              0  3.2806686e-06  8.7976494e-06  7.9856166e-06  2.3468063e-06 -2.0713846e-05  0.00013566684  0.00019765182  0.00015126517  0.00019610155
   0.0038423683 -0.00026536926              0  5.4287328e-06  1.3013936e-05  1.1661208e-05  3.4909176e-06 -2.9703814e-05  0.00018723439  0.00027123257  0.00019610155   0.0002791245


# ext. ||   Name    ||   type  ||     Value     ||  Error +/- 

   0   ||Natural mortality || limited ||    0.03907838589627 ||0.003998556946801
   1   ||Targeted q || limited ||      8.591026706151 ||0.326052675162
   2   ||Nontargeted q || limited ||                   2 ||22.06548931833
   3   ||     sigma || limited ||      4.384284963039 ||0.2185435189689
   4   ||  Biomass1 || limited ||      0.192439055158 ||0.02767924207131
   5   ||  Biomass2 || limited ||     0.1723492548972 ||0.02059294226572
   6   ||   vm_mean || limited ||    -0.7390676574255 ||0.004611035930006
   7   ||  vm_sigma || limited ||      12.67298353473 ||0.3340930236011
   8   ||Recruit year 1 || limited ||      4.232872456408 ||0.1674801446268
   9   ||Recruit year 2 || limited ||      7.510713839835 ||0.3134968247917
  10   ||Recruit year 3 || limited ||      4.939147899129 ||0.18825034295
  11   ||Recruit year 4 || limited ||       8.14777868473 ||0.3229770393574





