# Minimum negative log likelihood

WARNING: Minuit did not converge.

# of function calls: 2124
minimum function Value: 495.3143888174
minimum edm: 0.001913384929035
minimum internal state vector: LAVector parameters:
    -0.6842913339413
     -1.389100585569
     -1.287002217587
     -1.245777375494
      -1.42922893737
     -1.408449618012
    -0.9690034355599
    -0.5594840135078
    -0.9112100750971
     -1.021551723948
    -0.7460148688299
     -1.124264483901

minimum internal covariance matrix: LASymMatrix parameters:
  0.00052749519 -0.00057166605              0  8.1247287e-06  0.00045104526  0.00053224888  1.6622216e-05 -0.00012106257   0.0019056811   0.0017535496   0.0027256034   0.0013930267
 -0.00057166605  0.00065214958              0 -4.9564068e-06 -0.00051593076 -0.00060265022 -7.4046487e-06  5.4531353e-06  -0.0021894187  -0.0019812258  -0.0030822796  -0.0015719132
              0              0              2              0              0              0              0              0              0              0              0              0
  8.1247287e-06 -4.9564068e-06              0  0.00013552976   4.242083e-06  5.8044454e-06  -3.780681e-07 -5.8527819e-06  1.5496414e-05  1.7277865e-05  2.8907999e-05  1.6496252e-05
  0.00045104526 -0.00051593076              0   4.242083e-06  0.00041895006  0.00048340615  8.2417046e-06 -2.1027434e-05   0.0017486092   0.0015664765   0.0024409781    0.001242758
  0.00053224888 -0.00060265022              0  5.8044454e-06  0.00048340615  0.00056660993  7.4728048e-06 -3.2357825e-05   0.0019859983   0.0018347205   0.0028546485   0.0014558837
  1.6622216e-05 -7.4046487e-06              0  -3.780681e-07  8.2417046e-06  7.4728048e-06    1.81066e-05 -0.00011000741  4.3376671e-05  2.8947797e-05  4.5908343e-05  2.2686331e-05
 -0.00012106257  5.4531353e-06              0 -5.8527819e-06 -2.1027434e-05 -3.2357825e-05 -0.00011000741   0.0018955547 -0.00023907442 -9.6931796e-05 -0.00016286377 -7.0811565e-05
   0.0019056811  -0.0021894187              0  1.5496414e-05   0.0017486092   0.0019859983  4.3376671e-05 -0.00023907442   0.0078908145   0.0066308967    0.010344235   0.0052595149
   0.0017535496  -0.0019812258              0  1.7277865e-05   0.0015664765   0.0018347205  2.8947797e-05 -9.6931796e-05   0.0066308967   0.0060382657   0.0093801836   0.0047874552
   0.0027256034  -0.0030822796              0  2.8907999e-05   0.0024409781   0.0028546485  4.5908343e-05 -0.00016286377    0.010344235   0.0093801836    0.014600084    0.007443862
   0.0013930267  -0.0015719132              0  1.6496252e-05    0.001242758   0.0014558837  2.2686331e-05 -7.0811565e-05   0.0052595149   0.0047874552    0.007443862   0.0038047546


# ext. ||   Name    ||   type  ||     Value     ||  Error +/- 

   0   ||Natural mortality || limited ||    0.05518139276972 ||0.001887529300778
   1   ||Targeted q || limited ||     0.8230654717263 ||0.1631389037657
   2   ||Nontargeted q || limited ||                   2 ||22.06548931833
   3   ||     sigma || limited ||      2.617766253605 ||0.1314324907506
   4   ||  Biomass1 || limited ||      5.001969218149 ||1.021016093442
   5   ||  Biomass2 || limited ||       6.57465403293 ||1.360224704018
   6   ||   vm_mean || limited ||     -2.589683771026 ||0.005351335371994
   7   ||  vm_sigma || limited ||      18.77080717306 ||1.043503066079
   8   ||Recruit year 1 || limited ||      10.49665923279 ||1.923085103149
   9   ||Recruit year 2 || limited ||      7.363308834031 ||1.433360649111
  10   ||Recruit year 3 || limited ||      16.07251963812 ||3.133235798394
  11   ||Recruit year 4 || limited ||      4.911999110964 ||0.9413694387995



WARNING: FunctionMinimum is invalid: 
	 Reached call limit


