# Minimum negative log likelihood

Minuit did successfully converge.
# of function calls: 781
minimum function Value: 444.1424803135
minimum edm: 3.528330243769e-05
minimum internal state vector: LAVector parameters:
    -0.7622512359291
     -1.125352082627
     -1.287002217587
     -1.283659765718
     -1.459169610497
     -1.463670932694
     0.3231495065387
     0.1254557526864
    -0.9917805460362
     -1.104236387594
     -1.022180632895
       -1.1005583764

minimum internal covariance matrix: LASymMatrix parameters:
  0.00089093897 -0.00035508407              0  8.1605493e-06  8.6056753e-05  8.4298261e-05  9.3073337e-06 -0.00023079056  0.00053812116  0.00038792504  0.00049572521  0.00038348537
 -0.00035508407  0.00014341574              0 -3.3754821e-06 -3.4780993e-05 -3.4056928e-05 -3.1855437e-06  7.5018298e-05 -0.00021534198 -0.00015516044 -0.00019829209 -0.00015374095
              0              0              2              0              0              0              0              0              0              0              0              0
  8.1605493e-06 -3.3754821e-06              0  0.00010271298  1.4470452e-06  1.2897012e-06  7.2185577e-09  2.5639186e-06  5.1936025e-06  3.8237374e-06  5.0842898e-06  3.8466553e-06
  8.6056753e-05 -3.4780993e-05              0  1.4470452e-06  1.0398858e-05   9.924523e-06  7.7520263e-07 -2.0047446e-05  5.2272975e-05  3.7602228e-05   4.806781e-05  3.7219943e-05
  8.4298261e-05 -3.4056928e-05              0  1.2897012e-06   9.924523e-06  9.5124261e-06  7.6323372e-07 -1.9304164e-05   5.118739e-05  3.6837468e-05   4.707012e-05  3.6451661e-05
  9.3073337e-06 -3.1855437e-06              0  7.2185577e-09  7.7520263e-07  7.6323372e-07  7.6835591e-07 -2.1007418e-05  5.3973206e-06  3.9108596e-06  4.9623174e-06  3.9146307e-06
 -0.00023079056  7.5018298e-05              0  2.5639186e-06 -2.0047446e-05 -1.9304164e-05 -2.1007418e-05    0.001234911 -0.00013230571 -9.7202701e-05 -0.00012220721 -9.4475046e-05
  0.00053812116 -0.00021534198              0  5.1936025e-06  5.2272975e-05   5.118739e-05  5.3973206e-06 -0.00013230571  0.00032799833  0.00023448406  0.00029984362  0.00023193516
  0.00038792504 -0.00015516044              0  3.8237374e-06  3.7602228e-05  3.6837468e-05  3.9108596e-06 -9.7202701e-05  0.00023448406  0.00017145025  0.00021606366  0.00016730421
  0.00049572521 -0.00019829209              0  5.0842898e-06   4.806781e-05   4.707012e-05  4.9623174e-06 -0.00012220721  0.00029984362  0.00021606366  0.00027850221  0.00021371636
  0.00038348537 -0.00015374095              0  3.8466553e-06  3.7219943e-05  3.6451661e-05  3.9146307e-06 -9.4475046e-05  0.00023193516  0.00016730421  0.00021371636  0.00016879008


# ext. ||   Name    ||   type  ||     Value     ||  Error +/- 

   0   ||Natural mortality || limited ||    0.04641727877185 ||0.002289688493961
   1   ||Targeted q || limited ||      4.879032603337 ||0.1824245220927
   2   ||Nontargeted q || limited ||                   2 ||22.06548931833
   3   ||     sigma || limited ||      2.047062366405 ||0.1014771418555
   4   ||  Biomass1 || limited ||       3.11189761083 ||0.1270028022916
   5   ||  Biomass2 || limited ||      2.866219915972 ||0.1165901268565
   6   ||   vm_mean || limited ||     0.9976272571474 ||0.001846436299927
   7   ||  vm_sigma || limited ||      45.00551412349 ||0.9860205922353
   8   ||Recruit year 1 || limited ||      8.159103988304 ||0.3503337142165
   9   ||Recruit year 2 || limited ||      5.353417301489 ||0.2082139720357
  10   ||Recruit year 3 || limited ||       7.34690303132 ||0.3076632376917
  11   ||Recruit year 4 || limited ||      5.436432378219 ||0.2080997082144





