# Minimum negative log likelihood

Minuit did successfully converge.
# of function calls: 637
minimum function Value: 657.3692032301
minimum edm: 4.721841408699e-05
minimum internal state vector: LAVector parameters:
    -0.7212686248561
     -1.221617128286
     -1.287002217587
     -1.088380565383
     -1.522743233073
      -1.52425542462
    -0.2390607454626
    0.08386804635656
     -1.085382532066
      -1.00172193854
     -1.170204555032
     -1.049437997005

minimum internal covariance matrix: LASymMatrix parameters:
   0.0030580948  -0.0016444076              0 -9.7457109e-06  0.00029038396  0.00027043267  1.1588959e-05 -0.00044981878   0.0024466497   0.0029175488   0.0017755642    0.002389442
  -0.0016444076  0.00091255821              0  6.2583844e-06 -0.00015843599  -0.0001478753  6.2169486e-07 -1.6485506e-05  -0.0013360713  -0.0015923631 -0.00096702792  -0.0013093429
              0              0              2              0              0              0              0              0              0              0              0              0
 -9.7457109e-06  6.2583844e-06              0  0.00029372743 -8.8813801e-07 -1.0472024e-06  6.5244661e-07 -3.7756337e-05 -7.0440248e-06 -1.4246932e-05 -9.6996521e-06 -7.4339377e-06
  0.00029038396 -0.00015843599              0 -8.8813801e-07  2.8530386e-05  2.6386005e-05  6.1570555e-07 -2.7757221e-05  0.00023454953  0.00028001459  0.00016998125  0.00022964618
  0.00027043267  -0.0001478753              0 -1.0472024e-06  2.6386005e-05  2.4682384e-05  4.9026793e-07 -1.8084616e-05  0.00021816099  0.00026099693  0.00015842933  0.00021413044
  1.1588959e-05  6.2169486e-07              0  6.5244661e-07  6.1570555e-07  4.9026793e-07  7.1785932e-06 -0.00018522809  4.7923736e-06   4.708739e-06  3.0905135e-06  3.4990005e-06
 -0.00044981878 -1.6485506e-05              0 -3.7756337e-05 -2.7757221e-05 -1.8084616e-05 -0.00018522809    0.015517416 -0.00020111177 -0.00017464709 -0.00012011281 -0.00014644317
   0.0024466497  -0.0013360713              0 -7.0440248e-06  0.00023454953  0.00021816099  4.7923736e-06 -0.00020111177   0.0019960807   0.0023503549   0.0014293245   0.0019292067
   0.0029175488  -0.0015923631              0 -1.4246932e-05  0.00028001459  0.00026099693   4.708739e-06 -0.00017464709   0.0023503549   0.0028265584   0.0017046914   0.0023007563
   0.0017755642 -0.00096702792              0 -9.6996521e-06  0.00016998125  0.00015842933  3.0905135e-06 -0.00012011281   0.0014293245   0.0017046914   0.0010580365   0.0013990387
    0.002389442  -0.0013093429              0 -7.4339377e-06  0.00022964618  0.00021413044  3.4990005e-06 -0.00014644317   0.0019292067   0.0023007563   0.0013990387   0.0019105575


# ext. ||   Name    ||   type  ||     Value     ||  Error +/- 

   0   ||Natural mortality || limited ||    0.05094931491888 ||0.004403650430188
   1   ||Targeted q || limited ||      3.017307629362 ||0.3653752934397
   2   ||Nontargeted q || limited ||                   2 ||22.06548931833
   3   ||     sigma || limited ||      5.706160632799 ||0.2810996342192
   4   ||  Biomass1 || limited ||     0.5771638804792 ||0.0907114271049
   5   ||  Biomass2 || limited ||     0.5414161551129 ||0.08171949349178
   6   ||   vm_mean || limited ||    -0.7438983154103 ||0.005782614948827
   7   ||  vm_sigma || limited ||      43.35124858434 ||3.506374895915
   8   ||Recruit year 1 || limited ||      5.785324469164 ||0.7367994337562
   9   ||Recruit year 2 || limited ||      7.889206790459 ||1.012530679567
  10   ||Recruit year 3 || limited ||      3.968084853798 ||0.4483811900275
  11   ||Recruit year 4 || limited ||      6.652163107111 ||0.7694896871108





