# Minimum negative log likelihood

Minuit did successfully converge.
# of function calls: 1206
minimum function Value: 454.2239330763
minimum edm: 3.552561885355e-05
minimum internal state vector: LAVector parameters:
     -1.276041097246
     -1.287002217587
     -1.276567770012
     -1.493597715462
     -1.428540910722
     -1.117336773339
      1.570213766579
     -2.160488489107
     -1.143678990173
    -0.9777529628275
     -1.031326172622

minimum internal covariance matrix: LASymMatrix parameters:
  3.7487586e-06              0 -9.6717813e-06  -1.335367e-07 -1.3255491e-06  2.7998254e-07  3.5779053e-05  1.8572069e-05 -2.3530483e-06 -4.3973686e-06 -3.7192022e-06
              0      7.7055513              0              0              0              0              0              0              0              0              0
 -9.6717813e-06              0  0.00019156014 -3.1340005e-06  7.5071819e-09  3.5812748e-06  -0.0003610701  -7.126126e-05  6.3635637e-06  1.5965475e-05  1.4102838e-05
  -1.335367e-07              0 -3.1340005e-06   1.000787e-05  3.9471751e-06  4.4759547e-07 -1.1828726e-06  1.0144773e-05  1.0183485e-07 -8.6715487e-08 -1.1533598e-07
 -1.3255491e-06              0  7.5071819e-09  3.9471751e-06  3.3323168e-06 -1.7433497e-06   7.979857e-06 -2.2707249e-06   7.716887e-07  1.3257533e-06  1.1362454e-06
  2.7998254e-07              0  3.5812748e-06  4.4759547e-07 -1.7433497e-06   2.751818e-06 -3.8822968e-05 -7.1933568e-07 -9.0385362e-08 -3.2105759e-08 -6.0376454e-08
  3.5779053e-05              0  -0.0003610701 -1.1828726e-06   7.979857e-06 -3.8822968e-05    0.025985639  0.00027375465 -1.4253604e-05  -6.146462e-05 -5.0972125e-05
  1.8572069e-05              0  -7.126126e-05  1.0144773e-05 -2.2707249e-06 -7.1933568e-07  0.00027375465  0.00017318791 -1.2775771e-05 -2.3317308e-05 -1.9986008e-05
 -2.3530483e-06              0  6.3635637e-06  1.0183485e-07   7.716887e-07 -9.0385362e-08 -1.4253604e-05 -1.2775771e-05  4.5319598e-06  2.6922246e-06  2.3677356e-06
 -4.3973686e-06              0  1.5965475e-05 -8.6715487e-08  1.3257533e-06 -3.2105759e-08  -6.146462e-05 -2.3317308e-05  2.6922246e-06  8.5341963e-06   4.619502e-06
 -3.7192022e-06              0  1.4102838e-05 -1.1533598e-07  1.1362454e-06 -6.0376454e-08 -5.0972125e-05 -1.9986008e-05  2.3677356e-06   4.619502e-06  7.1096538e-06


# ext. ||   Name    ||   type  ||     Value     ||  Error +/- 

   0   ||Targeted q || limited ||      2.156336090881 ||0.01988626325453
   1   ||Nontargeted q || limited ||                   2 ||76.70117708196
   2   ||     sigma || limited ||      2.148692656214 ||0.1419061128077
   3   ||  Biomass1 || limited ||      1.489166604565 ||0.0862588165238
   4   ||  Biomass2 || limited ||      5.050624934427 ||0.09150210275974
   5   ||   vm_mean || limited ||     -2.824093656391 ||0.001614344212522
   6   ||  vm_sigma || limited ||      79.99999321256 ||0.2595718716966
   7   ||Recruit year 1 || limited ||      8.453560128718 ||0.2587146691883
   8   ||Recruit year 2 || limited ||       4.50136733983 ||0.0311756652527
   9   ||Recruit year 3 || limited ||      8.546964992425 ||0.05771873682474
  10   ||Recruit year 4 || limited ||      7.110241216571 ||0.04842051917005





