# Minimum negative log likelihood

WARNING: Minuit did not converge.

# of function calls: 2139
minimum function Value: 629.1386912311
minimum edm: 0.5524259538965
minimum internal state vector: LAVector parameters:
     -2.038967883256
     -1.308521304276
     -1.287002217587
     -1.105467145661
     -1.309282807901
     -1.312441884505
     0.1399834216127
     0.7982653651455
    -0.9555805837635
     -1.167674717849
    -0.9718082757882
     -1.133788619438

minimum internal covariance matrix: LASymMatrix parameters:
   0.0020166734  0.00078279301              0 -8.5224886e-05 -0.00072745541 -0.00071596244 -1.1437218e-05    0.020977575  -0.0018676979  -0.0011555865  -0.0016537877  -0.0012748206
  0.00078279301  0.00031554976              0 -4.3006645e-05 -0.00029242134 -0.00028764452 -3.1706195e-06    0.009367397 -0.00073944244  -0.0004469271  -0.0006522137 -0.00050228862
              0              0              2              0              0              0              0              0              0              0              0              0
 -8.5224886e-05 -4.3006645e-05              0  0.00037704949   4.799616e-05  4.6512497e-05  1.0984772e-05   -0.011347646  0.00011387983  6.4601185e-05  9.4373406e-05  8.5097015e-05
 -0.00072745541 -0.00029242134              0   4.799616e-05  0.00028257593  0.00027690033   1.771509e-06  -0.0087785701  0.00069019209  0.00041543451  0.00060554005  0.00046638972
 -0.00071596244 -0.00028764452              0  4.6512497e-05  0.00027690033  0.00027147732  2.0595587e-06  -0.0086072042  0.00067826601   0.0004089835  0.00059579534  0.00045891426
 -1.1437218e-05 -3.1706195e-06              0  1.0984772e-05   1.771509e-06  2.0595587e-06  1.1391062e-05  3.4305604e-05  6.2878251e-06  6.5443588e-06  8.6431623e-06  6.4418612e-06
    0.020977575    0.009367397              0   -0.011347646  -0.0087785701  -0.0086072042  3.4305604e-05     0.61638158   -0.021338137   -0.012484748   -0.018524025   -0.014801227
  -0.0018676979 -0.00073944244              0  0.00011387983  0.00069019209  0.00067826601  6.2878251e-06   -0.021338137   0.0017641615   0.0010628115   0.0015451011    0.001191605
  -0.0011555865  -0.0004469271              0  6.4601185e-05  0.00041543451   0.0004089835  6.5443588e-06   -0.012484748   0.0010628115  0.00067968799  0.00094434769  0.00073010068
  -0.0016537877  -0.0006522137              0  9.4373406e-05  0.00060554005  0.00059579534  8.6431623e-06   -0.018524025   0.0015451011  0.00094434769   0.0013737947   0.0010502276
  -0.0012748206 -0.00050228862              0  8.5097015e-05  0.00046638972  0.00045891426  6.4418612e-06   -0.014801227    0.001191605  0.00073010068   0.0010502276  0.00083107728


# ext. ||   Name    ||   type  ||     Value     ||  Error +/- 

   0   ||Natural mortality || limited ||    0.01614076884168 ||0.002149034664937
   1   ||Targeted q || limited ||      1.709869314511 ||0.1628335619123
   2   ||Nontargeted q || limited ||                   2 ||22.06548931833
   3   ||     sigma || limited ||       5.31630475721 ||0.3080442250776
   4   ||  Biomass1 || limited ||      17.00011243158 ||1.536543944462
   5   ||  Biomass2 || limited ||      16.59414479816 ||1.488283918058
   6   ||   vm_mean || limited ||     0.4383360508011 ||0.007424163430705
   7   ||  vm_sigma || limited ||      68.64600114745 ||14.71456266431
   8   ||Recruit year 1 || limited ||      9.176635589125 ||0.856828896433
   9   ||Recruit year 2 || limited ||      4.017554375136 ||0.3615353914122
  10   ||Recruit year 3 || limited ||      8.713800452605 ||0.7386747135537
  11   ||Recruit year 4 || limited ||      4.708422792778 ||0.4312994792306



WARNING: FunctionMinimum is invalid: 
	 Reached call limit


