# Minimum negative log likelihood

WARNING: Minuit did not converge.

# of function calls: 96
minimum function Value: 682.4391217346
minimum edm: 7730.107773312
minimum internal state vector: LAVector parameters:
   -0.01435503601132
     -1.170087319138
     -1.287002217587
     -1.927896530316
     -1.372510407164
     -1.374438438454
     0.6823569386685
     -1.095769383233
     -1.036039895482
     -1.339551722572
     -1.010917218112
     -1.048104032564

minimum internal covariance matrix: LASymMatrix parameters:
      1.0028783  -2.038779e-06              0 -0.00042273599 -1.8187329e-08  2.0274913e-08 -9.0522701e-07  1.4747571e-06 -2.8522299e-07 -4.9533901e-07 -1.7802697e-07  5.3797633e-07
  -2.038779e-06      1.0014556              0 -5.8346907e-05 -2.5083047e-09  2.7962092e-09 -1.2484401e-07  2.0339063e-07 -3.9336263e-08 -6.8314313e-08 -2.4552134e-08  7.4195184e-08
              0              0      3.0014306              0              0              0              0              0              0              0              0              0
 -0.00042273599 -5.8346907e-05              0       1.000002 -5.0254501e-07  5.6012907e-07 -2.5005547e-05  4.0740433e-05 -7.8755381e-06 -1.3679341e-05 -4.9091785e-06  1.4869685e-05
 -1.8187329e-08 -2.5083047e-09              0 -5.0254501e-07       1.001431  2.5538532e-11 -1.1403208e-09  1.8576889e-09 -3.5939557e-10  -6.240902e-10 -2.2451457e-10  6.7742977e-10
  2.0274913e-08  2.7962092e-09              0  5.6012907e-07  2.5538532e-11      1.0014309  1.2713565e-09 -2.0711579e-09  4.0069472e-10  6.9580582e-10  2.5031521e-10 -7.5527268e-10
 -9.0522701e-07 -1.2484401e-07              0 -2.5005547e-05 -1.1403208e-09  1.2713565e-09      1.0015027  9.2479298e-08 -1.7891443e-08 -3.1068455e-08 -1.1176869e-08  3.3723652e-08
  1.4747571e-06  2.0339063e-07              0  4.0740433e-05  1.8576889e-09 -2.0711579e-09  9.2479298e-08      1.0017575  2.9146806e-08   5.061338e-08  1.8208122e-08 -5.4938991e-08
 -2.8522299e-07 -3.9336263e-08              0 -7.8755381e-06 -3.5939557e-10  4.0069472e-10 -1.7891443e-08  2.9146806e-08      1.0014925 -9.7919049e-09 -3.5226746e-09  1.0628679e-08
 -4.9533901e-07 -6.8314313e-08              0 -1.3679341e-05  -6.240902e-10  6.9580582e-10 -3.1068455e-08   5.061338e-08 -9.7919049e-09      1.0014981 -6.1170881e-09   1.845671e-08
 -1.7802697e-07 -2.4552134e-08              0 -4.9091785e-06 -2.2451457e-10  2.5031521e-10 -1.1176869e-08  1.8208122e-08 -3.5226746e-09 -6.1170881e-09      1.0014897  6.6396921e-09
  5.3797633e-07  7.4195184e-08              0  1.4869685e-05  6.7742977e-10 -7.5527268e-10  3.3723652e-08 -5.4938991e-08  1.0628679e-08   1.845671e-08  6.6396921e-09      1.0015799


# ext. ||   Name    ||   type  ||     Value     ||  Error +/- 

   0   ||Natural mortality || limited ||    0.04464113642501 ||0.01625856677352
   1   ||Targeted q || limited ||      3.960766903267 ||12.67786194258
   2   ||Nontargeted q || limited ||                   2 ||59.28040033589
   3   ||     sigma || limited ||      3.154279453174 ||11.35432632184
   4   ||  Biomass1 || limited ||      9.797163439079 ||117.6898855113
   5   ||  Biomass2 || limited ||      9.608174072894 ||117.7352445426
   6   ||   vm_mean || limited ||       1.98116362193 ||1.584899087137
   7   ||  vm_sigma || limited ||      4.429728681252 ||11.89326818645
   8   ||Recruit year 1 || limited ||      6.989662710512 ||16.562332121
   9   ||Recruit year 2 || limited ||      1.340771951177 ||11.68425527664
  10   ||Recruit year 3 || limited ||      7.643270565545 ||17.25948172561
  11   ||Recruit year 4 || limited ||      6.685417961646 ||16.22438808252



WARNING: FunctionMinimum is invalid: 
	 Edm is above max


