# Minimum negative log likelihood

Minuit did successfully converge.
# of function calls: 1166
minimum function Value: 641.0434428388
minimum edm: 2.466673619592e-05
minimum internal state vector: LAVector parameters:
      1.082136979168
     -1.282157292325
     -1.287002217587
      -1.10728902483
     -1.458833649018
     -1.463577044038
     0.4898535352234
     -1.137052062256
    -0.9377901540463
     -1.042417554257
    -0.8873637851004
    0.08108217782362
    0.05067376634177
     0.0807178263625
    0.02145664507771

minimum internal covariance matrix: LASymMatrix parameters:
    0.072218375  -0.0041026261              0 -0.00010348049   0.0016463384   0.0015542822   -0.017981734   0.0076519974    0.011375046   0.0094867398    0.011753583  0.00014040857  0.00014662769  0.00015166734  0.00011625901
  -0.0041026261  0.00027494843              0  6.5775711e-06 -0.00011077987  -0.0001042929  0.00062923664 -0.00047665254 -0.00070783736 -0.00058877992 -0.00075020355 -5.4312763e-06 -6.2044222e-06 -6.4759316e-06 -5.6532865e-06
              0              0              2              0              0              0              0              0              0              0              0              0              0              0              0
 -0.00010348049  6.5775711e-06              0  0.00029126342 -1.8684988e-06 -1.7764586e-06  3.3660798e-05 -9.6723294e-06  -1.841516e-05 -1.5062433e-05 -2.0535668e-05  -3.694882e-07  -7.350857e-08 -2.2562511e-07  -8.437454e-07
   0.0016463384 -0.00011077987              0 -1.8684988e-06  6.4715231e-05  5.9064901e-05 -0.00026682354  0.00019243192  0.00028456624  0.00023553762  0.00030159017  1.8787563e-06  2.5970726e-06   2.708051e-06   2.401097e-06
   0.0015542822  -0.0001042929              0 -1.7764586e-06  5.9064901e-05  5.4129957e-05 -0.00025222277  0.00018122535  0.00026824989  0.00022219509  0.00028422467  1.8539296e-06  2.4529391e-06   2.556207e-06  2.2536179e-06
   -0.017981734  0.00062923664              0  3.3660798e-05 -0.00026682354 -0.00025222277    0.040838036  -0.0014641572  -0.0022532888  -0.0019223811   -0.002292567 -0.00012444946 -0.00012024804 -0.00012605998 -0.00010055939
   0.0076519974 -0.00047665254              0 -9.6723294e-06  0.00019243192  0.00018122535  -0.0014641572  0.00088815481   0.0012671711   0.0010523864   0.0013270382  1.1257461e-05  1.3563406e-05  1.3853448e-05  1.1335806e-05
    0.011375046 -0.00070783736              0  -1.841516e-05  0.00028456624  0.00026824989  -0.0022532888   0.0012671711   0.0019194151   0.0015691412   0.0019741994  1.8684776e-05  1.9828513e-05  2.0798911e-05  1.7014072e-05
   0.0094867398 -0.00058877992              0 -1.5062433e-05  0.00023553762  0.00022219509  -0.0019223811   0.0010523864   0.0015691412   0.0013479394   0.0016439956   1.663335e-05  1.6437151e-05   1.695316e-05  1.4285111e-05
    0.011753583 -0.00075020355              0 -2.0535668e-05  0.00030159017  0.00028422467   -0.002292567   0.0013270382   0.0019741994   0.0016439956   0.0021295887  1.8549322e-05  1.9633546e-05  2.0639045e-05  1.8387812e-05
  0.00014040857 -5.4312763e-06              0  -3.694882e-07  1.8787563e-06  1.8539296e-06 -0.00012444946  1.1257461e-05  1.8684776e-05   1.663335e-05  1.8549322e-05  3.8458677e-06  5.4403922e-07  4.4241009e-07  4.9005803e-07
  0.00014662769 -6.2044222e-06              0  -7.350857e-08  2.5970726e-06  2.4529391e-06 -0.00012024804  1.3563406e-05  1.9828513e-05  1.6437151e-05  1.9633546e-05  5.4403922e-07  1.6253548e-06  5.3490215e-07  4.0833345e-07
  0.00015166734 -6.4759316e-06              0 -2.2562511e-07   2.708051e-06   2.556207e-06 -0.00012605998  1.3853448e-05  2.0798911e-05   1.695316e-05  2.0639045e-05  4.4241009e-07  5.3490215e-07   3.083255e-06  4.8826128e-07
  0.00011625901 -5.6532865e-06              0  -8.437454e-07   2.401097e-06  2.2536179e-06 -0.00010055939  1.1335806e-05  1.7014072e-05  1.4285111e-05  1.8387812e-05  4.9005803e-07  4.0833345e-07  4.8826128e-07  1.0943754e-06


# ext. ||   Name    ||   type  ||     Value     ||  Error +/- 

   0   ||Natural mortality || limited ||    0.06707407528013 ||0.002216738718947
   1   ||Targeted q || limited ||      2.068392046412 ||0.1668701070447
   2   ||Nontargeted q || limited ||                   2 ||22.06548931833
   3   ||     sigma || limited ||      5.275503529517 ||0.2697618569595
   4   ||  Biomass1 || limited ||      3.130637873452 ||0.3177762647631
   5   ||  Biomass2 || limited ||       2.87124142372 ||0.2783635450423
   6   ||  vm_sigma || limited ||      58.82013084922 ||5.026426964695
   7   ||Recruit year 1 || limited ||      4.639611635727 ||0.4427448108644
   8   ||Recruit year 2 || limited ||      9.696391815759 ||0.9160803131625
   9   ||Recruit year 3 || limited ||      6.828042087596 ||0.6542501726156
  10   ||Recruit year 4 || limited ||      11.23838785354 ||1.029975963647
  11   ||Mean Rec dist 1 || limited ||     0.8099336366533 ||0.01382142664673
  12   ||Mean Rec dist 2 || limited ||     0.5065208218476 ||0.009003289006183
  13   ||Mean Rec dist 3 || limited ||     0.8063020386168 ||0.01237579987985
  14   ||Mean Rec dist 4 || limited ||     0.2145499871999 ||0.007395510121865





