# Minimum negative log likelihood

Minuit did successfully converge.
# of function calls: 591
minimum function Value: 581.3051957287
minimum edm: 3.7041032039e-05
minimum internal state vector: LAVector parameters:
     0.4141194701124
      -1.21565557618
     -1.287002217587
     -1.170204142508
     -1.518388544643
     -1.507137328459
    -0.8766126918996
     -1.015927983726
      -1.24244338125
     -1.115170692519
    -0.9360677974054
    -0.9285455314133

minimum internal covariance matrix: LASymMatrix parameters:
    0.033071275  -0.0038039906              0  1.5186096e-06  0.00092561254  0.00067823314  8.1860323e-05 -0.00040744799   0.0049998751   0.0047691504   0.0073291072   0.0064824129
  -0.0038039906  0.00046727374              0 -1.4886355e-06 -0.00011534613 -8.3316237e-05  1.0479799e-05 -7.5113274e-06 -0.00060461436 -0.00056603833 -0.00087067662 -0.00076978253
              0              0              2              0              0              0              0              0              0              0              0              0
  1.5186096e-06 -1.4886355e-06              0  0.00019647026  7.6438979e-07   2.163957e-07 -8.2296588e-07  9.0429829e-07  3.3000732e-06  7.0894032e-07  1.3737178e-06   1.295525e-06
  0.00092561254 -0.00011534613              0  7.6438979e-07  4.4720419e-05  3.0306495e-05 -2.3222816e-06  3.3729904e-06  0.00015368371  0.00014050096   0.0002161253  0.00019109118
  0.00067823314 -8.3316237e-05              0   2.163957e-07  3.0306495e-05   2.191548e-05 -1.2245257e-06  -8.205633e-07    0.000103084  0.00010133993  0.00015560086  0.00013753991
  8.1860323e-05  1.0479799e-05              0 -8.2296588e-07 -2.3222816e-06 -1.2245257e-06  2.5796564e-05 -4.6180593e-05 -9.7084207e-06  1.0457344e-07 -6.0851414e-07 -4.0469198e-07
 -0.00040744799 -7.5113274e-06              0  9.0429829e-07  3.3729904e-06  -8.205633e-07 -4.6180593e-05  0.00021094812 -1.0685127e-05 -2.8809563e-05  -4.191347e-05 -3.7433145e-05
   0.0049998751 -0.00060461436              0  3.3000732e-06  0.00015368371    0.000103084 -9.7084207e-06 -1.0685127e-05  0.00086061235  0.00074360517   0.0011466453   0.0010141929
   0.0047691504 -0.00056603833              0  7.0894032e-07  0.00014050096  0.00010133993  1.0457344e-07 -2.8809563e-05  0.00074360517  0.00070651431   0.0010729525  0.00094879084
   0.0073291072 -0.00087067662              0  1.3737178e-06   0.0002161253  0.00015560086 -6.0851414e-07  -4.191347e-05   0.0011466453   0.0010729525   0.0016594562     0.00145921
   0.0064824129 -0.00076978253              0   1.295525e-06  0.00019109118  0.00013753991 -4.0469198e-07 -3.7433145e-05   0.0010141929  0.00094879084     0.00145921   0.0012996436


# ext. ||   Name    ||   type  ||     Value     ||  Error +/- 

   0   ||Natural mortality || limited ||    0.05505959967289 ||0.00293492842336
   1   ||Targeted q || limited ||      3.120122201297 ||0.2657396591021
   2   ||Nontargeted q || limited ||                   2 ||22.06548931833
   3   ||     sigma || limited ||      3.958488745333 ||0.19325044657
   4   ||  Biomass1 || limited ||     0.6864867619653 ||0.1238520732076
   5   ||  Biomass2 || limited ||      1.012774928146 ||0.1052921863149
   6   ||   vm_mean || limited ||     -2.414553450851 ||0.007218230524431
   7   ||  vm_sigma || limited ||      6.002132639235 ||0.2164170204816
   8   ||Recruit year 1 || limited ||       2.68099404416 ||0.3344205329078
   9   ||Recruit year 2 || limited ||      5.110194443952 ||0.4134500609015
  10   ||Recruit year 3 || limited ||      9.747391310083 ||0.8538056746617
  11   ||Recruit year 4 || limited ||      9.971525620903 ||0.7633135539882





