# Minimum negative log likelihood

Minuit did successfully converge.
# of function calls: 772
minimum function Value: 436.7136705133
minimum edm: 9.990411597584e-06
minimum internal state vector: LAVector parameters:
    -0.9136138263946
     -1.180597336155
     -1.287002217587
     -1.288781507837
      -1.47831578606
     -1.480105248361
    -0.6954107188508
    -0.2349769726391
     -1.132363122892
     -1.162960757121
     -1.415216106946
     -1.264693845211

minimum internal covariance matrix: LASymMatrix parameters:
  0.00041842912 -0.00016538381              0 -1.2191024e-06  3.5017443e-05  3.3825025e-05  5.6287644e-06 -7.5680974e-05  0.00021745473  0.00016539573  7.7610945e-05  0.00014392551
 -0.00016538381  6.8453935e-05              0  1.8938086e-07 -1.4854803e-05 -1.4316801e-05   -7.50755e-07  1.0334999e-06 -8.7114592e-05 -6.5786037e-05 -3.0863767e-05 -5.7677732e-05
              0              0              2              0              0              0              0              0              0              0              0              0
 -1.2191024e-06  1.8938086e-07              0  9.7563754e-05 -2.5313453e-07 -3.1447084e-07  -5.205262e-07 -5.3015723e-06 -3.7324744e-07  2.9897252e-07 -1.1968792e-07 -3.1285582e-07
  3.5017443e-05 -1.4854803e-05              0 -2.5313453e-07  9.4241928e-06  7.4089942e-06 -6.6406895e-07  -1.243325e-05   2.576214e-05  1.4024431e-05  6.6808013e-06  1.2303083e-05
  3.3825025e-05 -1.4316801e-05              0 -3.1447084e-07  7.4089942e-06  6.2170316e-06 -1.4731245e-07 -1.7823333e-06  2.1616782e-05  1.3458897e-05  6.4282258e-06  1.1918435e-05
  5.6287644e-06   -7.50755e-07              0  -5.205262e-07 -6.6406895e-07 -1.4731245e-07  3.9636631e-06 -3.5203922e-05  -5.049773e-08  1.8654749e-06  7.3150624e-07   1.637542e-06
 -7.5680974e-05  1.0334999e-06              0 -5.3015723e-06  -1.243325e-05 -1.7823333e-06 -3.5203922e-05   0.0023748409 -7.8230615e-05 -2.8996039e-05 -9.3131841e-06 -1.9979856e-05
  0.00021745473 -8.7114592e-05              0 -3.7324744e-07   2.576214e-05  2.1616782e-05  -5.049773e-08 -7.8230615e-05  0.00013110213  8.6385201e-05  4.0474291e-05   7.484861e-05
  0.00016539573 -6.5786037e-05              0  2.9897252e-07  1.4024431e-05  1.3458897e-05  1.8654749e-06 -2.8996039e-05  8.6385201e-05  6.7362566e-05  3.0579931e-05  5.6888186e-05
  7.7610945e-05 -3.0863767e-05              0 -1.1968792e-07  6.6808013e-06  6.4282258e-06  7.3150624e-07 -9.3131841e-06  4.0474291e-05  3.0579931e-05  1.6754293e-05   2.668324e-05
  0.00014392551 -5.7677732e-05              0 -3.1285582e-07  1.2303083e-05  1.1918435e-05   1.637542e-06 -1.9979856e-05   7.484861e-05  5.6888186e-05   2.668324e-05  5.1606363e-05


# ext. ||   Name    ||   type  ||     Value     ||  Error +/- 

   0   ||Natural mortality || limited ||    0.03124251748504 ||0.001325360738954
   1   ||Targeted q || limited ||      3.758330619501 ||0.1112655706524
   2   ||Nontargeted q || limited ||                   2 ||22.06548931833
   3   ||     sigma || limited ||      1.975165930589 ||0.09718417978677
   4   ||  Biomass1 || limited ||      2.136639124935 ||0.1002323399078
   5   ||  Biomass2 || limited ||      2.054808969154 ||0.07983905489947
   6   ||   vm_mean || limited ||      -2.01282105097 ||0.003395673301992
   7   ||  vm_sigma || limited ||      30.68779276982 ||1.340198974272
   8   ||Recruit year 1 || limited ||      4.738631453375 ||0.1718348580547
   9   ||Recruit year 2 || limited ||       4.11051810635 ||0.1150791719503
  10   ||Recruit year 3 || limited ||     0.6138501053609 ||0.02242203153003
  11   ||Recruit year 4 || limited ||      2.334002313762 ||0.07652877003424





