# Minimum negative log likelihood

Minuit did successfully converge.
# of function calls: 939
minimum function Value: 655.1362712996
minimum edm: 9.509598367437e-05
minimum internal state vector: LAVector parameters:
     0.6210074996305
     -1.148334097966
     -1.287002217587
     -1.091004854537
     -1.502054369939
     -1.505834736937
    -0.2595519289826
     -1.162779892373
     -1.261137718379
    -0.9110869624044
     -1.250470754109
    0.02606540513508
    0.05440108413436
    0.09508553933282
    0.05602139884378

minimum internal covariance matrix: LASymMatrix parameters:
    0.031355764  -0.0021256701              0 -3.4934751e-05  0.00037659668  0.00034396761  -0.0058500896   0.0028839393    0.002284504   0.0050038692   0.0023105948  0.00013770316  0.00014023958  0.00014253917  0.00014295718
  -0.0021256701  0.00016784379              0  4.5009848e-06  -2.985654e-05 -2.7165897e-05  0.00029019293 -0.00020468545  -0.0001613515 -0.00035422198 -0.00016664678 -7.1609715e-06 -7.8236806e-06 -7.5927029e-06 -9.3192042e-06
              0              0              2              0              0              0              0              0              0              0              0              0              0              0              0
 -3.4934751e-05  4.5009848e-06              0  0.00027106723 -4.4967288e-06 -3.7507386e-06  8.7056446e-07 -4.4417909e-06 -3.4217025e-06 -6.7658931e-06  -2.050602e-06   5.992388e-08  -4.941197e-07  1.2245602e-07  1.6185096e-07
  0.00037659668  -2.985654e-05              0 -4.4967288e-06   1.828763e-05  1.5407936e-05  -6.044977e-05  3.6996646e-05  2.8759254e-05  6.3095688e-05  2.9886514e-05  1.2098658e-06   1.368057e-06  1.3962983e-06  1.7474055e-06
  0.00034396761 -2.7165897e-05              0 -3.7507386e-06  1.5407936e-05  1.3113892e-05 -5.4057526e-05  3.3600287e-05   2.621476e-05   5.755183e-05  2.7228807e-05  1.1590277e-06  1.2925496e-06  1.2743174e-06   1.550737e-06
  -0.0058500896  0.00029019293              0  8.7056446e-07  -6.044977e-05 -5.4057526e-05   0.0058196795 -0.00050606678 -0.00039572933 -0.00084910138 -0.00039915967 -6.5316314e-05 -6.0627702e-05 -7.0056913e-05 -5.6763864e-05
   0.0028839393 -0.00020468545              0 -4.4417909e-06  3.6996646e-05  3.3600287e-05 -0.00050606678  0.00028943855  0.00021188902  0.00046492092   0.0002165042  1.2032048e-05  1.2508273e-05   1.237138e-05   1.307372e-05
    0.002284504  -0.0001613515              0 -3.4217025e-06  2.8759254e-05   2.621476e-05 -0.00039572933  0.00021188902  0.00018998336  0.00036817819  0.00017123678  9.4406563e-06  9.6437294e-06  9.8360401e-06  1.0326527e-05
   0.0050038692 -0.00035422198              0 -6.7658931e-06  6.3095688e-05   5.755183e-05 -0.00084910138  0.00046492092  0.00036817819  0.00083037156  0.00037469286  2.0647968e-05  2.1384171e-05  2.1024002e-05  2.2748241e-05
   0.0023105948 -0.00016664678              0  -2.050602e-06  2.9886514e-05  2.7228807e-05 -0.00039915967   0.0002165042  0.00017123678  0.00037469286  0.00020610143  9.3173188e-06  9.7609993e-06  9.6798283e-06  1.1798827e-05
  0.00013770316 -7.1609715e-06              0   5.992388e-08  1.2098658e-06  1.1590277e-06 -6.5316314e-05  1.2032048e-05  9.4406563e-06  2.0647968e-05  9.3173188e-06   2.392521e-06  9.4930694e-07  9.9803522e-07  8.0385414e-07
  0.00014023958 -7.8236806e-06              0  -4.941197e-07   1.368057e-06  1.2925496e-06 -6.0627702e-05  1.2508273e-05  9.6437294e-06  2.1384171e-05  9.7609993e-06  9.4930694e-07  3.7803115e-06  9.8488377e-07  8.7389914e-07
  0.00014253917 -7.5927029e-06              0  1.2245602e-07  1.3962983e-06  1.2743174e-06 -7.0056913e-05   1.237138e-05  9.8360401e-06  2.1024002e-05  9.6798283e-06  9.9803522e-07  9.8488377e-07  2.0189439e-06   9.448042e-07
  0.00014295718 -9.3192042e-06              0  1.6185096e-07  1.7474055e-06   1.550737e-06 -5.6763864e-05   1.307372e-05  1.0326527e-05  2.2748241e-05  1.1798827e-05  8.0385414e-07  8.7389914e-07   9.448042e-07  4.9010417e-06


# ext. ||   Name    ||   type  ||     Value     ||  Error +/- 

   0   ||Natural mortality || limited ||    0.05954637119379 ||0.002539189759865
   1   ||Targeted q || limited ||      4.395891302391 ||0.1877990191373
   2   ||Nontargeted q || limited ||                   2 ||22.06548931833
   3   ||     sigma || limited ||      5.645440136878 ||0.2686853886146
   4   ||  Biomass1 || limited ||      1.180899024277 ||0.1038515192942
   5   ||  Biomass2 || limited ||      1.054631081634 ||0.08311348411574
   6   ||  vm_sigma || limited ||      29.73472773339 ||2.084407339956
   7   ||Recruit year 1 || limited ||      4.114105257434 ||0.2386378466383
   8   ||Recruit year 2 || limited ||      2.387879246367 ||0.1484850351629
   9   ||Recruit year 3 || limited ||      10.50043126596 ||0.6243071719209
  10   ||Recruit year 4 || limited ||      2.553097989976 ||0.1598025173886
  11   ||Mean Rec dist 1 || limited ||     0.2606245373941 ||0.01093365206325
  12   ||Mean Rec dist 2 || limited ||     0.5437425496981 ||0.01372795032121
  13   ||Mean Rec dist 3 || limited ||     0.9494232191421 ||0.01000186064961
  14   ||Mean Rec dist 4 || limited ||      0.559921005421 ||0.01562957509582





