# Minimum negative log likelihood

Minuit did successfully converge.
# of function calls: 1494
minimum function Value: 396.7102741627
minimum edm: 2.316451840707e-05
minimum internal state vector: LAVector parameters:
    -0.8371530377557
      -1.22093960087
     -1.287002217587
     -1.314778922238
     -1.333748571369
     -1.340321978422
    -0.3564794823419
     -1.002198823563
    -0.9872130315646
     -1.335125373104
     -1.173986852765
     0.1000131963691
    0.06797459349781
     0.1015678120079
    0.08631174005191

minimum internal covariance matrix: LASymMatrix parameters:
   0.0051258424 -0.00027525966              0 -8.3679238e-06  0.00019686613  0.00018845007   -0.001577692  0.00072612789    0.000768226  0.00032305068  0.00048213691  3.0947454e-05  3.3841831e-05  2.1230797e-05  2.9471871e-05
 -0.00027525966  1.5919683e-05              0   1.134138e-06 -1.1254361e-05 -1.0751166e-05  6.9666459e-05 -3.9792314e-05 -4.1651231e-05 -1.7307229e-05 -2.6904113e-05 -1.5081949e-06 -1.7892853e-06 -1.2186607e-06 -1.4450911e-06
              0              0              2              0              0              0              0              0              0              0              0              0              0              0              0
 -8.3679238e-06   1.134138e-06              0  7.6525587e-05 -1.6385504e-06 -1.4441424e-06 -1.5325943e-05  -1.318552e-06 -1.8947383e-06 -8.5743372e-07 -1.4448889e-06 -5.9427708e-08 -2.4726433e-07  7.0972005e-07  1.4805977e-08
  0.00019686613 -1.1254361e-05              0 -1.6385504e-06  9.1890717e-06  8.6619228e-06 -5.1446209e-05  2.8435063e-05  2.9848355e-05  1.2384362e-05  1.9131611e-05  1.0938088e-06  1.2811831e-06  8.3068794e-07  1.1156282e-06
  0.00018845007 -1.0751166e-05              0 -1.4441424e-06  8.6619228e-06  8.1812548e-06  -4.955734e-05  2.7187022e-05    2.85483e-05  1.1855442e-05  1.8299984e-05  1.0494324e-06  1.2223716e-06  8.0518752e-07  1.0648566e-06
   -0.001577692  6.9666459e-05              0 -1.5325943e-05 -5.1446209e-05  -4.955734e-05   0.0020335084 -0.00020735468 -0.00022540939  -9.574915e-05 -0.00013495367 -1.9422229e-05 -1.9603115e-05 -8.7613031e-06 -2.1110934e-05
  0.00072612789 -3.9792314e-05              0  -1.318552e-06  2.8435063e-05  2.7187022e-05 -0.00020735468  0.00010486156  0.00010902695  4.5629814e-05  6.9101386e-05  4.1386039e-06  4.8114574e-06  3.0640837e-06  4.0935093e-06
    0.000768226 -4.1651231e-05              0 -1.8947383e-06  2.9848355e-05    2.85483e-05 -0.00022540939  0.00010902695  0.00011684556   4.826849e-05   7.253909e-05  4.5514838e-06   4.909418e-06  3.4083731e-06   4.327585e-06
  0.00032305068 -1.7307229e-05              0 -8.5743372e-07  1.2384362e-05  1.1855442e-05  -9.574915e-05  4.5629814e-05   4.826849e-05  2.2239088e-05  3.0317848e-05  1.9407163e-06  2.0527393e-06  4.9315761e-07   1.813378e-06
  0.00048213691 -2.6904113e-05              0 -1.4448889e-06  1.9131611e-05  1.8299984e-05 -0.00013495367  6.9101386e-05   7.253909e-05  3.0317848e-05  5.0226044e-05   2.858012e-06  3.1649781e-06  2.2352096e-06  3.0462602e-06
  3.0947454e-05 -1.5081949e-06              0 -5.9427708e-08  1.0938088e-06  1.0494324e-06 -1.9422229e-05  4.1386039e-06  4.5514838e-06  1.9407163e-06   2.858012e-06  6.0912452e-07  2.8995255e-07 -9.8695859e-08  2.5474446e-07
  3.3841831e-05 -1.7892853e-06              0 -2.4726433e-07  1.2811831e-06  1.2223716e-06 -1.9603115e-05  4.8114574e-06   4.909418e-06  2.0527393e-06  3.1649781e-06  2.8995255e-07   5.458801e-07  1.7794437e-07  2.8550847e-07
  2.1230797e-05 -1.2186607e-06              0  7.0972005e-07  8.3068794e-07  8.0518752e-07 -8.7613031e-06  3.0640837e-06  3.4083731e-06  4.9315761e-07  2.2352096e-06 -9.8695859e-08  1.7794437e-07  4.7305237e-06   1.071171e-07
  2.9471871e-05 -1.4450911e-06              0  1.4805977e-08  1.1156282e-06  1.0648566e-06 -2.1110934e-05  4.0935093e-06   4.327585e-06   1.813378e-06  3.0462602e-06  2.5474446e-07  2.8550847e-07   1.071171e-07  7.9399323e-07


# ext. ||   Name    ||   type  ||     Value     ||  Error +/- 

   0   ||Natural mortality || limited ||    0.02643150341658 ||0.0008470804094739
   1   ||Targeted q || limited ||       3.02890842141 ||0.04835215572341
   2   ||Nontargeted q || limited ||                   2 ||22.06548931833
   3   ||     sigma || limited ||      1.629692035766 ||0.07831958075668
   4   ||  Biomass1 || limited ||      13.98225142184 ||0.2516815678033
   5   ||  Biomass2 || limited ||      13.22092764928 ||0.2310125613526
   6   ||  vm_sigma || limited ||      26.04158585908 ||1.195059023262
   7   ||Recruit year 1 || limited ||      7.876364329396 ||0.1949224793101
   8   ||Recruit year 2 || limited ||      8.284494844146 ||0.2105615169809
   9   ||Recruit year 3 || limited ||      1.391967010417 ||0.03892670707515
  10   ||Recruit year 4 || limited ||      3.894673829596 ||0.09682749111978
  11   ||Mean Rec dist 1 || limited ||     0.9984654708038 ||0.005491137850036
  12   ||Mean Rec dist 2 || limited ||     0.6792225897453 ||0.005212301174445
  13   ||Mean Rec dist 3 || limited ||       1.01393272789 ||0.0153001428017
  14   ||Mean Rec dist 4 || limited ||     0.8620461363086 ||0.006277311444132





