# Minimum negative log likelihood

Minuit did successfully converge.
# of function calls: 1191
minimum function Value: 346.8175409962
minimum edm: 7.214595328637e-06
minimum internal state vector: LAVector parameters:
     0.6550629747638
     -1.244038974889
     -1.287002217587
     -1.343847248604
     -1.499110855666
     -1.502121631153
      2.697280771779
    -0.9854891654785
     -1.383358357571
    -0.9975261127052
     -1.494082040439
    0.08900863445564
    0.05237317349323
    0.09866850026707
    0.04513721807429

minimum internal covariance matrix: LASymMatrix parameters:
   0.0034123322 -0.00026493782              0 -4.9044667e-05  6.0870462e-05  5.7848841e-05   0.0016511296  0.00066750402  0.00020775515  0.00064038287  9.3351162e-05  1.3191567e-05  2.0610356e-05   1.389049e-05  4.5739213e-05
 -0.00026493782   2.247103e-05              0  5.6228738e-06 -5.3115206e-06 -5.0170936e-06 -0.00010920238 -5.3768264e-05 -1.6513827e-05 -5.1708059e-05 -7.1507452e-06 -8.6394846e-07 -1.7095828e-06 -8.7434633e-07 -4.3629022e-06
              0              0              2              0              0              0              0              0              0              0              0              0              0              0              0
 -4.9044667e-05  5.6228738e-06              0  7.7725507e-05 -2.7182997e-06 -2.5255258e-06 -1.1009328e-05   -1.17737e-05 -1.4721108e-06 -1.0624196e-05 -1.6172888e-06 -2.0368751e-07 -1.4170383e-06  4.1603247e-08 -3.8549308e-06
  6.0870462e-05 -5.3115206e-06              0 -2.7182997e-06  2.2797209e-06  2.0455932e-06  2.7100084e-05  1.2587187e-05  3.7898063e-06  1.2042465e-05  1.7037353e-06  2.0987664e-07  5.5253505e-07   1.665926e-07    1.09239e-06
  5.7848841e-05 -5.0170936e-06              0 -2.5255258e-06  2.0455932e-06  1.8520422e-06  2.4953091e-05  1.1912048e-05  3.5622682e-06  1.1407269e-05  1.6370691e-06  1.9253342e-07  4.9169784e-07  1.6901493e-07  1.1045433e-06
   0.0016511296 -0.00010920238              0 -1.1009328e-05  2.7100084e-05  2.4953091e-05   0.0042817968  0.00030284896   0.0001023841  0.00028633901  4.9407253e-05  1.9088923e-05   2.104388e-05  1.8363434e-05  7.9833516e-06
  0.00066750402 -5.3768264e-05              0   -1.17737e-05  1.2587187e-05  1.1912048e-05  0.00030284896  0.00013461503  4.0835168e-05  0.00012691658  1.7588279e-05  2.4469252e-06  4.3231811e-06  2.5354452e-06  9.5626632e-06
  0.00020775515 -1.6513827e-05              0 -1.4721108e-06  3.7898063e-06  3.5622682e-06   0.0001023841  4.0835168e-05  1.5405488e-05  3.9205995e-05  6.3870841e-06  7.5602302e-07  1.2325487e-06  8.3797352e-07  2.2073712e-06
  0.00064038287 -5.1708059e-05              0 -1.0624196e-05  1.2042465e-05  1.1407269e-05  0.00028633901  0.00012691658  3.9205995e-05  0.00012454683  1.7355296e-05  2.3861906e-06  4.0843654e-06  2.3401063e-06  9.6028961e-06
  9.3351162e-05 -7.1507452e-06              0 -1.6172888e-06  1.7037353e-06  1.6370691e-06  4.9407253e-05  1.7588279e-05  6.3870841e-06  1.7355296e-05  9.7184358e-06  3.2851132e-07  7.7026116e-07  4.8091226e-07  1.0798281e-06
  1.3191567e-05 -8.6394846e-07              0 -2.0368751e-07  2.0987664e-07  1.9253342e-07  1.9088923e-05  2.4469252e-06  7.5602302e-07  2.3861906e-06  3.2851132e-07  2.1141568e-07  2.0379589e-07  1.0796962e-07 -3.0760778e-09
  2.0610356e-05 -1.7095828e-06              0 -1.4170383e-06  5.5253505e-07  4.9169784e-07   2.104388e-05  4.3231811e-06  1.2325487e-06  4.0843654e-06  7.7026116e-07  2.0379589e-07  1.5749409e-06   1.213986e-07  7.0235254e-08
   1.389049e-05 -8.7434633e-07              0  4.1603247e-08   1.665926e-07  1.6901493e-07  1.8363434e-05  2.5354452e-06  8.3797352e-07  2.3401063e-06  4.8091226e-07  1.0796962e-07   1.213986e-07  2.2658097e-07  1.8521507e-07
  4.5739213e-05 -4.3629022e-06              0 -3.8549308e-06    1.09239e-06  1.1045433e-06  7.9833516e-06  9.5626632e-06  2.2073712e-06  9.6028961e-06  1.0798281e-06 -3.0760778e-09  7.0235254e-08  1.8521507e-07  1.8733525e-05


# ext. ||   Name    ||   type  ||     Value     ||  Error +/- 

   0   ||Natural mortality || limited ||    0.06023022960319 ||0.0008186637950048
   1   ||Targeted q || limited ||      2.645593725368 ||0.05379415083582
   2   ||Nontargeted q || limited ||                   2 ||22.06548931833
   3   ||     sigma || limited ||      1.282129798766 ||0.07013387839725
   4   ||  Biomass1 || limited ||      1.284151634157 ||0.0382344532931
   5   ||  Biomass2 || limited ||      1.178590139201 ||0.03301685504548
   6   ||  vm_sigma || limited ||      57.19375210651 ||1.670476899979
   7   ||Recruit year 1 || limited ||      8.332046098614 ||0.2265952113868
   8   ||Recruit year 2 || limited ||      0.885668726763 ||0.02585593958077
   9   ||Recruit year 3 || limited ||      8.002612448234 ||0.2139828470311
  10   ||Recruit year 4 || limited ||     0.1570401973833 ||0.008446165714774
  11   ||Mean Rec dist 1 || limited ||     0.8889115196985 ||0.003238403522309
  12   ||Mean Rec dist 2 || limited ||      0.523492339501 ||0.008861784390596
  13   ||Mean Rec dist 3 || limited ||     0.9850848076106 ||0.003349494281759
  14   ||Mean Rec dist 4 || limited ||     0.4512189277816 ||0.03057394763028





