# Minimum negative log likelihood

Minuit did successfully converge.
# of function calls: 1019
minimum function Value: 235.7428248693
minimum edm: 4.121910524446e-05
minimum internal state vector: LAVector parameters:
    -0.6049522130701
     -1.222756375681
     -1.287002217587
     -1.397184267138
     -1.468881398768
     -1.473575631303
     0.3814768353603
    0.05744486978618
     -1.147318737138
     -1.084417944106
    -0.9677009619432
     -1.078298260993

minimum internal covariance matrix: LASymMatrix parameters:
   5.583424e-05 -3.3829999e-05              0  3.4161485e-06  9.6833004e-06  9.3323653e-06  1.6955542e-07  4.0505326e-07  4.1616608e-05  4.3355966e-05  6.4691365e-05  4.9206735e-05
 -3.3829999e-05  2.1316283e-05              0 -1.2135362e-06 -6.1478736e-06  -5.914703e-06  7.1501058e-08 -7.0970619e-06 -2.5848753e-05 -2.6903486e-05 -4.0035869e-05 -3.0680747e-05
              0              0              2              0              0              0              0              0              0              0              0              0
  3.4161485e-06 -1.2135362e-06              0  4.5393956e-05 -2.3674122e-07 -1.9433719e-07  1.3371318e-07  2.9896378e-07  1.5826299e-06  1.6666539e-06  2.4476622e-06  1.9492584e-06
  9.6833004e-06 -6.1478736e-06              0 -2.3674122e-07  2.2411523e-06  2.1055306e-06 -3.7874298e-08  7.9353108e-07  7.4874043e-06  7.7580994e-06  1.1549807e-05  8.7943898e-06
  9.3323653e-06  -5.914703e-06              0 -1.9433719e-07  2.1055306e-06  1.9853635e-06 -3.2604337e-08  6.5138347e-07  7.2027743e-06  7.4655947e-06  1.1120944e-05  8.4651982e-06
  1.6955542e-07  7.1501058e-08              0  1.3371318e-07 -3.7874298e-08 -3.2604337e-08  1.5605406e-07 -4.5522178e-06 -1.0352697e-08  1.8641057e-09  3.0012341e-08 -8.7599502e-09
  4.0505326e-07 -7.0970619e-06              0  2.9896378e-07  7.9353108e-07  6.5138347e-07 -4.5522178e-06  0.00036799923  5.4214267e-06  4.8652613e-06  6.5781508e-06  8.6477907e-06
  4.1616608e-05 -2.5848753e-05              0  1.5826299e-06  7.4874043e-06  7.2027743e-06 -1.0352697e-08  5.4214267e-06  3.2178346e-05  3.2705181e-05  4.8755501e-05  3.7384199e-05
  4.3355966e-05 -2.6903486e-05              0  1.6666539e-06  7.7580994e-06  7.4655947e-06  1.8641057e-09  4.8652613e-06  3.2705181e-05  3.4798008e-05  5.0852346e-05  3.8786992e-05
  6.4691365e-05 -4.0035869e-05              0  2.4476622e-06  1.1549807e-05  1.1120944e-05  3.0012341e-08  6.5781508e-06  4.8755501e-05  5.0852346e-05   7.650484e-05  5.7933727e-05
  4.9206735e-05 -3.0680747e-05              0  1.9492584e-06  8.7943898e-06  8.4651982e-06 -8.7599502e-09  8.6477907e-06  3.7384199e-05  3.8786992e-05  5.7933727e-05  4.5046499e-05


# ext. ||   Name    ||   type  ||     Value     ||  Error +/- 

   0   ||Natural mortality || limited ||    0.06469158438609 ||0.0006518923883418
   1   ||Targeted q || limited ||      2.997849777696 ||0.05567184053876
   2   ||Nontargeted q || limited ||                   2 ||22.06548931833
   3   ||     sigma || limited ||     0.7516378971123 ||0.04114796720682
   4   ||  Biomass1 || limited ||      2.594416363549 ||0.05384883838203
   5   ||  Biomass2 || limited ||      2.361105291657 ||0.04835588254526
   6   ||   vm_mean || limited ||      1.169588395927 ||0.0008144690572238
   7   ||  vm_sigma || limited ||      42.29700253946 ||0.5416674542496
   8   ||Recruit year 1 || limited ||      4.426288408888 ||0.08240691125242
   9   ||Recruit year 2 || limited ||      5.807845389181 ||0.09747687871487
  10   ||Recruit year 3 || limited ||      8.829923451917 ||0.1753820968094
  11   ||Recruit year 4 || limited ||      5.951683153655 ||0.1121874180301





