# Minimum negative log likelihood

Minuit did successfully converge.
# of function calls: 1768
minimum function Value: 292.685460573
minimum edm: 2.754834871879e-06
minimum internal state vector: LAVector parameters:
      -1.13782561558
     -1.268219796684
     -1.287002217587
     -1.371642861494
     -1.361218631392
      -1.36282196744
    -0.2555745584918
    -0.5325732019089
     -1.631557309701
      -1.07937246686
     -1.179058953428
      -1.03242767331

minimum internal covariance matrix: LASymMatrix parameters:
  0.00056678313  -0.0001939701              0 -1.4043383e-06  0.00013448257  0.00013108948  7.9793515e-06 -0.00013129819 -3.9172665e-05  0.00033911198  0.00025932658  0.00037222371
  -0.0001939701  6.7294954e-05              0  3.0123047e-08 -4.6632245e-05 -4.5449295e-05 -2.3799881e-06  3.7851274e-05  1.2306522e-05 -0.00011664674 -8.8757708e-05 -0.00012808867
              0              0              2              0              0              0              0              0              0              0              0              0
 -1.4043383e-06  3.0123047e-08              0  4.8570509e-05 -1.4519012e-07 -1.5851787e-07  1.7121009e-08 -3.5751107e-06 -6.7836756e-07  -4.864529e-07 -6.5455331e-07 -5.5663612e-07
  0.00013448257 -4.6632245e-05              0 -1.4519012e-07  3.3158849e-05   3.223067e-05  1.6462255e-06 -2.6005998e-05  -1.282283e-05   8.085687e-05  6.1523044e-05  8.8784115e-05
  0.00013108948 -4.5449295e-05              0 -1.5851787e-07   3.223067e-05   3.134112e-05  1.6084518e-06  -2.537984e-05 -1.1774829e-05   7.881365e-05  5.9971022e-05  8.6538948e-05
  7.9793515e-06 -2.3799881e-06              0  1.7121009e-08  1.6462255e-06  1.6084518e-06  8.9401141e-07 -9.2987951e-06 -1.1122645e-06  4.5645476e-06  3.6273893e-06  5.0126293e-06
 -0.00013129819  3.7851274e-05              0 -3.5751107e-06 -2.6005998e-05  -2.537984e-05 -9.2987951e-06  0.00039087813  1.8918724e-05 -7.3445556e-05 -5.9836078e-05 -8.1973007e-05
 -3.9172665e-05  1.2306522e-05              0 -6.7836756e-07  -1.282283e-05 -1.1774829e-05 -1.1122645e-06  1.8918724e-05  5.3825216e-05 -2.2474137e-05 -1.7948238e-05 -2.4971533e-05
  0.00033911198 -0.00011664674              0  -4.864529e-07   8.085687e-05   7.881365e-05  4.5645476e-06 -7.3445556e-05 -2.2474137e-05  0.00020368223  0.00015508052  0.00022315726
  0.00025932658 -8.8757708e-05              0 -6.5455331e-07  6.1523044e-05  5.9971022e-05  3.6273893e-06 -5.9836078e-05 -1.7948238e-05  0.00015508052  0.00011915682  0.00017023749
  0.00037222371 -0.00012808867              0 -5.5663612e-07  8.8784115e-05  8.6538948e-05  5.0126293e-06 -8.1973007e-05 -2.4971533e-05  0.00022315726  0.00017023749  0.00024558224


# ext. ||   Name    ||   type  ||     Value     ||  Error +/- 

   0   ||Natural mortality || limited ||    0.01384149932053 ||0.001059419205769
   1   ||Targeted q || limited ||      2.271404887255 ||0.08642351445037
   2   ||Nontargeted q || limited ||                   2 ||22.06548931833
   3   ||     sigma || limited ||      0.988279643241 ||0.04874755071949
   4   ||  Biomass1 || limited ||      10.94056945801 ||0.4235597501053
   5   ||  Biomass2 || limited ||      10.77441362796 ||0.4086821007515
   6   ||   vm_mean || limited ||    -0.7941988518267 ||0.002032195654124
   7   ||  vm_sigma || limited ||      19.69068020011 ||0.4817293308688
   8   ||Recruit year 1 || limited ||     0.1022598066345 ||0.01574925615925
   9   ||Recruit year 2 || limited ||      5.926315355326 ||0.2380750759572
  10   ||Recruit year 3 || limited ||      3.797264482695 ||0.1473318613855
  11   ||Recruit year 4 || limited ||      7.081979049169 ||0.2840501668615





