# Minimum negative log likelihood

Minuit did successfully converge.
# of function calls: 1298
minimum function Value: 677.2179560693
minimum edm: 5.037721769406e-05
minimum internal state vector: LAVector parameters:
    -0.4472478883249
     -1.249303305216
     -1.287002217587
     -1.064358561081
     -1.366722455834
     -1.371234887585
   0.005097889509721
     -1.184655721159
     -1.052007045336
     -1.028754638832
     -1.253402691318
     0.1116135361491
    0.02913650191576
    0.05141329019323
    0.06503582638598

minimum internal covariance matrix: LASymMatrix parameters:
    0.023767456   -0.002047179              0 -0.00011299771    0.001351478   0.0012981865   -0.013802673   0.0034910802   0.0047181852   0.0050136688   0.0029233698  0.00012496193  0.00017736963  0.00014786861  0.00017030445
   -0.002047179  0.00020102816              0  1.0635065e-05 -0.00013171145 -0.00012605537  0.00088548357 -0.00031032933  -0.0004227505  -0.0004497835 -0.00026596996 -6.6224216e-06 -1.3487762e-05 -1.1643374e-05 -1.6269623e-05
              0              0              2              0              0              0              0              0              0              0              0              0              0              0              0
 -0.00011299771  1.0635065e-05              0  0.00033082782 -1.0171297e-05 -9.4405819e-06  9.9602406e-05 -1.7754693e-05 -2.5829543e-05 -2.5153372e-05 -6.7072536e-06 -2.3171291e-06  -1.050571e-06  -6.187283e-07 -1.8944087e-06
    0.001351478 -0.00013171145              0 -1.0171297e-05   0.0001060235  9.9505995e-05 -0.00060147395  0.00020824117  0.00027762086  0.00029604674  0.00017751736  4.3327684e-06  9.0405189e-06  8.0001417e-06  1.1232041e-05
   0.0012981865 -0.00012605537              0 -9.4405819e-06  9.9505995e-05  9.3650552e-05 -0.00058087697  0.00019921415  0.00026643529  0.00028408152  0.00017007718  4.3710815e-06  8.7100167e-06   7.680534e-06  1.0707029e-05
   -0.013802673  0.00088548357              0  9.9602406e-05 -0.00060147395 -0.00058087697    0.040396314   -0.001835533  -0.0025072168  -0.0026694722  -0.0014842107 -0.00017394125 -0.00022944933 -0.00019999911 -0.00011400938
   0.0034910802 -0.00031032933              0 -1.7754693e-05  0.00020824117  0.00019921415   -0.001835533   0.0005430291  0.00069833205  0.00074327983  0.00044039361  1.5918548e-05  2.5442271e-05  2.0742276e-05  2.6450014e-05
   0.0047181852  -0.0004227505              0 -2.5829543e-05  0.00027762086  0.00026643529  -0.0025072168  0.00069833205   0.0009696954    0.001008188  0.00059313516  2.2037879e-05  3.3496097e-05  2.9668254e-05  3.5223312e-05
   0.0050136688  -0.0004497835              0 -2.5153372e-05  0.00029604674  0.00028408152  -0.0026694722  0.00074327983    0.001008188   0.0010924409  0.00062839904  2.2850331e-05  3.6106629e-05  3.0268108e-05  3.8450329e-05
   0.0029233698 -0.00026596996              0 -6.7072536e-06  0.00017751736  0.00017007718  -0.0014842107  0.00044039361  0.00059313516  0.00062839904  0.00042760293  1.5309467e-05  2.0201574e-05  1.7505872e-05  2.5623899e-05
  0.00012496193 -6.6224216e-06              0 -2.3171291e-06  4.3327684e-06  4.3710815e-06 -0.00017394125  1.5918548e-05  2.2037879e-05  2.2850331e-05  1.5309467e-05  1.3876555e-05  1.5829452e-06  9.3094354e-07   9.185167e-07
  0.00017736963 -1.3487762e-05              0  -1.050571e-06  9.0405189e-06  8.7100167e-06 -0.00022944933  2.5442271e-05  3.3496097e-05  3.6106629e-05  2.0201574e-05  1.5829452e-06  3.8276591e-06  1.5538196e-06  1.1486198e-06
  0.00014786861 -1.1643374e-05              0  -6.187283e-07  8.0001417e-06   7.680534e-06 -0.00019999911  2.0742276e-05  2.9668254e-05  3.0268108e-05  1.7505872e-05  9.3094354e-07  1.5538196e-06  3.9546771e-06  1.2408021e-06
  0.00017030445 -1.6269623e-05              0 -1.8944087e-06  1.1232041e-05  1.0707029e-05 -0.00011400938  2.6450014e-05  3.5223312e-05  3.8450329e-05  2.5623899e-05   9.185167e-07  1.1486198e-06  1.2408021e-06  1.5343373e-05


# ext. ||   Name    ||   type  ||     Value     ||  Error +/- 

   0   ||Natural mortality || limited ||    0.03418785602457 ||0.002452389121272
   1   ||Targeted q || limited ||      2.561764719128 ||0.1583946471196
   2   ||Nontargeted q || limited ||                   2 ||22.06548931833
   3   ||     sigma || limited ||      6.276101582558 ||0.3119206997958
   4   ||  Biomass1 || limited ||      10.37545296344 ||0.7377700137205
   5   ||  Biomass2 || limited ||      9.923193916851 ||0.6782611883935
   6   ||  vm_sigma || limited ||      40.20441214821 ||5.6655466039
   7   ||Recruit year 1 || limited ||      3.691158596099 ||0.3102431798466
   8   ||Recruit year 2 || limited ||      6.588335826392 ||0.545790724526
   9   ||Recruit year 3 || limited ||      7.176423828274 ||0.6027328207715
  10   ||Recruit year 4 || limited ||      2.507146853487 ||0.2281383500697
  11   ||Mean Rec dist 1 || limited ||      1.113819413321 ||0.02617667992495
  12   ||Mean Rec dist 2 || limited ||     0.2913237958775 ||0.01382824666564
  13   ||Mean Rec dist 3 || limited ||     0.5139064283537 ||0.01404320152219
  14   ||Mean Rec dist 4 || limited ||     0.6498998952247 ||0.0276392184958





