# Minimum negative log likelihood

Minuit did successfully converge.
# of function calls: 1193
minimum function Value: 524.4383899408
minimum edm: 3.045021385764e-05
minimum internal state vector: LAVector parameters:
     0.2692387102846
    -0.9896225708706
     -1.287002217587
     -1.221980692766
     -1.513718826613
     -1.518115245945
    -0.1066617534008
    -0.9688534660434
     -1.090502738058
     -0.953271286938
      -1.44846978744
    0.06649603560058
    0.09499464629123
    0.05879865688837
     0.1094993160993

minimum internal covariance matrix: LASymMatrix parameters:
    0.005583566 -0.00037917861              0  0.00016325676  5.0964101e-05  4.2103354e-05  -0.0010904618  0.00066556469  0.00054747389  0.00065288436  9.3010486e-05  1.8882425e-05  1.9403818e-05  2.6256267e-05  2.2700902e-05
 -0.00037917861  3.1758862e-05              0 -9.2269508e-06 -3.6015315e-06 -3.0020858e-06  4.2011808e-05 -4.6042694e-05 -3.8023171e-05 -4.4919181e-05 -8.0257693e-06 -7.5877938e-07 -8.0781247e-07 -1.2968156e-06 -8.9821656e-07
              0              0              2              0              0              0              0              0              0              0              0              0              0              0              0
  0.00016325676 -9.2269508e-06              0  0.00020331422  4.6187001e-06  3.5347415e-06 -9.1464687e-05  1.8093185e-05  1.6543907e-05  1.3268557e-05 -7.6471047e-06  3.6045487e-07   5.730464e-07  1.9101454e-06  2.2943772e-06
  5.0964101e-05 -3.6015315e-06              0  4.6187001e-06   3.388094e-06  2.6444062e-06   -1.29882e-05  5.6272775e-06  5.1091525e-06  5.9403457e-06  6.8398705e-07  1.3786959e-07  1.9369759e-07  2.2190104e-07  5.2660473e-07
  4.2103354e-05 -3.0020858e-06              0  3.5347415e-06  2.6444062e-06  2.1011398e-06 -1.0462985e-05  4.6200854e-06  4.2544952e-06  4.9006159e-06  5.9550528e-07  1.2199908e-07  1.6080119e-07  1.8006824e-07  4.4150789e-07
  -0.0010904618  4.2011808e-05              0 -9.1464687e-05   -1.29882e-05 -1.0462985e-05   0.0011957022 -0.00012051204 -9.7220218e-05 -0.00011437116 -6.5361142e-06 -1.1693887e-05 -1.3445796e-05 -1.2052848e-05 -4.9898251e-06
  0.00066556469 -4.6042694e-05              0  1.8093185e-05  5.6272775e-06  4.6200854e-06 -0.00012051204  8.7739195e-05  6.5630243e-05  7.7758777e-05  1.1556126e-05  2.0579312e-06  2.1624014e-06  3.0053302e-06   2.801555e-06
  0.00054747389 -3.8023171e-05              0  1.6543907e-05  5.1091525e-06  4.2544952e-06 -9.7220218e-05  6.5630243e-05  6.2368071e-05   6.191777e-05  9.8265363e-06  1.8781112e-06  1.9180902e-06  2.2843739e-06  2.4642976e-06
  0.00065288436 -4.4919181e-05              0  1.3268557e-05  5.9403457e-06  4.9006159e-06 -0.00011437116  7.7758777e-05   6.191777e-05  8.4708514e-05  1.0764173e-05  2.1059209e-06  1.9224695e-06  3.1928739e-06  3.0739647e-06
  9.3010486e-05 -8.0257693e-06              0 -7.6471047e-06  6.8398705e-07  5.9550528e-07 -6.5361142e-06  1.1556126e-05  9.8265363e-06  1.0764173e-05  1.2509943e-05  6.0377847e-08  7.5887528e-07  1.9610985e-07  1.8358755e-06
  1.8882425e-05 -7.5877938e-07              0  3.6045487e-07  1.3786959e-07  1.2199908e-07 -1.1693887e-05  2.0579312e-06  1.8781112e-06  2.1059209e-06  6.0377847e-08  3.0583359e-07  1.2951644e-07  1.4608211e-07 -7.4080139e-08
  1.9403818e-05 -8.0781247e-07              0   5.730464e-07  1.9369759e-07  1.6080119e-07 -1.3445796e-05  2.1624014e-06  1.9180902e-06  1.9224695e-06  7.5887528e-07  1.2951644e-07  6.4268992e-07  2.0036028e-07  4.0032819e-08
  2.6256267e-05 -1.2968156e-06              0  1.9101454e-06  2.2190104e-07  1.8006824e-07 -1.2052848e-05  3.0053302e-06  2.2843739e-06  3.1928739e-06  1.9610985e-07  1.4608211e-07  2.0036028e-07   3.517937e-07  1.0220672e-07
  2.2700902e-05 -8.9821656e-07              0  2.2943772e-06  5.2660473e-07  4.4150789e-07 -4.9898251e-06   2.801555e-06  2.4642976e-06  3.0739647e-06  1.8358755e-06 -7.4080139e-08  4.0032819e-08  1.0220672e-07    1.10119e-05


# ext. ||   Name    ||   type  ||     Value     ||  Error +/- 

   0   ||Natural mortality || limited ||    0.05164994126487 ||0.001272752377657
   1   ||Targeted q || limited ||      8.209058623904 ||0.1093862933045
   2   ||Nontargeted q || limited ||                   2 ||22.06548931833
   3   ||     sigma || limited ||      3.011091479625 ||0.1722997038282
   4   ||  Biomass1 || limited ||     0.8142391655867 ||0.03712459433536
   5   ||  Biomass2 || limited ||     0.6936636207882 ||0.02698585469629
   6   ||  vm_sigma || limited ||      35.74216823949 ||0.9723725133674
   7   ||Recruit year 1 || limited ||      8.797269375196 ||0.1875035698607
   8   ||Recruit year 2 || limited ||      5.666468727097 ||0.1289940391231
   9   ||Recruit year 3 || limited ||      9.243376500859 ||0.1883930620398
  10   ||Recruit year 4 || limited ||     0.3835909364321 ||0.01525723445148
  11   ||Mean Rec dist 1 || limited ||     0.6644704192808 ||0.003901815311273
  12   ||Mean Rec dist 2 || limited ||     0.9485183906487 ||0.005643171325717
  13   ||Mean Rec dist 3 || limited ||     0.5876478215444 ||0.004186757904258
  14   ||Mean Rec dist 4 || limited ||      1.092806292819 ||0.02332420709349





