# Minimum negative log likelihood

Minuit did successfully converge.
# of function calls: 1264
minimum function Value: 443.5913307157
minimum edm: 1.848378650638e-05
minimum internal state vector: LAVector parameters:
    -0.7931012732714
     -1.004500789688
     -1.287002217587
     -1.284032206469
     -1.522281855996
     -1.525363815128
    0.04185573589971
     -1.144443962364
     -0.975029102457
    -0.9399732719218
     -1.053858243368
    0.05587591091015
    0.04989754234804
     0.1022099522593
     0.1141790344686

minimum internal covariance matrix: LASymMatrix parameters:
   0.0027089903 -0.00012312136              0 -8.6309179e-05  1.0216144e-05  9.7663333e-06 -0.00051564672  0.00017030196  0.00023221446  0.00026369991   0.0001971839  7.1830079e-06  1.0016633e-05  9.7939516e-06   1.085981e-05
 -0.00012312136  6.4895327e-06              0  4.5902867e-06 -5.2687968e-07 -4.9777813e-07   1.743773e-05  -7.742183e-06 -1.0570069e-05 -1.2111176e-05 -9.1835729e-06 -2.5422759e-07 -3.7432888e-07 -3.6566804e-07 -4.0905536e-07
              0              0              2              0              0              0              0              0              0              0              0              0              0              0              0
 -8.6309179e-05  4.5902867e-06              0  0.00015517518  3.2801803e-06  2.4475644e-06 -6.5246535e-05 -5.3458106e-06 -7.6337787e-06 -5.3959179e-06 -7.5978588e-06 -1.5248219e-07 -2.3376053e-07  7.0823896e-07  1.0360203e-07
  1.0216144e-05 -5.2687968e-07              0  3.2801803e-06  1.4257377e-06  1.1349754e-06 -5.3877002e-06  6.4596353e-07  9.2270436e-07  1.2312081e-06  6.5200487e-07  3.3747848e-08  3.2995701e-08  9.0698165e-08  6.5393117e-08
  9.7663333e-06 -4.9777813e-07              0  2.4475644e-06  1.1349754e-06  9.1717884e-07 -4.5557959e-06  6.1075166e-07  8.6074396e-07  1.1494261e-06  6.2107465e-07  2.7173993e-08  3.3421342e-08  7.7071264e-08  5.6734224e-08
 -0.00051564672   1.743773e-05              0 -6.5246535e-05 -5.3877002e-06 -4.5557959e-06   0.0008764354 -3.3270155e-05  -4.509623e-05 -5.5587959e-05 -4.0559301e-05 -3.3034101e-06 -6.0679558e-06  -6.657281e-06 -6.4684675e-06
  0.00017030196  -7.742183e-06              0 -5.3458106e-06  6.4596353e-07  6.1075166e-07 -3.3270155e-05  1.2672158e-05  1.4531594e-05  1.6626002e-05  1.2589585e-05  3.8112133e-07  6.0991089e-07  5.7979182e-07  7.8213414e-07
  0.00023221446 -1.0570069e-05              0 -7.6337787e-06  9.2270436e-07  8.6074396e-07  -4.509623e-05  1.4531594e-05  2.1878568e-05  2.2313784e-05   1.692345e-05  5.9035813e-07  8.1497163e-07  8.2351035e-07  9.1230573e-07
  0.00026369991 -1.2111176e-05              0 -5.3959179e-06  1.2312081e-06  1.1494261e-06 -5.5587959e-05  1.6626002e-05  2.2313784e-05  2.7983879e-05   1.867312e-05  6.6336933e-07  1.0011999e-06  9.7533543e-07  1.0952725e-06
   0.0001971839 -9.1835729e-06              0 -7.5978588e-06  6.5200487e-07  6.2107465e-07 -4.0559301e-05  1.2589585e-05   1.692345e-05   1.867312e-05  1.9307004e-05  6.3693206e-07  7.3578931e-07  7.4377605e-07  8.1865655e-07
  7.1830079e-06 -2.5422759e-07              0 -1.5248219e-07  3.3747848e-08  2.7173993e-08 -3.3034101e-06  3.8112133e-07  5.9035813e-07  6.6336933e-07  6.3693206e-07  1.9306743e-07  3.8295435e-08  4.3535753e-08  2.6473022e-08
  1.0016633e-05 -3.7432888e-07              0 -2.3376053e-07  3.2995701e-08  3.3421342e-08 -6.0679558e-06  6.0991089e-07  8.1497163e-07  1.0011999e-06  7.3578931e-07  3.8295435e-08  1.2199331e-07  7.9017921e-08  6.2486316e-08
  9.7939516e-06 -3.6566804e-07              0  7.0823896e-07  9.0698165e-08  7.7071264e-08  -6.657281e-06  5.7979182e-07  8.2351035e-07  9.7533543e-07  7.4377605e-07  4.3535753e-08  7.9017921e-08  1.6865154e-07  6.3470987e-08
   1.085981e-05 -4.0905536e-07              0  1.0360203e-07  6.5393117e-08  5.6734224e-08 -6.4684675e-06  7.8213414e-07  9.1230573e-07  1.0952725e-06  8.1865655e-07  2.6473022e-08  6.2486316e-08  6.3470987e-08  2.6008758e-07


# ext. ||   Name    ||   type  ||     Value     ||  Error +/- 

   0   ||Natural mortality || limited ||    0.02718668326165 ||0.0006454229040745
   1   ||Targeted q || limited ||      7.805287961265 ||0.048321338022
   2   ||Nontargeted q || limited ||                   2 ||22.06548931833
   3   ||     sigma || limited ||      2.041791797546 ||0.124570917631
   4   ||  Biomass1 || limited ||     0.5882980681373 ||0.0204727265869
   5   ||  Biomass2 || limited ||     0.5159395234674 ||0.01537798094312
   6   ||  vm_sigma || limited ||      41.67421970922 ||0.8365410730092
   7   ||Recruit year 1 || limited ||      4.485537797942 ||0.05204356134214
   8   ||Recruit year 2 || limited ||      8.623227631802 ||0.09278858002826
   9   ||Recruit year 3 || limited ||       9.63192090087 ||0.110300215699
  10   ||Recruit year 4 || limited ||      6.542520943309 ||0.07676958380793
  11   ||Mean Rec dist 1 || limited ||     0.5584684025615 ||0.003102138544596
  12   ||Mean Rec dist 2 || limited ||     0.4987683940195 ||0.002466676118666
  13   ||Mean Rec dist 3 || limited ||      1.020320827724 ||0.002888734855175
  14   ||Mean Rec dist 4 || limited ||      1.139311069395 ||0.003582677471166





