# Minimum negative log likelihood

Minuit did successfully converge.
# of function calls: 676
minimum function Value: 346.5518613708
minimum edm: 5.692142677102e-05
minimum internal state vector: LAVector parameters:
      -1.11298289792
     -1.287002217587
     -1.343985442577
     -1.491420427534
     -1.494901122629
      0.196231556642
    -0.5937702109835
     -1.015164679654
     -1.032072267324
     -1.175458254549
    -0.9895558898314

minimum internal covariance matrix: LASymMatrix parameters:
   1.030526e-06              0  -2.662557e-07 -1.4495904e-07 -1.3075246e-07  2.3535899e-07  -9.914251e-06  4.2986505e-08 -1.6820923e-07 -4.5113869e-07 -6.3438659e-07
              0              2              0              0              0              0              0              0              0              0              0
  -2.662557e-07              0  7.5067984e-05  2.1330212e-07  2.1718433e-07 -1.4808303e-07  1.3756531e-06  1.6207397e-06   6.549874e-07  5.0786076e-07 -2.1823011e-06
 -1.4495904e-07              0  2.1330212e-07  6.2857229e-07  5.1655471e-07 -3.3542269e-08  1.0322616e-06   7.756017e-08  4.7198517e-08  5.8479345e-08  3.8819779e-09
 -1.3075246e-07              0  2.1718433e-07  5.1655471e-07  4.3059418e-07 -3.0210845e-08  9.2441034e-07   8.129399e-08  4.3690975e-08  5.0671644e-08 -1.1254304e-08
  2.3535899e-07              0 -1.4808303e-07 -3.3542269e-08 -3.0210845e-08  1.5488112e-07 -4.4510907e-06 -5.6278455e-09 -5.8420627e-08 -1.3115145e-07 -5.1581793e-08
  -9.914251e-06              0  1.3756531e-06  1.0322616e-06  9.2441034e-07 -4.4510907e-06  0.00029088253  -3.003468e-06  1.0376192e-06  5.6191028e-06  3.3448482e-06
  4.2986505e-08              0  1.6207397e-06   7.756017e-08   8.129399e-08 -5.6278455e-09  -3.003468e-06  1.3709875e-06   1.537382e-07 -1.1844996e-07 -4.3118323e-07
 -1.6820923e-07              0   6.549874e-07  4.7198517e-08  4.3690975e-08 -5.8420627e-08  1.0376192e-06   1.537382e-07   8.680973e-07  4.4787176e-08 -1.2711485e-08
 -4.5113869e-07              0  5.0786076e-07  5.8479345e-08  5.0671644e-08 -1.3115145e-07  5.6191028e-06 -1.1844996e-07  4.4787176e-08  1.0637443e-06  1.7047094e-07
 -6.3438659e-07              0 -2.1823011e-06  3.8819779e-09 -1.1254304e-08 -5.1581793e-08  3.3448482e-06 -4.3118323e-07 -1.2711485e-08  1.7047094e-07  3.0811596e-06


# ext. ||   Name    ||   type  ||     Value     ||  Error +/- 

   0   ||Targeted q || limited ||      5.148946059545 ||0.0158633422466
   1   ||Nontargeted q || limited ||                   2 ||22.06548931833
   2   ||     sigma || limited ||      1.280575541092 ||0.06888324072132
   3   ||  Biomass1 || limited ||      1.574306504511 ||0.02222619470635
   4   ||  Biomass2 || limited ||      1.439329416881 ||0.01759083257383
   5   ||   vm_mean || limited ||      1.949746034846 ||0.002729407421631
   6   ||  vm_sigma || limited ||      17.62118442589 ||0.3998131595155
   7   ||Recruit year 1 || limited ||      7.530876411294 ||0.02183405010872
   8   ||Recruit year 2 || limited ||      7.091092322465 ||0.01689849308373
   9   ||Recruit year 3 || limited ||       3.86629339954 ||0.01404191932391
  10   ||Recruit year 4 || limited ||      8.220068040301 ||0.03407134131928





