# Minimum negative log likelihood

Minuit did successfully converge.
# of function calls: 1031
minimum function Value: 326.3940966781
minimum edm: 1.955887198927e-05
minimum internal state vector: LAVector parameters:
    -0.8790077744921
     -1.049197402669
     -1.287002217587
     -1.354781060335
     -1.419702407227
     -1.428659529671
    0.09011701401598
      -0.68299715534
     -1.062666602829
     -1.294682863789
     -1.429827216864
     -1.378180159869

minimum internal covariance matrix: LASymMatrix parameters:
   7.213531e-05 -2.2100302e-05              0 -4.3740865e-06  6.7749416e-06  6.1244299e-06  5.7054759e-06 -3.0546696e-05    3.08664e-05  1.6098172e-05  8.3892796e-06  1.1619979e-05
 -2.2100302e-05  7.9831375e-06              0  1.0611744e-06 -2.4374501e-06 -2.1943847e-06 -1.3507365e-06  5.8466382e-06 -9.6906674e-06 -4.9648203e-06 -2.5991005e-06 -3.7853568e-06
              0              0              2              0              0              0              0              0              0              0              0              0
 -4.3740865e-06  1.0611744e-06              0   5.469923e-05 -3.6863791e-07 -3.2939606e-07  -5.378894e-07  3.9600805e-06 -1.6211344e-06  -1.000099e-06 -5.4005692e-07 -5.4889271e-07
  6.7749416e-06 -2.4374501e-06              0 -3.6863791e-07  1.1218567e-06  9.7420667e-07  4.1169109e-07 -2.0946442e-06   2.992793e-06  1.5121938e-06  7.9287491e-07  1.1698386e-06
  6.1244299e-06 -2.1943847e-06              0 -3.2939606e-07  9.7420667e-07  8.5187483e-07  3.7722117e-07 -1.8594781e-06   2.700729e-06   1.367078e-06  7.1594592e-07  1.0562244e-06
  5.7054759e-06 -1.3507365e-06              0  -5.378894e-07  4.1169109e-07  3.7722117e-07  9.2062008e-07 -5.6397047e-06  2.3698638e-06  1.2342618e-06  6.5430908e-07  8.8578098e-07
 -3.0546696e-05  5.8466382e-06              0  3.9600805e-06 -2.0946442e-06 -1.8594781e-06 -5.6397047e-06  6.5676373e-05 -1.2295973e-05 -6.7021072e-06 -3.4035729e-06 -4.4205826e-06
    3.08664e-05 -9.6906674e-06              0 -1.6211344e-06   2.992793e-06   2.700729e-06  2.3698638e-06 -1.2295973e-05  1.3873338e-05  6.8938872e-06  3.6100352e-06  5.0280801e-06
  1.6098172e-05 -4.9648203e-06              0  -1.000099e-06  1.5121938e-06   1.367078e-06  1.2342618e-06 -6.7021072e-06  6.8938872e-06  4.1660538e-06  1.8646011e-06  2.5992346e-06
  8.3892796e-06 -2.5991005e-06              0 -5.4005692e-07  7.9287491e-07  7.1594592e-07  6.5430908e-07 -3.4035729e-06  3.6100352e-06  1.8646011e-06  1.5386187e-06  1.3642435e-06
  1.1619979e-05 -3.7853568e-06              0 -5.4889271e-07  1.1698386e-06  1.0562244e-06  8.8578098e-07 -4.4205826e-06  5.0280801e-06  2.5992346e-06  1.3642435e-06  2.6803102e-06


# ext. ||   Name    ||   type  ||     Value     ||  Error +/- 

   0   ||Natural mortality || limited ||    0.03448405470233 ||0.0005746597896722
   1   ||Targeted q || limited ||      6.648820146945 ||0.04977413443448
   2   ||Nontargeted q || limited ||                   2 ||22.06548931833
   3   ||     sigma || limited ||      1.162035688063 ||0.05604608216351
   4   ||  Biomass1 || limited ||      5.696493470034 ||0.05636596550451
   5   ||  Biomass2 || limited ||      5.042219750117 ||0.0462259746162
   6   ||   vm_mean || limited ||     0.2827279104975 ||0.00212280060015
   7   ||  vm_sigma || limited ||      14.75598745825 ||0.1777980363626
   8   ||Recruit year 1 || limited ||       6.32656793412 ||0.06406543651286
   9   ||Recruit year 2 || limited ||      1.903698430477 ||0.01967111661719
  10   ||Recruit year 3 || limited ||     0.5059354703365 ||0.006161147646957
  11   ||Recruit year 4 || limited ||     0.9345680985483 ||0.01107918853946





