# Minimum negative log likelihood

Minuit did successfully converge.
# of function calls: 1911
minimum function Value: 407.6373651898
minimum edm: 4.776731070158e-06
minimum internal state vector: LAVector parameters:
      3.023203792811
    -0.9315268367758
     -1.287002217587
     -1.307933893489
     -1.456725563103
      -1.46677552625
     0.2429671622682
     -1.376531521662
    -0.9542966797463
     -1.372652967227
     -1.170497167424
    0.09808430846404
    0.08738890158502
    0.04436775450756
    0.02934099459493

minimum internal covariance matrix: LASymMatrix parameters:
   0.0029026108  0.00020191532              0  6.7333351e-05 -4.2737008e-05 -3.4958504e-05  0.00080425824  -9.937017e-05 -0.00031813244 -6.8847828e-05 -0.00017660793 -1.1317088e-05 -1.0765162e-05 -1.0398435e-05 -7.8495455e-06
  0.00020191532  1.6357498e-05              0  4.4147343e-06 -3.3861227e-06 -2.7801083e-06  4.6137756e-05 -7.0372619e-06 -2.2575599e-05 -5.0260264e-06 -1.2844475e-05 -6.5581985e-07 -6.1569066e-07 -6.1752291e-07  -4.599106e-07
              0              0              2              0              0              0              0              0              0              0              0              0              0              0              0
  6.7333351e-05  4.4147343e-06              0   9.984081e-05 -1.2046615e-06  -8.873832e-07  9.6123704e-05 -2.3657239e-06 -6.9613017e-06 -1.4283494e-06 -4.3643801e-06 -2.8577501e-07 -5.1034122e-07 -5.7714602e-07 -4.1181228e-07
 -4.2737008e-05 -3.3861227e-06              0 -1.2046615e-06  1.4626148e-06  1.1551345e-06 -8.9077454e-06  1.4836961e-06  4.7272063e-06  9.6625522e-07  2.6691792e-06  1.5385396e-07  1.3999778e-07    1.44728e-07  9.2490519e-08
 -3.4958504e-05 -2.7801083e-06              0  -8.873832e-07  1.1551345e-06  9.2809099e-07 -6.6616134e-06  1.2165019e-06  3.8844805e-06  8.2653704e-07   2.186084e-06  1.2367529e-07  1.1181002e-07  1.1626842e-07  7.3427749e-08
  0.00080425824  4.6137756e-05              0  9.6123704e-05 -8.9077454e-06 -6.6616134e-06     0.00175375   -2.82327e-05 -8.4860721e-05  -2.704552e-05 -5.0868739e-05 -4.8015623e-06  -8.113081e-06  -8.780172e-06 -7.6862176e-06
  -9.937017e-05 -7.0372619e-06              0 -2.3657239e-06  1.4836961e-06  1.2165019e-06   -2.82327e-05  4.8330438e-06  1.0894898e-05  2.4569844e-06  6.0894298e-06  3.4422439e-07  3.6378522e-07  3.5794585e-07  2.6744159e-07
 -0.00031813244 -2.2575599e-05              0 -6.9613017e-06  4.7272063e-06  3.8844805e-06 -8.4860721e-05  1.0894898e-05  3.6630917e-05  7.7650607e-06  1.9462907e-05  1.1947352e-06  1.1317349e-06  1.1059706e-06    8.35146e-07
 -6.8847828e-05 -5.0260264e-06              0 -1.4283494e-06  9.6625522e-07  8.2653704e-07  -2.704552e-05  2.4569844e-06  7.7650607e-06  3.8700342e-06  4.3682322e-06  2.2732238e-07   2.620063e-07  2.7858061e-07   2.031467e-07
 -0.00017660793 -1.2844475e-05              0 -4.3643801e-06  2.6691792e-06   2.186084e-06 -5.0868739e-05  6.0894298e-06  1.9462907e-05  4.3682322e-06  1.2616602e-05  6.6680146e-07  6.2872776e-07   6.088037e-07  4.9330694e-07
 -1.1317088e-05 -6.5581985e-07              0 -2.8577501e-07  1.5385396e-07  1.2367529e-07 -4.8015623e-06  3.4422439e-07  1.1947352e-06  2.2732238e-07  6.6680146e-07  4.5141513e-07  5.7307681e-08  5.7698036e-08  4.3143168e-08
 -1.0765162e-05 -6.1569066e-07              0 -5.1034122e-07  1.3999778e-07  1.1181002e-07  -8.113081e-06  3.6378522e-07  1.1317349e-06   2.620063e-07  6.2872776e-07  5.7307681e-08   9.868109e-08  6.3604336e-08  4.9560642e-08
 -1.0398435e-05 -6.1752291e-07              0 -5.7714602e-07    1.44728e-07  1.1626842e-07  -8.780172e-06  3.5794585e-07  1.1059706e-06  2.7858061e-07   6.088037e-07  5.7698036e-08  6.3604336e-08  3.0615427e-07  4.9602804e-08
 -7.8495455e-06  -4.599106e-07              0 -4.1181228e-07  9.2490519e-08  7.3427749e-08 -7.6862176e-06  2.6744159e-07    8.35146e-07   2.031467e-07  4.9330694e-07  4.3143168e-08  4.9560642e-08  4.9602804e-08  9.0052102e-08


# ext. ||   Name    ||   type  ||     Value     ||  Error +/- 

   0   ||Natural mortality || limited ||    0.04795281249189 ||0.0009455047360658
   1   ||Targeted q || limited ||      9.873409947058 ||0.08531058119443
   2   ||Nontargeted q || limited ||                   2 ||22.06548931833
   3   ||     sigma || limited ||      1.717492793096 ||0.09179541971924
   4   ||  Biomass1 || limited ||      3.249508900177 ||0.04866895516351
   5   ||  Biomass2 || limited ||      2.702643460346 ||0.03536608278773
   6   ||  vm_sigma || limited ||      49.62372743673 ||1.149510448887
   7   ||Recruit year 1 || limited ||     0.9504129210571 ||0.01500309374276
   8   ||Recruit year 2 || limited ||       9.21371480435 ||0.1237084235956
   9   ||Recruit year 3 || limited ||     0.9882148716536 ||0.01368998084333
  10   ||Recruit year 4 || limited ||       3.96238199015 ||0.04893345647932
  11   ||Mean Rec dist 1 || limited ||     0.9792711356705 ||0.00472803423718
  12   ||Mean Rec dist 2 || limited ||     0.8727771516207 ||0.002212796815088
  13   ||Mean Rec dist 3 || limited ||     0.4435319963686 ||0.003908656939418
  14   ||Mean Rec dist 4 || limited ||     0.2933678486196 ||0.002121020950355





