# Minimum negative log likelihood

Minuit did successfully converge.
# of function calls: 1225
minimum function Value: 302.9496143363
minimum edm: 5.050019865777e-06
minimum internal state vector: LAVector parameters:
     0.3514259697897
     -1.137565861835
     -1.287002217587
     -1.366654402259
     -1.442304395938
     -1.449165722174
    -0.6027803194165
     -1.193781312101
     -1.179506032365
     -1.130980503247
     -1.134688901547
    0.02118812539719
    0.06887525184752
    0.06712140765801
     0.1007665491442

minimum internal covariance matrix: LASymMatrix parameters:
   0.0011016761 -8.6980235e-05              0 -1.4236121e-05   2.597218e-05  2.3851626e-05 -0.00015098991  0.00010705675  0.00011646226  0.00013115207   0.0001286663  6.8049446e-06  7.3457874e-06  7.5734093e-06  7.1130445e-06
 -8.6980235e-05  8.1102327e-06              0  1.2505007e-06 -2.3800142e-06 -2.1790741e-06   7.477311e-06 -8.8618558e-06 -9.5930463e-06 -1.0808035e-05 -1.0924379e-05 -4.1986989e-07 -4.4218942e-07 -4.9147038e-07 -4.7534761e-07
              0              0              2              0              0              0              0              0              0              0              0              0              0              0              0
 -1.4236121e-05  1.2505007e-06              0  5.3578586e-05 -6.3244213e-07 -5.7779667e-07  4.1786466e-07 -1.1093306e-06 -1.5947223e-06 -1.6441823e-06 -2.3240202e-06 -5.0048735e-08 -1.0791432e-07  -1.304115e-07  2.6235881e-08
   2.597218e-05 -2.3800142e-06              0 -6.3244213e-07  1.1670239e-06   1.028401e-06 -2.0735598e-06  2.6151777e-06  2.8630884e-06  3.2147022e-06  3.3357265e-06  1.1590388e-07  1.3026037e-07  1.3235845e-07  1.3432259e-07
  2.3851626e-05 -2.1790741e-06              0 -5.7779667e-07   1.028401e-06  9.1242638e-07 -1.8728203e-06  2.3940596e-06  2.6283813e-06  2.9504306e-06  3.0562579e-06  1.0934658e-07    1.20363e-07  1.2304204e-07  1.2286605e-07
 -0.00015098991   7.477311e-06              0  4.1786466e-07 -2.0735598e-06 -1.8728203e-06  0.00010833637 -1.3684401e-05 -1.4230423e-05 -1.6413655e-05  -1.530084e-05 -1.8647975e-06 -2.5713957e-06  -2.497161e-06 -2.5117439e-06
  0.00010705675 -8.8618558e-06              0 -1.1093306e-06  2.6151777e-06  2.3940596e-06 -1.3684401e-05  1.1310773e-05  1.1459738e-05  1.2869042e-05  1.2619385e-05   6.358986e-07  6.8182888e-07  7.1818549e-07  6.8048844e-07
  0.00011646226 -9.5930463e-06              0 -1.5947223e-06  2.8630884e-06  2.6283813e-06 -1.4230423e-05  1.1459738e-05  1.3185521e-05  1.3923736e-05  1.3879917e-05  6.8224598e-07  7.1954723e-07  7.7140187e-07  7.1768838e-07
  0.00013115207 -1.0808035e-05              0 -1.6441823e-06  3.2147022e-06  2.9504306e-06 -1.6413655e-05  1.2869042e-05  1.3923736e-05  1.6603158e-05  1.5579364e-05  7.6527235e-07  8.2658664e-07  8.4321844e-07  8.2024004e-07
   0.0001286663 -1.0924379e-05              0 -2.3240202e-06  3.3357265e-06  3.0562579e-06  -1.530084e-05  1.2619385e-05  1.3879917e-05  1.5579364e-05  1.7022386e-05  6.9840313e-07  7.7576328e-07  8.0451322e-07  8.1639057e-07
  6.8049446e-06 -4.1986989e-07              0 -5.0048735e-08  1.1590388e-07  1.0934658e-07 -1.8647975e-06   6.358986e-07  6.8224598e-07  7.6527235e-07  6.9840313e-07  1.3455865e-07  6.6215775e-08  6.2815299e-08  6.1839152e-08
  7.3457874e-06 -4.4218942e-07              0 -1.0791432e-07  1.3026037e-07    1.20363e-07 -2.5713957e-06  6.8182888e-07  7.1954723e-07  8.2658664e-07  7.7576328e-07  6.6215775e-08  1.7068701e-07  8.5074693e-08   7.446115e-08
  7.5734093e-06 -4.9147038e-07              0  -1.304115e-07  1.3235845e-07  1.2304204e-07  -2.497161e-06  7.1818549e-07  7.7140187e-07  8.4321844e-07  8.0451322e-07  6.2815299e-08  8.5074693e-08  1.6248332e-07  7.4086953e-08
  7.1130445e-06 -4.7534761e-07              0  2.6235881e-08  1.3432259e-07  1.2286605e-07 -2.5117439e-06  6.8048844e-07  7.1768838e-07  8.2024004e-07  8.1639057e-07  6.1839152e-08   7.446115e-08  7.4086953e-08  1.8225537e-07


# ext. ||   Name    ||   type  ||     Value     ||  Error +/- 

   0   ||Natural mortality || limited ||    0.05360592438722 ||0.0005508374913654
   1   ||Targeted q || limited ||      4.619283871907 ||0.04226870881751
   2   ||Nontargeted q || limited ||                   2 ||22.06548931833
   3   ||     sigma || limited ||      1.038234997745 ||0.05246385938217
   4   ||  Biomass1 || limited ||      4.121868324869 ||0.04894124279287
   5   ||  Biomass2 || limited ||      3.693943606485 ||0.04097560750763
   6   ||  vm_sigma || limited ||       17.3233840802 ||0.242507300328
   7   ||Recruit year 1 || limited ||      3.521264397368 ||0.04377017619146
   8   ||Recruit year 2 || limited ||      3.788735334808 ||0.04895751565375
   9   ||Recruit year 3 || limited ||      4.768019355771 ||0.06133159514548
  10   ||Recruit year 4 || limited ||       4.68939172463 ||0.06161123719108
  11   ||Mean Rec dist 1 || limited ||     0.2118654007841 ||0.002593243561112
  12   ||Mean Rec dist 2 || limited ||     0.6882080968867 ||0.002914434627431
  13   ||Mean Rec dist 3 || limited ||      0.670710188499 ||0.002843873944995
  14   ||Mean Rec dist 4 || limited ||      1.005961068326 ||0.003003423156334





