# Minimum negative log likelihood

Minuit did successfully converge.
# of function calls: 797
minimum function Value: 639.7718741478
minimum edm: 2.460428673532e-05
minimum internal state vector: LAVector parameters:
    -0.4107958989576
     -1.045566121505
     -1.287002217587
     -1.108750064208
     -1.527436833197
     -1.530742361002
     0.2762666510529
    -0.4342763873219
     -1.098153333817
     -1.065372829483
     -1.183797315576
     -1.088317737509

minimum internal covariance matrix: LASymMatrix parameters:
     0.13757523   -0.010513273              0  2.9718972e-05  0.00078622023  0.00075969111 -0.00014507426   0.0028752248   0.0085341679    0.010189713    0.007485063    0.010692893
   -0.010513273  0.00082023593              0 -7.4679719e-06 -6.1582502e-05 -5.9503376e-05  1.7164699e-05 -0.00030880075 -0.00065370332 -0.00078117308 -0.00057267516 -0.00082129452
              0              0              2              0              0              0              0              0              0              0              0              0
  2.9718972e-05 -7.4679719e-06              0  0.00027789012  3.9244746e-07  4.1456239e-07 -1.8003774e-06  2.9094461e-05  2.1110536e-06  3.5904646e-06  1.0638295e-06  1.0526079e-06
  0.00078622023 -6.1582502e-05              0  3.9244746e-07  1.2090723e-05  1.0430797e-05 -1.4070871e-06  3.2051268e-05  4.8902364e-05  5.8562202e-05  4.3245954e-05  6.1141728e-05
  0.00075969111 -5.9503376e-05              0  4.1456239e-07  1.0430797e-05  9.1675699e-06 -1.3639703e-06  3.0916994e-05  4.7235079e-05  5.6526836e-05  4.1791414e-05  5.9105566e-05
 -0.00014507426  1.7164699e-05              0 -1.8003774e-06 -1.4070871e-06 -1.3639703e-06  6.2613481e-06 -7.7239622e-05 -9.5830092e-06  -1.124029e-05 -8.3214787e-06 -1.2579961e-05
   0.0028752248 -0.00030880075              0  2.9094461e-05  3.2051268e-05  3.0916994e-05 -7.7239622e-05    0.001897839  0.00019271538  0.00022289983  0.00016053794  0.00024287686
   0.0085341679 -0.00065370332              0  2.1110536e-06  4.8902364e-05  4.7235079e-05 -9.5830092e-06  0.00019271538    0.000543289  0.00063178184  0.00046301439  0.00066331804
    0.010189713 -0.00078117308              0  3.5904646e-06  5.8562202e-05  5.6526836e-05  -1.124029e-05  0.00022289983  0.00063178184  0.00076753032  0.00055371735  0.00079213563
    0.007485063 -0.00057267516              0  1.0638295e-06  4.3245954e-05  4.1791414e-05 -8.3214787e-06  0.00016053794  0.00046301439  0.00055371735  0.00042115897  0.00058169956
    0.010692893 -0.00082129452              0  1.0526079e-06  6.1141728e-05  5.9105566e-05 -1.2579961e-05  0.00024287686  0.00066331804  0.00079213563  0.00058169956  0.00084773617


# ext. ||   Name    ||   type  ||     Value     ||  Error +/- 

   0   ||Natural mortality || limited ||    0.03501652157091 ||0.005942659123227
   1   ||Targeted q || limited ||       6.73957315949 ||0.5076794758935
   2   ||Nontargeted q || limited ||                   2 ||22.06548931833
   3   ||     sigma || limited ||      5.242890610639 ||0.2627258443876
   4   ||  Biomass1 || limited ||     0.4699377889741 ||0.05328792531123
   5   ||  Biomass2 || limited ||     0.4010264250678 ||0.04286582438767
   6   ||   vm_mean || limited ||     0.8569189570411 ||0.005347859274019
   7   ||  vm_sigma || limited ||      23.17054763962 ||1.117613177751
   8   ||Recruit year 1 || limited ||      5.491041824361 ||0.3751015362496
   9   ||Recruit year 2 || limited ||      6.260899607501 ||0.4741728099071
  10   ||Recruit year 3 || limited ||      3.707338505086 ||0.2738003450641
  11   ||Recruit year 4 || limited ||      5.717047315633 ||0.477536973992





