# Minimum negative log likelihood

Minuit did successfully converge.
# of function calls: 1394
minimum function Value: 514.4055041976
minimum edm: 3.439446344772e-05
minimum internal state vector: LAVector parameters:
   -0.01046928998262
     -1.326214287445
     -1.287002217587
     -1.230332799773
     -1.518094716685
     -1.514688918386
    -0.9817109151377
     0.1196222701828
     -1.164675365083
     -1.028292315715
     -0.982598742312
     -1.120329916131

minimum internal covariance matrix: LASymMatrix parameters:
     0.04789601  -0.0087129237              0  6.9061421e-05   0.0018154101   0.0018934497 -3.9865136e-05  -0.0017813043    0.014993288    0.019081707    0.021447457    0.016616465
  -0.0087129237   0.0016003895              0 -1.1629992e-05 -0.00033599644 -0.00034689478  1.3327987e-05  0.00014420053  -0.0027537317  -0.0034937736  -0.0039259468  -0.0030402824
              0              0              2              0              0              0              0              0              0              0              0              0
  6.9061421e-05 -1.1629992e-05              0  0.00013883737  2.2832303e-06  2.8818412e-06 -8.3973958e-07 -4.8856662e-05  2.1962014e-05  2.7147292e-05  3.0125834e-05  2.3346483e-05
   0.0018154101 -0.00033599644              0  2.2832303e-06  8.7280635e-05  7.8723218e-05 -1.5581853e-06  -3.234708e-05  0.00060964807  0.00073306529  0.00082172294  0.00063624197
   0.0018934497 -0.00034689478              0  2.8818412e-06  7.8723218e-05  8.2912005e-05  -1.179351e-06 -5.1212976e-05  0.00058344943   0.0007581525  0.00085156436  0.00065938415
 -3.9865136e-05  1.3327987e-05              0 -8.3973958e-07 -1.5581853e-06  -1.179351e-06  1.2401667e-05 -0.00026343965 -1.8046115e-05 -2.3993879e-05 -2.7477782e-05  -2.087497e-05
  -0.0017813043  0.00014420053              0 -4.8856662e-05  -3.234708e-05 -5.1212976e-05 -0.00026343965    0.015808361  -0.0008738287 -0.00048116406 -0.00052857569 -0.00042330338
    0.014993288  -0.0027537317              0  2.1962014e-05  0.00060964807  0.00058344943 -1.8046115e-05  -0.0008738287   0.0049485173   0.0060172134   0.0067566467   0.0052332544
    0.019081707  -0.0034937736              0  2.7147292e-05  0.00073306529   0.0007581525 -2.3993879e-05 -0.00048116406   0.0060172134   0.0076416785   0.0085804113   0.0066458836
    0.021447457  -0.0039259468              0  3.0125834e-05  0.00082172294  0.00085156436 -2.7477782e-05 -0.00052857569   0.0067566467   0.0085804113   0.0096489581   0.0074683978
    0.016616465  -0.0030402824              0  2.3346483e-05  0.00063624197  0.00065938415  -2.087497e-05 -0.00042330338   0.0052332544   0.0066458836   0.0074683978   0.0057916503


# ext. ||   Name    ||   type  ||     Value     ||  Error +/- 

   0   ||Natural mortality || limited ||    0.04473827253165 ||0.003853151429858
   1   ||Targeted q || limited ||      1.488069038415 ||0.3424489853737
   2   ||Nontargeted q || limited ||                   2 ||22.06548931833
   3   ||     sigma || limited ||      2.870000801175 ||0.1391076025732
   4   ||  Biomass1 || limited ||     0.6942042277102 ||0.1739937400135
   5   ||  Biomass2 || limited ||     0.7868038794957 ||0.1805315197554
   6   ||   vm_mean || limited ||      -2.61207461312 ||0.004346476547667
   7   ||  vm_sigma || limited ||      44.77392774473 ||3.526111183531
   8   ||Recruit year 1 || limited ||      4.076586307566 ||0.9820209480144
   9   ||Recruit year 2 || limited ||      7.188352515789 ||1.594470242962
  10   ||Recruit year 3 || limited ||      8.412053582655 ||1.925253107285
  11   ||Recruit year 4 || limited ||      4.997294627888 ||1.170784705946





