# Minimum negative log likelihood

Minuit did successfully converge.
# of function calls: 1030
minimum function Value: 366.4809312341
minimum edm: 4.023992578876e-05
minimum internal state vector: LAVector parameters:
    -0.8069192136539
     -1.178417400716
     -1.287002217587
     -1.332818667104
     -1.533764566634
     -1.535058987499
    -0.5521394918589
    -0.2385996651533
      -1.19327196444
     -1.122258066051
     -1.493044828494
     -1.226356881652

minimum internal covariance matrix: LASymMatrix parameters:
    0.017597556  -0.0014336117              0 -9.0550907e-05  0.00013907835  0.00013247676  3.7548312e-05 -4.7572156e-05    0.001339248   0.0017327586  0.00029726912   0.0012384421
  -0.0014336117  0.00011844169              0  7.3968611e-06 -1.1511361e-05 -1.0963204e-05 -2.3646045e-06 -1.0322331e-05  -0.0001095911 -0.00014157308 -2.3548597e-05 -0.00010144217
              0              0              2              0              0              0              0              0              0              0              0              0
 -9.0550907e-05  7.3968611e-06              0  7.3573285e-05 -1.0138737e-06 -8.4028579e-07  1.1343696e-07 -8.2280036e-06 -7.0169999e-06 -9.3610823e-06  -1.890744e-06 -6.7044729e-06
  0.00013907835 -1.1511361e-05              0 -1.0138737e-06   2.828816e-06  2.3384774e-06  2.3452051e-07 -2.6997139e-06  1.1173285e-05  1.3836667e-05  2.2843993e-06  9.8571445e-06
  0.00013247676 -1.0963204e-05              0 -8.4028579e-07  2.3384774e-06  2.0062062e-06   2.120537e-07 -1.0724367e-06  1.0441425e-05  1.3140404e-05  2.1699048e-06   9.377212e-06
  3.7548312e-05 -2.3646045e-06              0  1.1343696e-07  2.3452051e-07   2.120537e-07  1.2943347e-06 -1.4209856e-05  2.7196476e-06  3.5205841e-06  9.4742139e-07  2.4377663e-06
 -4.7572156e-05 -1.0322331e-05              0 -8.2280036e-06 -2.6997139e-06 -1.0724367e-06 -1.4209856e-05  0.00077242061 -5.2011065e-07 -2.0175597e-07 -6.0275694e-06  -4.780054e-07
    0.001339248  -0.0001095911              0 -7.0169999e-06  1.1173285e-05  1.0441425e-05  2.7196476e-06 -5.2011065e-07  0.00010347572  0.00013190616  2.2748246e-05  9.4330707e-05
   0.0017327586 -0.00014157308              0 -9.3610823e-06  1.3836667e-05  1.3140404e-05  3.5205841e-06 -2.0175597e-07  0.00013190616  0.00017176048  2.8717607e-05  0.00012212244
  0.00029726912 -2.3548597e-05              0  -1.890744e-06  2.2843993e-06  2.1699048e-06  9.4742139e-07 -6.0275694e-06  2.2748246e-05  2.8717607e-05  8.0144722e-06  2.0583887e-05
   0.0012384421 -0.00010144217              0 -6.7044729e-06  9.8571445e-06   9.377212e-06  2.4377663e-06  -4.780054e-07  9.4330707e-05  0.00012212244  2.0583887e-05  8.8261792e-05


# ext. ||   Name    ||   type  ||     Value     ||  Error +/- 

   0   ||Natural mortality || limited ||    0.02694601142045 ||0.001619752144997
   1   ||Targeted q || limited ||       3.79989982939 ||0.1471319043481
   2   ||Nontargeted q || limited ||                   2 ||22.06548931833
   3   ||     sigma || limited ||      1.409164809512 ||0.07148938830368
   4   ||  Biomass1 || limited ||     0.3427986376797 ||0.02201569213492
   5   ||  Biomass2 || limited ||     0.3192553745407 ||0.01789255998544
   6   ||   vm_mean || limited ||     -1.647796764409 ||0.002151760616505
   7   ||  vm_sigma || limited ||      30.54693035519 ||0.7637606490878
   8   ||Recruit year 1 || limited ||      3.530645223973 ||0.1325581110477
   9   ||Recruit year 2 || limited ||      4.955408092811 ||0.2009116767715
  10   ||Recruit year 3 || limited ||      0.161041160254 ||0.007773558195758
  11   ||Recruit year 4 || limited ||      2.946462197746 ||0.1121465897089





