# Minimum negative log likelihood

Minuit did successfully converge.
# of function calls: 1403
minimum function Value: 684.813326235
minimum edm: 5.479423070902e-06
minimum internal state vector: LAVector parameters:
    -0.9762841573746
     -1.055454277793
     -1.287002217587
     -1.054779949098
     -1.487778427143
     -1.492185125909
    -0.3930245163271
     -1.039933896095
     -1.105147735264
     -1.473359742835
     -1.037374639342
     0.0873349438787
    0.05239892836055
    0.07663901641016
     0.1010237925757

minimum internal covariance matrix: LASymMatrix parameters:
    0.072473105  -0.0027530206              0 -6.4607805e-05  0.00045889033  0.00041932996   -0.007624201   0.0051222086   0.0044339172  0.00096553709   0.0051002748  0.00025950257  0.00025874789  0.00033128937  0.00024301755
  -0.0027530206   0.0001193762              0  3.2523893e-06 -1.9720288e-05 -1.7907273e-05  0.00023262197 -0.00019651133 -0.00016874679 -3.4952111e-05 -0.00020268278 -8.0393126e-06 -8.5323522e-06 -1.3049379e-05 -8.1257732e-06
              0              0              2              0              0              0              0              0              0              0              0              0              0              0              0
 -6.4607805e-05  3.2523893e-06              0  0.00034365247 -1.0839166e-06 -9.2949212e-07  1.7531263e-05 -5.6868309e-06 -1.7625184e-06 -6.3634535e-07 -7.0722178e-06 -1.9236582e-07 -1.0638804e-06  4.5135337e-06 -4.9811258e-07
  0.00045889033 -1.9720288e-05              0 -1.0839166e-06  1.4903607e-05  1.2543035e-05 -3.5818409e-05  3.2249937e-05  2.7761084e-05  6.6342004e-06  3.4676705e-05   1.351162e-06  1.6502187e-06    1.91123e-06  1.3036895e-06
  0.00041932996 -1.7907273e-05              0 -9.2949212e-07  1.2543035e-05  1.0666271e-05 -3.3092123e-05  2.9466043e-05  2.5401285e-05  6.0047773e-06  3.1575261e-05  1.2616095e-06  1.5009701e-06  1.8049607e-06  1.2084484e-06
   -0.007624201  0.00023262197              0  1.7531263e-05 -3.5818409e-05 -3.3092123e-05   0.0037982312 -0.00052836689 -0.00045292224 -0.00010923971 -0.00052822431 -6.4527872e-05 -5.5190855e-05 -2.5699136e-05  -6.342252e-05
   0.0051222086 -0.00019651133              0 -5.6868309e-06  3.2249937e-05  2.9466043e-05 -0.00052836689  0.00037776449  0.00031366317  6.7245274e-05  0.00036140931  1.7791292e-05  1.8092748e-05  2.3350396e-05  1.7001758e-05
   0.0044339172 -0.00016874679              0 -1.7625184e-06  2.7761084e-05  2.5401285e-05 -0.00045292224  0.00031366317  0.00028702462   5.871251e-05  0.00031162513  1.5683763e-05  1.5141358e-05  2.2141283e-05  1.4775807e-05
  0.00096553709 -3.4952111e-05              0 -6.3634535e-07  6.6342004e-06  6.0047773e-06 -0.00010923971  6.7245274e-05   5.871251e-05  3.0460284e-05  6.7715731e-05  3.8640317e-06  3.6336251e-06 -8.1937982e-07  3.4286455e-06
   0.0051002748 -0.00020268278              0 -7.0722178e-06  3.4676705e-05  3.1575261e-05 -0.00052822431  0.00036140931  0.00031162513  6.7715731e-05     0.00039405  1.7760073e-05  1.8056891e-05  2.1923174e-05  1.7776823e-05
  0.00025950257 -8.0393126e-06              0 -1.9236582e-07   1.351162e-06  1.2616095e-06 -6.4527872e-05  1.7791292e-05  1.5683763e-05  3.8640317e-06  1.7760073e-05  2.8843733e-06  1.3907519e-06   9.701985e-07  1.3931371e-06
  0.00025874789 -8.5323522e-06              0 -1.0638804e-06  1.6502187e-06  1.5009701e-06 -5.5190855e-05  1.8092748e-05  1.5141358e-05  3.6336251e-06  1.8056891e-05  1.3907519e-06  2.6099879e-06  9.1697506e-07  1.2189819e-06
  0.00033128937 -1.3049379e-05              0  4.5135337e-06    1.91123e-06  1.8049607e-06 -2.5699136e-05  2.3350396e-05  2.2141283e-05 -8.1937982e-07  2.1923174e-05   9.701985e-07  9.1697506e-07   6.699239e-05  8.9979962e-07
  0.00024301755 -8.1257732e-06              0 -4.9811258e-07  1.3036895e-06  1.2084484e-06  -6.342252e-05  1.7001758e-05  1.4775807e-05  3.4286455e-06  1.7776823e-05  1.3931371e-06  1.2189819e-06  8.9979962e-07  2.9185553e-06


# ext. ||   Name    ||   type  ||     Value     ||  Error +/- 

   0   ||Natural mortality || limited ||    0.02428945416004 ||0.002649455268437
   1   ||Targeted q || limited ||      6.493789983153 ||0.1903745521032
   2   ||Nontargeted q || limited ||                   2 ||22.06548931833
   3   ||     sigma || limited ||      6.510416428391 ||0.3233838251315
   4   ||  Biomass1 || limited ||      1.722003574777 ||0.1131808451842
   5   ||  Biomass2 || limited ||      1.544134786907 ||0.09067717037603
   6   ||  vm_sigma || limited ||      24.68132851253 ||1.609717138605
   7   ||Recruit year 1 || limited ||      6.890773742648 ||0.3478539152095
   8   ||Recruit year 2 || limited ||       5.33294093301 ||0.2689115509598
   9   ||Recruit year 3 || limited ||     0.2471357618384 ||0.01898069401485
  10   ||Recruit year 4 || limited ||      6.955693063457 ||0.3568199274848
  11   ||Mean Rec dist 1 || limited ||     0.8722396323028 ||0.01196333481237
  12   ||Mean Rec dist 2 || limited ||     0.5237495348598 ||0.01140795155903
  13   ||Mean Rec dist 3 || limited ||     0.7656401473327 ||0.05770569028518
  14   ||Mean Rec dist 4 || limited ||      1.008520420258 ||0.01201846256714





