# Minimum negative log likelihood

Minuit did successfully converge.
# of function calls: 1255
minimum function Value: 583.8076733576
minimum edm: 1.280508238552e-05
minimum internal state vector: LAVector parameters:
    -0.2437902448738
     -1.257635722803
     -1.287002217587
     -1.167772616291
     -1.372882518745
     -1.379265368409
    -0.5185673763383
     -1.128068685758
     -1.325004693166
    -0.9140257826469
    -0.9750183707225
     0.1040249633068
    0.05217523469482
    0.08606549836381
    0.02530570238643

minimum internal covariance matrix: LASymMatrix parameters:
    0.011664168  -0.0010825723              0  -6.596687e-05  0.00070596422  0.00067405074  -0.0024026378   0.0021641836   0.0012365338   0.0032996881    0.002813401  9.1465647e-05  0.00013479682   9.259324e-05  9.9659017e-05
  -0.0010825723  0.00011337598              0  7.8502865e-06 -7.4278683e-05 -7.0694935e-05  0.00015628131 -0.00021025876 -0.00011739165 -0.00032129737 -0.00027732556 -6.3297351e-06 -1.2594466e-05 -7.1915066e-06 -9.2208986e-06
              0              0              2              0              0              0              0              0              0              0              0              0              0              0              0
  -6.596687e-05  7.8502865e-06              0   0.0002252457 -5.7919784e-06 -5.4134351e-06  2.5343423e-05  -1.422417e-05 -7.2572516e-06 -2.0640704e-05 -1.6054006e-05 -2.0401577e-06  2.7824953e-06 -1.1949532e-06 -7.6911084e-07
  0.00070596422 -7.4278683e-05              0 -5.7919784e-06  5.6829537e-05   5.333315e-05 -0.00010163273  0.00013840534  7.6813684e-05  0.00020998225  0.00018169338  3.6822295e-06  7.6681506e-06  4.5384056e-06   6.018877e-06
  0.00067405074 -7.0694935e-05              0 -5.4134351e-06   5.333315e-05  5.0153444e-05 -9.7573961e-05  0.00013179261  7.3297012e-05  0.00020021157  0.00017314868  3.6456205e-06   7.347516e-06  4.3605256e-06   5.732112e-06
  -0.0024026378  0.00015628131              0  2.5343423e-05 -0.00010163273 -9.7573961e-05   0.0028942531 -0.00039525709 -0.00023768434 -0.00058807278 -0.00051864713 -4.6807135e-05 -3.1917881e-05  -4.661631e-05  -3.674914e-05
   0.0021641836 -0.00021025876              0  -1.422417e-05  0.00013840534  0.00013179261 -0.00039525709    0.000418294  0.00023022025  0.00062360876  0.00053433925  1.4244278e-05  2.5943205e-05  1.6097952e-05  1.8461556e-05
   0.0012365338 -0.00011739165              0 -7.2572516e-06  7.6813684e-05  7.3297012e-05 -0.00023768434  0.00023022025  0.00014253434  0.00035311059  0.00030104941  8.9418443e-06  1.2027593e-05  9.6154108e-06  1.0546572e-05
   0.0032996881 -0.00032129737              0 -2.0640704e-05  0.00020998225  0.00020021157 -0.00058807278  0.00062360876  0.00035311059  0.00096177705  0.00081369371  2.2999881e-05  3.8352134e-05   2.421937e-05  2.8417121e-05
    0.002813401 -0.00027732556              0 -1.6054006e-05  0.00018169338  0.00017314868 -0.00051864713  0.00053433925  0.00030104941  0.00081369371  0.00072239367  1.9302161e-05  3.2173803e-05  2.0616778e-05  2.5051632e-05
  9.1465647e-05 -6.3297351e-06              0 -2.0401577e-06  3.6822295e-06  3.6456205e-06 -4.6807135e-05  1.4244278e-05  8.9418443e-06  2.2999881e-05  1.9302161e-05  5.7730613e-06  1.5224175e-06  8.9705363e-07  9.0975565e-07
  0.00013479682 -1.2594466e-05              0  2.7824953e-06  7.6681506e-06   7.347516e-06 -3.1917881e-05  2.5943205e-05  1.2027593e-05  3.8352134e-05  3.2173803e-05  1.5224175e-06  1.6296432e-05  9.4179924e-07  1.6209904e-06
   9.259324e-05 -7.1915066e-06              0 -1.1949532e-06  4.5384056e-06  4.3605256e-06  -4.661631e-05  1.6097952e-05  9.6154108e-06   2.421937e-05  2.0616778e-05  8.9705363e-07  9.4179924e-07  2.2117806e-06  1.0424901e-06
  9.9659017e-05 -9.2208986e-06              0 -7.6911084e-07   6.018877e-06   5.732112e-06  -3.674914e-05  1.8461556e-05  1.0546572e-05  2.8417121e-05  2.5051632e-05  9.0975565e-07  1.6209904e-06  1.0424901e-06   2.244732e-06


# ext. ||   Name    ||   type  ||     Value     ||  Error +/- 

   0   ||Natural mortality || limited ||    0.03896543702547 ||0.001850946666764
   1   ||Targeted q || limited ||      2.431767733905 ||0.1159729474998
   2   ||Nontargeted q || limited ||                   2 ||22.06548931833
   3   ||     sigma || limited ||      4.006035154086 ||0.2081059249228
   4   ||  Biomass1 || limited ||      9.760546410634 ||0.5240553806418
   5   ||  Biomass2 || limited ||      9.143025352923 ||0.4766328986713
   6   ||  vm_sigma || limited ||       20.1752930151 ||1.321259000205
   7   ||Recruit year 1 || limited ||      4.830193481897 ||0.3097365882305
   8   ||Recruit year 2 || limited ||      1.512599461809 ||0.1026955337974
   9   ||Recruit year 3 || limited ||       10.4105527258 ||0.6693357748198
  10   ||Recruit year 4 || limited ||      8.623528706476 ||0.5331550983478
  11   ||Mean Rec dist 1 || limited ||      1.038374524229 ||0.01689794277886
  12   ||Mean Rec dist 2 || limited ||     0.5215156553347 ||0.02850619700321
  13   ||Mean Rec dist 3 || limited ||     0.8595928597783 ||0.01047720617553
  14   ||Mean Rec dist 4 || limited ||     0.2530300160131 ||0.01059078380631





