# Minimum negative log likelihood

Minuit did successfully converge.
# of function calls: 770
minimum function Value: 483.6303622277
minimum edm: 1.01523160423e-05
minimum internal state vector: LAVector parameters:
    -0.7406590793371
     -1.225659587394
     -1.287002217587
     -13.82121610557
     -1.479183866607
     -1.481441202463
    -0.2751768218078
     0.2115432248557
      -1.12450893273
     -1.350303060129
    -0.9811616914773
     -1.044237630493

minimum internal covariance matrix: LASymMatrix parameters:
  0.00062459663 -0.00035976171              0 -4.4112376e-06  9.4024544e-05  9.0285479e-05  1.0850426e-05 -0.00028062508  0.00046560155  0.00026182302  0.00069851846  0.00055063541
 -0.00035976171  0.00021356824              0  1.6554956e-06  -5.554681e-05 -5.3345289e-05 -4.9526638e-06  0.00010563764 -0.00027214361 -0.00015261195 -0.00040838369 -0.00032187599
              0              0              2              0              0              0              0              0              0              0              0              0
 -4.4112376e-06  1.6554956e-06              0  0.00013040667 -1.7837327e-06 -1.6760905e-06  1.9473272e-07   -8.62933e-06 -3.3479917e-06 -1.8873483e-06 -3.9494135e-06 -3.1352528e-06
  9.4024544e-05  -5.554681e-05              0 -1.7837327e-06  2.1154195e-05  1.9493828e-05  1.3167303e-06 -3.9646606e-05  7.2441568e-05  3.9594911e-05  0.00010641508  8.3965002e-05
  9.0285479e-05 -5.3345289e-05              0 -1.6760905e-06  1.9493828e-05  1.8074552e-05  1.2682562e-06 -3.5737198e-05  6.9265039e-05  3.8063978e-05  0.00010219844  8.0622277e-05
  1.0850426e-05 -4.9526638e-06              0  1.9473272e-07  1.3167303e-06  1.2682562e-06  1.6773118e-06 -5.4153998e-05  7.2470988e-06  4.1560368e-06  1.0969297e-05  8.6324182e-06
 -0.00028062508  0.00010563764              0   -8.62933e-06 -3.9646606e-05 -3.5737198e-05 -5.4153998e-05     0.00478128 -0.00018162331 -9.7902432e-05 -0.00025964707 -0.00020854659
  0.00046560155 -0.00027214361              0 -3.3479917e-06  7.2441568e-05  6.9265039e-05  7.2470988e-06 -0.00018162331  0.00035412673  0.00019598133  0.00052454356  0.00041354787
  0.00026182302 -0.00015261195              0 -1.8873483e-06  3.9594911e-05  3.8063978e-05  4.1560368e-06 -9.7902432e-05  0.00019598133  0.00011486042  0.00029457675  0.00023211339
  0.00069851846 -0.00040838369              0 -3.9494135e-06  0.00010641508  0.00010219844  1.0969297e-05 -0.00025964707  0.00052454356  0.00029457675  0.00079119852  0.00062034143
  0.00055063541 -0.00032187599              0 -3.1352528e-06  8.3965002e-05  8.0622277e-05  8.6324182e-06 -0.00020854659  0.00041354787  0.00023211339  0.00062034143   0.0004931373


# ext. ||   Name    ||   type  ||     Value     ||  Error +/- 

   0   ||Natural mortality || limited ||    0.04878382882341 ||0.001956248195527
   1   ||Targeted q || limited ||      2.948540050109 ||0.1748035121965
   2   ||Nontargeted q || limited ||                   2 ||22.06548931833
   3   ||     sigma || limited ||      2.474931768385 ||0.1254497885897
   4   ||  Biomass1 || limited ||      2.096743629824 ||0.148764522715
   5   ||  Biomass2 || limited ||      1.994756796643 ||0.1341311078515
   6   ||   vm_mean || limited ||     -0.853624478118 ||0.002768770961891
   7   ||  vm_sigma || limited ||      48.39915392096 ||1.911383312509
   8   ||Recruit year 1 || limited ||      4.906722846592 ||0.2871304234312
   9   ||Recruit year 2 || limited ||      1.220394687796 ||0.08286348621165
  10   ||Recruit year 3 || limited ||      8.451960804373 ||0.5528983432814
  11   ||Recruit year 4 || limited ||      6.782240112484 ||0.3945177847978





