# Minimum negative log likelihood

Minuit did successfully converge.
# of function calls: 708
minimum function Value: 620.2604187622
minimum edm: 8.802244985836e-06
minimum internal state vector: LAVector parameters:
   -0.03066820637937
     -1.079553842722
     -1.287002217587
     -1.130291566749
     -1.492962052938
     -1.498252008711
   -0.01565845393494
   -0.04048521040489
     -1.342399103172
     -1.223803105466
     -1.024990509387
     -1.094863795683

minimum internal covariance matrix: LASymMatrix parameters:
    0.099535919  -0.0088449899              0 -0.00010187912    0.001265485   0.0012378639 -9.0696984e-05  1.1437947e-05   0.0040083763   0.0065112722   0.0096269017   0.0076481178
  -0.0088449899   0.0008036964              0  5.2607966e-06 -0.00011571043 -0.00011309559   1.230983e-05 -9.5687611e-05  -0.0003577911 -0.00058121988 -0.00085944669 -0.00068296707
              0              0              2              0              0              0              0              0              0              0              0              0
 -0.00010187912  5.2607966e-06              0  0.00024459581  7.8902486e-07  8.9664906e-07 -7.1521754e-07 -1.2778054e-05 -4.7917292e-06 -6.1340899e-06 -7.8931808e-06 -7.0402583e-06
    0.001265485 -0.00011571043              0  7.8902486e-07  2.4598393e-05  2.2753055e-05 -2.1135442e-06  1.5559271e-05   5.192815e-05  8.2765285e-05  0.00012310478  9.7308429e-05
   0.0012378639 -0.00011309559              0  8.9664906e-07  2.2753055e-05  2.1272905e-05 -2.0302668e-06  1.5675553e-05  5.0485692e-05  8.1068114e-05  0.00012043653  9.5289636e-05
 -9.0696984e-05   1.230983e-05              0 -7.1521754e-07 -2.1135442e-06 -2.0302668e-06  3.1678901e-06 -5.5763881e-05 -4.2157317e-06 -6.5724771e-06 -9.5444879e-06 -7.8559258e-06
  1.1437947e-05 -9.5687611e-05              0 -1.2778054e-05  1.5559271e-05  1.5675553e-05 -5.5763881e-05   0.0041854013  1.0351372e-05  1.4426385e-05  1.4671717e-05  1.2718508e-05
   0.0040083763  -0.0003577911              0 -4.7917292e-06   5.192815e-05  5.0485692e-05 -4.2157317e-06  1.0351372e-05  0.00017498432  0.00026229862  0.00038683987  0.00030877307
   0.0065112722 -0.00058121988              0 -6.1340899e-06  8.2765285e-05  8.1068114e-05 -6.5724771e-06  1.4426385e-05  0.00026229862  0.00044003583  0.00062955807  0.00050063109
   0.0096269017 -0.00085944669              0 -7.8931808e-06  0.00012310478  0.00012043653 -9.5444879e-06  1.4671717e-05  0.00038683987  0.00062955807  0.00094422498  0.00074113826
   0.0076481178 -0.00068296707              0 -7.0402583e-06  9.7308429e-05  9.5289636e-05 -7.8559258e-06  1.2718508e-05  0.00030877307  0.00050063109  0.00074113826  0.00060155283


# ext. ||   Name    ||   type  ||     Value     ||  Error +/- 

   0   ||Natural mortality || limited ||    0.04423341502087 ||0.005528436657974
   1   ||Targeted q || limited ||      5.912628373384 ||0.4727786814947
   2   ||Nontargeted q || limited ||                   2 ||22.06548931833
   3   ||     sigma || limited ||      4.773172462615 ||0.2357674682192
   4   ||  Biomass1 || limited ||      1.513779087061 ||0.136345172753
   5   ||  Biomass2 || limited ||      1.315092627347 ||0.1181925340078
   6   ||   vm_mean || limited ||   -0.04919047364548 ||0.003953361872949
   7   ||  vm_sigma || limited ||      38.38155416713 ||1.827681924286
   8   ||Recruit year 1 || limited ||      1.308343091884 ||0.1058798198908
   9   ||Recruit year 2 || limited ||      2.989727856971 ||0.2521797793368
  10   ||Recruit year 3 || limited ||      7.273810402878 ||0.5638609643169
  11   ||Recruit year 4 || limited ||      5.566151695089 ||0.3972382030854





