# Minimum negative log likelihood

Minuit did successfully converge.
# of function calls: 1376
minimum function Value: 685.6644919455
minimum edm: 6.16923417476e-05
minimum internal state vector: LAVector parameters:
     -1.561137207594
    -0.9596321054632
     -1.287002217587
     -1.053696959445
     -1.541404513099
     -1.541900033269
    -0.6564544766837
    -0.4941168324335
      -1.15689030368
      -1.07609091689
     -0.996126676078
     -1.459582028512

minimum internal covariance matrix: LASymMatrix parameters:
     0.80822162  -0.0010137461              0  0.00054113613 -8.9387812e-05  5.2433804e-05 -6.9992059e-05   0.0045583077  0.00090289391  0.00097880611   0.0010978969 -0.00015125446
  -0.0010137461   1.395512e-05              0 -1.4982711e-06  2.6529194e-07 -2.7717409e-07  6.0891974e-06 -4.9258465e-05  3.7349045e-08  1.0054156e-07 -5.6196565e-07  1.4260362e-06
              0              0              2              0              0              0              0              0              0              0              0              0
  0.00054113613 -1.4982711e-06              0  0.00035648392  1.1452822e-06 -3.2560981e-07 -1.6500561e-06 -7.4743044e-06  1.6160103e-06 -3.4898317e-07 -3.1392662e-07  1.5324073e-07
 -8.9387812e-05  2.6529194e-07              0  1.1452822e-06  2.7996511e-05  1.7718232e-05 -9.8777367e-07 -1.2221009e-05    6.17945e-06  8.8601115e-07  1.1004877e-07 -5.2145019e-09
  5.2433804e-05 -2.7717409e-07              0 -3.2560981e-07  1.7718232e-05   1.281999e-05  -6.105757e-07  1.6301217e-06   1.527864e-06  6.4567258e-07  3.0970888e-07  6.1589306e-08
 -6.9992059e-05  6.0891974e-06              0 -1.6500561e-06 -9.8777367e-07  -6.105757e-07  1.0519749e-05 -7.7657986e-05  4.4046168e-07  3.3394019e-07  3.7934641e-07   4.448316e-07
   0.0045583077 -4.9258465e-05              0 -7.4743044e-06 -1.2221009e-05  1.6301217e-06 -7.7657986e-05   0.0014727012  -2.667563e-05   1.247924e-06  2.0388552e-06 -1.2596389e-06
  0.00090289391  3.7349045e-08              0  1.6160103e-06    6.17945e-06   1.527864e-06  4.4046168e-07  -2.667563e-05  2.0679571e-05  5.0540002e-07  1.8327855e-07  1.2362094e-06
  0.00097880611  1.0054156e-07              0 -3.4898317e-07  8.8601115e-07  6.4567258e-07  3.3394019e-07   1.247924e-06  5.0540002e-07  1.8619526e-05  7.0064546e-07 -3.5708942e-08
   0.0010978969 -5.6196565e-07              0 -3.1392662e-07  1.1004877e-07  3.0970888e-07  3.7934641e-07  2.0388552e-06  1.8327855e-07  7.0064546e-07  1.8103916e-05 -2.6802425e-07
 -0.00015125446  1.4260362e-06              0  1.5324073e-07 -5.2145019e-09  6.1589306e-08   4.448316e-07 -1.2596389e-06  1.2362094e-06 -3.5708942e-08 -2.6802425e-07  1.6037005e-05


# ext. ||   Name    ||   type  ||     Value     ||  Error +/- 

   0   ||Natural mortality || limited ||    0.02000116622323 ||0.004883322348783
   1   ||Targeted q || limited ||      9.050974100058 ||0.07578756731431
   2   ||Nontargeted q || limited ||                   2 ||22.06548931833
   3   ||     sigma || limited ||       6.53716031808 ||0.3299940653195
   4   ||  Biomass1 || limited ||      0.215954130897 ||0.05497557797937
   5   ||  Biomass2 || limited ||     0.2087344199195 ||0.03657464232379
   6   ||   vm_mean || limited ||     -1.917351910182 ||0.005707562560372
   7   ||  vm_sigma || limited ||      21.03056487559 ||0.9554713114873
   8   ||Recruit year 1 || limited ||      4.231735120679 ||0.0646563692707
   9   ||Recruit year 2 || limited ||      6.003969979544 ||0.07242369537673
  10   ||Recruit year 3 || limited ||       8.04060125657 ||0.08176034192097
  11   ||Recruit year 4 || limited ||     0.3188660311517 ||0.01571222234332





