# Minimum negative log likelihood

Minuit did successfully converge.
# of function calls: 923
minimum function Value: 655.812429791
minimum edm: 2.48863786139e-05
minimum internal state vector: LAVector parameters:
      2.713270030297
     -1.088397097062
     -1.287002217587
     -1.090225878593
     -1.399148276982
     -1.396069678823
      1.137611309967
    -0.5012052667985
    -0.9844124691175
    -0.9449296882362
    -0.9876711918672
    -0.9399438188374

minimum internal covariance matrix: LASymMatrix parameters:
    0.041025246   0.0030536233              0  0.00028159324  -0.0011899257  -0.0011752564  -5.599926e-05   0.0010263482  -0.0038409396  -0.0036267058   -0.003956779  -0.0042539769
   0.0030536233  0.00024328732              0  2.0748116e-05 -9.6924221e-05 -9.3769348e-05  7.6287574e-06  1.8389659e-05 -0.00029410116 -0.00027170365 -0.00030086043 -0.00032328407
              0              0              2              0              0              0              0              0              0              0              0              0
  0.00028159324  2.0748116e-05              0  0.00032374586  2.8480215e-07 -1.6471575e-06 -2.3361082e-06  1.3742289e-05 -3.0123906e-05 -1.6221622e-05 -2.6359183e-05 -5.5382713e-05
  -0.0011899257 -9.6924221e-05              0  2.8480215e-07  6.0682744e-05  5.4905511e-05 -6.2426111e-06  1.1019578e-05  0.00011341746  0.00010709354  0.00012060164  0.00012342872
  -0.0011752564 -9.3769348e-05              0 -1.6471575e-06  5.4905511e-05  5.0479424e-05 -3.3003909e-06 -8.7117704e-06  0.00011190068   0.0001055125  0.00011771463  0.00012193664
  -5.599926e-05  7.6287574e-06              0 -2.3361082e-06 -6.2426111e-06 -3.3003909e-06  3.0841573e-05 -9.5248359e-05  3.5962902e-07  5.9942651e-06  -2.890377e-06  2.4031777e-05
   0.0010263482  1.8389659e-05              0  1.3742289e-05  1.1019578e-05 -8.7117704e-06 -9.5248359e-05   0.0013541899  -8.324381e-05 -0.00010326838 -6.3706997e-05 -8.2400227e-05
  -0.0038409396 -0.00029410116              0 -3.0123906e-05  0.00011341746  0.00011190068  3.5962902e-07  -8.324381e-05  0.00039306125  0.00033706009  0.00036953756  0.00040926945
  -0.0036267058 -0.00027170365              0 -1.6221622e-05  0.00010709354   0.0001055125  5.9942651e-06 -0.00010326838  0.00033706009  0.00034269005  0.00034641913  0.00037853822
   -0.003956779 -0.00030086043              0 -2.6359183e-05  0.00012060164  0.00011771463  -2.890377e-06 -6.3706997e-05  0.00036953756  0.00034641913  0.00040797988  0.00038521875
  -0.0042539769 -0.00032328407              0 -5.5382713e-05  0.00012342872  0.00012193664  2.4031777e-05 -8.2400227e-05  0.00040926945  0.00037853822  0.00038521875  0.00068052734


# ext. ||   Name    ||   type  ||     Value     ||  Error +/- 

   0   ||Natural mortality || limited ||     0.0553836384679 ||0.003245979062966
   1   ||Targeted q || limited ||       5.70577716952 ||0.2558208139352
   2   ||Nontargeted q || limited ||                   2 ||22.06548931833
   3   ||     sigma || limited ||      5.663432131281 ||0.2940730899243
   4   ||  Biomass1 || limited ||      7.347696180195 ||0.4704241245968
   5   ||  Biomass2 || limited ||      7.612952536564 ||0.436674140572
   6   ||   vm_mean || limited ||      2.851414424664 ||0.00517853548424
   7   ||  vm_sigma || limited ||      20.78142379146 ||0.9127081983717
   8   ||Recruit year 1 || limited ||      8.361808612053 ||0.3878192974143
   9   ||Recruit year 2 || limited ||      9.486264920263 ||0.3833532829904
  10   ||Recruit year 3 || limited ||      8.271877763736 ||0.3931698820388
  11   ||Recruit year 4 || limited ||      9.632789417133 ||0.5439250872208





