# Minimum negative log likelihood

Minuit did successfully converge.
# of function calls: 1635
minimum function Value: 424.3996884522
minimum edm: 4.193579592522e-05
minimum internal state vector: LAVector parameters:
     -0.379544959833
      -1.01953431337
     -1.287002217587
     -1.297096414054
     -1.549144662945
     -1.550526433327
     0.4467305890423
     -1.131040539114
     -1.119222887554
     -1.232294440384
    -0.9474110409953
    0.06518569326842
    0.07282618733148
    0.03394892976928
    0.02152592498393

minimum internal covariance matrix: LASymMatrix parameters:
   0.0013602244 -0.00010622988              0  3.7670689e-05  7.6559425e-06  6.8903795e-06 -0.00041116242  0.00012296239  0.00012560321  9.3842906e-05  0.00016586584  3.9148239e-06  4.8530147e-06  4.4498269e-06  2.4585579e-06
 -0.00010622988  1.0126736e-05              0  -3.947869e-06 -7.1589505e-07 -6.4166299e-07  1.8759589e-05 -9.8737309e-06 -1.0257088e-05 -7.2175413e-06 -1.3910991e-05  -2.170133e-07 -3.0532872e-07  -2.570568e-07 -1.0511759e-07
              0              0              2              0              0              0              0              0              0              0              0              0              0              0              0
  3.7670689e-05  -3.947869e-06              0  0.00013266539   3.284422e-06  2.8647137e-06  4.6807083e-06  2.6267552e-06  2.5537937e-06  3.5505883e-06  4.7392143e-06 -9.8964014e-08 -7.5461862e-08 -1.7387266e-07  -2.169237e-07
  7.6559425e-06 -7.1589505e-07              0   3.284422e-06  1.1178684e-06  9.0805662e-07 -9.3709142e-07  6.7800641e-07    6.73044e-07  5.7779424e-07  9.7338264e-07  3.5224966e-10  1.5907725e-08 -2.1038831e-10 -5.3535126e-09
  6.8903795e-06 -6.4166299e-07              0  2.8647137e-06  9.0805662e-07  7.4740896e-07 -8.8156104e-07  6.1176525e-07  6.0562636e-07  5.1720996e-07   8.768105e-07  1.3636157e-09  1.4145433e-08  1.7710575e-09  -4.507277e-09
 -0.00041116242  1.8759589e-05              0  4.6807083e-06 -9.3709142e-07 -8.8156104e-07     0.00127786 -3.5994962e-05 -3.3948907e-05 -2.8362087e-05 -4.6645417e-05 -5.2861519e-06 -4.4558741e-06 -5.3281296e-06 -4.5001676e-06
  0.00012296239 -9.8737309e-06              0  2.6267552e-06  6.7800641e-07  6.1176525e-07 -3.5994962e-05  1.3354878e-05  1.1383941e-05  8.3639458e-06  1.5171901e-05  3.2037662e-07   3.956241e-07   3.677062e-07  2.2514799e-07
  0.00012560321 -1.0257088e-05              0  2.5537937e-06    6.73044e-07  6.0562636e-07 -3.3948907e-05  1.1383941e-05  1.3888553e-05  8.5459694e-06  1.5623254e-05  3.4486908e-07  3.9570148e-07  3.6383633e-07  2.2235139e-07
  9.3842906e-05 -7.2175413e-06              0  3.5505883e-06  5.7779424e-07  5.1720996e-07 -2.8362087e-05  8.3639458e-06  8.5459694e-06  8.3970228e-06  1.1575821e-05  2.3479824e-07  2.6855947e-07  3.0633833e-07  1.7581281e-07
  0.00016586584 -1.3910991e-05              0  4.7392143e-06  9.7338264e-07   8.768105e-07 -4.6645417e-05  1.5171901e-05  1.5623254e-05  1.1575821e-05  2.2913716e-05  4.4915402e-07  5.3865193e-07  5.4462635e-07  2.8644667e-07
  3.9148239e-06  -2.170133e-07              0 -9.8964014e-08  3.5224966e-10  1.3636157e-09 -5.2861519e-06  3.2037662e-07  3.4486908e-07  2.3479824e-07  4.4915402e-07  1.0725211e-07  3.1195273e-08  3.5264153e-08  2.1544618e-08
  4.8530147e-06 -3.0532872e-07              0 -7.5461862e-08  1.5907725e-08  1.4145433e-08 -4.4558741e-06   3.956241e-07  3.9570148e-07  2.6855947e-07  5.3865193e-07  3.1195273e-08  1.2943759e-07  2.6846028e-08  1.3570974e-08
  4.4498269e-06  -2.570568e-07              0 -1.7387266e-07 -2.1038831e-10  1.7710575e-09 -5.3281296e-06   3.677062e-07  3.6383633e-07  3.0633833e-07  5.4462635e-07  3.5264153e-08  2.6846028e-08  1.4800065e-07  2.2790154e-08
  2.4585579e-06 -1.0511759e-07              0  -2.169237e-07 -5.3535126e-09  -4.507277e-09 -4.5001676e-06  2.2514799e-07  2.2235139e-07  1.7581281e-07  2.8644667e-07  2.1544618e-08  1.3570974e-08  2.2790154e-08  4.6705882e-08


# ext. ||   Name    ||   type  ||     Value     ||  Error +/- 

   0   ||Natural mortality || limited ||    0.03573755371712 ||0.00060550654876
   1   ||Targeted q || limited ||       7.40678974819 ||0.05892830604164
   2   ||Nontargeted q || limited ||                   2 ||22.06548931833
   3   ||     sigma || limited ||      1.861129055826 ||0.1100697025651
   4   ||  Biomass1 || limited ||     0.1171940584323 ||0.00809296463164
   5   ||  Biomass2 || limited ||     0.1027136284136 ||0.006195207464726
   6   ||  vm_sigma || limited ||       57.2810553124 ||0.9117508502582
   7   ||Recruit year 1 || limited ||       4.76674148309 ||0.0549988456155
   8   ||Recruit year 2 || limited ||      5.021418999376 ||0.05749183865695
   9   ||Recruit year 3 || limited ||      2.847055818381 ||0.03401803997955
  10   ||Recruit year 4 || limited ||      9.413718196271 ||0.09878999367218
  11   ||Mean Rec dist 1 || limited ||     0.6513953884333 ||0.002310811797391
  12   ||Mean Rec dist 2 || limited ||      0.727618302556 ||0.00253724563803
  13   ||Mean Rec dist 3 || limited ||     0.3394240895268 ||0.002718732591959
  14   ||Mean Rec dist 4 || limited ||     0.2152426262748 ||0.001527812859194





