# Minimum negative log likelihood

Minuit did successfully converge.
# of function calls: 1528
minimum function Value: 322.5849990255
minimum edm: 4.211689635681e-06
minimum internal state vector: LAVector parameters:
   -0.04082945936657
     -1.349146306683
     -1.287002217587
     -1.356749538682
      -1.52153344617
     -1.509307321775
    -0.9802791070033
    -0.2043433078711
     -1.162647841546
     -1.127779737759
     -1.083847968608
     -1.001743008794

minimum internal covariance matrix: LASymMatrix parameters:
   0.0096482844  -0.0017598296              0 -2.7040979e-05  0.00037569518  0.00050505034  2.5443984e-05 -0.00011504111   0.0032383294     0.00353453   0.0039442733   0.0047287509
  -0.0017598296   0.0003240716              0  4.9401268e-06 -6.9543716e-05 -9.2658316e-05 -3.3655237e-06 -2.6898889e-06 -0.00059666212 -0.00064891942 -0.00072411613 -0.00086810862
              0              0              2              0              0              0              0              0              0              0              0              0
 -2.7040979e-05  4.9401268e-06              0  5.5430535e-05 -1.7338708e-06 -1.4724742e-06 -9.5494429e-08 -1.1151113e-05 -1.0788359e-05 -1.0018787e-05 -1.0945029e-05  -1.349083e-05
  0.00037569518 -6.9543716e-05              0 -1.7338708e-06  1.8270648e-05  2.1667198e-05  1.2624215e-06  5.8312243e-06  0.00012987031  0.00013915478   0.0001551385   0.0001858705
  0.00050505034 -9.2658316e-05              0 -1.4724742e-06  2.1667198e-05  2.8959435e-05   8.550405e-07 -3.0017567e-06  0.00016401477   0.0001857612  0.00020733349  0.00024854373
  2.5443984e-05 -3.3655237e-06              0 -9.5494429e-08  1.2624215e-06   8.550405e-07  4.0308803e-06 -2.3040465e-05   7.946623e-06  7.5433252e-06   8.389984e-06  9.9917625e-06
 -0.00011504111 -2.6898889e-06              0 -1.1151113e-05  5.8312243e-06 -3.0017567e-06 -2.3040465e-05   0.0013307057 -8.3291695e-05 -1.1722706e-05 -1.4477419e-05 -1.7382636e-05
   0.0032383294 -0.00059666212              0 -1.0788359e-05  0.00012987031  0.00016401477   7.946623e-06 -8.3291695e-05   0.0011547186    0.001195247   0.0013332919   0.0015980447
     0.00353453 -0.00064891942              0 -1.0018787e-05  0.00013915478   0.0001857612  7.5433252e-06 -1.1722706e-05    0.001195247   0.0013018326   0.0014513493   0.0017401098
   0.0039442733 -0.00072411613              0 -1.0945029e-05   0.0001551385  0.00020733349   8.389984e-06 -1.4477419e-05   0.0013332919   0.0014513493   0.0016208315   0.0019416799
   0.0047287509 -0.00086810862              0  -1.349083e-05   0.0001858705  0.00024854373  9.9917625e-06 -1.7382636e-05   0.0015980447   0.0017401098   0.0019416799   0.0023291188


# ext. ||   Name    ||   type  ||     Value     ||  Error +/- 

   0   ||Natural mortality || limited ||    0.04397954709443 ||0.001733559387313
   1   ||Targeted q || limited ||      1.223198112283 ||0.1399167283349
   2   ||Nontargeted q || limited ||                   2 ||22.06548931833
   3   ||     sigma || limited ||      1.141034218296 ||0.05591327038087
   4   ||  Biomass1 || limited ||     0.6065851636625 ||0.07441756303533
   5   ||  Biomass2 || limited ||     0.9449266556975 ||0.1169156801811
   6   ||   vm_mean || limited ||     -2.609572756267 ||0.002483285633784
   7   ||  vm_sigma || limited ||      31.88363448548 ||1.010186026751
   8   ||Recruit year 1 || limited ||      4.116725213808 ||0.4767608000001
   9   ||Recruit year 2 || limited ||      4.836384097448 ||0.5467161039202
  10   ||Recruit year 3 || limited ||      5.821172342005 ||0.6658919904683
  11   ||Recruit year 4 || limited ||      7.888639168595 ||0.9191337952058





