# Minimum negative log likelihood

Minuit did successfully converge.
# of function calls: 1136
minimum function Value: 557.3572857911
minimum edm: 5.442519630652e-05
minimum internal state vector: LAVector parameters:
      3.749177096243
    -0.9537035692799
     -1.287002217587
     -1.192903859687
     -1.454491578547
     -1.455585223413
      0.506038872746
    -0.4686096561524
    -0.9625720683542
     -1.123012051184
     -1.181044375621
     -1.001348753385

minimum internal covariance matrix: LASymMatrix parameters:
    0.071156577   0.0041379394              0   0.0003098035 -0.00081177644 -0.00069825102  2.9146651e-05 -0.00022243518  -0.0037004694  -0.0030286674  -0.0025775442  -0.0036431462
   0.0041379394  0.00024619398              0  1.3617274e-05 -4.8200583e-05 -4.1381716e-05  3.5743917e-06 -3.0761954e-05 -0.00021509387 -0.00017634831 -0.00014977148 -0.00021320851
              0              0              2              0              0              0              0              0              0              0              0              0
   0.0003098035  1.3617274e-05              0  0.00026783336 -5.8988313e-06 -5.6920614e-06 -3.2570922e-06  7.9911981e-06 -1.6139682e-05  -1.346817e-05 -1.3285229e-05 -1.9600569e-05
 -0.00081177644 -4.8200583e-05              0 -5.8988313e-06  1.2510903e-05   1.071533e-05  -4.979238e-07  4.5658635e-06   4.221737e-05   3.444804e-05  2.9359971e-05  4.1989464e-05
 -0.00069825102 -4.1381716e-05              0 -5.6920614e-06   1.071533e-05  9.2191173e-06 -3.8883822e-07  3.8721186e-06  3.6280649e-05  2.9643477e-05  2.5254348e-05  3.6163427e-05
  2.9146651e-05  3.5743917e-06              0 -3.2570922e-06  -4.979238e-07 -3.8883822e-07  1.6162668e-06  -1.291761e-05 -1.5298218e-06 -1.3620558e-06 -8.6745201e-07 -1.5152901e-06
 -0.00022243518 -3.0761954e-05              0  7.9911981e-06  4.5658635e-06  3.8721186e-06  -1.291761e-05  0.00027749387  9.6857461e-06  1.0891291e-05   6.570054e-06  1.4780126e-05
  -0.0037004694 -0.00021509387              0 -1.6139682e-05   4.221737e-05  3.6280649e-05 -1.5298218e-06  9.6857461e-06  0.00019799884  0.00015739149  0.00013397525  0.00018901801
  -0.0030286674 -0.00017634831              0  -1.346817e-05   3.444804e-05  2.9643477e-05 -1.3620558e-06  1.0891291e-05  0.00015739149  0.00013401093  0.00010942838  0.00015522997
  -0.0025775442 -0.00014977148              0 -1.3285229e-05  2.9359971e-05  2.5254348e-05 -8.6745201e-07   6.570054e-06  0.00013397525  0.00010942838  9.8318924e-05  0.00013189434
  -0.0036431462 -0.00021320851              0 -1.9600569e-05  4.1989464e-05  3.6163427e-05 -1.5152901e-06  1.4780126e-05  0.00018901801  0.00015522997  0.00013189434  0.00019449557


# ext. ||   Name    ||   type  ||     Value     ||  Error +/- 

   0   ||Natural mortality || limited ||    0.03072785290205 ||0.003848690163617
   1   ||Targeted q || limited ||      9.221788754246 ||0.3210060382601
   2   ||Nontargeted q || limited ||                   2 ||22.06548931833
   3   ||     sigma || limited ||      3.527785016706 ||0.2134812913931
   4   ||  Biomass1 || limited ||      3.377888372764 ||0.1451164948056
   5   ||  Biomass2 || limited ||      3.314730617335 ||0.1234049209762
   6   ||   vm_mean || limited ||      1.522781399613 ||0.002470223565262
   7   ||  vm_sigma || limited ||      21.93487536045 ||0.4203557793747
   8   ||Recruit year 1 || limited ||      8.975903840587 ||0.2842394712656
   9   ||Recruit year 2 || limited ||      4.939074295068 ||0.1771878573791
  10   ||Recruit year 3 || limited ||      3.759458182062 ||0.1331874455085
  11   ||Recruit year 4 || limited ||      7.899263305956 ||0.2658169074079





