# Minimum negative log likelihood

Minuit did successfully converge.
# of function calls: 925
minimum function Value: 608.3853521991
minimum edm: 3.194596161731e-05
minimum internal state vector: LAVector parameters:
    -0.2945983450408
     -1.122609329273
     -1.287002217587
     -1.142841474686
     -1.543195529356
     -1.544559696364
      0.284550013911
     -1.222963896635
     -1.348576540767
    -0.9870380891989
     -1.055706490982
    0.05607415197348
    0.08576656629639
    0.06503755884161
     0.1172080826534

minimum internal covariance matrix: LASymMatrix parameters:
    0.013109587 -0.00098801686              0  2.1920749e-05  6.7550251e-05  6.2143164e-05  -0.0061873851   0.0012191394  0.00077690487   0.0020792352   0.0017963961  6.1064299e-05  6.2611013e-05  6.5098624e-05  6.3684252e-05
 -0.00098801686  8.5547437e-05              0 -2.0474906e-06 -5.7485704e-06 -5.3399663e-06  0.00037297239 -9.4250148e-05  -5.952286e-05 -0.00016022555 -0.00014337184  -3.607887e-06 -3.9140611e-06 -3.9550447e-06 -4.1711127e-06
              0              0              2              0              0              0              0              0              0              0              0              0              0              0              0
  2.1920749e-05 -2.0474906e-06              0  0.00022569191  1.9012137e-06  1.5090893e-06  1.9590733e-05  2.4265201e-06  1.5928201e-06  3.7635527e-06  3.7843007e-06  -1.088173e-07  1.4071769e-07  2.8683189e-07  7.6662947e-09
  6.7550251e-05 -5.7485704e-06              0  1.9012137e-06  7.0707872e-06  5.9395897e-06 -2.7588877e-05  6.5111787e-06  4.0576004e-06  1.0963143e-05  9.8523945e-06  2.1581773e-07  3.1931695e-07  3.0212105e-07  3.2551072e-07
  6.2143164e-05 -5.3399663e-06              0  1.5090893e-06  5.9395897e-06  5.0437089e-06 -2.4169587e-05  6.0100488e-06  3.7040046e-06   1.008285e-05  9.0354656e-06  2.0440877e-07  2.8785663e-07  2.6759673e-07  2.8627159e-07
  -0.0061873851  0.00037297239              0  1.9590733e-05 -2.7588877e-05 -2.4169587e-05     0.01305876 -0.00055392406 -0.00034675002 -0.00094166167 -0.00080783515 -6.9067214e-05    -6.9693e-05 -8.1415218e-05 -7.8890654e-05
   0.0012191394 -9.4250148e-05              0  2.4265201e-06  6.5111787e-06  6.0100488e-06 -0.00055392406  0.00012346897  7.2316096e-05  0.00019410235  0.00016871934  5.3779805e-06  5.7801323e-06  5.7375506e-06  5.7379648e-06
  0.00077690487  -5.952286e-05              0  1.5928201e-06  4.0576004e-06  3.7040046e-06 -0.00034675002  7.2316096e-05  5.5674525e-05  0.00012360184  0.00010731297  3.4089934e-06  3.0336593e-06  3.7936915e-06  3.6873181e-06
   0.0020792352 -0.00016022555              0  3.7635527e-06  1.0963143e-05   1.008285e-05 -0.00094166167  0.00019410235  0.00012360184  0.00034089464  0.00028744873   9.303852e-06  9.6418412e-06  9.8760465e-06  9.9259134e-06
   0.0017963961 -0.00014337184              0  3.7843007e-06  9.8523945e-06  9.0354656e-06 -0.00080783515  0.00016871934  0.00010731297  0.00028744873  0.00027386093  7.8796511e-06  8.2261909e-06   8.236795e-06  9.0159599e-06
  6.1064299e-05  -3.607887e-06              0  -1.088173e-07  2.1581773e-07  2.0440877e-07 -6.9067214e-05  5.3779805e-06  3.4089934e-06   9.303852e-06  7.8796511e-06  1.5190781e-06  5.4443133e-07  5.5742074e-07  5.3372835e-07
  6.2611013e-05 -3.9140611e-06              0  1.4071769e-07  3.1931695e-07  2.8785663e-07    -6.9693e-05  5.7801323e-06  3.0336593e-06  9.6418412e-06  8.2261909e-06  5.4443133e-07    4.26043e-06  4.9940571e-07  5.1030829e-07
  6.5098624e-05 -3.9550447e-06              0  2.8683189e-07  3.0212105e-07  2.6759673e-07 -8.1415218e-05  5.7375506e-06  3.7936915e-06  9.8760465e-06   8.236795e-06  5.5742074e-07  4.9940571e-07  1.0440955e-06  5.8593344e-07
  6.3684252e-05 -4.1711127e-06              0  7.6662947e-09  3.2551072e-07  2.8627159e-07 -7.8890654e-05  5.7379648e-06  3.6873181e-06  9.9259134e-06  9.0159599e-06  5.3372835e-07  5.1030829e-07  5.8593344e-07  1.7494025e-06


# ext. ||   Name    ||   type  ||     Value     ||  Error +/- 

   0   ||Natural mortality || limited ||    0.03774111194109 ||0.001934728637017
   1   ||Targeted q || limited ||      4.938289218137 ||0.1417021635644
   2   ||Nontargeted q || limited ||                   2 ||22.06548931833
   3   ||     sigma || limited ||      4.509179470493 ||0.2204268035191
   4   ||  Biomass1 || limited ||     0.1904389145971 ||0.02594508640344
   5   ||  Biomass2 || limited ||     0.1720803226372 ||0.02082994205371
   6   ||  vm_sigma || limited ||      51.22938317523 ||3.09879729668
   7   ||Recruit year 1 || limited ||       3.00401254597 ||0.1338946233088
   8   ||Recruit year 2 || limited ||      1.239345937195 ||0.05813534886464
   9   ||Recruit year 3 || limited ||      8.289314817602 ||0.3597409840405
  10   ||Recruit year 4 || limited ||      6.496927666478 ||0.2881858111893
  11   ||Mean Rec dist 1 || limited ||     0.5604477083538 ||0.008701454761828
  12   ||Mean Rec dist 2 || limited ||     0.8566145652621 ||0.01454160314399
  13   ||Mean Rec dist 3 || limited ||     0.6499171831545 ||0.007210010832696
  14   ||Mean Rec dist 4 || limited ||      1.169399046714 ||0.009288377202687





