# Minimum negative log likelihood

Minuit did successfully converge.
# of function calls: 1144
minimum function Value: 690.2569635129
minimum edm: 1.542080291714e-05
minimum internal state vector: LAVector parameters:
      1.852839700242
     -0.959117612307
     -1.287002217587
     -1.047816689589
     -1.519793694918
     -1.521946823854
     0.2171574956105
    -0.4728079332944
     -1.137214416585
    -0.9466052133693
    -0.9766327667725
      -1.26628389046

minimum internal covariance matrix: LASymMatrix parameters:
      1.5435189    0.031786731              0  0.00031656185  -0.0027963197  -0.0025381814  -5.234871e-05  -0.0026954028    -0.02119456   -0.029393216   -0.036120484   -0.016358203
    0.031786731   0.0006909054              0  6.2775843e-06 -6.0822262e-05 -5.5026482e-05  7.0806695e-06 -0.00014084023 -0.00044460156 -0.00061457845 -0.00075550813 -0.00034357658
              0              0              2              0              0              0              0              0              0              0              0              0
  0.00031656185  6.2775843e-06              0  0.00034266801  7.3172193e-07  7.3095138e-07  5.4236497e-07 -1.6376552e-06 -3.4088446e-06 -4.6147947e-06 -6.5696965e-06 -1.1673686e-06
  -0.0027963197 -6.0822262e-05              0  7.3172193e-07  2.1778939e-05  1.7873101e-05 -7.4053435e-07  1.1469323e-05  3.8470389e-05  5.3646434e-05  6.6270204e-05  3.0581044e-05
  -0.0025381814 -5.5026482e-05              0  7.3095138e-07  1.7873101e-05  1.4899092e-05 -6.2520884e-07  1.0395828e-05  3.4909079e-05  4.8653152e-05  6.0142086e-05  2.7719297e-05
  -5.234871e-05  7.0806695e-06              0  5.4236497e-07 -7.4053435e-07 -6.2520884e-07  4.8978925e-06 -4.6285237e-05 -1.5501649e-06 -8.5165519e-07 -8.5974412e-07 -9.1506628e-07
  -0.0026954028 -0.00014084023              0 -1.6376552e-06  1.1469323e-05  1.0395828e-05 -4.6285237e-05   0.0010359538   6.004595e-05  6.8795182e-05  8.2621537e-05  4.4179989e-05
    -0.02119456 -0.00044460156              0 -3.4088446e-06  3.8470389e-05  3.4909079e-05 -1.5501649e-06   6.004595e-05  0.00031799343  0.00040505445  0.00049833641  0.00022683332
   -0.029393216 -0.00061457845              0 -4.6147947e-06  5.3646434e-05  4.8653152e-05 -8.5165519e-07  6.8795182e-05  0.00040505445  0.00058361217  0.00069164143  0.00031315653
   -0.036120484 -0.00075550813              0 -6.5696965e-06  6.6270204e-05  6.0142086e-05 -8.5974412e-07  8.2621537e-05  0.00049833641  0.00069164143  0.00087522838  0.00038542862
   -0.016358203 -0.00034357658              0 -1.1673686e-06  3.0581044e-05  2.7719297e-05 -9.1506628e-07  4.4179989e-05  0.00022683332  0.00031315653  0.00038542862  0.00019758584


# ext. ||   Name    ||   type  ||     Value     ||  Error +/- 

   0   ||Natural mortality || limited ||    0.06901221836317 ||0.008685032848556
   1   ||Targeted q || limited ||      9.065740876263 ||0.5336232063184
   2   ||Nontargeted q || limited ||                   2 ||22.06548931833
   3   ||     sigma || limited ||      6.683259651342 ||0.3268762198422
   4   ||  Biomass1 || limited ||     0.6501761560316 ||0.08411566127614
   5   ||  Biomass2 || limited ||     0.5964498625171 ||0.06663797343959
   6   ||   vm_mean || limited ||     0.6768710673346 ||0.00480084535628
   7   ||  vm_sigma || limited ||      21.78520925468 ||0.8104108811206
   8   ||Recruit year 1 || limited ||      4.636200931713 ||0.2648418325843
   9   ||Recruit year 2 || limited ||      9.437250606814 ||0.4991066709428
  10   ||Recruit year 3 || limited ||      8.578291034431 ||0.5854445849401
  11   ||Recruit year 4 || limited ||      2.310107404783 ||0.1489891466898





