# Minimum negative log likelihood

WARNING: Minuit did not converge.

# of function calls: 2120
minimum function Value: 649.4839673544
minimum edm: 25.79269948515
minimum internal state vector: LAVector parameters:
      2.088501406911
     -0.977904069379
     -1.287002217587
      -1.09506047068
     -1.557272588254
     -1.558589092176
    -0.4543520294085
    -0.1355504082854
      -1.09451449874
    -0.9912064261697
     -1.211503002337
     -1.078798000606

minimum internal covariance matrix: LASymMatrix parameters:
       3.574656    0.042163421              0   0.0012709181 -0.00056666886 -0.00048302833  -0.0073962637    -0.48152088   -0.083488872   -0.051558808   -0.088295065   -0.092534423
    0.042163421   0.0096928644              0 -0.00024312835 -7.4362361e-05 -8.0894256e-05   0.0013850146   -0.014429262  -0.0027260652  -0.0012001312  -0.0028002946  -0.0028534567
              0              0      11.365457              0              0              0              0              0              0              0              0              0
   0.0012709181 -0.00024312835              0  0.00099531763 -2.8092692e-05 -1.6672183e-05 -0.00032131387   0.0074109041  -0.0001361332 -0.00013143974  0.00033123833 -3.4508402e-05
 -0.00056666886 -7.4362361e-05              0 -2.8092692e-05  8.0780555e-06  1.0786236e-07 -7.4307412e-05   0.0013160868  1.0093539e-06  0.00010505493  8.4605294e-05  1.8185683e-05
 -0.00048302833 -8.0894256e-05              0 -1.6672183e-05  1.0786236e-07  4.8842322e-06 -7.4147311e-05   0.0015757065 -5.0583036e-06   4.713769e-05  8.9213092e-05  1.6687347e-05
  -0.0073962637   0.0013850146              0 -0.00032131387 -7.4307412e-05 -7.4147311e-05   0.0029762731   -0.062626096   0.0012085325  -0.0011717885  -0.0028741312  0.00035545771
    -0.48152088   -0.014429262              0   0.0074109041   0.0013160868   0.0015757065   -0.062626096      1.8127131   -0.022162274   -0.042791657    0.085986889   0.0031032136
   -0.083488872  -0.0027260652              0  -0.0001361332  1.0093539e-06 -5.0583036e-06   0.0012085325   -0.022162274   0.0030113252   0.0019723955  0.00091103235   0.0027239858
   -0.051558808  -0.0012001312              0 -0.00013143974  0.00010505493   4.713769e-05  -0.0011717885   -0.042791657   0.0019723955    0.020184213  0.00038679855   0.0014610342
   -0.088295065  -0.0028002946              0  0.00033123833  8.4605294e-05  8.9213092e-05  -0.0028741312    0.085986889  0.00091103235  0.00038679855   0.0056213074   0.0021434413
   -0.092534423  -0.0028534567              0 -3.4508402e-05  1.8185683e-05  1.6687347e-05  0.00035545771   0.0031032136   0.0027239858   0.0014610342   0.0021434413   0.0028245062


# ext. ||   Name    ||   type  ||     Value     ||  Error +/- 

   0   ||Natural mortality || limited ||    0.06672392983832 ||0.02732693485766
   1   ||Targeted q || limited ||      8.533596671067 ||1.943377069474
   2   ||Nontargeted q || limited ||                   2 ||86.62230380472
   3   ||     sigma || limited ||      5.552202720423 ||0.5108088387401
   4   ||  Biomass1 || limited ||    0.04572217917587 ||0.0135891301189
   5   ||  Biomass2 || limited ||    0.03725368164115 ||0.009538047636065
   6   ||   vm_mean || limited ||     -1.378782733144 ||0.1088688578711
   7   ||  vm_sigma || limited ||      34.59513993203 ||32.28443958072
   8   ||Recruit year 1 || limited ||      5.574155431782 ||0.8892009283485
   9   ||Recruit year 2 || limited ||       8.17481724442 ||2.746087112606
  10   ||Recruit year 3 || limited ||      3.202404050012 ||0.931518360114
  11   ||Recruit year 4 || limited ||      5.939875278863 ||0.8873186213583



WARNING: FunctionMinimum is invalid: 
	 Reached call limit


