# Minimum negative log likelihood

Minuit did successfully converge.
# of function calls: 1406
minimum function Value: 490.2795114524
minimum edm: 4.771368581477e-05
minimum internal state vector: LAVector parameters:
      2.872477253005
    -0.9563834397374
     -1.287002217587
     -1.249674024988
     -1.485111459212
     -1.492711446891
    -0.1091418582885
     -1.458990286692
     -1.391299437162
     -1.156962547026
    -0.9886464591982
    0.06053762800008
    0.07479528129791
    0.09731040759423
    0.04961801370062

minimum internal covariance matrix: LASymMatrix parameters:
   0.0095432314  0.00073870964              0 -2.1645797e-05 -0.00012033556 -0.00010685016    0.001535139 -0.00025657806 -0.00030788805 -0.00068794447 -0.00096544222  3.1137124e-05 -5.8296171e-05 -8.3116521e-06 -3.5797686e-05
  0.00073870964  7.0790997e-05              0  1.0672311e-05 -1.0299599e-05 -9.3218104e-06  7.8155986e-05 -2.1820755e-05 -2.5107385e-05 -5.4816565e-05 -8.0566733e-05  1.3751589e-06 -2.4421948e-06  1.9223404e-07 -2.0694619e-06
              0              0              2              0              0              0              0              0              0              0              0              0              0              0              0
 -2.1645797e-05  1.0672311e-05              0  0.00020097207  6.1205873e-06   4.459867e-06 -2.6004101e-05 -3.7664009e-06  5.9304445e-07  4.9598955e-06 -7.1600086e-07 -8.0999705e-06  6.4819743e-06  -8.395787e-07  1.5000176e-06
 -0.00012033556 -1.0299599e-05              0  6.1205873e-06  3.8605579e-06  3.1924539e-06 -8.1346124e-06  3.0580866e-06  3.8749945e-06  9.1852116e-06  1.2906012e-05 -1.1721704e-06  9.7704738e-07 -2.4713932e-07  4.2157911e-07
 -0.00010685016 -9.3218104e-06              0   4.459867e-06  3.1924539e-06  2.6977974e-06  -7.266323e-06  2.8672825e-06  3.5059311e-06  8.0898061e-06  1.1481369e-05 -9.4957233e-07  7.9089802e-07 -2.3168795e-07  3.6458382e-07
    0.001535139  7.8155986e-05              0 -2.6004101e-05 -8.1346124e-06  -7.266323e-06    0.001540701 -4.6427023e-05 -5.5160459e-05   -0.000101637 -0.00013418288  9.6824695e-06 -3.2311397e-05 -1.1880428e-05 -1.8332621e-05
 -0.00025657806 -2.1820755e-05              0 -3.7664009e-06  3.0580866e-06  2.8672825e-06 -4.6427023e-05  1.1762369e-05  8.9923833e-06  1.7991211e-05   2.606997e-05 -9.6587804e-07  1.5234187e-06 -2.4588019e-08  1.0430619e-06
 -0.00030788805 -2.5107385e-05              0  5.9304445e-07  3.8749945e-06  3.5059311e-06 -5.5160459e-05  8.9923833e-06  1.4229882e-05  2.2514874e-05  3.1347935e-05 -6.5871622e-07  1.6897026e-06  2.5896502e-07  1.2395647e-06
 -0.00068794447 -5.4816565e-05              0  4.9598955e-06  9.1852116e-06  8.0898061e-06   -0.000101637  1.7991211e-05  2.2514874e-05  5.4689633e-05  7.1521676e-05 -1.7341707e-06   3.777307e-06  5.1991201e-07  2.4400674e-06
 -0.00096544222 -8.0566733e-05              0 -7.1600086e-07  1.2906012e-05  1.1481369e-05 -0.00013418288   2.606997e-05  3.1347935e-05  7.1521676e-05  0.00010580634 -2.3633432e-06  4.7456876e-06  5.1806191e-07  3.2552633e-06
  3.1137124e-05  1.3751589e-06              0 -8.0999705e-06 -1.1721704e-06 -9.4957233e-07  9.6824695e-06 -9.6587804e-07 -6.5871622e-07 -1.7341707e-06 -2.3633432e-06  4.5219604e-06 -1.7204407e-06  3.7481169e-07  -4.057147e-07
 -5.8296171e-05 -2.4421948e-06              0  6.4819743e-06  9.7704738e-07  7.9089802e-07 -3.2311397e-05  1.5234187e-06  1.6897026e-06   3.777307e-06  4.7456876e-06 -1.7204407e-06  2.7558358e-06  1.8495725e-08  6.3423511e-07
 -8.3116521e-06  1.9223404e-07              0  -8.395787e-07 -2.4713932e-07 -2.3168795e-07 -1.1880428e-05 -2.4588019e-08  2.5896502e-07  5.1991201e-07  5.1806191e-07  3.7481169e-07  1.8495725e-08   4.984735e-07  8.9006017e-08
 -3.5797686e-05 -2.0694619e-06              0  1.5000176e-06  4.2157911e-07  3.6458382e-07 -1.8332621e-05  1.0430619e-06  1.2395647e-06  2.4400674e-06  3.2552633e-06  -4.057147e-07  6.3423511e-07  8.9006017e-08  3.7987685e-07


# ext. ||   Name    ||   type  ||     Value     ||  Error +/- 

   0   ||Natural mortality || limited ||    0.05164696953171 ||0.001663440418918
   1   ||Targeted q || limited ||      9.144397703722 ||0.1714844974032
   2   ||Nontargeted q || limited ||                   2 ||22.06548931833
   3   ||     sigma || limited ||      2.555910913637 ||0.1581962530638
   4   ||  Biomass1 || limited ||      1.834351419554 ||0.05945008477698
   5   ||  Biomass2 || limited ||       1.52353776564 ||0.04529863360048
   6   ||  vm_sigma || limited ||      35.64354224929 ||1.103446274944
   7   ||Recruit year 1 || limited ||     0.3221581301819 ||0.01352753327044
   8   ||Recruit year 2 || limited ||     0.8132376730228 ||0.02380860910232
   9   ||Recruit year 3 || limited ||       4.23028261299 ||0.105128483229
  10   ||Recruit year 4 || limited ||      8.245049468524 ||0.1999331809421
  11   ||Mean Rec dist 1 || limited ||     0.6050065834744 ||0.01500900584311
  12   ||Mean Rec dist 2 || limited ||     0.7472556250345 ||0.01170565284566
  13   ||Mean Rec dist 3 || limited ||     0.9715690313407 ||0.004968742960574
  14   ||Mean Rec dist 4 || limited ||     0.4959765671767 ||0.004352828722697





