# Minimum negative log likelihood

Minuit did successfully converge.
# of function calls: 872
minimum function Value: 389.9295123199
minimum edm: 1.823218256199e-05
minimum internal state vector: LAVector parameters:
     0.2431175489411
     -1.066765113031
     -1.287002217587
     -1.318942324198
     -1.516901672725
     -1.520795216118
    -0.1672100366685
      2.736592892651
     -1.343617929405
     -1.111145427438
     -1.453398677199
     -0.986790810017

minimum internal covariance matrix: LASymMatrix parameters:
   0.0010534841 -0.00024260722              0   2.463276e-05  2.6603998e-05  2.3953881e-05 -1.0535092e-05 -0.00040189699  8.6356269e-05  0.00018098244  4.9864523e-05  0.00021711698
 -0.00024260722  6.1239702e-05              0  -1.013313e-05 -6.7918377e-06 -6.1269932e-06   3.053528e-06  0.00012340015 -2.1161347e-05 -4.3707336e-05 -1.2073903e-05 -5.2287888e-05
              0              0              2              0              0              0              0              0              0              0              0              0
   2.463276e-05  -1.013313e-05              0  0.00011870939  2.2340991e-06  1.9754488e-06 -5.5167448e-07 -0.00011415549  1.0493085e-06  6.0739405e-06   2.574761e-06  5.3963963e-06
  2.6603998e-05 -6.7918377e-06              0  2.2340991e-06  1.7138493e-06  1.4443224e-06 -2.7083669e-07 -1.6426692e-05  2.3967261e-06  4.7759195e-06  1.3592751e-06  5.7607173e-06
  2.3953881e-05 -6.1269932e-06              0  1.9754488e-06  1.4443224e-06  1.2331209e-06 -2.4453497e-07 -1.4420241e-05   2.147145e-06  4.3166347e-06  1.2089899e-06  5.1891744e-06
 -1.0535092e-05   3.053528e-06              0 -5.5167448e-07 -2.7083669e-07 -2.4453497e-07   4.487773e-07  1.5444273e-05 -9.8707653e-07   -1.96921e-06 -6.1577593e-07  -2.391895e-06
 -0.00040189699  0.00012340015              0 -0.00011415549 -1.6426692e-05 -1.4420241e-05  1.5444273e-05    0.001339064 -3.8318206e-05 -7.5024507e-05 -2.8382061e-05 -9.1593991e-05
  8.6356269e-05 -2.1161347e-05              0  1.0493085e-06  2.3967261e-06   2.147145e-06 -9.8707653e-07 -3.8318206e-05  9.7268117e-06  1.5324598e-05  4.6130392e-06  1.8379134e-05
  0.00018098244 -4.3707336e-05              0  6.0739405e-06  4.7759195e-06  4.3166347e-06   -1.96921e-06 -7.5024507e-05  1.5324598e-05  3.4215746e-05  9.2354653e-06  3.8067377e-05
  4.9864523e-05 -1.2073903e-05              0   2.574761e-06  1.3592751e-06  1.2089899e-06 -6.1577593e-07 -2.8382061e-05  4.6130392e-06  9.2354653e-06   4.429016e-06  1.0457499e-05
  0.00021711698 -5.2287888e-05              0  5.3963963e-06  5.7607173e-06  5.1891744e-06  -2.391895e-06 -9.1593991e-05  1.8379134e-05  3.8067377e-05  1.0457499e-05  4.7300498e-05


# ext. ||   Name    ||   type  ||     Value     ||  Error +/- 

   0   ||Natural mortality || limited ||    0.06203648300343 ||0.0011136985718
   1   ||Targeted q || limited ||      6.217861517697 ||0.1336225975959
   2   ||Nontargeted q || limited ||                   2 ||22.06548931833
   3   ||     sigma || limited ||      1.577396542145 ||0.09599334306888
   4   ||  Biomass1 || limited ||     0.7259826826577 ||0.02493312313046
   5   ||  Biomass2 || limited ||     0.6248975581729 ||0.01962259634622
   6   ||   vm_mean || limited ||    -0.5228613877545 ||0.001467406825854
   7   ||  vm_sigma || limited ||      55.76104461669 ||0.9511646702908
   8   ||Recruit year 1 || limited ||      1.294582517107 ||0.02483255483905
   9   ||Recruit year 2 || limited ||      5.199109762593 ||0.09173802901096
  10   ||Recruit year 3 || limited ||      0.354125241431 ||0.008714177328527
  11   ||Recruit year 4 || limited ||      8.296129976722 ||0.1340558747467





