# Minimum negative log likelihood

Minuit did successfully converge.
# of function calls: 927
minimum function Value: 465.2934037849
minimum edm: 3.669709748942e-05
minimum internal state vector: LAVector parameters:
     -1.070243300118
     -1.059744073783
     -1.287002217587
     -1.268548995706
     -1.496866485864
     -1.498215556413
    -0.5242034532091
    -0.7441641465943
     -1.279760608307
    -0.9502776272809
     -1.168642601135
     -1.257717471653

minimum internal covariance matrix: LASymMatrix parameters:
    0.001295021 -0.00030406599              0   9.631069e-06  4.2727167e-05  4.0586218e-05   1.516966e-05 -5.0025243e-05  0.00015637178  0.00040654673  0.00025100942  0.00018735525
 -0.00030406599  7.3625746e-05              0 -1.8431555e-06 -1.0310998e-05 -9.8063914e-06 -2.1469491e-06  1.2713886e-06   -3.65564e-05 -9.5488735e-05 -5.8483228e-05 -4.3899069e-05
              0              0              2              0              0              0              0              0              0              0              0              0
   9.631069e-06 -1.8431555e-06              0  0.00011389637  7.4691773e-07  6.4802953e-07  3.0210787e-07  3.7449504e-06  1.3791696e-06  3.0872675e-06  6.1081463e-07  1.2164966e-06
  4.2727167e-05 -1.0310998e-05              0  7.4691773e-07  4.8424367e-06  3.9905651e-06  2.2398896e-07 -6.4657965e-07   7.183492e-06  1.3450348e-05  8.2528251e-06  6.1284252e-06
  4.0586218e-05 -9.8063914e-06              0  6.4802953e-07  3.9905651e-06  3.3799335e-06  2.4383266e-07 -1.1043206e-07  6.1978572e-06  1.2799968e-05  7.7842197e-06  5.8269243e-06
   1.516966e-05 -2.1469491e-06              0  3.0210787e-07  2.2398896e-07  2.4383266e-07  2.2274781e-06 -1.2301268e-05  1.7824714e-06   4.745602e-06  3.2994043e-06  2.2505854e-06
 -5.0025243e-05  1.2713886e-06              0  3.7449504e-06 -6.4657965e-07 -1.1043206e-07 -1.2301268e-05  0.00016684803 -8.4881447e-06 -1.4574072e-05 -1.5720528e-05 -8.5079099e-06
  0.00015637178   -3.65564e-05              0  1.3791696e-06   7.183492e-06  6.1978572e-06  1.7824714e-06 -8.4881447e-06  2.3078644e-05  4.8990049e-05  3.0570834e-05  2.2612569e-05
  0.00040654673 -9.5488735e-05              0  3.0872675e-06  1.3450348e-05  1.2799968e-05   4.745602e-06 -1.4574072e-05  4.8990049e-05  0.00012958032  7.8663027e-05  5.8773214e-05
  0.00025100942 -5.8483228e-05              0  6.1081463e-07  8.2528251e-06  7.7842197e-06  3.2994043e-06 -1.5720528e-05  3.0570834e-05  7.8663027e-05  5.1145328e-05  3.6357044e-05
  0.00018735525 -4.3899069e-05              0  1.2164966e-06  6.1284252e-06  5.8269243e-06  2.2505854e-06 -8.5079099e-06  2.2612569e-05  5.8773214e-05  3.6357044e-05  2.8989273e-05


# ext. ||   Name    ||   type  ||     Value     ||  Error +/- 

   0   ||Natural mortality || limited ||    0.01840240611114 ||0.001831590198482
   1   ||Targeted q || limited ||      6.388483070244 ||0.1483749911762
   2   ||Nontargeted q || limited ||                   2 ||22.06548931833
   3   ||     sigma || limited ||      2.266502726208 ||0.1123144561075
   4   ||  Biomass1 || limited ||      1.365783103883 ||0.05746599003242
   5   ||  Biomass2 || limited ||      1.316414002786 ||0.04713561289615
   6   ||   vm_mean || limited ||     -1.572441185325 ||0.002870254603982
   7   ||  vm_sigma || limited ||      12.90655275986 ||0.2687620014929
   8   ||Recruit year 1 || limited ||      2.112429956021 ||0.04873195681572
   9   ||Recruit year 2 || limited ||      9.330219658122 ||0.233988324538
  10   ||Recruit year 3 || limited ||      3.998593191328 ||0.09895433034944
  11   ||Recruit year 4 || limited ||      2.440265635601 ||0.05862256167589





