# Minimum negative log likelihood

Minuit did successfully converge.
# of function calls: 401
minimum function Value: 671.2294447713
minimum edm: 1.109112045939e-05
minimum internal state vector: LAVector parameters:
    -0.8709898970224
     -1.164930864277
     -1.287002217587
     -1.071725213242
     -1.358720191002
     -1.364750192311
     0.6680260936875
     0.1807262090127
     -1.263277828377
     -1.103247653751
     -1.486112043939
    -0.9623992207564

minimum internal covariance matrix: LASymMatrix parameters:
   0.0006350187  -0.0001462906              0  6.7949377e-06 -2.1651127e-05 -5.7807972e-06  2.3853535e-05 -0.00057531317  0.00017853816  0.00024230941  8.1529934e-05  0.00027738814
  -0.0001462906   5.181184e-05              0 -2.7965485e-06  5.6701377e-06  1.1737336e-06 -1.2466448e-06 -1.3320968e-06 -4.2038664e-05 -6.0893724e-05 -1.4882098e-05 -8.3128155e-05
              0              0              2              0              0              0              0              0              0              0              0              0
  6.7949377e-06 -2.7965485e-06              0  0.00031937407  6.0032075e-07  5.9970241e-07 -1.0749848e-08  4.3113087e-05  1.5603769e-06  3.6415576e-06 -5.4042777e-07  7.6494519e-06
 -2.1651127e-05  5.6701377e-06              0  6.0032075e-07  1.0224355e-06  3.7241737e-07   -6.79931e-07  1.6570456e-05 -5.8415347e-06 -8.6020164e-06  -2.701655e-06  -1.027238e-05
 -5.7807972e-06  1.1737336e-06              0  5.9970241e-07  3.7241737e-07   2.569456e-07 -3.0678872e-07  9.8548658e-06 -1.8974612e-06  -2.124537e-06 -6.7473971e-07 -2.5023646e-06
  2.3853535e-05 -1.2466448e-06              0 -1.0749848e-08   -6.79931e-07 -3.0678872e-07  1.1783937e-05 -0.00026285357  7.3150478e-06  7.7926135e-06  2.9044626e-06  1.1797147e-05
 -0.00057531317 -1.3320968e-06              0  4.3113087e-05  1.6570456e-05  9.8548658e-06 -0.00026285357    0.017386228 -0.00015718381 -0.00020720134 -9.3632506e-05 -0.00023648787
  0.00017853816 -4.2038664e-05              0  1.5603769e-06 -5.8415347e-06 -1.8974612e-06  7.3150478e-06 -0.00015718381  9.3603587e-05  5.6846741e-05   1.324609e-05   8.136318e-05
  0.00024230941 -6.0893724e-05              0  3.6415576e-06 -8.6020164e-06  -2.124537e-06  7.7926135e-06 -0.00020720134  5.6846741e-05  0.00011503902  3.2637051e-05  0.00010926524
  8.1529934e-05 -1.4882098e-05              0 -5.4042777e-07  -2.701655e-06 -6.7473971e-07  2.9044626e-06 -9.3632506e-05   1.324609e-05  3.2637051e-05  4.3068139e-05  2.8153426e-05
  0.00027738814 -8.3128155e-05              0  7.6494519e-06  -1.027238e-05 -2.5023646e-06  1.1797147e-05 -0.00023648787   8.136318e-05  0.00010926524  2.8153426e-05   0.0001859743


# ext. ||   Name    ||   type  ||     Value     ||  Error +/- 

   0   ||Natural mortality || limited ||    0.03525496885217 ||0.001721390304989
   1   ||Targeted q || limited ||      4.061947773775 ||0.1004755176748
   2   ||Nontargeted q || limited ||                   2 ||22.06548931833
   3   ||     sigma || limited ||      6.098624244544 ||0.3023954041653
   4   ||  Biomass1 || limited ||      11.20199192321 ||0.0752496266038
   5   ||  Biomass2 || limited ||      10.57625490408 ||0.03666593002111
   6   ||   vm_mean || limited ||      1.946020574976 ||0.005986523702838
   7   ||  vm_sigma || limited ||      47.19017022046 ||3.663375529016
   8   ||Recruit year 1 || limited ||       2.35538341643 ||0.103528265431
   9   ||Recruit year 2 || limited ||      5.375674342631 ||0.1708901275236
  10   ||Recruit year 3 || limited ||     0.1891606572871 ||0.01962328329949
  11   ||Recruit year 4 || limited ||      8.980842311205 ||0.2755419675389





