# Minimum negative log likelihood

Minuit did successfully converge.
# of function calls: 1999
minimum function Value: 477.2323636164
minimum edm: 4.997700562966e-05
minimum internal state vector: LAVector parameters:
     -0.354498568271
     -1.271775771329
     -1.287002217587
     -1.259705121391
     -1.379800941377
     -1.385039472123
    -0.8461527079868
     -1.417085985227
     -1.093202844603
     -1.296154684379
      -1.22405893419
      0.107883443717
    0.06210792558054
    0.02268549958018
    0.02896378931917

minimum internal covariance matrix: LASymMatrix parameters:
    0.011989956  -0.0011038872              0  -5.691051e-05  0.00073599533  0.00070628667  -0.0015010852  0.00088224346   0.0024882373   0.0014333891   0.0017221645  6.5006829e-05   0.0001401194  0.00019140492  0.00013273441
  -0.0011038872  0.00011417147              0  2.1517654e-06  -7.556062e-05 -7.2338102e-05  0.00010382549 -8.3650259e-05 -0.00024027019 -0.00013530679 -0.00016835338 -4.8934619e-06  -1.085261e-05 -1.7208392e-05 -1.1703305e-05
              0              0              2              0              0              0              0              0              0              0              0              0              0              0              0
  -5.691051e-05  2.1517654e-06              0   0.0001438057  -3.370248e-06 -3.1674445e-06 -4.1125612e-06 -3.7242505e-06 -1.0196032e-05 -6.5078429e-06 -7.5043885e-06 -1.7069386e-06  -3.520559e-07 -8.6079157e-07 -1.1912848e-06
  0.00073599533  -7.556062e-05              0  -3.370248e-06  5.3418296e-05  5.0835462e-05 -6.8501432e-05  5.6891934e-05  0.00015996935  9.0079669e-05  0.00011182425  1.8102173e-06  7.3329273e-06  1.1748441e-05  7.8446799e-06
  0.00070628667 -7.2338102e-05              0 -3.1674445e-06  5.0835462e-05  4.8420213e-05 -6.6421962e-05  5.4329328e-05  0.00015334023  8.6385443e-05  0.00010718456  2.0691036e-06  7.0736923e-06  1.1275963e-05  7.5387447e-06
  -0.0015010852  0.00010382549              0 -4.1125612e-06 -6.8501432e-05 -6.6421962e-05  0.00082502653  -9.837232e-05 -0.00027643577 -0.00016602767 -0.00019507258 -1.8819029e-05 -3.8009306e-05 -2.7312027e-05 -2.6323796e-05
  0.00088224346 -8.3650259e-05              0 -3.7242505e-06  5.6891934e-05  5.4329328e-05  -9.837232e-05  7.2120792e-05   0.0001851788  0.00010643737   0.0001283268 -2.9235488e-06  9.8560329e-06   1.383204e-05   9.460381e-06
   0.0024882373 -0.00024027019              0 -1.0196032e-05  0.00015996935  0.00015334023 -0.00027643577   0.0001851788  0.00053019018  0.00030014516  0.00036648142  1.2703065e-05  2.7054544e-05  4.0075691e-05   2.710948e-05
   0.0014333891 -0.00013530679              0 -6.5078429e-06  9.0079669e-05  8.6385443e-05 -0.00016602767  0.00010643737  0.00030014516  0.00017678469  0.00020818963  7.4811931e-06  1.5884371e-05   2.146829e-05  1.5956319e-05
   0.0017221645 -0.00016835338              0 -7.5043885e-06  0.00011182425  0.00010718456 -0.00019507258   0.0001283268  0.00036648142  0.00020818963   0.0002627144   9.017124e-06  1.8780209e-05  2.7233494e-05  1.9834373e-05
  6.5006829e-05 -4.8934619e-06              0 -1.7069386e-06  1.8102173e-06  2.0691036e-06 -1.8819029e-05 -2.9235488e-06  1.2703065e-05  7.4811931e-06   9.017124e-06   5.028681e-05  1.3580124e-06  9.6578507e-07  6.7556254e-07
   0.0001401194  -1.085261e-05              0  -3.520559e-07  7.3329273e-06  7.0736923e-06 -3.8009306e-05  9.8560329e-06  2.7054544e-05  1.5884371e-05  1.8780209e-05  1.3580124e-06  3.2427799e-06  2.4813863e-06  1.9661388e-06
  0.00019140492 -1.7208392e-05              0 -8.6079157e-07  1.1748441e-05  1.1275963e-05 -2.7312027e-05   1.383204e-05  4.0075691e-05   2.146829e-05  2.7233494e-05  9.6578507e-07  2.4813863e-06   8.173319e-06  1.9297729e-06
  0.00013273441 -1.1703305e-05              0 -1.1912848e-06  7.8446799e-06  7.5387447e-06 -2.6323796e-05   9.460381e-06   2.710948e-05  1.5956319e-05  1.9834373e-05  6.7556254e-07  1.9661388e-06  1.9297729e-06  3.7356517e-06


# ext. ||   Name    ||   type  ||     Value     ||  Error +/- 

   0   ||Natural mortality || limited ||    0.03632199610356 ||0.001813508459296
   1   ||Targeted q || limited ||      2.218726175106 ||0.1112857033125
   2   ||Nontargeted q || limited ||                   2 ||22.06548931833
   3   ||     sigma || limited ||      2.399993933329 ||0.1297770316885
   4   ||  Biomass1 || limited ||      9.092119361354 ||0.4905432332967
   5   ||  Biomass2 || limited ||      8.601625838429 ||0.454371386288
   6   ||  vm_sigma || limited ||      10.05144623073 ||0.5384819398963
   7   ||Recruit year 1 || limited ||     0.5994507152215 ||0.04596537173361
   8   ||Recruit year 2 || limited ||      5.604258864269 ||0.3741356845657
   9   ||Recruit year 3 || limited ||      1.883690275575 ||0.1274736521225
  10   ||Recruit year 4 || limited ||      2.985379824121 ||0.1947185075434
  11   ||Mean Rec dist 1 || limited ||      1.076742924908 ||0.04985146966273
  12   ||Mean Rec dist 2 || limited ||     0.6206800415336 ||0.01270882684025
  13   ||Mean Rec dist 3 || limited ||     0.2268355384998 ||0.02021027259121
  14   ||Mean Rec dist 4 || limited ||     0.2895973986328 ||0.01366110604173





