# Minimum negative log likelihood

Minuit did successfully converge.
# of function calls: 910
minimum function Value: 460.8586840373
minimum edm: 7.141568452701e-05
minimum internal state vector: LAVector parameters:
      1.723982244126
    -0.9695107704263
     -1.287002217587
     -1.271827104794
     -1.528596690813
     -1.530304445431
    0.04266895437501
     0.2123420088191
     -1.060183859199
     -1.177195197814
     -1.005168214024
     -1.368906294954

minimum internal covariance matrix: LASymMatrix parameters:
   0.0036834944  6.2163202e-05              0 -0.00010920446 -8.4936125e-05 -7.0604725e-05  8.5303599e-06 -0.00027003951 -1.6074533e-05 -2.0428768e-05  -2.631644e-05 -1.7838559e-05
  6.2163202e-05  6.0557033e-06              0  -4.361816e-06   -1.67535e-06 -1.4096147e-06  9.6761358e-07 -2.7511938e-05 -2.1324369e-07 -1.5265695e-06 -1.2351159e-06 -1.1571796e-06
              0              0              2              0              0              0              0              0              0              0              0              0
 -0.00010920446  -4.361816e-06              0  0.00017375375  2.9454974e-06  2.3887178e-06 -4.6163546e-08 -2.5136863e-05  1.8550954e-06  5.0030981e-06   3.621941e-06  2.5399532e-06
 -8.4936125e-05   -1.67535e-06              0  2.9454974e-06  2.5490324e-06  2.0954277e-06 -1.1739481e-07  1.9136768e-06  6.9261809e-07  9.2248223e-07  1.1126038e-06  6.0010366e-07
 -7.0604725e-05 -1.4096147e-06              0  2.3887178e-06  2.0954277e-06  1.7420069e-06 -9.7325191e-08  1.6717655e-06  5.3755067e-07  7.7636416e-07  9.1790842e-07  4.9207001e-07
  8.5303599e-06  9.6761358e-07              0 -4.6163546e-08 -1.1739481e-07 -9.7325191e-08  5.6580621e-07 -1.9546105e-05 -2.2419687e-08  7.8075363e-08 -1.6933226e-07 -4.1064641e-07
 -0.00027003951 -2.7511938e-05              0 -2.5136863e-05  1.9136768e-06  1.6717655e-06 -1.9546105e-05   0.0013593456  8.3407425e-06 -9.9988857e-06  5.1045455e-06  1.5616641e-05
 -1.6074533e-05 -2.1324369e-07              0  1.8550954e-06  6.9261809e-07  5.3755067e-07 -2.2419687e-08  8.3407425e-06  5.3455005e-06 -1.9117862e-07  2.7978029e-07  5.2934865e-08
 -2.0428768e-05 -1.5265695e-06              0  5.0030981e-06  9.2248223e-07  7.7636416e-07  7.8075363e-08 -9.9988857e-06 -1.9117862e-07  4.1028816e-06 -1.9045072e-07 -7.8088656e-08
  -2.631644e-05 -1.2351159e-06              0   3.621941e-06  1.1126038e-06  9.1790842e-07 -1.6933226e-07  5.1045455e-06  2.7978029e-07 -1.9045072e-07  5.5085114e-06 -2.1953891e-07
 -1.7838559e-05 -1.1571796e-06              0  2.5399532e-06  6.0010366e-07  4.9207001e-07 -4.1064641e-07  1.5616641e-05  5.2934865e-08 -7.8088656e-08 -2.1953891e-07  3.3881476e-06


# ext. ||   Name    ||   type  ||     Value     ||  Error +/- 

   0   ||Natural mortality || limited ||    0.06970724907905 ||0.0001636592993482
   1   ||Targeted q || limited ||      8.769547330777 ||0.04921818350437
   2   ||Nontargeted q || limited ||                   2 ||22.06548931833
   3   ||     sigma || limited ||      2.217970136252 ||0.1372629008384
   4   ||  Biomass1 || limited ||     0.4451362547948 ||0.02381345388464
   5   ||  Biomass2 || limited ||     0.4098421116637 ||0.01888987800355
   6   ||   vm_mean || limited ||     0.1340078016421 ||0.001669449337581
   7   ||  vm_sigma || limited ||      48.43038994819 ||1.019271423019
   8   ||Recruit year 1 || limited ||      6.387094665299 ||0.03994461975625
   9   ||Recruit year 2 || limited ||      3.832919763166 ||0.0274625052639
  10   ||Recruit year 3 || limited ||      7.796614644272 ||0.04446821586964
  11   ||Recruit year 4 || limited ||      1.025431636814 ||0.01304827774609





