"","x"
"Week1.1956",7.56943003857636e-12
"Week2.1956",6.63935939103638e-12
"Week3.1956",5.78124339168557e-12
"Week4.1956",5.12864532765071e-12
"Week5.1956",3.92075147490261e-12
"Week6.1956",3.41979719267899e-12
"Week7.1956",3.04369557215318e-12
"Week8.1956",4.61362500640113e-12
"Week9.1956",5.67089813136014e-11
"Week10.1956",1.73155613978988e-09
"Week11.1956",5.66454932548897e-08
"Week12.1956",1.80718924561216e-06
"Week13.1956",5.37254157035282e-05
"Week14.1956",0.00141043948565857
"Week15.1956",0.0314144175247639
"Week16.1956",0.562995379902328
"Week17.1956",7.93465590012521
"Week18.1956",83.1193149128848
"Week19.1956",644.577300135119
"Week20.1956",3550.61968781669
"Week21.1956",14051.8930040164
"Week22.1956",39516.8604991131
"Week23.1956",81226.3717970542
"Week24.1956",123403.598170597
"Week25.1956",152821.083932945
"Week26.1956",157592.745536215
"Week27.1956",151212.711439989
"Week28.1956",147410.615380068
"Week29.1956",145617.459773828
"Week30.1956",142625.956026361
"Week31.1956",137667.002558469
"Week32.1956",132738.73998845
"Week33.1956",121531.87719673
"Week34.1956",110737.274980594
"Week35.1956",102351.533808952
"Week36.1956",87900.2858116816
"Week37.1956",73266.4748789121
"Week38.1956",69734.689515977
"Week39.1956",60324.9077406753
"Week40.1956",51565.6865859797
"Week41.1956",42723.8824148201
"Week42.1956",39410.5334604222
"Week43.1956",32297.0493906686
"Week44.1956",28943.9777517199
"Week45.1956",25054.4200201418
"Week46.1956",23812.8531836099
"Week47.1956",19385.2854129783
"Week48.1956",16898.0395476529
"Week49.1956",14746.883681197
"Week50.1956",12785.176524958
"Week51.1956",11155.6553082429
"Week52.1956",9752.68453135098
"Week1.1957",7798.25098300839
"Week2.1957",7288.28176771802
"Week3.1957",6892.16823727616
"Week4.1957",5653.58836958646
"Week5.1957",5218.01037619613
"Week6.1957",4851.32480150059
"Week7.1957",4473.59526316701
"Week8.1957",4155.74701458351
"Week9.1957",3714.49283178128
"Week10.1957",3072.95502474775
"Week11.1957",2796.71225943969
"Week12.1957",2634.89259719277
"Week13.1957",2074.44104977191
"Week14.1957",1814.31881727785
"Week15.1957",1657.77045710832
"Week16.1957",1396.29368677095
"Week17.1957",1261.2724791318
"Week18.1957",1227.26798397879
"Week19.1957",1665.26296340459
"Week20.1957",4387.52472743357
"Week21.1957",14893.9321605686
"Week22.1957",41723.4142450424
"Week23.1957",84722.4316380334
"Week24.1957",133419.835719205
"Week25.1957",154757.647070532
"Week26.1957",160761.506673305
"Week27.1957",163774.642356288
"Week28.1957",152666.765894039
"Week29.1957",134279.072023786
"Week30.1957",118471.825745025
"Week31.1957",111614.263271213
"Week32.1957",93134.5777335145
"Week33.1957",83666.2289014169
"Week34.1957",72047.2862824301
"Week35.1957",59682.5274933536
"Week36.1957",56251.2776851255
"Week37.1957",52601.4234978015
"Week38.1957",47410.5085058494
"Week39.1957",41194.0281722382
"Week40.1957",34913.5448412408
"Week41.1957",31441.6375137528
"Week42.1957",26574.7574524496
"Week43.1957",23564.6036494884
"Week44.1957",19960.5666424592
"Week45.1957",16640.4888287427
"Week46.1957",15784.0821437114
"Week47.1957",14185.4192807296
"Week48.1957",12420.6783063739
"Week49.1957",11422.0119545586
"Week50.1957",10347.4149946731
"Week51.1957",9187.23795802711
"Week52.1957",8635.03581592706
"Week1.1958",7280.45142177804
"Week2.1958",6456.64043889472
"Week3.1958",5789.98678969695
"Week4.1958",5132.73805139098
"Week5.1958",4092.69067963073
"Week6.1958",3495.73871850201
"Week7.1958",2828.52992484564
"Week8.1958",2488.49614419265
"Week9.1958",2185.68456219643
"Week10.1958",1925.25540143124
"Week11.1958",1653.02016839819
"Week12.1958",1533.33946253266
"Week13.1958",1447.85820478117
"Week14.1958",1218.06226469687
"Week15.1958",1128.17222831194
"Week16.1958",983.516022746393
"Week17.1958",814.618238964665
"Week18.1958",750.480848915249
"Week19.1958",1276.38149295259
"Week20.1958",4081.52833273705
"Week21.1958",14684.3195750871
"Week22.1958",40195.6112129781
"Week23.1958",83795.0199997094
"Week24.1958",126792.74891031
"Week25.1958",144849.92695849
"Week26.1958",147718.409724077
"Week27.1958",139750.889017707
"Week28.1958",124501.675120843
"Week29.1958",120835.982614659
"Week30.1958",115278.164562571
"Week31.1958",107326.971675285
"Week32.1958",100788.771895823
"Week33.1958",88546.3516866003
"Week34.1958",85916.5081793158
"Week35.1958",75557.7924447371
"Week36.1958",69456.9879299867
"Week37.1958",58689.9478418569
"Week38.1958",49498.2683509089
"Week39.1958",43211.5485860503
"Week40.1958",39128.854342652
"Week41.1958",32843.548082569
"Week42.1958",28993.7537036094
"Week43.1958",26031.1975464432
"Week44.1958",22689.5176556761
"Week45.1958",20091.0372816808
"Week46.1958",18476.3015459184
"Week47.1958",16899.2898901754
"Week48.1958",14466.9729549546
"Week49.1958",12113.5038764972
"Week50.1958",10475.2584937446
"Week51.1958",9152.23937665069
"Week52.1958",8339.69870056209
"Week1.1959",6435.43422000712
"Week2.1959",5766.99531358569
"Week3.1959",5092.18045033168
"Week4.1959",4007.72195058713
"Week5.1959",3670.40036729208
"Week6.1959",3259.30798485461
"Week7.1959",2759.54820474097
"Week8.1959",2347.58871992254
"Week9.1959",2042.09679032867
"Week10.1959",1841.24105703029
"Week11.1959",1693.17999949291
"Week12.1959",1418.02387924162
"Week13.1959",1187.1953439741
"Week14.1959",1024.99020045921
"Week15.1959",953.691357862512
"Week16.1959",856.618860713825
"Week17.1959",804.007348159809
"Week18.1959",745.610201070822
"Week19.1959",1252.92227746725
"Week20.1959",4092.48380300712
"Week21.1959",14838.1217629043
"Week22.1959",39577.5554518041
"Week23.1959",78473.978693978
"Week24.1959",121804.835501178
"Week25.1959",149597.387586162
"Week26.1959",160639.99821397
"Week27.1959",147741.733921632
"Week28.1959",130441.774431819
"Week29.1959",113636.063482274
"Week30.1959",108894.464853723
"Week31.1959",95827.7479908758
"Week32.1959",90217.7504524912
"Week33.1959",76286.4682688841
"Week34.1959",61832.2838422643
"Week35.1959",54374.9842308684
"Week36.1959",48172.7630885797
"Week37.1959",40493.6246955947
"Week38.1959",36315.6743885598
"Week39.1959",31538.6077919347
"Week40.1959",28245.5655843143
"Week41.1959",23570.1938990017
"Week42.1959",20592.6572999112
"Week43.1959",18838.2988487321
"Week44.1959",17180.4159247692
"Week45.1959",15784.077934955
"Week46.1959",14590.556780156
"Week47.1959",13388.2300519753
"Week48.1959",11761.6098120807
"Week49.1959",10099.7998054398
"Week50.1959",8980.16263108465
"Week51.1959",8446.42931719932
"Week52.1959",7494.9732910672
"Week1.1960",6150.18465522749
"Week2.1960",5822.92447500349
"Week3.1960",4869.53271324581
"Week4.1960",4336.56569471511
"Week5.1960",3920.47598955433
"Week6.1960",3447.72766061236
"Week7.1960",3189.60976713416
"Week8.1960",2625.35167792634
"Week9.1960",2392.6028783346
"Week10.1960",2124.0225423227
"Week11.1960",1953.21361181773
"Week12.1960",1670.00853022007
"Week13.1960",1406.31423983846
"Week14.1960",1136.62228224653
"Week15.1960",1030.53472705059
"Week16.1960",879.498285891446
"Week17.1960",782.011857453538
"Week18.1960",716.847311349211
"Week19.1960",1206.87774466142
"Week20.1960",4080.47214619131
"Week21.1960",14600.9101299784
"Week22.1960",40155.8993964239
"Week23.1960",81098.0742845736
"Week24.1960",120649.165771834
"Week25.1960",147270.71224293
"Week26.1960",150608.808455067
"Week27.1960",149365.671529546
"Week28.1960",143518.592931686
"Week29.1960",134744.033409231
"Week30.1960",117639.084161198
"Week31.1960",114300.077099366
"Week32.1960",99123.8520110916
"Week33.1960",86018.0144939446
"Week34.1960",77476.7899694252
"Week35.1960",65117.660698269
"Week36.1960",58670.1599723711
"Week37.1960",51637.1467283005
"Week38.1960",44749.2973172349
"Week39.1960",39959.982491539
"Week40.1960",34671.518166229
"Week41.1960",30117.1334820362
"Week42.1960",28035.3680241415
"Week43.1960",26133.0679140324
"Week44.1960",22925.9783285177
"Week45.1960",21615.1828824069
"Week46.1960",20571.2417029494
"Week47.1960",17488.7724785783
"Week48.1960",15344.1912976834
"Week49.1960",14304.7382403664
"Week50.1960",13205.4457459379
"Week51.1960",10497.545941973
"Week52.1960",9690.10278549984
"Week1.1961",8352.2617031586
"Week2.1961",7740.81506932292
"Week3.1961",7151.69715375186
"Week4.1961",6698.65671679387
"Week5.1961",5446.27979042857
"Week6.1961",4715.76447307612
"Week7.1961",3977.19829899351
"Week8.1961",3625.98498054535
"Week9.1961",2993.08460743384
"Week10.1961",2681.28188088609
"Week11.1961",2288.86775414947
"Week12.1961",1951.94598783191
"Week13.1961",1731.06345404442
"Week14.1961",1481.06879892082
"Week15.1961",1377.13900864177
"Week16.1961",1083.87097268562
"Week17.1961",997.23767156281
"Week18.1961",935.415956706023
"Week19.1961",1376.5019144606
"Week20.1961",4300.2543440767
"Week21.1961",14585.5629830636
"Week22.1961",40309.5222421313
"Week23.1961",82085.6282505958
"Week24.1961",128136.219239141
"Week25.1961",157902.005064093
"Week26.1961",164464.20879206
"Week27.1961",150029.212100699
"Week28.1961",143069.669996808
"Week29.1961",134965.371615024
"Week30.1961",121348.95998875
"Week31.1961",106208.309835802
"Week32.1961",98109.2542189736
"Week33.1961",95136.5474359672
"Week34.1961",84024.8786493653
"Week35.1961",75571.1797711008
"Week36.1961",72205.6248565446
"Week37.1961",67568.2969799092
"Week38.1961",60903.9059967754
"Week39.1961",51468.6668040533
"Week40.1961",46932.608535103
"Week41.1961",41913.2574779575
"Week42.1961",37868.2186055588
"Week43.1961",35547.5053069549
"Week44.1961",30563.1736802152
"Week45.1961",27201.0592164494
"Week46.1961",23491.2890425242
"Week47.1961",22262.9562678682
"Week48.1961",19582.3245770792
"Week49.1961",16491.3845343946
"Week50.1961",15612.165864334
"Week51.1961",13745.8430302906
"Week52.1961",12762.0427405167
"Week1.1962",11070.9889360683
"Week2.1962",10495.0500846704
"Week3.1962",8215.87305597774
"Week4.1962",7421.29811119595
"Week5.1962",6805.20175938933
"Week6.1962",5996.04431808175
"Week7.1962",5536.23142745069
"Week8.1962",4598.19037901646
"Week9.1962",3922.81842722944
"Week10.1962",3629.60575672384
"Week11.1962",3062.43802903878
"Week12.1962",2773.54178544243
"Week13.1962",2597.0050260944
"Week14.1962",2302.39886516261
"Week15.1962",2006.65225310826
"Week16.1962",1822.87138936595
"Week17.1962",1593.23550222153
"Week18.1962",1523.56989041672
"Week19.1962",2003.39774053378
"Week20.1962",4785.91924716742
"Week21.1962",14871.5954159802
"Week22.1962",41598.5671777614
"Week23.1962",82566.7835846349
"Week24.1962",126376.18631013
"Week25.1962",147045.814664533
"Week26.1962",146797.985489428
"Week27.1962",149190.572478308
"Week28.1962",139613.234331175
"Week29.1962",125922.649440742
"Week30.1962",106223.186822367
"Week31.1962",93776.0904786679
"Week32.1962",83181.6819627839
"Week33.1962",80258.7340706456
"Week34.1962",67189.0365430939
"Week35.1962",62545.9996169627
"Week36.1962",55987.0430708373
"Week37.1962",50077.1309439238
"Week38.1962",47203.5099932436
"Week39.1962",44504.3018561263
"Week40.1962",41167.4436086659
"Week41.1962",35990.8209606192
"Week42.1962",29473.7893541659
"Week43.1962",26823.2608151513
"Week44.1962",23379.2020379748
"Week45.1962",21025.1048129075
"Week46.1962",18252.8493914884
"Week47.1962",15903.7305662442
"Week48.1962",13809.5632713279
"Week49.1962",12431.8116688105
"Week50.1962",10468.8666795272
"Week51.1962",9146.47809266733
"Week52.1962",8221.82521683799
"Week1.1963",7526.10728849515
"Week2.1963",6346.32782901034
"Week3.1963",5724.5694632225
"Week4.1963",5292.94852659285
"Week5.1963",4757.28499041822
"Week6.1963",4400.15743604644
"Week7.1963",3925.87053830682
"Week8.1963",3438.42862402708
"Week9.1963",3232.4276678876
"Week10.1963",2816.21720460635
"Week11.1963",2487.90248907719
"Week12.1963",2315.32232022621
"Week13.1963",1987.94771173814
"Week14.1963",1790.04134426803
"Week15.1963",1497.82173019045
"Week16.1963",1389.2562553725
"Week17.1963",1303.50233127757
"Week18.1963",1227.92554681334
"Week19.1963",1673.68798910782
"Week20.1963",4514.63737493333
"Week21.1963",15288.2635767968
"Week22.1963",40882.4970918924
"Week23.1963",83849.6841831761
"Week24.1963",126115.385720087
"Week25.1963",151148.019699363
"Week26.1963",167307.13492824
"Week27.1963",156768.23170358
"Week28.1963",144443.315834522
"Week29.1963",129729.462666404
"Week30.1963",126301.494746945
"Week31.1963",120710.40197795
"Week32.1963",106705.302458012
"Week33.1963",94266.9464155695
"Week34.1963",90503.8042872756
"Week35.1963",82298.1092723281
"Week36.1963",71083.5988964156
"Week37.1963",60993.8838703152
"Week38.1963",54764.8515210526
"Week39.1963",48833.9661655307
"Week40.1963",44877.0718582401
"Week41.1963",40468.3458551222
"Week42.1963",36232.9567584161
"Week43.1963",33793.1049187682
"Week44.1963",30400.8900497306
"Week45.1963",26864.7131905725
"Week46.1963",23502.9747011468
"Week47.1963",18667.5224183245
"Week48.1963",15631.9085982021
"Week49.1963",13054.2427863819
"Week50.1963",11933.9615202851
"Week51.1963",10909.1304698836
"Week52.1963",9335.3959152505
"Week1.1964",8198.55388619322
"Week2.1964",7057.7626117481
"Week3.1964",6056.72134364498
"Week4.1964",4968.15738133505
"Week5.1964",4681.20042951829
"Week6.1964",3924.14185840076
"Week7.1964",3292.36001346719
"Week8.1964",2779.10053424878
"Week9.1964",2459.98037129669
"Week10.1964",2290.88169385268
"Week11.1964",2116.16479876127
"Week12.1964",1823.39607884353
"Week13.1964",1705.1275556061
"Week14.1964",1441.9542979537
"Week15.1964",1261.63144970463
"Week16.1964",1162.70928372822
"Week17.1964",971.004295278765
"Week18.1964",951.009425759818
"Week19.1964",1427.51970652319
"Week20.1964",4285.41389843081
"Week21.1964",14523.5435698238
"Week22.1964",40827.4720041547
"Week23.1964",85176.4078669822
"Week24.1964",120329.586580034
"Week25.1964",143613.25353129
"Week26.1964",154551.598055178
"Week27.1964",148515.052481297
"Week28.1964",133498.809272725
"Week29.1964",131569.014117231
"Week30.1964",129467.253125636
"Week31.1964",115567.420652449
"Week32.1964",104120.199599503
"Week33.1964",98535.4170885543
"Week34.1964",92382.2816455387
"Week35.1964",81241.5919179357
"Week36.1964",74534.9451520549
"Week37.1964",64965.5727680579
"Week38.1964",57365.6049137084
"Week39.1964",53287.7233525171
"Week40.1964",47693.3910799318
"Week41.1964",43040.1733577759
"Week42.1964",40429.3268757752
"Week43.1964",35600.0596332898
"Week44.1964",31678.6520249939
"Week45.1964",28287.3171171826
"Week46.1964",23183.6514695282
"Week47.1964",20877.8812636104
"Week48.1964",19605.2683613555
"Week49.1964",17741.1017541408
"Week50.1964",15825.5905261509
"Week51.1964",13334.6734475209
"Week52.1964",11718.3267388819
"Week1.1965",10392.0967657877
"Week2.1965",9246.58438712545
"Week3.1965",8064.81954556005
"Week4.1965",6594.21686883026
"Week5.1965",5723.39617588762
"Week6.1965",5397.54484737903
"Week7.1965",4458.91169268204
"Week8.1965",4005.10079281027
"Week9.1965",3340.42207610327
"Week10.1965",2810.39424874232
"Week11.1965",2577.71247649235
"Week12.1965",2242.80855910791
"Week13.1965",2045.12327260211
"Week14.1965",1855.88434094318
"Week15.1965",1725.64090964723
"Week16.1965",1492.50671266543
"Week17.1965",1369.5370314968
"Week18.1965",1273.01805763919
"Week19.1965",1724.58241037321
"Week20.1965",4532.60103389479
"Week21.1965",14990.5164801968
"Week22.1965",41398.3213736821
"Week23.1965",83446.942200616
"Week24.1965",121181.527489411
"Week25.1965",146792.916298963
"Week26.1965",161525.325089021
"Week27.1965",159435.668702315
"Week28.1965",137785.795459076
"Week29.1965",120158.319500798
"Week30.1965",108616.211310766
"Week31.1965",100909.354765867
"Week32.1965",85927.3393651273
"Week33.1965",83711.415866888
"Week34.1965",73416.9580741002
"Week35.1965",70268.0587962518
"Week36.1965",58537.8545516537
"Week37.1965",49618.8830783681
"Week38.1965",45339.7726847532
"Week39.1965",41197.9128596742
"Week40.1965",38033.7985822494
"Week41.1965",35934.7051059735
"Week42.1965",30611.6649880663
"Week43.1965",25330.6866244196
"Week44.1965",21209.6091225488
"Week45.1965",19485.210206541
"Week46.1965",17124.8829369439
"Week47.1965",15521.3059812868
"Week48.1965",12922.2297959191
"Week49.1965",10932.2663936552
"Week50.1965",9040.69002172873
"Week51.1965",8232.50707598512
"Week52.1965",7559.84343415039
"Week1.1966",7124.50620846376
"Week2.1966",6347.26571838903
"Week3.1966",5263.49013121244
"Week4.1966",4888.66218876909
"Week5.1966",4465.51775587101
"Week6.1966",4132.93557797854
"Week7.1966",3860.76284033242
"Week8.1966",3461.0553017171
"Week9.1966",3061.68771545478
"Week10.1966",2688.23426535935
"Week11.1966",2528.64517881114
"Week12.1966",2379.25095739131
"Week13.1966",2194.92737659174
"Week14.1966",2070.64944163284
"Week15.1966",1760.86139981196
"Week16.1966",1512.14694850978
"Week17.1966",1318.67925156745
"Week18.1966",1281.19907981621
"Week19.1966",1760.24087755266
"Week20.1966",4612.83145405213
"Week21.1966",15116.6389831298
"Week22.1966",41517.8947078703
"Week23.1966",85604.1297865383
"Week24.1966",128965.081846939
"Week25.1966",156755.551126816
"Week26.1966",164888.215114566
"Week27.1966",159350.608856147
"Week28.1966",145839.04998531
"Week29.1966",134825.451420053
"Week30.1966",122230.849194149
"Week31.1966",107106.519883735
"Week32.1966",101391.320893554
"Week33.1966",90907.4856605594
"Week34.1966",78282.8211953266
"Week35.1966",74237.8071108434
"Week36.1966",67786.3938050765
"Week37.1966",57117.2825080051
"Week38.1966",52762.3716259629
"Week39.1966",46561.5645227179
"Week40.1966",41024.8973049497
"Week41.1966",34563.4256264258
"Week42.1966",31469.9044995359
"Week43.1966",29444.8826643603
"Week44.1966",24573.0554956039
"Week45.1966",23031.0239285955
"Week46.1966",20292.3792943237
"Week47.1966",18025.961102142
"Week48.1966",15691.8015058204
"Week49.1966",13343.5250372159
"Week50.1966",11537.9523898751
"Week51.1966",10197.9891718503
"Week52.1966",9208.14807332887
"Week1.1967",7998.2047411072
"Week2.1967",7190.21292509154
"Week3.1967",6681.40509561968
"Week4.1967",5631.46172738703
"Week5.1967",5087.60029485949
"Week6.1967",4248.23633760632
"Week7.1967",3435.18052378007
"Week8.1967",3065.54200754081
"Week9.1967",2615.25256987278
"Week10.1967",2320.09297983187
"Week11.1967",1984.31053644643
"Week12.1967",1618.27532499145
"Week13.1967",1371.55708426123
"Week14.1967",1222.26629265464
"Week15.1967",1127.6803599325
"Week16.1967",954.276079141524
"Week17.1967",827.439524699187
"Week18.1967",845.723966574216
"Week19.1967",1366.80818827327
"Week20.1967",4190.60400945462
"Week21.1967",14733.6661506858
"Week22.1967",40449.2377446872
"Week23.1967",81970.6321139138
"Week24.1967",119873.241285094
"Week25.1967",155901.823902666
"Week26.1967",160404.264138954
"Week27.1967",154559.224761427
"Week28.1967",149089.211496511
"Week29.1967",144058.548633976
"Week30.1967",125986.469391306
"Week31.1967",119878.54377614
"Week32.1967",110747.783357636
"Week33.1967",102646.055869427
"Week34.1967",88806.0192054776
"Week35.1967",84447.637481318
"Week36.1967",73990.41709514
"Week37.1967",66778.3650752678
"Week38.1967",63270.0948696695
"Week39.1967",60114.0236734249
"Week40.1967",57173.0747592941
"Week41.1967",51625.1708172649
"Week42.1967",46074.6439269975
"Week43.1967",40647.73556802
"Week44.1967",36687.0558559454
"Week45.1967",31449.6950193334
"Week46.1967",26985.968740157
"Week47.1967",21448.4033903709
"Week48.1967",17672.8093229522
"Week49.1967",15786.2698864466
"Week50.1967",14648.2045076792
"Week51.1967",13014.707736003
"Week52.1967",11570.813914682
"Week1.1968",10234.5074002844
"Week2.1968",9100.2640421766
"Week3.1968",8583.3462779447
"Week4.1968",8008.24846541751
"Week5.1968",6932.60347578412
"Week6.1968",6068.98299366957
"Week7.1968",5610.90229169399
"Week8.1968",4819.71404698216
"Week9.1968",3909.48802558502
"Week10.1968",3234.24845101423
"Week11.1968",2981.82750553836
"Week12.1968",2805.64708765421
"Week13.1968",2437.13245618753
"Week14.1968",2134.27818463084
"Week15.1968",1897.82876042561
"Week16.1968",1579.9030205746
"Week17.1968",1380.09249352669
"Week18.1968",1361.19749600836
"Week19.1968",1810.03736028982
"Week20.1968",4516.27516725687
"Week21.1968",14979.6985654063
"Week22.1968",41310.7130972339
"Week23.1968",85643.4169910629
"Week24.1968",127918.437284838
"Week25.1968",160783.804767895
"Week26.1968",148854.55562641
"Week27.1968",137103.147927588
"Week28.1968",136436.65835204
"Week29.1968",130743.643014066
"Week30.1968",111636.613062395
"Week31.1968",97526.825220983
"Week32.1968",92160.5099846655
"Week33.1968",87599.8582375874
"Week34.1968",83565.6789985185
"Week35.1968",73670.161117743
"Week36.1968",62938.3654076012
"Week37.1968",53416.6765668371
"Week38.1968",47715.948975459
"Week39.1968",40325.2304857261
"Week40.1968",38080.1786516459
"Week41.1968",31325.8643403237
"Week42.1968",28011.9481913887
"Week43.1968",25790.496381505
"Week44.1968",23949.5548609929
"Week45.1968",20503.9127520496
"Week46.1968",17389.9624807406
"Week47.1968",14956.682136355
"Week48.1968",13685.6115518235
"Week49.1968",12169.3676552306
"Week50.1968",10247.5883215308
"Week51.1968",9283.27573093863
"Week52.1968",7681.39730664964
"Week1.1969",6430.68291684915
"Week2.1969",5535.9483325515
"Week3.1969",5167.69705245383
"Week4.1969",4472.83141679991
"Week5.1969",4171.13992073841
"Week6.1969",3699.06821959855
"Week7.1969",3172.5835610331
"Week8.1969",2764.28836441316
"Week9.1969",2298.04655229311
"Week10.1969",2008.60802346223
"Week11.1969",1761.83851337605
"Week12.1969",1427.5989933265
"Week13.1969",1295.86725727878
"Week14.1969",1178.23127486567
"Week15.1969",1019.62270460585
"Week16.1969",905.77549841586
"Week17.1969",804.630763488344
"Week18.1969",764.581328543862
"Week19.1969",1215.97156517403
"Week20.1969",4020.09058178915
"Week21.1969",14769.7957810277
"Week22.1969",40471.4753417371
"Week23.1969",84066.9565816258
"Week24.1969",129262.183744118
"Week25.1969",162037.503526887
"Week26.1969",175999.917956145
"Week27.1969",177278.579082987
"Week28.1969",157255.873443112
"Week29.1969",150014.015189005
"Week30.1969",142829.387962545
"Week31.1969",122099.741407326
"Week32.1969",113422.201022386
"Week33.1969",101880.916769532
"Week34.1969",89385.4309171956
"Week35.1969",84595.084813783
"Week36.1969",74682.2619926397
"Week37.1969",67652.4869367483
"Week38.1969",61806.774779183
"Week39.1969",51056.6567209884
"Week40.1969",45187.2172554758
"Week41.1969",40797.1490062485
"Week42.1969",37336.7912430907
"Week43.1969",35342.0040858223
"Week44.1969",32583.4064851135
"Week45.1969",27965.3158507865
"Week46.1969",25187.1207320918
"Week47.1969",22606.1523321913
"Week48.1969",19986.3177240845
"Week49.1969",16422.0111802267
"Week50.1969",14171.9561524582
"Week51.1969",12253.2346629467
"Week52.1969",10836.946196125
"Week1.1970",9001.81625684944
"Week2.1970",7502.30987106808
"Week3.1970",6850.55685190451
"Week4.1970",5546.89205510729
"Week5.1970",4749.10872156375
"Week6.1970",4469.76536511317
"Week7.1970",3926.32399985782
"Week8.1970",3275.77726722499
"Week9.1970",2721.41341222149
"Week10.1970",2403.33462485992
"Week11.1970",2056.81045736183
"Week12.1970",1895.56687901218
"Week13.1970",1661.52503698533
"Week14.1970",1378.93951795646
"Week15.1970",1297.14952336909
"Week16.1970",1101.14997677254
"Week17.1970",1000.69544879223
"Week18.1970",908.751154284551
"Week19.1970",1291.42863062497
"Week20.1970",4178.49814133036
"Week21.1970",14751.9597347321
"Week22.1970",39098.8559154504
"Week23.1970",79706.8528248293
"Week24.1970",126152.125013283
"Week25.1970",154640.611978797
"Week26.1970",153134.794699601
"Week27.1970",155565.221784458
"Week28.1970",145695.851334649
"Week29.1970",133268.714798884
"Week30.1970",117997.742619003
"Week31.1970",103424.387637548
"Week32.1970",92868.6175723146
"Week33.1970",89195.2187927606
"Week34.1970",85311.8989327362
"Week35.1970",73148.4259406581
"Week36.1970",68908.6326141602
"Week37.1970",59631.9994710332
"Week38.1970",53234.9067972717
"Week39.1970",48059.9450735417
"Week40.1970",38258.8715430433
"Week41.1970",32910.4707133154
"Week42.1970",31396.5902466098
"Week43.1970",26148.8474031889
"Week44.1970",23312.8885405549
"Week45.1970",20023.7696433405
"Week46.1970",16873.4671321272
"Week47.1970",14989.8021685561
"Week48.1970",13151.2442998291
"Week49.1970",11183.7624388409
"Week50.1970",9602.31716369198
"Week51.1970",8111.70740848327
"Week52.1970",6699.02495760605
"Week1.1971",5845.42969413521
"Week2.1971",5258.51971627698
"Week3.1971",4682.2988028644
"Week4.1971",4323.62098418527
"Week5.1971",4081.891791988
"Week6.1971",3622.28926448975
"Week7.1971",3327.29879615858
"Week8.1971",2712.20345379498
"Week9.1971",2285.60251896431
"Week10.1971",2149.27926329833
"Week11.1971",1871.86920607489
"Week12.1971",1560.56232465528
"Week13.1971",1374.1372068316
"Week14.1971",1170.36476339209
"Week15.1971",969.227275841084
"Week16.1971",825.598028870048
"Week17.1971",742.102260316265
"Week18.1971",726.076867404405
"Week19.1971",1203.84037289748
"Week20.1971",3988.50887423103
"Week21.1971",14600.4339985515
"Week22.1971",41344.207673959
"Week23.1971",82660.9688662585
"Week24.1971",131975.887984822
"Week25.1971",166452.060455164
"Week26.1971",177891.592587192
"Week27.1971",161445.92586139
"Week28.1971",152913.835565559
"Week29.1971",150373.265644857
"Week30.1971",131451.267823793
"Week31.1971",116291.506416027
"Week32.1971",110786.229212763
"Week33.1971",106783.332352888
"Week34.1971",99174.8007645275
"Week35.1971",91283.7826692157
"Week36.1971",86195.7131425084
"Week37.1971",78588.5996815008
"Week38.1971",70371.6771343021
"Week39.1971",63519.5925424678
"Week40.1971",55029.5197710863
"Week41.1971",49171.3633132389
"Week42.1971",42647.6935284151
"Week43.1971",38681.3575277937
"Week44.1971",34728.4274385202
"Week45.1971",32589.9350896107
"Week46.1971",28750.7734443202
"Week47.1971",24677.8675580407
"Week48.1971",21356.9962735031
"Week49.1971",18396.9070914566
"Week50.1971",16124.6579099265
"Week51.1971",14233.1888633092
"Week52.1971",13368.7361668273
"Week1.1972",11908.5832200712
"Week2.1972",10377.9793687185
"Week3.1972",8192.54295663738
"Week4.1972",7361.76449070879
"Week5.1972",6650.68510207595
"Week6.1972",5966.84778659923
"Week7.1972",5254.95684674549
"Week8.1972",4481.78522955403
"Week9.1972",3895.83109715991
"Week10.1972",3551.30559168052
"Week11.1972",3295.27383438234
"Week12.1972",2775.73141856269
"Week13.1972",2206.55543767555
"Week14.1972",1772.97821393614
"Week15.1972",1535.25153252581
"Week16.1972",1341.65853753471
"Week17.1972",1173.82168659729
"Week18.1972",1124.81054387763
"Week19.1972",1556.52350818993
"Week20.1972",4455.36144744103
"Week21.1972",15024.8354718913
"Week22.1972",41785.3913881544
"Week23.1972",81176.2711333067
"Week24.1972",121685.141488556
"Week25.1972",158256.885690369
"Week26.1972",165291.054430768
"Week27.1972",144794.530220585
"Week28.1972",141270.695835348
"Week29.1972",133713.477742936
"Week30.1972",114021.917490124
"Week31.1972",98710.4996192745
"Week32.1972",89089.2636282489
"Week33.1972",76797.3694465378
"Week34.1972",71480.316706284
"Week35.1972",62974.204346235
"Week36.1972",56768.051164552
"Week37.1972",51800.2642621978
"Week38.1972",44596.2977107737
"Week39.1972",37518.1732280425
"Week40.1972",35223.2920961016
"Week41.1972",33299.9910560494
"Week42.1972",31136.5370486455
"Week43.1972",25285.4961977361
"Week44.1972",22267.1903592034
"Week45.1972",18806.1932336328
"Week46.1972",16147.2836766058
"Week47.1972",13878.8026426586
"Week48.1972",12964.9788850514
"Week49.1972",10367.93056145
"Week50.1972",9117.39648908952
"Week51.1972",7898.75732389944
"Week52.1972",7371.57069587161
"Week1.1973",6353.61245444238
"Week2.1973",5544.42534904205
"Week3.1973",4639.51320120254
"Week4.1973",3956.3344458819
"Week5.1973",3330.9414492166
"Week6.1973",3053.05959718964
"Week7.1973",2798.96008122271
"Week8.1973",2302.27465529922
"Week9.1973",2041.88328845128
"Week10.1973",1812.63811759597
"Week11.1973",1669.00058535875
"Week12.1973",1563.28568531041
"Week13.1973",1324.96730766889
"Week14.1973",1152.08681686785
"Week15.1973",993.779305066986
"Week16.1973",836.700084508548
"Week17.1973",696.35067228038
"Week18.1973",647.42321098801
"Week19.1973",1105.26799337006
"Week20.1973",3953.9587313314
"Week21.1973",14377.1506487981
"Week22.1973",40609.2432577833
"Week23.1973",80324.5902887419
"Week24.1973",126143.078899682
"Week25.1973",152640.318039922
"Week26.1973",167932.294770067
"Week27.1973",164990.868209163
"Week28.1973",158327.830953759
"Week29.1973",141724.44310743
"Week30.1973",138605.360506104
"Week31.1973",134630.610617074
"Week32.1973",117710.021532147
"Week33.1973",98807.5933733761
"Week34.1973",85479.3570139739
"Week35.1973",74191.7502975215
"Week36.1973",69525.1470527751
"Week37.1973",62018.5942128769
"Week38.1973",52467.1762316438
"Week39.1973",46845.9179626304
"Week40.1973",44928.4414511206
"Week41.1973",38520.8687165298
"Week42.1973",36604.7888476668
"Week43.1973",32063.1731350103
"Week44.1973",27998.8959145386
"Week45.1973",25688.279095453
"Week46.1973",22415.7235377605
"Week47.1973",20875.7396060048
"Week48.1973",19052.0010872186
"Week49.1973",16476.1276315814
"Week50.1973",14109.3857506104
"Week51.1973",13048.8417925589
"Week52.1973",11526.1408950841
"Week1.1974",9819.34482463873
"Week2.1974",8215.80116070665
"Week3.1974",7609.87967835647
"Week4.1974",6311.21754842711
"Week5.1974",5372.29513801204
"Week6.1974",4739.64980259827
"Week7.1974",4381.85453158448
"Week8.1974",4046.81778658494
"Week9.1974",3806.75284642767
"Week10.1974",3501.76965810647
"Week11.1974",3166.37444750063
"Week12.1974",2985.05059453079
"Week13.1974",2679.94000074414
"Week14.1974",2450.86808354588
"Week15.1974",2048.08100250155
"Week16.1974",1788.51846277001
"Week17.1974",1530.47963763184
"Week18.1974",1473.78653182352
"Week19.1974",1728.51805655575
"Week20.1974",4469.37557028307
"Week21.1974",14833.5696418878
"Week22.1974",40873.9979640292
"Week23.1974",85157.4472129603
"Week24.1974",122476.165369921
"Week25.1974",152196.964656539
"Week26.1974",151152.699167322
"Week27.1974",146344.924441173
"Week28.1974",133244.454751291
"Week29.1974",131557.634022823
"Week30.1974",122596.477347869
"Week31.1974",115684.996913221
"Week32.1974",103478.676637469
"Week33.1974",93645.7796670382
"Week34.1974",81391.6095325413
"Week35.1974",70652.2139311899
"Week36.1974",65787.9711858423
"Week37.1974",58311.7261680565
"Week38.1974",51222.1152811516
"Week39.1974",44081.6349983748
"Week40.1974",38920.0116202148
"Week41.1974",35030.8154891708
"Week42.1974",29938.8404027256
"Week43.1974",27852.2976630494
"Week44.1974",25581.9718483058
"Week45.1974",24385.3742721671
"Week46.1974",21654.704325694
"Week47.1974",19627.2107385516
"Week48.1974",17421.6749331118
"Week49.1974",13968.3149189254
"Week50.1974",12902.9379629244
"Week51.1974",11178.5851718374
"Week52.1974",10252.0283809287
"Week1.1975",8951.53813248487
"Week2.1975",7938.98411526526
"Week3.1975",7512.37853394477
"Week4.1975",6489.7087490057
"Week5.1975",5411.15845972995
"Week6.1975",4814.35602353643
"Week7.1975",4425.17214809449
"Week8.1975",4094.8368006485
"Week9.1975",3534.38328083516
"Week10.1975",3323.58216145565
"Week11.1975",3120.2246536375
"Week12.1975",2577.86432037412
"Week13.1975",2206.21052202272
"Week14.1975",1894.92361608813
"Week15.1975",1779.11180388306
"Week16.1975",1515.02510836455
"Week17.1975",1313.55106037199
"Week18.1975",1264.15253467614
"Week19.1975",1647.9928854692
"Week20.1975",4373.15041686467
"Week21.1975",15192.467944455
"Week22.1975",41416.5450481436
"Week23.1975",82135.1314451665
"Week24.1975",124193.635643984
"Week25.1975",150961.628429227
"Week26.1975",155057.477146589
"Week27.1975",160012.649544013
"Week28.1975",137656.890738815
"Week29.1975",131490.822707889
"Week30.1975",117099.708223498
"Week31.1975",96828.5634132784
"Week32.1975",89454.3526229406
"Week33.1975",81844.5830329553
"Week34.1975",69583.7595579577
"Week35.1975",67378.5854934198
"Week36.1975",57304.1697685281
"Week37.1975",51987.2766886019
"Week38.1975",49415.6774813354
"Week39.1975",45692.3159133235
"Week40.1975",40184.6206037141
"Week41.1975",34188.4865309194
"Week42.1975",29675.5573919567
"Week43.1975",27304.7458793547
"Week44.1975",24532.9533370438
"Week45.1975",21948.2035366396
"Week46.1975",20091.9264832469
"Week47.1975",15581.2107396163
"Week48.1975",13529.2243996671
"Week49.1975",12038.1895086286
"Week50.1975",11091.1326260246
"Week51.1975",9671.16081758248
"Week52.1975",8427.47984634784
"Week1.1976",7329.85058612321
"Week2.1976",6710.07385321471
"Week3.1976",5959.33398700495
"Week4.1976",5208.34454676024
"Week5.1976",4342.71007476667
"Week6.1976",3826.40138935141
"Week7.1976",3350.46114378957
"Week8.1976",2828.18015420514
"Week9.1976",2496.98252156795
"Week10.1976",2264.49041572007
"Week11.1976",2008.26042126216
"Week12.1976",1876.20409135806
"Week13.1976",1638.23098453921
"Week14.1976",1512.82485836719
"Week15.1976",1323.64897824483
"Week16.1976",1139.02666154368
"Week17.1976",979.902279843142
"Week18.1976",984.535768301857
"Week19.1976",1498.99028250695
"Week20.1976",4363.0179771019
"Week21.1976",14823.6307692135
"Week22.1976",40188.4419401711
"Week23.1976",80332.372697614
"Week24.1976",129792.846631082
"Week25.1976",152091.812086156
"Week26.1976",161754.712130358
"Week27.1976",161832.755182356
"Week28.1976",150999.372058649
"Week29.1976",129115.942150408
"Week30.1976",122021.85476548
"Week31.1976",116396.7171213
"Week32.1976",111129.992024843
"Week33.1976",92443.9159464432
"Week34.1976",86936.5982125656
"Week35.1976",78089.5623820315
"Week36.1976",66496.0472462962
"Week37.1976",56397.7715740058
"Week38.1976",51264.8752420711
"Week39.1976",42518.0787888023
"Week40.1976",39659.1118648238
"Week41.1976",35053.1341023369
"Week42.1976",32690.5185856298
"Week43.1976",31066.837381461
"Week44.1976",27553.5410383417
"Week45.1976",22168.2376917103
"Week46.1976",19021.5029277143
"Week47.1976",16788.5431193503
"Week48.1976",14241.6673517565
"Week49.1976",12388.1110424677
"Week50.1976",10533.3863831464
"Week51.1976",8620.36781630214
"Week52.1976",7594.77704707846
"Week1.1977",6478.53047030127
"Week2.1977",5949.86900051755
"Week3.1977",5270.44384991832
"Week4.1977",4828.99650301565
"Week5.1977",4156.05428833649
"Week6.1977",3654.79405061955
"Week7.1977",3436.22196761916
"Week8.1977",3183.77798478727
"Week9.1977",2774.77048216865
"Week10.1977",2564.05627285857
"Week11.1977",2128.68480561037
"Week12.1977",1898.17266082506
"Week13.1977",1628.69806976734
"Week14.1977",1474.14601486008
"Week15.1977",1339.11966846358
"Week16.1977",1164.3094846321
"Week17.1977",1067.93040615117
"Week18.1977",976.850586130777
"Week19.1977",1438.22859527471
"Week20.1977",4213.97319845253
"Week21.1977",15037.8120118212
"Week22.1977",40017.1234073374
"Week23.1977",83610.9944842835
"Week24.1977",132764.458309236
"Week25.1977",164441.484808139
"Week26.1977",173609.333594161
"Week27.1977",165880.008561951
"Week28.1977",159927.977139084
"Week29.1977",145152.87090311
"Week30.1977",128457.546170621
"Week31.1977",124498.33093971
"Week32.1977",110028.607639034
"Week33.1977",90331.1509729537
"Week34.1977",86821.6835167645
"Week35.1977",76226.7834901707
"Week36.1977",72680.0407629267
"Week37.1977",64698.176872987
"Week38.1977",58196.5723617066
"Week39.1977",45560.5318303989
"Week40.1977",40663.3056536695
"Week41.1977",38240.0051614182
"Week42.1977",35937.1710976277
"Week43.1977",31131.4978257961
"Week44.1977",27733.9231386042
"Week45.1977",25774.7796796796
"Week46.1977",23853.6219820072
"Week47.1977",19771.476783673
"Week48.1977",17468.8129053777
"Week49.1977",14587.4756965552
"Week50.1977",13569.9215981664
"Week51.1977",12484.5500549501
"Week52.1977",11688.4253471506
"Week1.1978",10371.4592376935
"Week2.1978",9173.91961385725
"Week3.1978",8269.22275545338
"Week4.1978",6897.8532535494
"Week5.1978",5871.47130859482
"Week6.1978",5426.88752937847
"Week7.1978",4832.28223202492
"Week8.1978",4150.73482823078
"Week9.1978",3351.51315030134
"Week10.1978",2742.22481917402
"Week11.1978",2438.15215632504
"Week12.1978",2279.22238717266
"Week13.1978",2006.87926313517
"Week14.1978",1760.86072445388
"Week15.1978",1459.12891343505
"Week16.1978",1257.9591974068
"Week17.1978",1011.52712597942
"Week18.1978",947.126860996496
"Week19.1978",1443.63649181705
"Week20.1978",4361.78801146527
"Week21.1978",14907.6709421569
"Week22.1978",41664.227236395
"Week23.1978",82467.4846480491
"Week24.1978",126193.621893538
"Week25.1978",150929.677395596
"Week26.1978",165557.015871724
"Week27.1978",168417.897565923
"Week28.1978",156578.786854341
"Week29.1978",143174.648499915
"Week30.1978",135473.595680257
"Week31.1978",130313.275559714
"Week32.1978",118288.424188063
"Week33.1978",102887.406152047
"Week34.1978",93130.4839620441
"Week35.1978",81408.1079151607
"Week36.1978",77379.7191332023
"Week37.1978",74115.349762677
"Week38.1978",65732.3754980706
"Week39.1978",59338.1363053407
"Week40.1978",56286.0648544885
"Week41.1978",53521.5681165137
"Week42.1978",48199.550912456
"Week43.1978",43776.6669695094
"Week44.1978",39229.4662942358
"Week45.1978",37271.4571265617
"Week46.1978",33788.5045992055
"Week47.1978",31959.3860819908
"Week48.1978",28569.4347979754
"Week49.1978",24547.2701091152
"Week50.1978",21405.309646756
"Week51.1978",19541.7360436133
"Week52.1978",16571.8074653121
"Week1.1979",13954.2955602302
"Week2.1979",12865.3592264027
"Week3.1979",11962.832621332
"Week4.1979",10743.0980353042
"Week5.1979",8649.85361743178
"Week6.1979",7143.84613923948
"Week7.1979",5958.87873875526
"Week8.1979",5611.1045195981
"Week9.1979",4833.62253277575
"Week10.1979",4545.24914673564
"Week11.1979",3686.58472934451
"Week12.1979",3162.18846184075
"Week13.1979",2787.99737386421
"Week14.1979",2435.2040483949
"Week15.1979",2204.9759435591
"Week16.1979",2030.37048435281
"Week17.1979",1853.19917283813
"Week18.1979",1691.3886501595
"Week19.1979",1944.93956041449
"Week20.1979",4687.88931855151
"Week21.1979",15054.7832428322
"Week22.1979",40805.6764216915
"Week23.1979",84867.1280550729
"Week24.1979",129005.635382398
"Week25.1979",162337.351511292
"Week26.1979",169632.096715463
"Week27.1979",175184.483334469
"Week28.1979",160480.124421514
"Week29.1979",143227.899704118
"Week30.1979",129658.35765418
"Week31.1979",112720.132320462
"Week32.1979",104235.673885784
"Week33.1979",89831.0145071289
"Week34.1979",82678.3485514252
"Week35.1979",75707.4777471778
"Week36.1979",63095.8912337163
"Week37.1979",56971.9858503328
"Week38.1979",50784.9488315706
"Week39.1979",46107.8779904653
"Week40.1979",40992.5581548553
"Week41.1979",38749.7350392377
"Week42.1979",32308.1616687591
"Week43.1979",28078.5502969161
"Week44.1979",25323.6032939445
"Week45.1979",23337.6837109593
"Week46.1979",20883.6215074308
"Week47.1979",19222.6147700919
"Week48.1979",16961.9124091662
"Week49.1979",14639.4062088665
"Week50.1979",13065.8672895059
"Week51.1979",10782.7010714337
"Week52.1979",10010.5514314871
"Week1.1980",8538.88816680913
"Week2.1980",7393.40095722958
"Week3.1980",6946.06218584465
"Week4.1980",6417.77998002025
"Week5.1980",5548.32604325947
"Week6.1980",4936.14289658386
"Week7.1980",4283.02032554282
"Week8.1980",3955.43359188442
"Week9.1980",3376.57035865809
"Week10.1980",3093.93858353935
"Week11.1980",2854.21597331846
"Week12.1980",2478.45025605979
"Week13.1980",2229.39891212542
"Week14.1980",1850.23075764312
"Week15.1980",1605.25554063964
"Week16.1980",1421.99586761641
"Week17.1980",1296.77067396154
"Week18.1980",1182.59293827424
"Week19.1980",1617.22571171718
"Week20.1980",4497.30231026019
"Week21.1980",14800.8207213681
"Week22.1980",41541.5734615567
"Week23.1980",85180.8079837455
"Week24.1980",133052.322435682
"Week25.1980",155356.30585484
"Week26.1980",156822.715685039
"Week27.1980",160308.929536484
"Week28.1980",142270.536475627
"Week29.1980",134460.749000774
"Week30.1980",125669.504719596
"Week31.1980",121504.945341545
"Week32.1980",104861.248492855
"Week33.1980",92812.8060915039
"Week34.1980",88471.8983850366
"Week35.1980",81442.3284138374
"Week36.1980",73505.5639911141
"Week37.1980",62622.8576927634
"Week38.1980",58830.5919434547
"Week39.1980",51084.6480234597
"Week40.1980",45449.9092437486
"Week41.1980",38020.5400183648
"Week42.1980",32449.2160542565
"Week43.1980",28422.5131349189
"Week44.1980",25701.659720614
"Week45.1980",23534.4511152073
"Week46.1980",20076.0953750979
"Week47.1980",16945.3574948316
"Week48.1980",15839.3834728954
"Week49.1980",12981.4410497376
"Week50.1980",10562.6063620617
"Week51.1980",9227.90528703929
"Week52.1980",7546.96457794235
"Week1.1981",6466.87282093447
"Week2.1981",6102.68027160928
"Week3.1981",5199.91024010508
"Week4.1981",4279.13189209003
"Week5.1981",3735.57212891057
"Week6.1981",3280.74189153467
"Week7.1981",3070.57449563164
"Week8.1981",2675.36485477518
"Week9.1981",2266.2094140224
"Week10.1981",1831.59958443561
"Week11.1981",1577.70985508823
"Week12.1981",1439.07420911494
"Week13.1981",1158.90659270338
"Week14.1981",1070.17953915851
"Week15.1981",939.385254336561
"Week16.1981",808.504737951317
"Week17.1981",729.679862192495
"Week18.1981",691.248054425101
"Week19.1981",1156.08665659153
"Week20.1981",4095.52511870531
"Week21.1981",14487.7437404676
"Week22.1981",40219.1947961617
"Week23.1981",80822.565034881
"Week24.1981",123303.745588655
"Week25.1981",153169.000205999
"Week26.1981",152637.982448774
"Week27.1981",157622.252511074
"Week28.1981",146761.428146254
"Week29.1981",145255.064811861
"Week30.1981",139895.374287596
"Week31.1981",134331.754469201
"Week32.1981",118611.251572997
"Week33.1981",109229.758755276
"Week34.1981",102932.138533837
"Week35.1981",92108.0585673066
"Week36.1981",84443.9864992521
"Week37.1981",77408.1296801804
"Week38.1981",69733.5726113149
"Week39.1981",66471.4992676244
"Week40.1981",54444.1884799066
"Week41.1981",47875.0934529163
"Week42.1981",38253.2786209801
"Week43.1981",35563.9684157281
"Week44.1981",30618.3760230754
"Week45.1981",27821.5212168084
"Week46.1981",26170.3749659948
"Week47.1981",24818.9607492983
"Week48.1981",23365.9794491653
"Week49.1981",19362.7622660605
"Week50.1981",17610.2609421424
"Week51.1981",16541.9324827196
"Week52.1981",13329.3479271832
"Week1.1982",11115.9113031575
"Week2.1982",9258.81256071949
"Week3.1982",8080.56475973881
"Week4.1982",7131.17827843778
"Week5.1982",6689.07540361156
"Week6.1982",6111.29992765109
"Week7.1982",5378.95264250216
"Week8.1982",4558.14755795533
"Week9.1982",4016.57710436869
"Week10.1982",3663.88614960382
"Week11.1982",3399.87521757234
"Week12.1982",3135.48419601184
"Week13.1982",2746.66830148197
"Week14.1982",2487.66335533588
"Week15.1982",2166.73814387472
"Week16.1982",1995.1949397956
"Week17.1982",1721.96114944764
"Week18.1982",1691.94971233982
"Week19.1982",2008.406766164
"Week20.1982",4635.21533556829
"Week21.1982",14786.0775454147
"Week22.1982",39795.6160920328
"Week23.1982",81735.1937738957
"Week24.1982",120449.703754825
"Week25.1982",155847.933809623
"Week26.1982",172491.398025668
"Week27.1982",166366.457209863
"Week28.1982",157692.789141048
"Week29.1982",145594.496282747
"Week30.1982",128383.338652633
"Week31.1982",111348.001291545
"Week32.1982",100355.59557539
"Week33.1982",87345.9202499264
"Week34.1982",76694.0313821664
"Week35.1982",73206.9028225495
"Week36.1982",70536.0512124732
"Week37.1982",63122.7491902503
"Week38.1982",53677.6273429516
"Week39.1982",49533.5224132083
"Week40.1982",40830.9972158045
"Week41.1982",36558.1819253712
"Week42.1982",31936.786832855
"Week43.1982",29785.9838983717
"Week44.1982",26382.8514963137
"Week45.1982",21698.2464297197
"Week46.1982",20238.5411308927
"Week47.1982",19192.5510633006
"Week48.1982",15947.1623645596
"Week49.1982",13438.640820608
"Week50.1982",11863.4741350306
"Week51.1982",11107.3581180221
"Week52.1982",10426.3687023796
"Week1.1983",8870.8915274879
"Week2.1983",7317.28891821834
"Week3.1983",6079.52435088295
"Week4.1983",5701.51500195379
"Week5.1983",5124.34848069954
"Week6.1983",4442.59127893399
"Week7.1983",3613.34634871487
"Week8.1983",3170.76676176898
"Week9.1983",2680.65201217261
"Week10.1983",2371.98456085071
"Week11.1983",2160.11257651112
"Week12.1983",2010.22461860323
"Week13.1983",1543.17634549137
"Week14.1983",1452.96095351145
"Week15.1983",1193.92940400421
"Week16.1983",974.381042535488
"Week17.1983",825.441021377699
"Week18.1983",838.422256738545
"Week19.1983",1299.238728248
"Week20.1983",4204.02867665377
"Week21.1983",14932.2301814692
"Week22.1983",40926.6516355599
"Week23.1983",83986.2762164888
"Week24.1983",121048.041878418
"Week25.1983",143139.121153581
"Week26.1983",151212.954224832
"Week27.1983",154583.625863003
"Week28.1983",140424.326444218
"Week29.1983",131158.929149465
"Week30.1983",121135.288304809
"Week31.1983",117390.107213657
"Week32.1983",111958.933204628
"Week33.1983",98228.767873239
"Week34.1983",82076.4122960515
"Week35.1983",74744.8395839926
"Week36.1983",65537.886949146
"Week37.1983",56902.3475055229
"Week38.1983",54583.9416736967
"Week39.1983",47098.5203629378
"Week40.1983",39385.2707879508
"Week41.1983",33251.1768081509
"Week42.1983",31518.3429642414
"Week43.1983",27789.3957026189
"Week44.1983",24473.688767622
"Week45.1983",20604.1070062142
"Week46.1983",17876.0293311569
"Week47.1983",16350.0596735555
"Week48.1983",13621.4038329893
"Week49.1983",12159.8677165393
"Week50.1983",11371.5711935944
"Week51.1983",10071.1594822355
"Week52.1983",9344.71076675655
"Week1.1984",8846.7464990249
"Week2.1984",7730.25818478227
"Week3.1984",6307.60883772855
"Week4.1984",5888.93927935288
"Week5.1984",5201.33078670623
"Week6.1984",4814.01918948607
"Week7.1984",4353.91035728489
"Week8.1984",3544.48510634069
"Week9.1984",3105.24763362374
"Week10.1984",2765.60150512445
"Week11.1984",2307.97946370207
"Week12.1984",2098.44228586567
"Week13.1984",1854.96906696053
"Week14.1984",1738.67205592827
"Week15.1984",1482.39975670164
"Week16.1984",1302.25963732591
"Week17.1984",1147.69777867966
"Week18.1984",1151.80933559363
"Week19.1984",1571.06534799557
"Week20.1984",4299.01409206023
"Week21.1984",14767.3280944737
"Week22.1984",40672.2888629829
"Week23.1984",84305.3375833713
"Week24.1984",128024.820796831
"Week25.1984",157384.696271025
"Week26.1984",174988.311779304
"Week27.1984",170877.083313248
"Week28.1984",170974.742623222
"Week29.1984",158623.878422394
"Week30.1984",153993.027411535
"Week31.1984",137748.471576756
"Week32.1984",119868.928623222
"Week33.1984",106704.559179333
"Week34.1984",102033.432002279
"Week35.1984",88892.5634180775
"Week36.1984",84430.8651892271
"Week37.1984",73525.216258064
"Week38.1984",61954.6206191217
"Week39.1984",52794.206325045
"Week40.1984",48012.9755903908
"Week41.1984",40344.9926665628
"Week42.1984",34902.4973298945
"Week43.1984",32634.5706521064
"Week44.1984",28643.9743471644
"Week45.1984",25196.4426470384
"Week46.1984",22693.5783310757
"Week47.1984",21422.6172494481
"Week48.1984",18624.1719088281
"Week49.1984",15472.1683368377
"Week50.1984",12852.2806585728
"Week51.1984",11529.7851480278
"Week52.1984",10580.2748063636
"Week1.1985",9479.79745031328
"Week2.1985",8957.34572473336
"Week3.1985",7666.79525157256
"Week4.1985",6639.93143055297
"Week5.1985",5673.94399426646
"Week6.1985",4999.18012437874
"Week7.1985",4439.96119958187
"Week8.1985",3663.80607537125
"Week9.1985",3186.87366466241
"Week10.1985",3012.24728948196
"Week11.1985",2636.98185222191
"Week12.1985",2307.67484034258
"Week13.1985",1920.72203190611
"Week14.1985",1607.52172187406
"Week15.1985",1483.10445158137
"Week16.1985",1304.52162984986
"Week17.1985",1125.51166868642
"Week18.1985",968.201257373092
"Week19.1985",1378.47736850975
"Week20.1985",4307.01733248384
"Week21.1985",15087.8285937184
"Week22.1985",41172.0926359486
"Week23.1985",84166.658134492
"Week24.1985",127890.604927782
"Week25.1985",143031.411526762
"Week26.1985",144503.668170955
"Week27.1985",148894.647453218
"Week28.1985",129120.463844897
"Week29.1985",118304.672523196
"Week30.1985",111552.338355741
"Week31.1985",108175.026657992
"Week32.1985",91532.9117927982
"Week33.1985",72598.1779126699
"Week34.1985",67845.87889455
"Week35.1985",65745.3465471368
"Week36.1985",57053.7035102873
"Week37.1985",52100.6527235148
"Week38.1985",44339.9676758133
"Week39.1985",39466.5064109015
"Week40.1985",35437.822406405
"Week41.1985",32670.6606305328
"Week42.1985",29616.1034305982
"Week43.1985",26435.2559280623
"Week44.1985",24454.6803870284
"Week45.1985",22423.7569339226
"Week46.1985",21175.7100499899
"Week47.1985",18037.5893502792
"Week48.1985",16655.5979589412
"Week49.1985",14330.1598046005
"Week50.1985",13237.4553912946
"Week51.1985",12507.337724705
"Week52.1985",10396.4241741845
"Week1.1986",9797.95787305413
"Week2.1986",8219.47119692151
"Week3.1986",7118.1339141109
"Week4.1986",6105.62653004651
"Week5.1986",5445.31787408656
"Week6.1986",4794.90841122771
"Week7.1986",4038.7177482209
"Week8.1986",3597.29868911169
"Week9.1986",3113.01345010273
"Week10.1986",2705.18646570322
"Week11.1986",2257.56085271368
"Week12.1986",2006.64266266952
"Week13.1986",1877.75315162123
"Week14.1986",1622.24088093481
"Week15.1986",1487.0802233394
"Week16.1986",1359.8165770121
"Week17.1986",1267.04721898179
"Week18.1986",1265.17679116226
"Week19.1986",1709.35192756967
"Week20.1986",4389.58712331287
"Week21.1986",15212.9594218311
"Week22.1986",41764.0632011701
"Week23.1986",82301.9825417779
"Week24.1986",125083.565029562
"Week25.1986",159633.753184675
"Week26.1986",168397.18562243
"Week27.1986",174419.937052984
"Week28.1986",150360.957217782
"Week29.1986",144396.090152341
"Week30.1986",130395.407057725
"Week31.1986",114183.747165708
"Week32.1986",106010.933258156
"Week33.1986",102256.884752963
"Week34.1986",89258.9934766357
"Week35.1986",73796.1873028452
"Week36.1986",71237.6289657983
"Week37.1986",62724.5242333068
"Week38.1986",59691.867383502
"Week39.1986",56708.3090032352
"Week40.1986",52857.7502686173
"Week41.1986",44044.9904904884
"Week42.1986",37058.781796926
"Week43.1986",34338.9585012051
"Week44.1986",29965.5308744941
"Week45.1986",25159.6422958008
"Week46.1986",19987.6608010797
"Week47.1986",18103.1781468917
"Week48.1986",15217.8557822662
"Week49.1986",14287.0338702331
"Week50.1986",13533.7423428493
"Week51.1986",10961.4241111946
"Week52.1986",8941.42259553739
"Week1.1987",8312.46230765961
"Week2.1987",7146.43966627281
"Week3.1987",6176.50631561182
"Week4.1987",5301.05147954139
"Week5.1987",4801.50030748789
"Week6.1987",4009.32759159846
"Week7.1987",3494.67020403026
"Week8.1987",3060.65053061982
"Week9.1987",2765.84269617226
"Week10.1987",2241.19412996306
"Week11.1987",1950.60961331419
"Week12.1987",1608.38015198796
"Week13.1987",1398.90510401118
"Week14.1987",1225.83852643439
"Week15.1987",1031.03258838819
"Week16.1987",901.788758607032
"Week17.1987",773.360064069514
"Week18.1987",726.363779757284
"Week19.1987",1237.50864186062
"Week20.1987",4140.00767692431
"Week21.1987",14683.6921545753
"Week22.1987",40749.6663619319
"Week23.1987",78557.9741841909
"Week24.1987",126684.427308884
"Week25.1987",148884.751748784
"Week26.1987",148947.143249964
"Week27.1987",154444.126362674
"Week28.1987",142556.372877006
"Week29.1987",129493.685926523
"Week30.1987",124485.946046826
"Week31.1987",120397.861113883
"Week32.1987",109739.704729184
"Week33.1987",100608.465253468
"Week34.1987",81492.2235962015
"Week35.1987",72034.8026487243
"Week36.1987",66860.5504880145
"Week37.1987",60386.7956481071
"Week38.1987",51490.3772882217
"Week39.1987",43546.2156317637
"Week40.1987",41070.9422271933
"Week41.1987",35330.5608552345
"Week42.1987",31574.1688975755
"Week43.1987",28164.2744312675
"Week44.1987",23936.5063463244
"Week45.1987",20216.8900435209
"Week46.1987",17404.2711342823
"Week47.1987",15047.138172716
"Week48.1987",11652.025010247
"Week49.1987",10228.196498579
"Week50.1987",8371.46447432718
"Week51.1987",7667.77056495352
"Week52.1987",6570.38992668652
"Week1.1988",5714.73999686731
"Week2.1988",4891.17388738188
"Week3.1988",4616.39842328877
"Week4.1988",4026.89083473465
"Week5.1988",3377.27433229993
"Week6.1988",3189.09911007896
"Week7.1988",2700.07481522945
"Week8.1988",2448.91893142889
"Week9.1988",2153.78109720346
"Week10.1988",1909.53228703107
"Week11.1988",1740.13436267971
"Week12.1988",1641.57890410473
"Week13.1988",1434.30748793
"Week14.1988",1201.24058704369
"Week15.1988",1064.04299469748
"Week16.1988",985.798674259898
"Week17.1988",896.095516661037
"Week18.1988",886.700477866833
"Week19.1988",1375.43647077438
"Week20.1988",4321.9474722247
"Week21.1988",14936.7746738923
"Week22.1988",40825.2141366811
"Week23.1988",79133.118702425
"Week24.1988",121076.344279794
"Week25.1988",156407.755558131
"Week26.1988",166742.201388289
"Week27.1988",148317.726808134
"Week28.1988",142659.055824075
"Week29.1988",128231.414026035
"Week30.1988",116963.082441749
"Week31.1988",114210.414709552
"Week32.1988",107788.40661361
"Week33.1988",95602.6724129067
"Week34.1988",86097.8650689323
"Week35.1988",80924.2087864574
"Week36.1988",75691.4005468992
"Week37.1988",66353.2853987038
"Week38.1988",58359.3118811642
"Week39.1988",55699.9223915127
"Week40.1988",49559.5069553218
"Week41.1988",46461.658371935
"Week42.1988",43839.0097758062
"Week43.1988",41367.3470777082
"Week44.1988",37095.8000103595
"Week45.1988",35405.6167368176
"Week46.1988",31440.3072585484
"Week47.1988",25594.0920343795
"Week48.1988",21838.5941329411
"Week49.1988",20031.7636895508
"Week50.1988",18336.7666302013
"Week51.1988",15380.268522007
"Week52.1988",14215.199227466
"Week1.1989",11454.9519272148
"Week2.1989",10119.7728857853
"Week3.1989",8550.74154064239
"Week4.1989",7982.9940332064
"Week5.1989",6892.87856386098
"Week6.1989",5823.2555589741
"Week7.1989",5380.23231020328
"Week8.1989",4568.06095450998
"Week9.1989",3877.03532089239
"Week10.1989",3353.83938031654
"Week11.1989",2578.05529645073
"Week12.1989",2382.18003156331
"Week13.1989",2093.52511666055
"Week14.1989",1745.39898844427
"Week15.1989",1539.04029732456
"Week16.1989",1435.79584655143
"Week17.1989",1233.28066364531
"Week18.1989",1095.6115217017
"Week19.1989",1556.24719610649
"Week20.1989",4468.65279636199
"Week21.1989",14800.8355714692
"Week22.1989",40474.3225134128
"Week23.1989",84446.3903287
"Week24.1989",126471.728016148
"Week25.1989",151252.452969171
"Week26.1989",159292.516985871
"Week27.1989",161360.846363085
"Week28.1989",142669.822183356
"Week29.1989",132267.883297775
"Week30.1989",129447.002332052
"Week31.1989",118320.030381288
"Week32.1989",106784.60275672
"Week33.1989",99095.1473535903
"Week34.1989",81880.8597329738
"Week35.1989",77506.7425395064
"Week36.1989",74152.5467235807
"Week37.1989",62973.4027236961
"Week38.1989",54004.6095024024
"Week39.1989",46443.3141303557
"Week40.1989",43998.7647702411
"Week41.1989",40350.0111546956
"Week42.1989",38022.1657493547
"Week43.1989",32813.1277286915
"Week44.1989",28970.9257627652
"Week45.1989",25223.2286802998
"Week46.1989",21035.4658668466
"Week47.1989",18844.539675978
"Week48.1989",16715.6300681247
"Week49.1989",15775.1647639385
"Week50.1989",13649.7870769161
"Week51.1989",11149.1642029349
"Week52.1989",9797.35611264039
"Week1.1990",8841.3332763881
"Week2.1990",8020.66878634053
"Week3.1990",7491.93545032746
"Week4.1990",6637.31811627751
"Week5.1990",5934.66904846943
"Week6.1990",5467.77617076057
"Week7.1990",4729.14192727442
"Week8.1990",3966.17031451491
"Week9.1990",3405.60252717208
"Week10.1990",3056.67905129197
"Week11.1990",2709.03609521978
"Week12.1990",2445.56573361236
"Week13.1990",2234.29936376743
"Week14.1990",1965.52205587765
"Week15.1990",1813.41886797888
"Week16.1990",1544.21350512548
"Week17.1990",1424.93647177952
"Week18.1990",1251.7091832944
"Week19.1990",1617.44239920322
"Week20.1990",4443.22228097502
"Week21.1990",14910.1552399232
"Week22.1990",41079.2187036277
"Week23.1990",81854.040074921
"Week24.1990",124627.156255956
"Week25.1990",144812.501450919
"Week26.1990",144196.950739554
"Week27.1990",148323.952381861
"Week28.1990",134710.451471267
"Week29.1990",124142.054850345
"Week30.1990",99644.6915939326
"Week31.1990",95511.8682998877
"Week32.1990",88253.9873008716
"Week33.1990",76092.3091527465
"Week34.1990",67875.8023355981
"Week35.1990",58582.4250840165
"Week36.1990",53435.3856243475
"Week37.1990",50564.9671893449
"Week38.1990",43005.8270814418
"Week39.1990",40600.9183164454
"Week40.1990",35941.600803519
"Week41.1990",33458.5667976807
"Week42.1990",30547.2995405177
"Week43.1990",27873.1422806719
"Week44.1990",21708.1922602823
"Week45.1990",18538.0611202579
"Week46.1990",17551.7500866894
"Week47.1990",16136.9363108508
"Week48.1990",14370.4372438483
"Week49.1990",12316.2329069603
"Week50.1990",10304.8474914577
"Week51.1990",9209.54682268064
"Week52.1990",7264.38662552634
"Week1.1991",6543.09121212762
"Week2.1991",5955.23085970688
"Week3.1991",5620.75357619217
"Week4.1991",5074.09125449915
"Week5.1991",4384.14113699173
"Week6.1991",3720.71568070661
"Week7.1991",3274.90149783281
"Week8.1991",3026.55833267225
"Week9.1991",2642.9491208389
"Week10.1991",2403.12160675821
"Week11.1991",1993.84160254802
"Week12.1991",1781.43509839258
"Week13.1991",1558.53206323346
"Week14.1991",1410.66869616462
"Week15.1991",1271.57183611325
"Week16.1991",1112.08356001372
"Week17.1991",994.498468081933
"Week18.1991",944.78327625329
"Week19.1991",1443.78596134376
"Week20.1991",4288.84834408057
"Week21.1991",14748.6646540545
"Week22.1991",40379.0255748493
"Week23.1991",81053.3500770754
"Week24.1991",120555.382952817
"Week25.1991",155029.530659195
"Week26.1991",170691.155579951
"Week27.1991",171313.948420823
"Week28.1991",151284.736431499
"Week29.1991",138971.372811426
"Week30.1991",126740.682513282
"Week31.1991",117730.003565754
"Week32.1991",106247.862432923
"Week33.1991",94839.5025760611
"Week34.1991",87472.7926771853
"Week35.1991",74558.5823585147
"Week36.1991",68171.532573882
"Week37.1991",63136.0583889945
"Week38.1991",55454.91929561
"Week39.1991",45666.41451635
"Week40.1991",43206.0109118682
"Week41.1991",39214.2549440887
"Week42.1991",35775.1630188832
"Week43.1991",33582.7173634572
"Week44.1991",28613.4359004085
"Week45.1991",26853.3620632291
"Week46.1991",22164.0289468534
"Week47.1991",20721.5928310188
"Week48.1991",18297.417130142
"Week49.1991",15122.8848499827
"Week50.1991",13384.973485995
"Week51.1991",11716.4336011203
"Week52.1991",10443.3593296744
"Week1.1992",8502.93177553512
"Week2.1992",7575.16127756745
"Week3.1992",6714.47664360234
"Week4.1992",5883.42526298887
"Week5.1992",5162.77717904868
"Week6.1992",4344.67074814679
"Week7.1992",3965.04654998757
"Week8.1992",3631.1976673759
"Week9.1992",3341.46679893125
"Week10.1992",3087.70858281641
"Week11.1992",2637.44724211853
"Week12.1992",2291.75275790164
"Week13.1992",2158.40834402972
"Week14.1992",1916.03003057544
"Week15.1992",1784.99516642541
"Week16.1992",1646.94551396896
"Week17.1992",1432.78726438762
"Week18.1992",1254.36215597372
"Week19.1992",1662.76947003854
"Week20.1992",4427.78943879068
"Week21.1992",15148.6517399274
"Week22.1992",41221.0814332006
"Week23.1992",81711.14293016
"Week24.1992",122261.471264566
"Week25.1992",151330.895317953
"Week26.1992",151789.64379705
"Week27.1992",153202.72655289
"Week28.1992",140325.594254195
"Week29.1992",129703.657077441
"Week30.1992",115592.517698653
"Week31.1992",112516.49440401
"Week32.1992",103953.879968858
"Week33.1992",97483.4793800419
"Week34.1992",91686.2570718017
"Week35.1992",82953.2388360008
"Week36.1992",69151.8065733526
"Week37.1992",63760.9022686318
"Week38.1992",57069.5245807848
"Week39.1992",49113.9457077412
"Week40.1992",38446.3257245363
"Week41.1992",33072.1459887525
"Week42.1992",29421.7878606153
"Week43.1992",25739.5024054996
"Week44.1992",21510.4171999388
"Week45.1992",18167.6123733813
"Week46.1992",14822.1303497249
"Week47.1992",11957.4277949609
"Week48.1992",9955.22686492559
"Week49.1992",8228.34233284726
"Week50.1992",7194.03070519803
"Week51.1992",6030.30937817911
"Week52.1992",5417.1441891759
"Week1.1993",4776.0974307204
"Week2.1993",4369.46915069803
"Week3.1993",3974.66085489046
"Week4.1993",3431.3647484572
"Week5.1993",2947.52576364372
"Week6.1993",2507.93950900781
"Week7.1993",2156.58443749876
"Week8.1993",1802.83952719365
"Week9.1993",1484.29853277643
"Week10.1993",1282.34349584002
"Week11.1993",1121.17888858047
"Week12.1993",1007.57627418202
"Week13.1993",905.188454943333
"Week14.1993",774.458266465796
"Week15.1993",700.817054291486
"Week16.1993",620.729436767159
"Week17.1993",545.677234458794
"Week18.1993",534.725396113237
"Week19.1993",1038.5447974735
"Week20.1993",3909.35440088254
"Week21.1993",14520.3676816916
"Week22.1993",40185.7128452285
"Week23.1993",80347.1649873193
"Week24.1993",121203.355891381
"Week25.1993",146058.094225846
"Week26.1993",157532.356312048
"Week27.1993",145459.281456178
"Week28.1993",136957.893647645
"Week29.1993",135851.699492126
"Week30.1993",122345.731277709
"Week31.1993",110634.885571042
"Week32.1993",94222.2510366719
"Week33.1993",87965.9979719782
"Week34.1993",83278.4460527746
"Week35.1993",76728.8166434664
"Week36.1993",66585.3782103468
"Week37.1993",61278.8989140231
"Week38.1993",52117.6686081137
"Week39.1993",47023.9862996546
"Week40.1993",41251.7360670503
"Week41.1993",35856.1494349133
"Week42.1993",29383.2471467184
"Week43.1993",25940.5872569128
"Week44.1993",20176.7939999649
"Week45.1993",17613.4276138972
"Week46.1993",16622.3563642055
"Week47.1993",13584.6909028027
"Week48.1993",12074.0886132644
"Week49.1993",10341.4051230448
"Week50.1993",9029.98274727378
"Week51.1993",7803.13430268333
"Week52.1993",7363.13865279349
"Week1.1994",6819.12821038926
"Week2.1994",6178.40698408304
"Week3.1994",5526.48174818316
"Week4.1994",4580.56868656672
"Week5.1994",3809.48130264498
"Week6.1994",3590.27952759255
"Week7.1994",3004.56083218092
"Week8.1994",2767.74087784206
"Week9.1994",2359.75963497289
"Week10.1994",1957.28106669619
"Week11.1994",1729.11411678001
"Week12.1994",1586.43699878491
"Week13.1994",1377.19309394874
"Week14.1994",1169.18986390988
"Week15.1994",981.509913733621
"Week16.1994",871.951593351824
"Week17.1994",777.856018245172
"Week18.1994",791.266526083054
"Week19.1994",1255.22313795644
"Week20.1994",4003.63396445457
"Week21.1994",14827.697635764
"Week22.1994",40479.775564049
"Week23.1994",81831.3016898206
"Week24.1994",130506.14347164
"Week25.1994",155255.780521719
"Week26.1994",166756.985834544
"Week27.1994",156458.07647749
"Week28.1994",146389.287356719
"Week29.1994",136313.128628152
"Week30.1994",134259.218124896
"Week31.1994",115842.69359108
"Week32.1994",104406.675225729
"Week33.1994",90753.6726043147
"Week34.1994",85178.1035383704
"Week35.1994",76260.2368841907
"Week36.1994",67375.8254224243
"Week37.1994",61795.5498198956
"Week38.1994",53787.0237216506
"Week39.1994",47899.3491647403
"Week40.1994",45025.7750061965
"Week41.1994",39976.3776245855
"Week42.1994",34273.6990521218
"Week43.1994",32027.5062617186
"Week44.1994",29663.516221894
"Week45.1994",27321.0747956315
"Week46.1994",24465.3271452061
"Week47.1994",22230.9687952125
"Week48.1994",18907.1018257187
"Week49.1994",17716.5147602598
"Week50.1994",16164.5930928135
"Week51.1994",13254.4317354018
"Week52.1994",11452.9342950956
"Week1.1995",10821.105530759
"Week2.1995",9491.7946855894
"Week3.1995",8289.01675028197
"Week4.1995",7783.71776687768
"Week5.1995",6146.62156864209
"Week6.1995",5747.90849249372
"Week7.1995",4866.36338387118
"Week8.1995",4422.152938203
"Week9.1995",4138.33008537638
"Week10.1995",3295.29845840732
"Week11.1995",2962.36331788424
"Week12.1995",2511.55754076241
"Week13.1995",2365.42376997185
"Week14.1995",2035.58709555972
"Week15.1995",1852.70929862391
"Week16.1995",1676.54464565881
"Week17.1995",1477.30259021361
"Week18.1995",1448.1243457772
"Week19.1995",1893.34472650286
"Week20.1995",4615.46478405052
"Week21.1995",14726.0191976374
"Week22.1995",39059.5144714159
"Week23.1995",82787.8828001498
"Week24.1995",130652.942604478
"Week25.1995",149407.998613288
"Week26.1995",141508.580281797
"Week27.1995",138501.375495901
"Week28.1995",118898.031582209
"Week29.1995",107838.135038319
"Week30.1995",95999.4389320551
"Week31.1995",91188.0123884084
"Week32.1995",78928.4207339193
"Week33.1995",76210.1996279669
"Week34.1995",65223.4772178874
"Week35.1995",62838.334252582
"Week36.1995",57689.4715121018
"Week37.1995",54308.681273891
"Week38.1995",51128.3464351768
"Week39.1995",45863.9119739214
"Week40.1995",41023.1071843453
"Week41.1995",38862.0609564549
"Week42.1995",33821.8526905695
"Week43.1995",29820.6819195343
"Week44.1995",27927.8797054371
"Week45.1995",25361.3698027299
"Week46.1995",23474.3775269462
"Week47.1995",21017.189555812
"Week48.1995",18416.1480035147
"Week49.1995",15045.6898163482
"Week50.1995",12507.3376019845
"Week51.1995",10731.4743640506
"Week52.1995",10002.69840949
"Week1.1996",8922.50344273239
"Week2.1996",7465.72980531522
"Week3.1996",7073.81268138917
"Week4.1996",6291.51191047797
"Week5.1996",5855.92864097568
"Week6.1996",5002.03780344001
"Week7.1996",4194.15227714842
"Week8.1996",3659.2064805632
"Week9.1996",3154.3302576059
"Week10.1996",2897.94377612556
"Week11.1996",2496.32735629531
"Week12.1996",2338.25937131316
"Week13.1996",2169.74830794157
"Week14.1996",1830.16953977492
"Week15.1996",1506.83713355911
"Week16.1996",1413.07299250513
"Week17.1996",1260.03924931919
"Week18.1996",1113.03086101616
"Week19.1996",1598.26362995844
"Week20.1996",4513.66619998128
"Week21.1996",15000.8278657647
"Week22.1996",40894.510806876
"Week23.1996",83737.2515770802
"Week24.1996",129505.072689033
"Week25.1996",158147.15510157
"Week26.1996",163060.161228971
"Week27.1996",160934.154321919
"Week28.1996",147658.81038181
"Week29.1996",142916.817414708
"Week30.1996",139303.653084793
"Week31.1996",122702.047158482
"Week32.1996",119588.26486162
"Week33.1996",114984.671111705
"Week34.1996",105022.582483271
"Week35.1996",98380.0956548507
"Week36.1996",91414.5619676971
"Week37.1996",81382.1885615098
"Week38.1996",77098.8829753008
"Week39.1996",70184.6581600771
"Week40.1996",62847.7765937465
"Week41.1996",50083.7090697317
"Week42.1996",39962.7434863405
"Week43.1996",32959.3049731201
"Week44.1996",30036.1897171545
"Week45.1996",24975.6605100013
"Week46.1996",21181.6531998292
"Week47.1996",19172.3776781185
"Week48.1996",15634.0637183378
"Week49.1996",14621.0056143256
"Week50.1996",13487.6333896844
"Week51.1996",12281.4181786686
"Week52.1996",10502.7779883735
"Week1.1997",9170.0913431768
"Week2.1997",8581.15353054304
"Week3.1997",7335.40868422189
"Week4.1997",6574.65775459419
"Week5.1997",5897.5989252823
"Week6.1997",5196.29764806481
"Week7.1997",4760.66115525151
"Week8.1997",4362.61203766131
"Week9.1997",3970.57140246799
"Week10.1997",3650.06233113563
"Week11.1997",3053.87665907991
"Week12.1997",2810.86671233988
"Week13.1997",2418.04912021663
"Week14.1997",1973.34287808182
"Week15.1997",1790.24835734393
"Week16.1997",1589.93156190034
"Week17.1997",1302.23997340716
"Week18.1997",1185.8294642176
"Week19.1997",1654.73871520749
"Week20.1997",4399.02965208469
"Week21.1997",14928.434919944
"Week22.1997",39853.2775783843
"Week23.1997",80450.451299086
"Week24.1997",122951.15551775
"Week25.1997",153437.026747183
"Week26.1997",163714.049772518
"Week27.1997",160499.284936512
"Week28.1997",151419.203545766
"Week29.1997",136437.768911859
"Week30.1997",132756.250653516
"Week31.1997",116275.0088006
"Week32.1997",102724.504169369
"Week33.1997",93375.7908896473
"Week34.1997",83331.5867051028
"Week35.1997",74370.9641129946
"Week36.1997",65498.0843778264
"Week37.1997",62737.9821210768
"Week38.1997",59171.9569877733
"Week39.1997",54818.4591000845
"Week40.1997",47008.3565711718
"Week41.1997",37975.8453881838
"Week42.1997",35142.8408747279
"Week43.1997",29726.2530486169
"Week44.1997",26076.4267384426
"Week45.1997",20737.2020722773
"Week46.1997",19032.2803065789
"Week47.1997",16432.7382499835
"Week48.1997",15301.1697232341
"Week49.1997",13800.9554746587
"Week50.1997",11331.8913669942
"Week51.1997",10768.9234955054
"Week52.1997",9555.54304508868
"Week1.1998",7785.19366777902
"Week2.1998",7247.76601848347
"Week3.1998",6420.18089451715
"Week4.1998",5611.07293623036
"Week5.1998",5158.62868087103
"Week6.1998",4495.56780454597
"Week7.1998",4158.91558810673
"Week8.1998",3883.42533357609
"Week9.1998",3419.77441317193
"Week10.1998",2964.02033081406
"Week11.1998",2797.07415497308
"Week12.1998",2340.95393311346
"Week13.1998",2140.10906421887
"Week14.1998",1938.28646463428
"Week15.1998",1687.13865472237
"Week16.1998",1460.13888373318
"Week17.1998",1352.10277266705
"Week18.1998",1250.15195169866
"Week19.1998",1640.90606255964
"Week20.1998",4560.07594773484
"Week21.1998",14997.6321171449
"Week22.1998",40972.6538258222
"Week23.1998",84591.2805819038
"Week24.1998",131983.426997082
"Week25.1998",156889.441409112
"Week26.1998",160588.931254052
"Week27.1998",144174.652154251
"Week28.1998",121927.840690212
"Week29.1998",120528.363517412
"Week30.1998",106909.308614293
"Week31.1998",93571.2580704045
"Week32.1998",84884.5969927342
"Week33.1998",73027.2767110024
"Week34.1998",67355.8424381426
"Week35.1998",64294.9249774263
"Week36.1998",60838.5483334775
"Week37.1998",54129.5905283489
"Week38.1998",44163.6303475539
"Week39.1998",41769.2872568332
"Week40.1998",39162.7274533823
"Week41.1998",35475.8618811109
"Week42.1998",30199.9273066451
"Week43.1998",25777.1558439977
"Week44.1998",20533.7462283648
"Week45.1998",19096.9429239164
"Week46.1998",15650.408708418
"Week47.1998",13813.1647942833
"Week48.1998",12157.8254922495
"Week49.1998",10768.7743067871
"Week50.1998",9787.46926441905
"Week51.1998",8172.19035206208
"Week52.1998",6770.69581900151
"Week1.1999",6221.68812023617
"Week2.1999",5524.91919255809
"Week3.1999",4881.36397683824
"Week4.1999",4260.64682293152
"Week5.1999",3518.16296639366
"Week6.1999",3020.64905294118
"Week7.1999",2660.34411731954
"Week8.1999",2326.96831064978
"Week9.1999",2057.10544263056
"Week10.1999",1898.42685003547
"Week11.1999",1636.34277369668
"Week12.1999",1413.61012945383
"Week13.1999",1200.43520960659
"Week14.1999",1075.33340928843
"Week15.1999",976.211837478879
"Week16.1999",793.711757287744
"Week17.1999",742.155948491286
"Week18.1999",743.598370139309
"Week19.1999",1197.90584741787
"Week20.1999",4083.78204500755
"Week21.1999",14912.556979236
"Week22.1999",40693.2051446058
"Week23.1999",81224.3397342656
"Week24.1999",122507.861565877
"Week25.1999",148319.543189351
"Week26.1999",161346.042122479
"Week27.1999",166592.75867286
"Week28.1999",151877.784343907
"Week29.1999",145804.651236378
"Week30.1999",134372.364670768
"Week31.1999",119925.303464618
"Week32.1999",106572.604903414
"Week33.1999",96501.8339264963
"Week34.1999",93318.7254965677
"Week35.1999",87089.0029291265
"Week36.1999",81405.0573757235
"Week37.1999",72572.7092881207
"Week38.1999",69250.9563375
"Week39.1999",63046.2501719199
"Week40.1999",51337.6396484259
"Week41.1999",44360.7282462759
"Week42.1999",37424.2093694151
"Week43.1999",33338.1538391739
"Week44.1999",30560.6851865971
"Week45.1999",26919.5152647362
"Week46.1999",24866.9820631639
"Week47.1999",20493.441301831
"Week48.1999",17622.6574607045
"Week49.1999",14593.8179513266
"Week50.1999",12767.4409165892
"Week51.1999",11678.8216205224
"Week52.1999",10780.1685813131
"Week1.2000",9303.59262940819
"Week2.2000",8187.32586895713
"Week3.2000",6935.851411304
"Week4.2000",6003.24885539126
"Week5.2000",5305.61974957625
"Week6.2000",4464.93598630266
"Week7.2000",3814.61883415366
"Week8.2000",3413.04851566616
"Week9.2000",2928.78044159221
"Week10.2000",2507.4566781805
"Week11.2000",2137.67750881388
"Week12.2000",1895.14160843523
"Week13.2000",1730.31250622954
"Week14.2000",1489.04985265511
"Week15.2000",1370.28352229086
"Week16.2000",1199.90798455562
"Week17.2000",1077.96432458331
"Week18.2000",1061.28320392169
"Week19.2000",1473.54947457474
"Week20.2000",4283.77964612469
"Week21.2000",15104.4615283593
"Week22.2000",40524.0480071932
"Week23.2000",84891.8105342491
"Week24.2000",130781.739398733
"Week25.2000",156263.03320743
"Week26.2000",154153.381689836
"Week27.2000",137533.070660909
"Week28.2000",122582.425893013
"Week29.2000",113831.177546163
"Week30.2000",99813.4983412683
"Week31.2000",92369.42568656
"Week32.2000",87969.1066128161
"Week33.2000",74088.4946850145
"Week34.2000",71552.3049828096
"Week35.2000",65112.0116066164
"Week36.2000",59963.6017262412
"Week37.2000",54965.8410969502
"Week38.2000",49675.4543664853
"Week39.2000",43728.3873839637
"Week40.2000",39747.5420753684
"Week41.2000",34434.8756055303
"Week42.2000",29908.6909292721
"Week43.2000",26283.6470214601
"Week44.2000",24093.9058112096
"Week45.2000",22423.1462886485
"Week46.2000",20915.4888595252
"Week47.2000",17170.1875698641
"Week48.2000",15782.4312378313
"Week49.2000",14225.9182063549
"Week50.2000",10998.7918760498
"Week51.2000",9609.28192835975
"Week52.2000",7859.11455568902
"Week1.2001",6795.82558577603
"Week2.2001",6302.21090664304
"Week3.2001",5597.095441157
"Week4.2001",4473.91797128491
"Week5.2001",3943.79783060287
"Week6.2001",3522.44846952145
"Week7.2001",3189.84841901259
"Week8.2001",2841.15707945584
"Week9.2001",2369.60790232626
"Week10.2001",2100.85599186169
"Week11.2001",1770.29690995125
"Week12.2001",1508.70617518854
"Week13.2001",1231.62072208491
"Week14.2001",1125.62931849046
"Week15.2001",1047.29066193675
"Week16.2001",932.967848168153
"Week17.2001",849.697335867684
"Week18.2001",744.452602028798
"Week19.2001",755.54571129051
"Week20.2001",1531.32260315596
"Week21.2001",4526.26705043246
"Week22.2001",11899.7333485711
"Week23.2001",23434.3039218876
"Week24.2001",37092.7901341393
"Week25.2001",44606.0993424572
"Week26.2001",48487.9690510684
"Week27.2001",48714.4892131141
"Week28.2001",44141.4282567085
"Week29.2001",40217.4959972043
"Week30.2001",39522.0162387373
"Week31.2001",37687.4528754289
"Week32.2001",32224.8319341487
"Week33.2001",28925.5944916266
"Week34.2001",25327.7100376139
"Week35.2001",21752.432037574
"Week36.2001",20433.3741885198
"Week37.2001",19404.6481171911
"Week38.2001",16509.5562460642
"Week39.2001",14474.1310267025
"Week40.2001",13386.0509776286
"Week41.2001",11738.4965700305
"Week42.2001",10082.626150612
"Week43.2001",8582.94067783516
"Week44.2001",7274.54262562501
"Week45.2001",6570.82039160095
"Week46.2001",5991.16523563424
"Week47.2001",5273.79102385495
"Week48.2001",4581.80636145883
"Week49.2001",4055.45033535667
"Week50.2001",3481.68732619707
"Week51.2001",3101.21656477949
"Week52.2001",2753.4025542992
"Week1.2002",2402.3924241244
"Week2.2002",2253.85899931689
"Week3.2002",1859.24875912903
"Week4.2002",1587.44896548427
"Week5.2002",1362.64457920978
"Week6.2002",1185.91074237211
"Week7.2002",1046.44719718685
"Week8.2002",961.415428370773
"Week9.2002",790.994057536146
"Week10.2002",691.344964940573
"Week11.2002",568.028247474383
"Week12.2002",515.429012137007
"Week13.2002",438.256463184991
"Week14.2002",398.980421383849
"Week15.2002",342.250449237963
"Week16.2002",276.129961214288
"Week17.2002",258.338799330115
"Week18.2002",509.565981678758
"Week19.2002",2522.49922986295
"Week20.2002",13379.874218081
"Week21.2002",53131.9221159638
"Week22.2002",144750.067162942
"Week23.2002",298118.19773716
"Week24.2002",469953.587755258
"Week25.2002",598335.43971338
"Week26.2002",627223.137842805
"Week27.2002",599665.749052526
"Week28.2002",584419.944084536
"Week29.2002",509094.659086839
"Week30.2002",457706.620547636
"Week31.2002",437990.694723122
"Week32.2002",422497.471933327
"Week33.2002",386755.446269359
"Week34.2002",319137.210645928
"Week35.2002",302659.385970593
"Week36.2002",291992.600889876
"Week37.2002",263169.655675655
"Week38.2002",244215.506957844
"Week39.2002",228738.622056253
"Week40.2002",198438.730572725
"Week41.2002",163022.44024464
"Week42.2002",147001.257365556
"Week43.2002",139246.074581207
"Week44.2002",118793.910750075
"Week45.2002",106342.060063698
"Week46.2002",92853.3059674173
"Week47.2002",80793.7559482138
"Week48.2002",71618.7948953659
"Week49.2002",62660.6181115483
"Week50.2002",59434.5996238451
"Week51.2002",47921.2633305348
"Week52.2002",39065.5426611569
"Week1.2003",33388.31184705
"Week2.2003",26837.1621321324
"Week3.2003",23864.8362255907
"Week4.2003",21128.6038993991
"Week5.2003",18636.7457617855
"Week6.2003",16283.1519931717
"Week7.2003",12722.9933490705
"Week8.2003",11310.0356552782
"Week9.2003",9233.48980298465
"Week10.2003",8249.95996297507
"Week11.2003",6782.94580246801
"Week12.2003",5632.87920426803
"Week13.2003",5209.87632772711
"Week14.2003",4603.92874489781
"Week15.2003",4342.06708428535
"Week16.2003",3606.90947255665
"Week17.2003",2950.18607509641
"Week18.2003",2530.99637013069
"Week19.2003",2692.95514120554
"Week20.2003",5277.40150042902
"Week21.2003",15093.7714615304
"Week22.2003",39128.873080615
"Week23.2003",77545.951069681
"Week24.2003",122471.278664538
"Week25.2003",156366.401653049
"Week26.2003",154702.019295928
"Week27.2003",154945.698125044
"Week28.2003",137985.333057718
"Week29.2003",120968.397350929
"Week30.2003",110942.061672125
"Week31.2003",99110.3098420091
"Week32.2003",86469.7078576747
"Week33.2003",79144.618418264
"Week34.2003",75777.85196601
"Week35.2003",69390.9009378512
"Week36.2003",59464.5451125488
"Week37.2003",56877.2305238528
"Week38.2003",47187.9362833815
"Week39.2003",42101.0464921969
"Week40.2003",36925.8135297706
"Week41.2003",34368.2386726705
"Week42.2003",30256.0084699388
"Week43.2003",28584.3120547843
"Week44.2003",24384.816359206
"Week45.2003",22241.3439620015
"Week46.2003",19157.3442512904
"Week47.2003",18190.0672212527
"Week48.2003",16838.1655194586
"Week49.2003",14981.4720504105
"Week50.2003",13071.8729499695
"Week51.2003",11493.9177755746
"Week52.2003",9861.00200272849
"Week1.2004",8287.14358533835
"Week2.2004",6871.07346500752
"Week3.2004",5775.51008885973
"Week4.2004",5247.27206475963
"Week5.2004",4774.32908739409
"Week6.2004",4048.99086165523
"Week7.2004",3549.82466740362
"Week8.2004",3043.25972361663
"Week9.2004",2577.80875958633
"Week10.2004",2392.8117746058
"Week11.2004",2067.78546298084
"Week12.2004",1877.53762911994
"Week13.2004",1733.15585653446
"Week14.2004",1517.75354540631
"Week15.2004",1377.90775931541
"Week16.2004",1192.62638528469
"Week17.2004",1069.40979524016
"Week18.2004",1173.10294890348
"Week19.2004",3280.58522370756
"Week20.2004",14838.7522857965
"Week21.2004",56377.5864962577
"Week22.2004",161099.671775311
"Week23.2004",331926.40001128
"Week24.2004",503839.594578774
"Week25.2004",599090.415336505
"Week26.2004",599206.158226865
"Week27.2004",567891.62335371
"Week28.2004",535686.592281873
"Week29.2004",507141.656170996
"Week30.2004",477205.318010396
"Week31.2004",462706.434289072
"Week32.2004",445855.182329545
"Week33.2004",411129.022307703
"Week34.2004",372438.484866013
"Week35.2004",331128.270795104
"Week36.2004",306540.741593727
"Week37.2004",264763.630642292
"Week38.2004",243505.634627961
"Week39.2004",231067.94473974
"Week40.2004",195356.469182785
"Week41.2004",179049.557730871
"Week42.2004",169823.507669467
"Week43.2004",136937.863447275
"Week44.2004",127496.467144325
"Week45.2004",109793.49543166
"Week46.2004",96995.6652739085
"Week47.2004",86727.6092313986
"Week48.2004",77883.763048752
"Week49.2004",71394.6814313911
"Week50.2004",63767.3532193261
"Week51.2004",57135.8347888199
"Week52.2004",51592.6594190181
"Week1.2005",41628.868178928
"Week2.2005",33657.3340529531
"Week3.2005",31216.2506794251
"Week4.2005",27799.4285424092
"Week5.2005",26092.9007650697
"Week6.2005",24134.0256425774
"Week7.2005",22298.1835349758
"Week8.2005",19067.5666318803
"Week9.2005",17763.52505625
"Week10.2005",16016.1305362358
"Week11.2005",14139.7622879678
"Week12.2005",12551.8066661963
"Week13.2005",9984.84403259789
"Week14.2005",8772.45873217106
"Week15.2005",7660.73053627458
"Week16.2005",6762.48765422861
"Week17.2005",6264.35979732264
"Week18.2005",6325.22795723855
"Week19.2005",10762.4787232079
"Week20.2005",37612.2669181546
"Week21.2005",134805.304320334
"Week22.2005",382650.792632849
"Week23.2005",765128.720075224
"Week24.2005",1221155.23867505
"Week25.2005",1413082.39131805
"Week26.2005",1561723.80439724
"Week27.2005",1513929.42289107
"Week28.2005",1356343.01883414
"Week29.2005",1248329.14581684
"Week30.2005",1081667.53845699
"Week31.2005",977139.080946258
"Week32.2005",889240.773057574
"Week33.2005",798351.196087833
"Week34.2005",676913.272803065
"Week35.2005",592460.841436582
"Week36.2005",530246.770917685
"Week37.2005",465992.340369336
"Week38.2005",397797.976621631
"Week39.2005",358863.624025515
"Week40.2005",334505.059517717
"Week41.2005",306555.181312047
"Week42.2005",278580.817323582
"Week43.2005",247509.338077668
"Week44.2005",232374.554734439
"Week45.2005",207343.838275589
"Week46.2005",179643.267540125
"Week47.2005",158962.345739325
"Week48.2005",149842.767401179
"Week49.2005",134972.646043554
"Week50.2005",116483.551519376
"Week51.2005",108706.972776597
"Week52.2005",97775.9959692792
"Week1.2006",91607.6798733389
"Week2.2006",76845.4692607615
"Week3.2006",68378.5749122672
"Week4.2006",59876.3547309319
"Week5.2006",53571.5628773058
"Week6.2006",47630.9088371376
"Week7.2006",44985.2439355312
"Week8.2006",42441.9765856236
"Week9.2006",34559.8548188583
"Week10.2006",30461.8462968192
"Week11.2006",26927.2918188584
"Week12.2006",23186.7790470531
"Week13.2006",20709.2297966828
"Week14.2006",17569.5782702928
"Week15.2006",15693.6966321275
"Week16.2006",14346.7369154173
"Week17.2006",13130.7451333446
"Week18.2006",12539.1897017076
"Week19.2006",12617.2014962199
"Week20.2006",22906.3699955936
"Week21.2006",62323.6806061015
"Week22.2006",160501.910138298
"Week23.2006",328597.293076258
"Week24.2006",519103.899628067
"Week25.2006",599333.051625657
"Week26.2006",601954.207554354
"Week27.2006",541464.829653842
"Week28.2006",539447.165002017
"Week29.2006",522267.47058424
"Week30.2006",497102.255631676
"Week31.2006",437634.849297528
"Week32.2006",426578.575500573
"Week33.2006",387245.56339814
"Week34.2006",350765.801371582
"Week35.2006",320833.485543007
"Week36.2006",282186.357526767
"Week37.2006",272221.173726096
"Week38.2006",248249.177344723
"Week39.2006",236929.539563627
"Week40.2006",195308.870362088
"Week41.2006",174423.266526056
"Week42.2006",155565.16039319
"Week43.2006",147266.41166129
"Week44.2006",121011.914300338
"Week45.2006",102466.651825282
"Week46.2006",91048.2024395374
"Week47.2006",78307.1573657923
"Week48.2006",73530.2476571544
"Week49.2006",65213.9510344733
"Week50.2006",53063.6671670932
"Week51.2006",44478.8589554449
"Week52.2006",38508.60617781
"Week1.2007",33906.9405355047
"Week2.2007",28665.0192099959
"Week3.2007",23237.9033536359
"Week4.2007",19599.3017544895
"Week5.2007",16373.4496465982
"Week6.2007",15153.7727327716
"Week7.2007",12771.7961206922
"Week8.2007",11979.9011072493
"Week9.2007",10742.4169947451
"Week10.2007",9002.69430896545
"Week11.2007",7605.77003821155
"Week12.2007",6892.76152518399
"Week13.2007",6116.61358210879
"Week14.2007",4921.21169539917
"Week15.2007",4647.594782808
"Week16.2007",4104.85831020854
"Week17.2007",3600.22085756584
"Week18.2007",4019.38813163404
"Week19.2007",9201.77346782494
"Week20.2007",38429.8566088659
"Week21.2007",140590.825553381
"Week22.2007",402551.696957396
"Week23.2007",796566.450284983
"Week24.2007",1234298.47925892
"Week25.2007",1462974.14761569
"Week26.2007",1487264.64244872
"Week27.2007",1383974.12588486
"Week28.2007",1335584.02377977
"Week29.2007",1284335.94312376
"Week30.2007",1073716.26773036
"Week31.2007",1005447.06372484
"Week32.2007",875325.54407562
"Week33.2007",808254.562844825
"Week34.2007",718630.438217299
"Week35.2007",641859.823283515
"Week36.2007",614166.616906774
"Week37.2007",538793.238243993
"Week38.2007",453519.808242932
"Week39.2007",429816.71239912
"Week40.2007",384693.462639842
"Week41.2007",348061.04009215
"Week42.2007",322953.76420232
"Week43.2007",298323.28127569
"Week44.2007",271543.482271606
"Week45.2007",250445.746564148
"Week46.2007",221258.372472649
"Week47.2007",206604.745557225
"Week48.2007",196030.45189202
"Week49.2007",160775.693161437
"Week50.2007",133910.180064918
"Week51.2007",114598.873884789
"Week52.2007",96248.7342937064
"Week1.2008",85521.6491814059
"Week2.2008",77586.1916526179
"Week3.2008",62899.0848861694
"Week4.2008",58006.7446557739
"Week5.2008",49795.8323346779
"Week6.2008",42151.1456588811
"Week7.2008",35457.5986288357
"Week8.2008",31541.3289043591
"Week9.2008",27866.1026860652
"Week10.2008",23935.0537305768
"Week11.2008",21503.5305489903
"Week12.2008",19249.9835792721
"Week13.2008",17372.4910275654
"Week14.2008",16157.4222435485
"Week15.2008",14423.4589396453
"Week16.2008",12069.9149219648
"Week17.2008",11371.7520861022
"Week18.2008",10377.1205128304
"Week19.2008",14206.6863755703
"Week20.2008",36853.2678275657
"Week21.2008",123200.352144935
"Week22.2008",326942.738301958
"Week23.2008",660256.147504606
"Week24.2008",1008203.46006203
"Week25.2008",1186660.05160814
"Week26.2008",1327505.96632708
"Week27.2008",1274217.46738484
"Week28.2008",1230522.95008997
"Week29.2008",1195130.08465063
"Week30.2008",1128090.33870946
"Week31.2008",964086.659373657
"Week32.2008",858401.827794554
"Week33.2008",766295.721072166
"Week34.2008",660406.779065248
"Week35.2008",622326.225763274
"Week36.2008",596959.864019223
"Week37.2008",524666.427898757
"Week38.2008",503247.962714075
"Week39.2008",453145.588403572
"Week40.2008",385585.137123813
"Week41.2008",334046.231088813
"Week42.2008",313156.217913499
"Week43.2008",275378.004550399
"Week44.2008",259389.157504581
"Week45.2008",225691.841849967
"Week46.2008",194664.280074843
"Week47.2008",163888.99632737
"Week48.2008",155294.133637129
"Week49.2008",136844.331364926
"Week50.2008",123574.814900847
"Week51.2008",111729.242706996
"Week52.2008",104070.324152144
"Week1.2009",93189.7908932364
"Week2.2009",87433.3999614302
"Week3.2009",77150.2177755726
"Week4.2009",72307.9274607828
"Week5.2009",59131.0925946799
"Week6.2009",55871.7868197935
"Week7.2009",51788.4815658924
"Week8.2009",47674.7046059192
"Week9.2009",43055.6806681115
"Week10.2009",39941.113538325
"Week11.2009",36895.3301301381
"Week12.2009",34070.0931118421
"Week13.2009",31329.0344385226
"Week14.2009",28781.3762283256
"Week15.2009",26882.3187102275
"Week16.2009",24973.4893357316
"Week17.2009",22806.2481815558
"Week18.2009",18409.0984900714
"Week19.2009",15951.5104826509
"Week20.2009",19237.0963071234
"Week21.2009",37499.0267309737
"Week22.2009",86130.5969644233
"Week23.2009",163631.458432435
"Week24.2009",249356.792143027
"Week25.2009",301246.29682279
"Week26.2009",319412.188763418
"Week27.2009",326741.676191505
"Week28.2009",308159.44466254
"Week29.2009",293356.236296708
"Week30.2009",258244.409662609
"Week31.2009",211238.63482559
"Week32.2009",202789.978841154
"Week33.2009",169078.731939432
"Week34.2009",160305.690458693
"Week35.2009",136254.73650476
"Week36.2009",128902.671314574
"Week37.2009",123843.734663395
"Week38.2009",114610.219831367
"Week39.2009",104522.979237522
"Week40.2009",90959.982913873
"Week41.2009",80488.9192024298
"Week42.2009",71406.8190424271
"Week43.2009",62096.7137692086
"Week44.2009",53522.6638608429
"Week45.2009",47017.9454733381
"Week46.2009",42045.507624383
"Week47.2009",39740.6857627563
"Week48.2009",33361.963049325
"Week49.2009",28239.81305841
"Week50.2009",22902.4427020747
"Week51.2009",18778.1718509072
"Week52.2009",17774.8202366123
"Week1.2010",15438.6219973954
"Week2.2010",14050.1571004493
"Week3.2010",12017.791386591
"Week4.2010",9680.42016807136
"Week5.2010",8176.16100284427
"Week6.2010",6774.24331033175
"Week7.2010",5824.8411434694
"Week8.2010",5403.68659860332
"Week9.2010",4648.77593631465
"Week10.2010",4071.00016189177
"Week11.2010",3448.11510081788
"Week12.2010",3140.98193435489
"Week13.2010",2933.37111146638
"Week14.2010",2754.67759500072
"Week15.2010",2541.44556387585
"Week16.2010",2352.59891998527
"Week17.2010",2071.47788851225
"Week18.2010",2013.42185846144
"Week19.2010",2866.21484614939
"Week20.2010",7758.66101827644
"Week21.2010",25884.196303816
"Week22.2010",70786.2633508141
"Week23.2010",144029.356737485
"Week24.2010",217658.823516002
"Week25.2010",275497.084170646
"Week26.2010",298100.951986535
"Week27.2010",277851.360598885
"Week28.2010",261920.23956337
"Week29.2010",227579.911747504
"Week30.2010",215331.651300419
"Week31.2010",186872.234205894
"Week32.2010",173281.627963501
"Week33.2010",149743.540435003
"Week34.2010",140448.463063732
"Week35.2010",126475.647693402
"Week36.2010",111666.278065984
"Week37.2010",98388.4856155523
"Week38.2010",83881.5709609273
"Week39.2010",79279.6737063646
"Week40.2010",70079.8227203272
"Week41.2010",65865.2073010665
"Week42.2010",55168.6544139663
"Week43.2010",48636.330295992
"Week44.2010",46107.3628171173
"Week45.2010",42137.6298006026
"Week46.2010",38298.4489669489
"Week47.2010",33823.7244981875
"Week48.2010",27368.2915376834
"Week49.2010",23454.2372757874
"Week50.2010",20584.7357855376
"Week51.2010",16597.097451588
"Week52.2010",15015.3460261892
