# Minimum negative log likelihood

Minuit did successfully converge.
# of function calls: 1012
minimum function Value: 300.9142858354
minimum edm: 3.530928895578e-05
minimum internal state vector: LAVector parameters:
     0.4078969475065
     -1.121658233545
     -1.287002217587
     -1.367683528742
     -1.547032025131
     -1.548334959591
    -0.7422965778114
     -1.254745256402
     -1.160815617901
     -1.057825594119
     -1.046070321686
    0.07871595454003
     0.1066219709638
     0.0616458943761
     0.1037183977856

minimum internal covariance matrix: LASymMatrix parameters:
   0.0015406094 -0.00010727146              0 -3.3490601e-05  6.2157647e-06  5.8367024e-06 -0.00014879449  0.00011896719   0.0001517848  0.00019389324  0.00019881823   1.165482e-05  1.0344764e-05  1.1450532e-05   1.086226e-05
 -0.00010727146  8.3083024e-06              0  1.9239603e-06  -4.780764e-07 -4.4377005e-07  8.4716896e-06 -8.5001357e-06 -1.0884123e-05 -1.3791904e-05 -1.4457359e-05 -7.1554833e-07 -6.0821927e-07 -7.1787892e-07 -7.0467079e-07
              0              0              2              0              0              0              0              0              0              0              0              0              0              0              0
 -3.3490601e-05  1.9239603e-06              0  4.2028901e-05  -3.484786e-08  5.2433759e-09  1.9752402e-06  -2.728115e-06 -3.1802304e-06 -4.1468873e-06  -4.103712e-06 -1.7383511e-08 -1.3371444e-07 -2.4026424e-07 -1.1025656e-07
  6.2157647e-06  -4.780764e-07              0  -3.484786e-08  4.1542747e-07  3.4075815e-07 -5.4079867e-07  4.9379294e-07  6.3820551e-07  8.0592941e-07  8.3473803e-07  3.4290304e-08  3.9048395e-08  4.0966707e-08  3.9446723e-08
  5.8367024e-06 -4.4377005e-07              0  5.2433759e-09  3.4075815e-07  2.8301902e-07 -4.8980538e-07  4.6395613e-07  5.9486881e-07   7.574903e-07  7.8148381e-07  3.2009008e-08  3.6805785e-08  3.9042238e-08  3.6971365e-08
 -0.00014879449  8.4716896e-06              0  1.9752402e-06 -5.4079867e-07 -4.8980538e-07  4.3800822e-05 -1.0917306e-05 -1.3823312e-05 -1.7712453e-05 -1.8032691e-05  -1.837089e-06 -1.6823975e-06  -1.719894e-06 -1.6950927e-06
  0.00011896719 -8.5001357e-06              0  -2.728115e-06  4.9379294e-07  4.6395613e-07 -1.0917306e-05   9.969839e-06  1.1791787e-05  1.5023844e-05    1.55115e-05  8.3896126e-07  7.7466395e-07  8.6972907e-07  8.3290323e-07
   0.0001517848 -1.0884123e-05              0 -3.1802304e-06  6.3820551e-07  5.9486881e-07 -1.3823312e-05  1.1791787e-05  1.5720413e-05  1.9211359e-05   1.975534e-05  1.1244758e-06  9.5411425e-07  1.1023979e-06  1.0401311e-06
  0.00019389324 -1.3791904e-05              0 -4.1468873e-06  8.0592941e-07   7.574903e-07 -1.7712453e-05  1.5023844e-05  1.9211359e-05  2.5353625e-05  2.5214324e-05   1.430913e-06   1.271438e-06  1.4176687e-06  1.3715743e-06
  0.00019881823 -1.4457359e-05              0  -4.103712e-06  8.3473803e-07  7.8148381e-07 -1.8032691e-05    1.55115e-05   1.975534e-05  2.5214324e-05  2.7378713e-05  1.4067541e-06  1.2437682e-06  1.4286357e-06  1.4260031e-06
   1.165482e-05 -7.1554833e-07              0 -1.7383511e-08  3.4290304e-08  3.2009008e-08  -1.837089e-06  8.3896126e-07  1.1244758e-06   1.430913e-06  1.4067541e-06  2.6759667e-07  1.0615699e-07  1.0217373e-07  9.1681298e-08
  1.0344764e-05 -6.0821927e-07              0 -1.3371444e-07  3.9048395e-08  3.6805785e-08 -1.6823975e-06  7.7466395e-07  9.5411425e-07   1.271438e-06  1.2437682e-06  1.0615699e-07  1.9544694e-07   9.472984e-08   9.210493e-08
  1.1450532e-05 -7.1787892e-07              0 -2.4026424e-07  4.0966707e-08  3.9042238e-08  -1.719894e-06  8.6972907e-07  1.1023979e-06  1.4176687e-06  1.4286357e-06  1.0217373e-07   9.472984e-08  1.4803754e-07  9.5616514e-08
   1.086226e-05 -7.0467079e-07              0 -1.1025656e-07  3.9446723e-08  3.6971365e-08 -1.6950927e-06  8.3290323e-07  1.0401311e-06  1.3715743e-06  1.4260031e-06  9.1681298e-08   9.210493e-08  9.5616514e-08  1.7037202e-07


# ext. ||   Name    ||   type  ||     Value     ||  Error +/- 

   0   ||Natural mortality || limited ||    0.05491699236707 ||0.0006368510957731
   1   ||Targeted q || limited ||      4.958916621359 ||0.04424762264349
   2   ||Nontargeted q || limited ||                   2 ||22.06548931833
   3   ||     sigma || limited ||      1.027829342284 ||0.04623539252192
   4   ||  Biomass1 || limited ||     0.1411788640748 ||0.005414854323593
   5   ||  Biomass2 || limited ||     0.1261229514777 ||0.004224375130396
   6   ||  vm_sigma || limited ||      12.96155469279 ||0.1379425683902
   7   ||Recruit year 1 || limited ||      2.486241608159 ||0.03469430318397
   8   ||Recruit year 2 || limited ||       4.15316002952 ||0.05586903492015
   9   ||Recruit year 3 || limited ||      6.444835722697 ||0.08735881466733
  10   ||Recruit year 4 || limited ||      6.736265359078 ||0.09266888283874
  11   ||Mean Rec dist 1 || limited ||     0.7863468973485 ||0.003646518884816
  12   ||Mean Rec dist 2 || limited ||      1.064200683193 ||0.003108323104989
  13   ||Mean Rec dist 3 || limited ||     0.6160685717229 ||0.002715471150305
  14   ||Mean Rec dist 4 || limited ||      1.035325392341 ||0.002902979538405





