# Minimum negative log likelihood

Minuit did successfully converge.
# of function calls: 875
minimum function Value: 648.4229106554
minimum edm: 2.874815930591e-05
minimum internal state vector: LAVector parameters:
    -0.7062219796418
    -0.9828031990071
     -1.287002217587
     -1.098864194276
     -1.552944341837
     -1.554021690584
     0.2349396265769
    -0.5727038769001
     -1.345182119952
     -1.195347482875
    -0.9447768554668
     -1.006245509544

minimum internal covariance matrix: LASymMatrix parameters:
   0.0057515606  -0.0018371636              0 -4.2834209e-06  5.6926777e-05  5.3572803e-05  5.5901965e-05 -0.00049693452  0.00071780256   0.0013796264   0.0021032238   0.0017875644
  -0.0018371636  0.00060981311              0 -3.1194743e-06 -1.9581384e-05 -1.8277023e-05  -1.138783e-05  0.00010418576 -0.00023056468 -0.00044366581 -0.00067548146 -0.00057699901
              0              0              2              0              0              0              0              0              0              0              0              0
 -4.2834209e-06 -3.1194743e-06              0  0.00030311312 -5.9405317e-08   1.632774e-07 -1.4752761e-06  2.7134252e-05 -6.2932378e-07 -5.9411917e-07 -1.5774194e-06 -1.6320659e-06
  5.6926777e-05 -1.9581384e-05              0 -5.9405317e-08  1.1410333e-05  9.1770746e-06  1.6758223e-07  1.0731555e-06  7.1627096e-06  1.3405057e-05  2.1013869e-05  1.8210943e-05
  5.3572803e-05 -1.8277023e-05              0   1.632774e-07  9.1770746e-06  7.4888659e-06   1.900436e-07  5.4669419e-07  6.7231773e-06  1.2604423e-05  1.9779593e-05  1.7080157e-05
  5.5901965e-05  -1.138783e-05              0 -1.4752761e-06  1.6758223e-07   1.900436e-07  4.9419673e-06 -3.4509852e-05  6.6568092e-06  1.2615002e-05  1.9345996e-05  1.5783303e-05
 -0.00049693452  0.00010418576              0  2.7134252e-05  1.0731555e-06  5.4669419e-07 -3.4509852e-05  0.00063871007 -5.9553659e-05 -0.00011200935 -0.00017181954 -0.00014184198
  0.00071780256 -0.00023056468              0 -6.2932378e-07  7.1627096e-06  6.7231773e-06  6.6568092e-06 -5.9553659e-05  0.00010417452  0.00017246153  0.00026269868  0.00022305608
   0.0013796264 -0.00044366581              0 -5.9411917e-07  1.3405057e-05  1.2604423e-05  1.2615002e-05 -0.00011200935  0.00017246153  0.00034655447  0.00050426483  0.00042950443
   0.0021032238 -0.00067548146              0 -1.5774194e-06  2.1013869e-05  1.9779593e-05  1.9345996e-05 -0.00017181954  0.00026269868  0.00050426483  0.00078528871  0.00065393272
   0.0017875644 -0.00057699901              0 -1.6320659e-06  1.8210943e-05  1.7080157e-05  1.5783303e-05 -0.00014184198  0.00022305608  0.00042950443  0.00065393272  0.00057321469


# ext. ||   Name    ||   type  ||     Value     ||  Error +/- 

   0   ||Natural mortality || limited ||    0.05265539710768 ||0.006117054398932
   1   ||Targeted q || limited ||      8.397222474687 ||0.4842654250284
   2   ||Nontargeted q || limited ||                   2 ||22.06548931833
   3   ||     sigma || limited ||      5.465420587594 ||0.2798230856903
   4   ||  Biomass1 || limited ||    0.07967122581271 ||0.0213190177675
   5   ||  Biomass2 || limited ||    0.07034545544321 ||0.01622913993865
   6   ||   vm_mean || limited ||     0.7313133558595 ||0.004802716184783
   7   ||  vm_sigma || limited ||      18.32451215528 ||0.6007232256511
   8   ||Recruit year 1 || limited ||      1.277028796813 ||0.08071687450099
   9   ||Recruit year 2 || limited ||      3.492495266168 ||0.2413148351409
  10   ||Recruit year 3 || limited ||      9.490741416599 ||0.5804153816077
  11   ||Recruit year 4 || limited ||      7.767773407127 ||0.4528275126964





