# Minimum negative log likelihood

Minuit did successfully converge.
# of function calls: 756
minimum function Value: 236.0559174283
minimum edm: 2.132068315561e-05
minimum internal state vector: LAVector parameters:
     -1.149125441427
     -1.287002217587
    -0.3446095369677
      -1.36839295762
     -1.358978428497
      -1.56940180419
      -1.12319521073
      -1.29853231776
     -1.185264292085
     -1.294497593168
     -1.346941879262

minimum internal covariance matrix: LASymMatrix parameters:
   0.0011875366              0  0.00013579712  -0.0007889788 -0.00050042903  0.00057684908  -0.0008138357 -1.9197206e-05 -0.00040674953 -0.00025846534   5.007417e-05
              0              2              0              0              0              0              0              0              0              0              0
  0.00013579712              0    0.010090401 -0.00016719009  -0.0001041785 -0.00092538863 -0.00037791013  0.00027654977 -0.00050490444  0.00079429505 -0.00063309359
  -0.0007889788              0 -0.00016719009   0.0018137886  0.00099958762 -0.00074080334  0.00042164801  0.00018498101  9.8503146e-05   0.0004632904 -0.00026272029
 -0.00050042903              0  -0.0001041785  0.00099958762  0.00059191511 -0.00046019247  0.00035368145   9.386521e-05  7.8107057e-05  0.00028443172 -0.00016229519
  0.00057684908              0 -0.00092538863 -0.00074080334 -0.00046019247    0.011784945 -0.00058599232  0.00042466793  -0.0012459201   0.0015985963  -0.0013761599
  -0.0008138357              0 -0.00037791013  0.00042164801  0.00035368145 -0.00058599232   0.0069868273 -0.00058172612  0.00090793419 -0.00023419122 -2.7468269e-05
 -1.9197206e-05              0  0.00027654977  0.00018498101   9.386521e-05  0.00042466793 -0.00058172612   0.0038970557 -0.00097616703  0.00040734382  3.6358659e-06
 -0.00040674953              0 -0.00050490444  9.8503146e-05  7.8107057e-05  -0.0012459201  0.00090793419 -0.00097616703   0.0013191144 -0.00021436025 -0.00013299208
 -0.00025846534              0  0.00079429505   0.0004632904  0.00028443172   0.0015985963 -0.00023419122  0.00040734382 -0.00021436025  0.00098521445  1.8789216e-05
   5.007417e-05              0 -0.00063309359 -0.00026272029 -0.00016229519  -0.0013761599 -2.7468269e-05  3.6358659e-06 -0.00013299208  1.8789216e-05   0.0011378384


# ext. ||   Name    ||   type  ||     Value     ||  Error +/- 

   0   ||Targeted q || limited ||      4.379682747612 ||0.4986110954432
   1   ||Nontargeted q || limited ||                   2 ||22.06548931833
   2   ||     sigma || limited ||      33.10854018494 ||3.339868087095
   3   ||  Biomass1 || limited ||       10.2068639828 ||3.026433078135
   4   ||  Biomass2 || limited ||      11.17483001988 ||1.808312613107
   5   ||   vm_mean || limited ||     -3.141589598873 ||0.009251320843607
   6   ||  vm_sigma || limited ||      3.941433051608 ||1.022629136035
   7   ||Recruit year 1 || limited ||      1.851588598611 ||0.5932670231313
   8   ||Recruit year 2 || limited ||      3.679708441653 ||0.4827843252599
   9   ||Recruit year 3 || limited ||       1.90622441242 ||0.302677629839
  10   ||Recruit year 4 || limited ||      1.257422872726 ||0.2646934561741





