# Minimum negative log likelihood

Minuit did successfully converge.
# of function calls: 325
minimum function Value: 594.9165275966
minimum edm: 9.376775210714e-05
minimum internal state vector: LAVector parameters:
    -0.7678020716421
     -1.167385605938
     -1.287002217587
     -1.156753366949
     -1.386423759589
      -1.39378619676
     0.5181010262057
    -0.2898468030578
     -1.144238079907
    -0.9589562802796
     -1.035137691145
     -1.163300972349

minimum internal covariance matrix: LASymMatrix parameters:
  0.00014682997 -4.8599906e-05              0  9.5470233e-07   -7.68894e-06  -3.887468e-06    6.39229e-06 -0.00010559888  6.3673884e-05  9.3983891e-05  8.0884855e-05  5.8256389e-05
 -4.8599906e-05  2.4360942e-05              0 -8.7675113e-07  2.8620572e-06   1.264246e-06  4.2782927e-07 -1.7657083e-05 -2.3811452e-05 -3.5458697e-05 -3.0389251e-05 -2.3814388e-05
              0              0              2              0              0              0              0              0              0              0              0              0
  9.5470233e-07 -8.7675113e-07              0   0.0002156792  1.1311835e-06  1.0004401e-06   2.257956e-07 -3.1099206e-06  8.9674731e-07  2.4276144e-07  2.0406422e-06  1.7046062e-06
   -7.68894e-06  2.8620572e-06              0  1.1311835e-06  5.0588983e-07  2.5363169e-07 -3.0558087e-07  6.9327366e-06 -3.5915796e-06 -5.2254409e-06 -4.6719754e-06  -3.108338e-06
  -3.887468e-06   1.264246e-06              0  1.0004401e-06  2.5363169e-07  1.6610582e-07 -2.2720187e-07  6.2116709e-06 -1.8641413e-06 -2.5881609e-06 -2.3777379e-06 -1.4394527e-06
    6.39229e-06  4.2782927e-07              0   2.257956e-07 -3.0558087e-07 -2.2720187e-07  4.0513418e-06 -5.4824255e-05  1.8754781e-06   2.781303e-06  2.5178423e-06  1.8328057e-06
 -0.00010559888 -1.7657083e-05              0 -3.1099206e-06  6.9327366e-06  6.2116709e-06 -5.4824255e-05   0.0020936606 -2.7567561e-05 -3.8157402e-05 -3.7035652e-05 -2.5353067e-05
  6.3673884e-05 -2.3811452e-05              0  8.9674731e-07 -3.5915796e-06 -1.8641413e-06  1.8754781e-06 -2.7567561e-05  3.9476577e-05  4.1656303e-05  3.5715084e-05  2.7017465e-05
  9.3983891e-05 -3.5458697e-05              0  2.4276144e-07 -5.2254409e-06 -2.5881609e-06   2.781303e-06 -3.8157402e-05  4.1656303e-05  7.3486434e-05  5.2930649e-05  3.9317016e-05
  8.0884855e-05 -3.0389251e-05              0  2.0406422e-06 -4.6719754e-06 -2.3777379e-06  2.5178423e-06 -3.7035652e-05  3.5715084e-05  5.2930649e-05   5.705615e-05  3.4030064e-05
  5.8256389e-05 -2.3814388e-05              0  1.7046062e-06  -3.108338e-06 -1.4394527e-06  1.8328057e-06 -2.5353067e-05  2.7017465e-05  3.9317016e-05  3.4030064e-05  4.1446026e-05


# ext. ||   Name    ||   type  ||     Value     ||  Error +/- 

   0   ||Natural mortality || limited ||    0.04581665366951 ||0.0009246391425428
   1   ||Targeted q || limited ||      4.013627901887 ||0.06850219723043
   2   ||Nontargeted q || limited ||                   2 ||22.06548931833
   3   ||     sigma || limited ||      4.224911485019 ||0.2088894090788
   4   ||  Biomass1 || limited ||      8.474264383483 ||0.04610159583612
   5   ||  Biomass2 || limited ||      7.812715154838 ||0.02537319986518
   6   ||   vm_mean || limited ||      1.555814941821 ||0.00388449509117
   7   ||  vm_sigma || limited ||      28.56842603398 ||1.239974723079
   8   ||Recruit year 1 || limited ||      4.489795496778 ||0.09189826196279
   9   ||Recruit year 2 || limited ||      9.079466557807 ||0.1740635311183
  10   ||Recruit year 3 || limited ||      7.012667502126 ||0.1362943386516
  11   ||Recruit year 4 || limited ||      4.103774572024 ||0.09019608148532





