# Minimum negative log likelihood

Minuit did successfully converge.
# of function calls: 1167
minimum function Value: 558.9586512953
minimum edm: 5.83032492438e-05
minimum internal state vector: LAVector parameters:
    -0.9391554520719
    -0.9385156969156
     -1.287002217587
     -1.191447182697
     -1.534784838521
     -1.531154627918
    -0.8017426693886
     -1.287485730717
      -1.31685736762
     -1.505988902785
     -1.250365523001
     -1.005538835014

minimum internal covariance matrix: LASymMatrix parameters:
     0.32105175  -0.0081405073              0  0.00014341426  0.00046763845  0.00056677195   0.0058786972  -0.0023632186    0.006290957   0.0030526759   0.0070344975    0.014049003
  -0.0081405073  0.00037411427              0 -7.9671966e-06 -2.0070061e-05 -2.5165033e-05 -1.2066687e-05  4.8488919e-07 -0.00015886383 -5.5819184e-05 -0.00018498194 -0.00036439058
              0              0      3.0015314              0              0              0              0              0              0              0              0              0
  0.00014341426 -7.9671966e-06              0  0.00019374222 -1.5805016e-06  5.5003675e-08  3.1751497e-06  7.3083836e-07     4.4473e-06   3.484099e-06  2.0371294e-06   1.178478e-05
  0.00046763845 -2.0070061e-05              0 -1.5805016e-06  6.4338035e-06   4.249921e-06  2.0427384e-06 -3.1521315e-07  1.1660881e-05  1.8674616e-06  1.0353164e-05   2.079515e-05
  0.00056677195 -2.5165033e-05              0  5.5003675e-08   4.249921e-06  3.8135095e-06  1.5087377e-06  -6.045218e-07   1.013954e-05   3.784382e-06  1.2739558e-05  2.5498618e-05
   0.0058786972 -1.2066687e-05              0  3.1751497e-06  2.0427384e-06  1.5087377e-06  0.00024617361 -9.3524365e-05  0.00011482441  7.6135652e-05  0.00012314403   0.0002503566
  -0.0023632186  4.8488919e-07              0  7.3083836e-07 -3.1521315e-07  -6.045218e-07 -9.3524365e-05  4.3390374e-05 -4.4871987e-05 -3.0050327e-05 -5.0666199e-05 -0.00010180028
    0.006290957 -0.00015886383              0     4.4473e-06  1.1660881e-05   1.013954e-05  0.00011482441 -4.4871987e-05  0.00014499573  5.4723441e-05  0.00013742532  0.00027626624
   0.0030526759 -5.5819184e-05              0   3.484099e-06  1.8674616e-06   3.784382e-06  7.6135652e-05 -3.0050327e-05  5.4723441e-05  4.5281977e-05  6.5454521e-05  0.00013295151
   0.0070344975 -0.00018498194              0  2.0371294e-06  1.0353164e-05  1.2739558e-05  0.00012314403 -5.0666199e-05  0.00013742532  6.5454521e-05  0.00016013687   0.0003079273
    0.014049003 -0.00036439058              0   1.178478e-05   2.079515e-05  2.5498618e-05   0.0002503566 -0.00010180028  0.00027626624  0.00013295151   0.0003079273  0.00062281258


# ext. ||   Name    ||   type  ||     Value     ||  Error +/- 

   0   ||Natural mortality || limited ||    0.02482350729475 ||0.005757423573334
   1   ||Targeted q || limited ||      9.665910652303 ||0.404129751094
   2   ||Nontargeted q || limited ||                   2 ||59.28081608603
   3   ||     sigma || limited ||      3.554707268069 ||0.1822353267963
   4   ||  Biomass1 || limited ||     0.3241717867584 ||0.03228760765916
   5   ||  Biomass2 || limited ||     0.3928146272425 ||0.0273625011121
   6   ||   vm_mean || limited ||     -2.257451501388 ||0.02423907730159
   7   ||  vm_sigma || limited ||      1.595569209461 ||0.05208013713253
   8   ||Recruit year 1 || limited ||      1.613319971285 ||0.1069388765624
   9   ||Recruit year 2 || limited ||     0.1149528139452 ||0.0154061221607
  10   ||Recruit year 3 || limited ||      2.554754822381 ||0.1409055730833
  11   ||Recruit year 4 || limited ||      7.786686890852 ||0.4725364020435





