# Minimum negative log likelihood

Minuit did successfully converge.
# of function calls: 869
minimum function Value: 651.6952260299
minimum edm: 9.347383955074e-05
minimum internal state vector: LAVector parameters:
    -0.7579675539762
     -1.188586313744
     -1.287002217587
      -1.09511486068
     -1.436871143907
     -1.439162736575
     0.9671119233444
     0.2150256383232
     -1.109941428211
     -1.098548516963
     -1.149887245919
     -1.207288093804

minimum internal covariance matrix: LASymMatrix parameters:
    0.089801534  -0.0069428475              0 -8.8125695e-05   0.0026103409   0.0025476002 -0.00038209885 -0.00076269398   0.0087358776    0.007541872   0.0077008064   0.0064134823
  -0.0069428475  0.00055303623              0   6.803714e-06 -0.00020836111 -0.00020301004  3.6422666e-05 -0.00014989584 -0.00068146856 -0.00058585538 -0.00059815212 -0.00050024901
              0              0              2              0              0              0              0              0              0              0              0              0
 -8.8125695e-05   6.803714e-06              0  0.00030262889 -2.8630726e-06 -2.7777773e-06  -9.765058e-07 -4.2023936e-05 -1.0527389e-05 -7.3709844e-06 -7.7518031e-06 -5.7907718e-06
   0.0026103409 -0.00020836111              0 -2.8630726e-06   9.423375e-05  9.0072393e-05 -1.3750298e-05  7.2840305e-05  0.00025737894  0.00022068323  0.00022540982  0.00018770058
   0.0025476002 -0.00020301004              0 -2.7777773e-06  9.0072393e-05   8.631368e-05  -1.328777e-05  6.5385159e-05  0.00025090368  0.00021528118  0.00021986567  0.00018320851
 -0.00038209885  3.6422666e-05              0  -9.765058e-07 -1.3750298e-05  -1.328777e-05  1.7603676e-05 -0.00023860937 -3.9338055e-05 -3.3520656e-05  -3.474288e-05 -1.7979655e-05
 -0.00076269398 -0.00014989584              0 -4.2023936e-05  7.2840305e-05  6.5385159e-05 -0.00023860937    0.024927169  1.7155499e-05  1.6693778e-05 -5.5845636e-06 -0.00044783439
   0.0087358776 -0.00068146856              0 -1.0527389e-05  0.00025737894  0.00025090368 -3.9338055e-05  1.7155499e-05  0.00086592888   0.0007339455  0.00075031403  0.00062477387
    0.007541872 -0.00058585538              0 -7.3709844e-06  0.00022068323  0.00021528118 -3.3520656e-05  1.6693778e-05   0.0007339455  0.00064725289  0.00064706275  0.00053815472
   0.0077008064 -0.00059815212              0 -7.7518031e-06  0.00022540982  0.00021986567  -3.474288e-05 -5.5845636e-06  0.00075031403  0.00064706275  0.00067400086  0.00054760503
   0.0064134823 -0.00050024901              0 -5.7907718e-06  0.00018770058  0.00018320851 -1.7979655e-05 -0.00044783439  0.00062477387  0.00053815472  0.00054760503  0.00056739188


# ext. ||   Name    ||   type  ||     Value     ||  Error +/- 

   0   ||Natural mortality || limited ||    0.02781382917134 ||0.0038184664966
   1   ||Targeted q || limited ||      3.607868535287 ||0.3100901157199
   2   ||Nontargeted q || limited ||                   2 ||22.06548931833
   3   ||     sigma || limited ||      5.550957274987 ||0.281651430621
   4   ||  Biomass1 || limited ||      4.477290607096 ||0.4582664421048
   5   ||  Biomass2 || limited ||      4.325599153899 ||0.431125291562
   6   ||   vm_mean || limited ||      2.586315043245 ||0.005291016782913
   7   ||  vm_sigma || limited ||      48.53529236445 ||4.353666544567
   8   ||Recruit year 1 || limited ||      5.225846387032 ||0.4625962718394
   9   ||Recruit year 2 || limited ||      5.482051019294 ||0.409101233505
  10   ||Recruit year 3 || limited ||      4.373669797758 ||0.3749777672395
  11   ||Recruit year 4 || limited ||       3.27691293785 ||0.299391786735





