# Minimum negative log likelihood

Minuit did successfully converge.
# of function calls: 1063
minimum function Value: 262.1142176458
minimum edm: 3.703408986824e-05
minimum internal state vector: LAVector parameters:
     0.5998016648493
     -1.294344417188
     -1.287002217587
     -1.385802415934
     -1.538661497325
     -1.539985504934
    -0.5745199369275
    -0.6561144908701
    -0.9618449567167
     -1.179567754119
    -0.9652149809504
     -1.501546616135

minimum internal covariance matrix: LASymMatrix parameters:
   0.0062831917 -0.00076611135              0 -3.6472223e-05  8.6240262e-05  8.2438636e-05  4.3772955e-05 -0.00028745535    0.001857091    0.001105364   0.0018171136  0.00017191697
 -0.00076611135   9.542844e-05              0  2.6515857e-06 -1.0598159e-05 -1.0177286e-05 -4.5403957e-06  2.7415046e-05 -0.00022955226  -0.0001365018 -0.00022458206 -2.0414088e-05
              0              0              2              0              0              0              0              0              0              0              0              0
 -3.6472223e-05  2.6515857e-06              0  4.9839972e-05 -1.2075961e-07 -3.6713351e-07 -1.1348658e-06  1.2161114e-05 -8.2057226e-06 -4.6724839e-06 -7.5290299e-06 -1.1437504e-06
  8.6240262e-05 -1.0598159e-05              0 -1.2075961e-07  2.4506321e-06  1.9572943e-06  5.3892958e-07 -4.4529333e-06  2.5922792e-05  1.5244451e-05  2.5103974e-05  2.4110233e-06
  8.2438636e-05 -1.0177286e-05              0 -3.6713351e-07  1.9572943e-06  1.7535872e-06  5.4911402e-07 -3.3163699e-06  2.4580717e-05  1.4606058e-05  2.4066917e-05  2.2237978e-06
  4.3772955e-05 -4.5403957e-06              0 -1.1348658e-06  5.3892958e-07  5.4911402e-07  1.1496502e-06 -7.6372754e-06  1.1643053e-05  7.0148973e-06  1.1437223e-05  1.3195482e-06
 -0.00028745535  2.7415046e-05              0  1.2161114e-05 -4.4529333e-06 -3.3163699e-06 -7.6372754e-06  0.00011389343 -7.4164394e-05 -4.3801649e-05 -7.1349044e-05  -9.503313e-06
    0.001857091 -0.00022955226              0 -8.2057226e-06  2.5922792e-05  2.4580717e-05  1.1643053e-05 -7.4164394e-05   0.0005548577  0.00032930435  0.00054170226  5.0037992e-05
    0.001105364  -0.0001365018              0 -4.6724839e-06  1.5244451e-05  1.4606058e-05  7.0148973e-06 -4.3801649e-05  0.00032930435  0.00019675235   0.0003222216  2.9768101e-05
   0.0018171136 -0.00022458206              0 -7.5290299e-06  2.5103974e-05  2.4066917e-05  1.1437223e-05 -7.1349044e-05  0.00054170226   0.0003222216  0.00053085368  4.8754647e-05
  0.00017191697 -2.0414088e-05              0 -1.1437504e-06  2.4110233e-06  2.2237978e-06  1.3195482e-06  -9.503313e-06  5.0037992e-05  2.9768101e-05  4.8754647e-05  6.7043055e-06


# ext. ||   Name    ||   type  ||     Value     ||  Error +/- 

   0   ||Natural mortality || limited ||    0.05911196923067 ||0.001156051681336
   1   ||Targeted q || limited ||      1.898503912784 ||0.09426794182305
   2   ||Nontargeted q || limited ||                   2 ||22.06548931833
   3   ||     sigma || limited ||      0.853131465595 ||0.04591129812772
   4   ||  Biomass1 || limited ||     0.2581396011833 ||0.01778259854038
   5   ||  Biomass2 || limited ||     0.2373079118797 ||0.01442292004147
   6   ||   vm_mean || limited ||     -1.707241547892 ||0.001999466920643
   7   ||  vm_sigma || limited ||      15.59909664109 ||0.2391729131487
   8   ||Recruit year 1 || limited ||       8.99668658933 ||0.4763038912262
   9   ||Recruit year 2 || limited ||      3.787558563782 ||0.1890858639354
  10   ||Recruit year 3 || limited ||      8.900545296864 ||0.46363401674
  11   ||Recruit year 4 || limited ||     0.1298281738135 ||0.006333722420897





