# Minimum negative log likelihood

Minuit did successfully converge.
# of function calls: 1165
minimum function Value: 380.8029865724
minimum edm: 1.361515794275e-05
minimum internal state vector: LAVector parameters:
     0.1640879244155
     -1.215125652431
     -1.287002217587
     -1.324433653441
     -1.390099719909
     -1.396029013324
     -1.311870499221
     -1.062903541844
     -1.445158858147
    -0.9862221981163
    -0.9493985223468
    0.06165760041751
    0.03548705188168
    0.08586377349372
    0.04802005241723

minimum internal covariance matrix: LASymMatrix parameters:
   0.0098738643 -0.00079814665              0  2.5362991e-05  0.00040667143  0.00039153533  4.0848603e-05   0.0015876622  0.00034730708   0.0018348783   0.0019241991  0.00021023472   0.0003115475  0.00017582514  0.00020776947
 -0.00079814665   7.351531e-05              0  1.5107544e-06 -3.7527058e-05 -3.5988378e-05 -6.1055359e-06  -0.0001340513 -2.6536514e-05 -0.00015710642 -0.00016443443 -1.5509254e-05  -4.151553e-05 -1.2388949e-05 -1.7180852e-05
              0              0              2              0              0              0              0              0              0              0              0              0              0              0              0
  2.5362991e-05  1.5107544e-06              0   8.219088e-05 -1.5182797e-06 -1.3413901e-06 -1.4094002e-06  1.6588705e-06   2.046234e-06  1.2308542e-06  1.4491097e-06  9.5141998e-07 -6.5955506e-06  1.4146011e-06  7.3655505e-07
  0.00040667143 -3.7527058e-05              0 -1.5182797e-06  2.0486673e-05  1.9458366e-05  3.0335871e-06   6.860812e-05  1.3442289e-05  8.0128335e-05  8.3879891e-05  7.6566449e-06  2.1746765e-05  6.3401342e-06  8.7402284e-06
  0.00039153533 -3.5988378e-05              0 -1.3413901e-06  1.9458366e-05   1.852356e-05  2.9223522e-06  6.5857539e-05  1.2976086e-05    7.70221e-05  8.0593274e-05  7.4839325e-06  2.0696104e-05  6.1218367e-06  8.4053098e-06
  4.0848603e-05 -6.1055359e-06              0 -1.4094002e-06  3.0335871e-06  2.9223522e-06  2.2962886e-06  8.0705633e-06  1.2965037e-06  1.0680478e-05  1.0390098e-05  4.3374287e-07  7.4129373e-06 -2.0643741e-07  6.5330914e-07
   0.0015876622  -0.0001340513              0  1.6588705e-06   6.860812e-05  6.5857539e-05  8.0705633e-06  0.00026113696  5.4453557e-05  0.00030056316  0.00031524213  3.2417047e-05  6.1706284e-05  2.7169276e-05  3.3673802e-05
  0.00034730708 -2.6536514e-05              0   2.046234e-06  1.3442289e-05  1.2976086e-05  1.2965037e-06  5.4453557e-05  1.6332188e-05  6.2986903e-05  6.6007125e-05  7.3279931e-06  3.2333732e-06  6.3776848e-06  7.1800178e-06
   0.0018348783 -0.00015710642              0  1.2308542e-06  8.0128335e-05    7.70221e-05  1.0680478e-05  0.00030056316  6.2986903e-05  0.00035137842  0.00036597346  3.7616807e-05  7.3948632e-05  3.0878678e-05  3.9116191e-05
   0.0019241991 -0.00016443443              0  1.4491097e-06  8.3879891e-05  8.0593274e-05  1.0390098e-05  0.00031524213  6.6007125e-05  0.00036597346  0.00038733393  3.9490029e-05  7.6509898e-05  3.2362619e-05  4.1623579e-05
  0.00021023472 -1.5509254e-05              0  9.5141998e-07  7.6566449e-06  7.4839325e-06  4.3374287e-07  3.2417047e-05  7.3279931e-06  3.7616807e-05  3.9490029e-05  5.9936596e-06  5.1438471e-06  4.0044017e-06  4.3538933e-06
   0.0003115475  -4.151553e-05              0 -6.5955506e-06  2.1746765e-05  2.0696104e-05  7.4129373e-06  6.1706284e-05  3.2333732e-06  7.3948632e-05  7.6509898e-05  5.1438471e-06  9.2041683e-05  2.2809847e-06  6.7271964e-06
  0.00017582514 -1.2388949e-05              0  1.4146011e-06  6.3401342e-06  6.1218367e-06 -2.0643741e-07  2.7169276e-05  6.3776848e-06  3.0878678e-05  3.2362619e-05  4.0044017e-06  2.2809847e-06  4.5031582e-06  3.8356486e-06
  0.00020776947 -1.7180852e-05              0  7.3655505e-07  8.7402284e-06  8.4053098e-06  6.5330914e-07  3.3673802e-05  7.1800178e-06  3.9116191e-05  4.1623579e-05  4.3538933e-06  6.7271964e-06  3.8356486e-06   5.575014e-06


# ext. ||   Name    ||   type  ||     Value     ||  Error +/- 

   0   ||Natural mortality || limited ||    0.04908381436745 ||0.001731562212362
   1   ||Targeted q || limited ||      3.129342099451 ||0.105558663741
   2   ||Nontargeted q || limited ||                   2 ||22.06548931833
   3   ||     sigma || limited ||      1.509705033954 ||0.07816937024631
   4   ||  Biomass1 || limited ||         8.140629573 ||0.2875901633733
   5   ||  Biomass2 || limited ||       7.61648756762 ||0.2645840740863
   6   ||  vm_sigma || limited ||      1.334360557235 ||0.01097398842223
   7   ||Recruit year 1 || limited ||      6.320805672397 ||0.2778265186162
   8   ||Recruit year 2 || limited ||     0.4040611197869 ||0.01790231516004
   9   ||Recruit year 3 || limited ||      8.311810928037 ||0.3656814627003
  10   ||Recruit year 4 || limited ||      9.355790912738 ||0.4050343152179
  11   ||Mean Rec dist 1 || limited ||     0.6161854097378 ||0.0172784498891
  12   ||Mean Rec dist 2 || limited ||     0.3547960402746 ||0.06779543159818
  13   ||Mean Rec dist 3 || limited ||     0.8575830601437 ||0.01494997731165
  14   ||Mean Rec dist 4 || limited ||     0.4800159943488 ||0.0166765751489





