# Minimum negative log likelihood

Minuit did successfully converge.
# of function calls: 730
minimum function Value: 306.2953430772
minimum edm: 5.007987710028e-05
minimum internal state vector: LAVector parameters:
    -0.8419537803509
     -1.154354736894
     -1.287002217587
     -1.365009574492
     -1.507593923389
     -1.509614265345
     0.3092460121742
     -1.056136182453
    -0.9314366793964
     -0.937074636343
      -1.18823406449
     -1.292687281082

minimum internal covariance matrix: LASymMatrix parameters:
  0.00028697719 -0.00011533176              0  1.7974532e-06  1.7474009e-05   1.682297e-05  1.0991294e-06  1.9284176e-06  0.00018411426  0.00019471968  0.00010238015  7.5129195e-05
 -0.00011533176  4.7325309e-05              0 -6.4731486e-07 -7.1363866e-06 -6.8811811e-06  1.9194459e-07 -2.6406821e-06 -7.4511048e-05 -7.8632632e-05 -4.1225367e-05 -3.0356257e-05
              0              0              2              0              0              0              0              0              0              0              0              0
  1.7974532e-06 -6.4731486e-07              0  5.4706447e-05  2.7917682e-07   2.101373e-07  1.3505136e-07   6.362457e-08  1.1006219e-06  1.0523365e-06  5.8592985e-07   4.674851e-07
  1.7474009e-05 -7.1363866e-06              0  2.7917682e-07  1.6138082e-06  1.4901351e-06  4.2310518e-09   1.659364e-07  1.1315663e-05  1.1904448e-05  6.2543873e-06  4.6097456e-06
   1.682297e-05 -6.8811811e-06              0   2.101373e-07  1.4901351e-06  1.3856308e-06 -6.7655074e-09  2.2743757e-07  1.0890554e-05   1.146636e-05  6.0230074e-06   4.438102e-06
  1.0991294e-06  1.9194459e-07              0  1.3505136e-07  4.2310518e-09 -6.7655074e-09  8.7043315e-07 -1.8164142e-06  3.9478582e-07  4.5952326e-07  3.1042512e-07  2.3024651e-07
  1.9284176e-06 -2.6406821e-06              0   6.362457e-08   1.659364e-07  2.2743757e-07 -1.8164142e-06  8.5943667e-06  2.2334734e-06  2.0358527e-06  8.0908194e-07  6.5325147e-07
  0.00018411426 -7.4511048e-05              0  1.1006219e-06  1.1315663e-05  1.0890554e-05  3.9478582e-07  2.2334734e-06  0.00011901235  0.00012507527  6.5691912e-05  4.8275135e-05
  0.00019471968 -7.8632632e-05              0  1.0523365e-06  1.1904448e-05   1.146636e-05  4.5952326e-07  2.0358527e-06  0.00012507527  0.00013289681  6.9509092e-05  5.0989295e-05
  0.00010238015 -4.1225367e-05              0  5.8592985e-07  6.2543873e-06  6.0230074e-06  3.1042512e-07  8.0908194e-07  6.5691912e-05  6.9509092e-05  3.7131963e-05  2.6813643e-05
  7.5129195e-05 -3.0356257e-05              0   4.674851e-07  4.6097456e-06   4.438102e-06  2.3024651e-07  6.5325147e-07  4.8275135e-05  5.0989295e-05  2.6813643e-05   2.054597e-05


# ext. ||   Name    ||   type  ||     Value     ||  Error +/- 

   0   ||Natural mortality || limited ||    0.03810813395274 ||0.001196652768851
   1   ||Targeted q || limited ||      4.273293236219 ||0.09838478147017
   2   ||Nontargeted q || limited ||                   2 ||22.06548931833
   3   ||     sigma || limited ||      1.054973770248 ||0.05343429592623
   4   ||  Biomass1 || limited ||     0.9983035687434 ||0.02836777828139
   5   ||  Biomass2 || limited ||     0.9355192830513 ||0.02544672201005
   6   ||   vm_mean || limited ||     0.9561138848996 ||0.001974223899788
   7   ||  vm_sigma || limited ||      5.182532718441 ||0.04081523055922
   8   ||Recruit year 1 || limited ||      9.885111936928 ||0.2301155685722
   9   ||Recruit year 2 || limited ||       9.71756399784 ||0.2413205153832
  10   ||Recruit year 3 || limited ||      3.624078923346 ||0.08041567333762
  11   ||Recruit year 4 || limited ||      1.930993097907 ||0.04399227034709





