# Minimum negative log likelihood

WARNING: Minuit did not converge.

# of function calls: 2125
minimum function Value: 427.5831869527
minimum edm: 0.02162788620879
minimum internal state vector: LAVector parameters:
     -1.045068592525
     -1.343122695097
     -1.287002217587
     -1.295120179495
     -1.280820587793
     -1.283749033329
     0.6415079950354
    -0.3776253296824
     -1.069398469295
     -1.164188894091
     -1.127979077438
     -1.651999832633

minimum internal covariance matrix: LASymMatrix parameters:
  0.00045625858 -0.00024482402              0 -2.3845911e-05  0.00031430637  0.00031414361  1.5468503e-05 -0.00018073178  0.00057071463  0.00049230889   0.0004981925  -0.0001008051
 -0.00024482402  0.00013728534              0  1.3132883e-05 -0.00017554791 -0.00017535882 -6.9062873e-06  1.5583435e-05 -0.00031296339 -0.00026900063 -0.00027264052   4.652777e-05
              0              0              2              0              0              0              0              0              0              0              0              0
 -2.3845911e-05  1.3132883e-05              0  9.5044883e-05 -1.6698707e-05 -1.6710188e-05  -9.162273e-07  3.2312071e-05 -3.0819407e-05 -2.6556849e-05 -2.7304293e-05  1.3778707e-06
  0.00031430637 -0.00017554791              0 -1.6698707e-05  0.00022768003  0.00022710328  8.3792144e-06 -3.3003377e-05  0.00040218653  0.00034452423  0.00034979353 -6.2006068e-05
  0.00031414361 -0.00017535882              0 -1.6710188e-05  0.00022710328  0.00022657231  8.5185888e-06 -3.3390844e-05  0.00040169396  0.00034430843  0.00034947874 -6.1945611e-05
  1.5468503e-05 -6.9062873e-06              0  -9.162273e-07  8.3792144e-06  8.5185888e-06  1.1109976e-05 -7.4094605e-05  1.7125234e-05  1.5939387e-05   1.541003e-05 -2.8695859e-06
 -0.00018073178  1.5583435e-05              0  3.2312071e-05 -3.3003377e-05 -3.3390844e-05 -7.4094605e-05   0.0066397898 -0.00012856145 -0.00011558903 -0.00012835962  0.00011235267
  0.00057071463 -0.00031296339              0 -3.0819407e-05  0.00040218653  0.00040169396  1.7125234e-05 -0.00012856145  0.00072446718  0.00062045268  0.00062954462 -0.00011936893
  0.00049230889 -0.00026900063              0 -2.6556849e-05  0.00034452423  0.00034430843  1.5939387e-05 -0.00011558903  0.00062045268  0.00053800259  0.00054110104 -0.00010122087
   0.0004981925 -0.00027264052              0 -2.7304293e-05  0.00034979353  0.00034947874   1.541003e-05 -0.00012835962  0.00062954462  0.00054110104  0.00055128215 -9.9633377e-05
  -0.0001008051   4.652777e-05              0  1.3778707e-06 -6.2006068e-05 -6.1945611e-05 -2.8695859e-06  0.00011235267 -0.00011936893 -0.00010122087 -9.9633377e-05  0.00011242495


# ext. ||   Name    ||   type  ||     Value     ||  Error +/- 

   0   ||Natural mortality || limited ||    0.02025615560418 ||0.001136927554211
   1   ||Targeted q || limited ||      1.290294026177 ||0.0935010280108
   2   ||Nontargeted q || limited ||                   2 ||22.06548931833
   3   ||     sigma || limited ||      1.887931404216 ||0.09382104223407
   4   ||  Biomass1 || limited ||      20.87459364151 ||1.52534261034
   5   ||  Biomass2 || limited ||      20.45798496032 ||1.506687476962
   6   ||   vm_mean || limited ||      1.879942610245 ||0.005932378843528
   7   ||  vm_sigma || limited ||      25.25211822429 ||2.141143651282
   8   ||Recruit year 1 || limited ||      6.163807751507 ||0.4573253672902
   9   ||Recruit year 2 || limited ||      4.086199769732 ||0.3242843526443
  10   ||Recruit year 3 || limited ||      4.832112907141 ||0.3556443524322
  11   ||Recruit year 4 || limited ||     0.1747431926205 ||0.03040438625896



WARNING: FunctionMinimum is invalid: 
	 Reached call limit


