# Minimum negative log likelihood

Minuit did successfully converge.
# of function calls: 409
minimum function Value: 646.3534734282
minimum edm: 2.020818160996e-05
minimum internal state vector: LAVector parameters:
    -0.2722598688773
     -1.189129508798
     -1.287002217587
       -1.1012375369
     -1.491113332413
      -1.49220814365
    -0.1634741527963
        0.1166078566
     -1.113096339921
     -1.023262531115
     -1.121188132614
      -1.19028275317

minimum internal covariance matrix: LASymMatrix parameters:
   0.0044031818 -0.00040643795              0  7.0870505e-05 -0.00015167239 -0.00011868515  2.4568964e-05 -0.00076052288  0.00057120145  0.00067190666   0.0005105829  0.00050141858
 -0.00040643795  5.3667882e-05              0 -6.6075726e-06  1.5987217e-05  1.2310336e-05  1.8760452e-06 -0.00012444095 -5.9108903e-05 -7.1343015e-05 -5.1875306e-05 -5.1797096e-05
              0              0              2              0              0              0              0              0              0              0              0              0
  7.0870505e-05 -6.6075726e-06              0  0.00028248889  -2.690575e-06 -2.2964758e-06  3.4305812e-07  3.4039067e-05   9.302682e-06  7.1221419e-06  7.2036419e-06   1.158255e-05
 -0.00015167239  1.5987217e-05              0  -2.690575e-06  6.5008797e-06  5.0355606e-06 -2.3616664e-07 -1.8232779e-06 -2.0589193e-05 -2.4818671e-05 -1.8485148e-05 -1.8426763e-05
 -0.00011868515  1.2310336e-05              0 -2.2964758e-06  5.0355606e-06  4.0605607e-06 -2.4912187e-07  4.5296887e-06 -1.6382245e-05 -1.9220967e-05 -1.4516466e-05 -1.4568346e-05
  2.4568964e-05  1.8760452e-06              0  3.4305812e-07 -2.3616664e-07 -2.4912187e-07  6.0966536e-06 -0.00014222006  2.2151394e-06 -9.1916891e-07  1.6834715e-06  3.8384714e-06
 -0.00076052288 -0.00012444095              0  3.4039067e-05 -1.8232779e-06  4.5296887e-06 -0.00014222006    0.013833333 -2.3799298e-05 -2.7936814e-05 -5.4418806e-05 -2.3936134e-05
  0.00057120145 -5.9108903e-05              0   9.302682e-06 -2.0589193e-05 -1.6382245e-05  2.2151394e-06 -2.3799298e-05   9.468142e-05  8.3685743e-05  6.8627799e-05  7.4268096e-05
  0.00067190666 -7.1343015e-05              0  7.1221419e-06 -2.4818671e-05 -1.9220967e-05 -9.1916891e-07 -2.7936814e-05  8.3685743e-05  0.00014022484   7.832741e-05  6.1665758e-05
   0.0005105829 -5.1875306e-05              0  7.2036419e-06 -1.8485148e-05 -1.4516466e-05  1.6834715e-06 -5.4418806e-05  6.8627799e-05   7.832741e-05  7.6443643e-05  6.0688914e-05
  0.00050141858 -5.1797096e-05              0   1.158255e-05 -1.8426763e-05 -1.4568346e-05  3.8384714e-06 -2.3936134e-05  7.4268096e-05  6.1665758e-05  6.0688914e-05  9.6874335e-05


# ext. ||   Name    ||   type  ||     Value     ||  Error +/- 

   0   ||Natural mortality || limited ||    0.03827728126027 ||0.001129405614433
   1   ||Targeted q || limited ||      3.597745554848 ||0.09647151700112
   2   ||Nontargeted q || limited ||                   2 ||22.06548931833
   3   ||     sigma || limited ||      5.411599029234 ||0.2688792033858
   4   ||  Biomass1 || limited ||      1.586505188223 ||0.07175411319094
   5   ||  Biomass2 || limited ||      1.543231124384 ||0.05593169463161
   6   ||   vm_mean || limited ||    -0.5112848319907 ||0.005411920170639
   7   ||  vm_sigma || limited ||      44.65419285788 ||3.300219843115
   8   ||Recruit year 1 || limited ||       5.15592470537 ||0.1520025154344
   9   ||Recruit year 2 || limited ||      7.318719971944 ||0.2179260164724
  10   ||Recruit year 3 || limited ||      4.978630324225 ||0.1343327513412
  11   ||Recruit year 4 || limited ||      3.585941462904 ||0.129226400373





