# Minimum negative log likelihood

Minuit did successfully converge.
# of function calls: 980
minimum function Value: 691.590521118
minimum edm: 1.424384957062e-05
minimum internal state vector: LAVector parameters:
    -0.6289980999973
    -0.9061161779354
     -1.287002217587
     -1.046117035633
     -1.536492878551
     -1.537660598844
    -0.2844082025003
      2.962914677214
     -1.093510594515
     -1.021320325595
     -1.258150188992
     -1.011256574551

minimum internal covariance matrix: LASymMatrix parameters:
     0.13999009  -0.0086991495              0  3.4287912e-05  0.00045606377  0.00040934169  0.00010525365  0.00016325738    0.005446675    0.009452378   0.0040310621   0.0070252991
  -0.0086991495  0.00055839156              0 -5.4033566e-06  -3.015202e-05 -2.6946559e-05 -2.6823807e-06  8.2021815e-05 -0.00033894386  -0.0005873569 -0.00025035302 -0.00043878541
              0              0              2              0              0              0              0              0              0              0              0              0
  3.4287912e-05 -5.4033566e-06              0  0.00037534697   5.253529e-07  2.9827101e-07  9.8905241e-07  4.8230157e-05  7.6004157e-08  1.9723812e-07  8.8707791e-07  1.6887858e-06
  0.00045606377  -3.015202e-05              0   5.253529e-07  1.5066261e-05  1.2542975e-05 -5.3153293e-08  2.9109659e-06  1.7850129e-05  3.1416472e-05  1.2763989e-05  2.3910531e-05
  0.00040934169 -2.6946559e-05              0  2.9827101e-07  1.2542975e-05  1.0626386e-05 -3.4863012e-08  1.0094145e-06  1.5931486e-05  2.8193139e-05  1.1490561e-05  2.1384644e-05
  0.00010525365 -2.6823807e-06              0  9.8905241e-07 -5.3153293e-08 -3.4863012e-08  3.4055784e-06  7.4988541e-05  4.0549457e-06  7.0207019e-06  3.2352853e-06  4.8499262e-06
  0.00016325738  8.2021815e-05              0  4.8230157e-05  2.9109659e-06  1.0094145e-06  7.4988541e-05    0.006497098  2.6629739e-06  9.9531347e-07  1.6939967e-06   3.052101e-06
    0.005446675 -0.00033894386              0  7.6004157e-08  1.7850129e-05  1.5931486e-05  4.0549457e-06  2.6629739e-06  0.00023065641  0.00036745917    0.000157076  0.00027447554
    0.009452378  -0.0005873569              0  1.9723812e-07  3.1416472e-05  2.8193139e-05  7.0207019e-06  9.9531347e-07  0.00036745917  0.00065717886  0.00027326256  0.00047285836
   0.0040310621 -0.00025035302              0  8.8707791e-07  1.2763989e-05  1.1490561e-05  3.2352853e-06  1.6939967e-06    0.000157076  0.00027326256  0.00013539095  0.00020090293
   0.0070252991 -0.00043878541              0  1.6887858e-06  2.3910531e-05  2.1384644e-05  4.8499262e-06   3.052101e-06  0.00027447554  0.00047285836  0.00020090293  0.00037464152


# ext. ||   Name    ||   type  ||     Value     ||  Error +/- 

   0   ||Natural mortality || limited ||    0.03029162750945 ||0.00528613733263
   1   ||Targeted q || limited ||      10.64429440301 ||0.5152924731532
   2   ||Nontargeted q || limited ||                   2 ||22.06548931833
   3   ||     sigma || limited ||      6.725767972034 ||0.3431149600759
   4   ||  Biomass1 || limited ||     0.2941527938748 ||0.04706627237466
   5   ||  Biomass2 || limited ||     0.2744690019511 ||0.03818250834228
   6   ||   vm_mean || limited ||    -0.8814978387627 ||0.003934808017851
   7   ||  vm_sigma || limited ||      47.10956124568 ||2.242303015567
   8   ||Recruit year 1 || limited ||      5.597188915425 ||0.2466315111536
   9   ||Recruit year 2 || limited ||      7.369349367129 ||0.473260301738
  10   ||Recruit year 3 || limited ||      2.433607140126 ||0.1265191173034
  11   ||Recruit year 4 || limited ||      7.634262571278 ||0.3631899038679





