# Minimum negative log likelihood

WARNING: Minuit did not converge.

# of function calls: 139
minimum function Value: 679.9696683246
minimum edm: 114329921.6904
minimum internal state vector: LAVector parameters:
    0.00198006006663
     -1.163277891989
     -1.287002217587
     -1.919072135984
      -1.45411483934
     -1.398376688608
     -1.195913527511
     0.2016875761426
     -1.069970895198
     -1.283568337507
     -1.341113935355
     -1.320328258365

minimum internal covariance matrix: LASymMatrix parameters:
      1.0032565  0.00080186702              0  0.00020599675  -0.0030296784   0.0056765271  0.00080413816 -7.7834321e-05 -0.00046329762  0.00012386962   0.0001026027  0.00011853918
  0.00080186702       0.986307              0   0.0011465566    0.056622856    -0.10609121   -0.015028902   0.0014551473   0.0086588074  -0.0023150668  -0.0019175977   -0.002215438
              0              0      3.0012418              0              0              0              0              0              0              0              0              0
  0.00020599675   0.0011465566              0      0.9999245  -0.0041446325   0.0077654985   0.0011003534 -0.00011180549 -0.00063491452  0.00017005769  0.00014032012   0.0001622492
  -0.0030296784    0.056622856              0  -0.0041446325     0.78730318     0.40084874    0.056784348  -0.0054980307   -0.032716008   0.0087471597   0.0072453233   0.0083706828
   0.0056765271    -0.10609121              0   0.0077654985     0.40084874     0.25019452    -0.10639367    0.010301354    0.061298164   -0.016389067   -0.013575159   -0.015683682
  0.00080413816   -0.015028902              0   0.0011003534    0.056784348    -0.10639367     0.98619536   0.0014592928   0.0086835155  -0.0023216799  -0.0019230609   -0.002221755
 -7.7834321e-05   0.0014551473              0 -0.00011180549  -0.0054980307    0.010301354   0.0014592928      1.0041321  -0.0008407641  0.00022479206  0.00018619652  0.00021511698
 -0.00046329762   0.0086588074              0 -0.00063491452   -0.032716008    0.061298164   0.0086835155  -0.0008407641     0.99630682   0.0013376238   0.0011079616   0.0012800526
  0.00012386962  -0.0023150668              0  0.00017005769   0.0087471597   -0.016389067  -0.0023216799  0.00022479206   0.0013376238      1.0009551 -0.00029623168 -0.00034224301
   0.0001026027  -0.0019175977              0  0.00014032012   0.0072453233   -0.013575159  -0.0019230609  0.00018619652   0.0011079616 -0.00029623168      1.0010585 -0.00028348186
  0.00011853918   -0.002215438              0   0.0001622492   0.0083706828   -0.015683682   -0.002221755  0.00021511698   0.0012800526 -0.00034224301 -0.00028348186      1.0009744


# ext. ||   Name    ||   type  ||     Value     ||  Error +/- 

   0   ||Natural mortality || limited ||    0.04504950146932 ||0.01626274564322
   1   ||Targeted q || limited ||      4.094641352691 ||12.80026402671
   2   ||Nontargeted q || limited ||                   2 ||59.27962207453
   3   ||     sigma || limited ||      3.001873124801 ||11.2672399031
   4   ||  Biomass1 || limited ||      3.399782536919 ||94.57909736828
   5   ||  Biomass2 || limited ||      7.413738944202 ||30.49073827043
   6   ||   vm_mean || limited ||     -2.923410749445 ||0.7430089497982
   7   ||  vm_sigma || limited ||      48.01331920205 ||25.50188424964
   8   ||Recruit year 1 || limited ||      6.150059433531 ||15.57072669154
   9   ||Recruit year 2 || limited ||      2.058152387408 ||11.50603348758
  10   ||Recruit year 3 || limited ||      1.322931018383 ||11.68362438607
  11   ||Recruit year 4 || limited ||      1.570018302891 ||11.62338764144



WARNING: FunctionMinimum is invalid: 
	 Edm is above max


