# Minimum negative log likelihood

Minuit did successfully converge.
# of function calls: 1555
minimum function Value: 305.3495857697
minimum edm: 6.847731022755e-06
minimum internal state vector: LAVector parameters:
      0.600309125175
     -1.342342812743
     -1.287002217587
     -1.365471350397
     -1.544421765137
     -1.539380386106
    -0.8681854054734
    -0.5171755588853
     -1.165908643791
    -0.9675497350581
     -1.054824544508
    -0.9701929999127

minimum internal covariance matrix: LASymMatrix parameters:
   0.0069792006  -0.0010794096              0  3.5312812e-05   0.0001380925  0.00014127689 -1.8629363e-05  3.8696264e-06   0.0019677364   0.0029547028   0.0023935084   0.0028688946
  -0.0010794096  0.00017061639              0 -4.2248227e-06 -2.1757075e-05  -2.221116e-05  4.5125147e-06 -1.6661049e-05 -0.00030917822  -0.0004645953 -0.00037610659 -0.00045108148
              0              0              2              0              0              0              0              0              0              0              0              0
  3.5312812e-05 -4.2248227e-06              0  4.1411396e-05  8.4944988e-07  7.3704293e-07  4.9742214e-07 -7.3815909e-06  9.1040258e-06  1.1785464e-05  1.0318736e-05  1.2541438e-05
   0.0001380925 -2.1757075e-05              0  8.4944988e-07  4.9637847e-06  3.5199698e-06 -6.2046428e-07  1.8360119e-06  4.1270763e-05  5.9456103e-05  4.8093931e-05  5.7580916e-05
  0.00014127689  -2.221116e-05              0  7.3704293e-07  3.5199698e-06  4.3099111e-06 -3.2091701e-07  2.5964533e-06  3.8002009e-05  6.0720522e-05  4.8994638e-05  5.8717258e-05
 -1.8629363e-05  4.5125147e-06              0  4.9742214e-07 -6.2046428e-07 -3.2091701e-07  2.0539252e-06 -1.2670431e-05 -8.0382294e-06  -1.121746e-05 -9.0410455e-06 -1.0868785e-05
  3.8696264e-06 -1.6661049e-05              0 -7.3815909e-06  1.8360119e-06  2.5964533e-06 -1.2670431e-05  0.00027028606  1.2239677e-05  3.4125687e-05   2.758488e-05  3.2763753e-05
   0.0019677364 -0.00030917822              0  9.1040258e-06  4.1270763e-05  3.8002009e-05 -8.0382294e-06  1.2239677e-05  0.00057099854  0.00084305516  0.00068290073  0.00081894984
   0.0029547028  -0.0004645953              0  1.1785464e-05  5.9456103e-05  6.0720522e-05  -1.121746e-05  3.4125687e-05  0.00084305516   0.0012680529    0.001025539   0.0012299811
   0.0023935084 -0.00037610659              0  1.0318736e-05  4.8093931e-05  4.8994638e-05 -9.0410455e-06   2.758488e-05  0.00068290073    0.001025539  0.00083165797  0.00099578914
   0.0028688946 -0.00045108148              0  1.2541438e-05  5.7580916e-05  5.8717258e-05 -1.0868785e-05  3.2763753e-05  0.00081894984   0.0012299811  0.00099578914   0.0011952842


# ext. ||   Name    ||   type  ||     Value     ||  Error +/- 

   0   ||Natural mortality || limited ||    0.05912243946073 ||0.001217906489614
   1   ||Targeted q || limited ||      1.299110270889 ||0.1045858035901
   2   ||Nontargeted q || limited ||                   2 ||22.06548931833
   3   ||     sigma || limited ||      1.050261085046 ||0.04638733307655
   4   ||  Biomass1 || limited ||     0.1738942949889 ||0.02077285519825
   5   ||  Biomass2 || limited ||      0.246720039414 ||0.02305513320772
   6   ||   vm_mean || limited ||     -2.397530248655 ||0.002057322731623
   7   ||  vm_sigma || limited ||      20.22366501312 ||0.4041763345656
   8   ||Recruit year 1 || limited ||      4.052263414624 ||0.3327449784466
   9   ||Recruit year 2 || limited ||      8.834212246568 ||0.7141044130498
  10   ||Recruit year 3 || limited ||      6.518665328554 ||0.5029626112268
  11   ||Recruit year 4 || limited ||       8.75938493726 ||0.6906534652716





