# Minimum negative log likelihood

Minuit did successfully converge.
# of function calls: 1400
minimum function Value: 292.2954662167
minimum edm: 3.536448625748e-05
minimum internal state vector: LAVector parameters:
    -0.8617810101375
     -1.048410022446
     -1.287002217587
     -1.371825853943
      -1.43596056804
     -1.444096708285
     0.1400004070904
    -0.8747854589371
     -1.117197813922
     -1.488058353556
     -1.163930398815
      -1.22932009756

minimum internal covariance matrix: LASymMatrix parameters:
  7.7306455e-05 -2.2274225e-05              0  1.3286163e-05  6.1274694e-06  5.4494394e-06  7.7498263e-06 -2.5556239e-05  3.1826666e-05  5.6441599e-06  2.5787994e-05  2.3281025e-05
 -2.2274225e-05  7.8632368e-06              0 -3.9978314e-06 -2.2165071e-06 -1.9920393e-06 -1.3037151e-06  3.9375292e-06 -9.5750785e-06 -1.1979312e-06 -7.5626623e-06  -7.021842e-06
              0              0              2              0              0              0              0              0              0              0              0              0
  1.3286163e-05 -3.9978314e-06              0  6.2744272e-05  7.8598942e-07  7.1792131e-07  1.0876447e-06 -1.5622081e-06  5.4829869e-06  1.0558173e-06  4.1128033e-06  3.6799612e-06
  6.1274694e-06 -2.2165071e-06              0  7.8598942e-07  1.4020579e-06  1.1845693e-06  1.3017733e-07 -1.2091689e-06  2.5590846e-06  4.8593432e-07  2.1982793e-06  1.9060643e-06
  5.4494394e-06 -1.9920393e-06              0  7.1792131e-07  1.1845693e-06  1.0089014e-06  1.1013716e-07  -9.063135e-07  2.2950843e-06  4.0560754e-07  1.9484095e-06  1.6813816e-06
  7.7498263e-06 -1.3037151e-06              0  1.0876447e-06  1.3017733e-07  1.1013716e-07  1.8578853e-06 -6.2704084e-06  2.8533543e-06  8.4496795e-07   2.497427e-06   2.288518e-06
 -2.5556239e-05  3.9375292e-06              0 -1.5622081e-06 -1.2091689e-06  -9.063135e-07 -6.2704084e-06  3.3194648e-05 -8.7307528e-06 -2.5874968e-06 -8.3352267e-06 -8.9879393e-06
  3.1826666e-05 -9.5750785e-06              0  5.4829869e-06  2.5590846e-06  2.2950843e-06  2.8533543e-06 -8.7307528e-06  1.4046139e-05  2.2871686e-06  1.0441112e-05  9.3493651e-06
  5.6441599e-06 -1.1979312e-06              0  1.0558173e-06  4.8593432e-07  4.0560754e-07  8.4496795e-07 -2.5874968e-06  2.2871686e-06  1.3559823e-06   1.837563e-06  1.3246259e-06
  2.5787994e-05 -7.5626623e-06              0  4.1128033e-06  2.1982793e-06  1.9484095e-06   2.497427e-06 -8.3352267e-06  1.0441112e-05   1.837563e-06  9.1766664e-06  7.8663476e-06
  2.3281025e-05  -7.021842e-06              0  3.6799612e-06  1.9060643e-06  1.6813816e-06   2.288518e-06 -8.9879393e-06  9.3493651e-06  1.3246259e-06  7.8663476e-06  8.4260327e-06


# ext. ||   Name    ||   type  ||     Value     ||  Error +/- 

   0   ||Natural mortality || limited ||    0.03614949628666 ||0.000607183796887
   1   ||Targeted q || limited ||      6.668449865268 ||0.04946660226249
   2   ||Nontargeted q || limited ||                   2 ||22.06548931833
   3   ||     sigma || limited ||     0.9864703062181 ||0.05535528043998
   4   ||  Biomass1 || limited ||      4.538288440069 ||0.05627639332109
   5   ||  Biomass2 || limited ||      4.007832617584 ||0.04487372008546
   6   ||   vm_mean || limited ||     0.4383888902247 ||0.00299829368829
   7   ||  vm_sigma || limited ||      9.304645125957 ||0.1044816060021
   8   ||Recruit year 1 || limited ||      5.065692050938 ||0.05805837459105
   9   ||Recruit year 2 || limited ||     0.1810245946253 ||0.003402105655654
  10   ||Recruit year 3 || limited ||      4.091312480444 ||0.04237952060991
  11   ||Recruit year 4 || limited ||      2.896644553573 ||0.03436450093621





