# Minimum negative log likelihood

Minuit did successfully converge.
# of function calls: 1325
minimum function Value: 295.0198661624
minimum edm: 1.820379540131e-05
minimum internal state vector: LAVector parameters:
     0.7660826365074
     -1.140115907471
     -1.287002217587
     -1.370512688077
     -1.488603231235
     -1.493226697644
    -0.6813997345521
      -1.09531112232
     -1.268139223033
     -1.251904556938
    -0.9311435443169
    0.04067138463582
    0.05980398539821
     0.1048532231649
    0.02842968983644

minimum internal covariance matrix: LASymMatrix parameters:
   0.0016863051 -0.00010367502              0  2.6217481e-05   2.001722e-05  1.8468233e-05 -0.00010949292  0.00016295223  0.00010325053  0.00010951197  0.00020939874  7.7275911e-06  6.8265044e-06  5.8928648e-06  6.1670349e-06
 -0.00010367502  8.2240973e-06              0  -2.182319e-06 -1.6297536e-06  -1.494162e-06  3.3728201e-06 -1.0918029e-05  -6.909459e-06 -7.2778349e-06 -1.4722384e-05 -2.8930465e-07 -2.4836244e-07 -2.4863318e-07 -2.9270654e-07
              0              0              2              0              0              0              0              0              0              0              0              0              0              0              0
  2.6217481e-05  -2.182319e-06              0  5.5551004e-05  8.5928943e-07  7.5098481e-07  3.5591364e-07  2.7859297e-06  1.6088542e-06  1.8228933e-06   3.820279e-06   2.406435e-08 -2.0699513e-07  8.4433309e-09  3.6170223e-08
   2.001722e-05 -1.6297536e-06              0  8.5928943e-07  7.8958902e-07   6.753657e-07 -8.5417579e-07  2.1296325e-06   1.338325e-06   1.436723e-06  2.9127487e-06  5.0598658e-08  4.9921066e-08  4.4546842e-08  6.4729758e-08
  1.8468233e-05  -1.494162e-06              0  7.5098481e-07   6.753657e-07  5.8348947e-07 -7.6366831e-07   1.959824e-06  1.2337982e-06   1.318671e-06  2.6782244e-06  4.7466438e-08   4.615534e-08  4.2286152e-08  5.8563217e-08
 -0.00010949292  3.3728201e-06              0  3.5591364e-07 -8.5417579e-07 -7.6366831e-07    4.06058e-05 -8.8723948e-06 -5.6483965e-06  -5.901106e-06 -1.1271584e-05 -1.2942473e-06 -1.2470232e-06 -1.0623523e-06 -1.1506257e-06
  0.00016295223 -1.0918029e-05              0  2.7859297e-06  2.1296325e-06   1.959824e-06 -8.8723948e-06  1.7055725e-05  1.0148651e-05  1.0789801e-05  2.1194257e-05  6.5451198e-07  5.9217806e-07  5.1702578e-07  5.6174821e-07
  0.00010325053  -6.909459e-06              0  1.6088542e-06   1.338325e-06  1.2337982e-06 -5.6483965e-06  1.0148651e-05  7.4059485e-06  6.8801468e-06  1.3425473e-05  4.1818988e-07  3.5115261e-07  3.2999513e-07  3.5354142e-07
  0.00010951197 -7.2778349e-06              0  1.8228933e-06   1.436723e-06   1.318671e-06  -5.901106e-06  1.0789801e-05  6.8801468e-06  8.1063757e-06  1.4084679e-05  4.4238467e-07  4.0600934e-07  3.0006278e-07  3.6693445e-07
  0.00020939874 -1.4722384e-05              0   3.820279e-06  2.9127487e-06  2.6782244e-06 -1.1271584e-05  2.1194257e-05  1.3425473e-05  1.4084679e-05  2.9092711e-05  7.7561069e-07  6.9892709e-07  6.2614888e-07  7.4473353e-07
  7.7275911e-06 -2.8930465e-07              0   2.406435e-08  5.0598658e-08  4.7466438e-08 -1.2942473e-06  6.5451198e-07  4.1818988e-07  4.4238467e-07  7.7561069e-07  1.1286748e-07  5.5220093e-08  4.6581844e-08  4.8775309e-08
  6.8265044e-06 -2.4836244e-07              0 -2.0699513e-07  4.9921066e-08   4.615534e-08 -1.2470232e-06  5.9217806e-07  3.5115261e-07  4.0600934e-07  6.9892709e-07  5.5220093e-08  2.1898966e-07  4.5420683e-08  4.3911245e-08
  5.8928648e-06 -2.4863318e-07              0  8.4433309e-09  4.4546842e-08  4.2286152e-08 -1.0623523e-06  5.1702578e-07  3.2999513e-07  3.0006278e-07  6.2614888e-07  4.6581844e-08  4.5420683e-08  2.3711747e-07  4.1067411e-08
  6.1670349e-06 -2.9270654e-07              0  3.6170223e-08  6.4729758e-08  5.8563217e-08 -1.1506257e-06  5.6174821e-07  3.5354142e-07  3.6693445e-07  7.4473353e-07  4.8775309e-08  4.3911245e-08  4.1067411e-08  6.8899204e-08


# ext. ||   Name    ||   type  ||     Value     ||  Error +/- 

   0   ||Natural mortality || limited ||    0.06233293968562 ||0.000523053012713
   1   ||Targeted q || limited ||      4.565905383251 ||0.04232958942182
   2   ||Nontargeted q || limited ||                   2 ||22.06548931833
   3   ||     sigma || limited ||     0.9994905947953 ||0.05242482831606
   4   ||  Biomass1 || limited ||      1.687975629563 ||0.02579299418543
   5   ||  Biomass2 || limited ||      1.503507725022 ||0.02092799367828
   6   ||  vm_sigma || limited ||      14.80558281717 ||0.1399847928319
   7   ||Recruit year 1 || limited ||      5.555909639041 ||0.06683335495997
   8   ||Recruit year 2 || limited ||      2.282378251196 ||0.02867489495979
   9   ||Recruit year 3 || limited ||      2.530575555119 ||0.0315560136077
  10   ||Recruit year 4 || limited ||      9.893858202776 ||0.1138194533173
  11   ||Mean Rec dist 1 || limited ||     0.4066017272321 ||0.002373614083919
  12   ||Mean Rec dist 2 || limited ||     0.5976834344739 ||0.003303084626933
  13   ||Mean Rec dist 3 || limited ||      1.046611992296 ||0.003424325397139
  14   ||Mean Rec dist 4 || limited ||     0.2842586028803 ||0.001855310364432





