# Minimum negative log likelihood

Minuit did successfully converge.
# of function calls: 901
minimum function Value: 372.5069504815
minimum edm: 5.416624040816e-05
minimum internal state vector: LAVector parameters:
     -1.028750062121
     -1.168075837548
     -1.287002217587
     -1.329323234259
     -1.502404648432
     -1.505916166935
    -0.6577262695437
   -0.02730457852335
     -1.282409124355
     -1.372801259982
     -1.448932261412
     -1.266879473291

minimum internal covariance matrix: LASymMatrix parameters:
   0.0019294945 -0.00062442608              0 -1.1115333e-05  0.00010452737   0.0001062021 -1.7092406e-05  0.00051782281  0.00036063542  0.00028702945  0.00020364802  0.00049095508
 -0.00062442608  0.00020507712              0  3.2026384e-06 -3.4309747e-05 -3.4899323e-05  6.9015134e-06 -0.00020668582 -0.00011666698 -9.2897937e-05 -6.5717519e-05 -0.00015948298
              0              0              2              0              0              0              0              0              0              0              0              0
 -1.1115333e-05  3.2026384e-06              0  8.4099137e-05 -6.4324864e-07 -4.3832551e-07  6.1224479e-08 -2.7616455e-05 -3.8384541e-06 -1.4831046e-06 -1.5982283e-06 -2.7555274e-06
  0.00010452737 -3.4309747e-05              0 -6.4324864e-07   7.662295e-06  7.2687139e-06   -1.40177e-06  4.7131662e-05  2.0990337e-05   1.556005e-05  1.1186095e-05  2.6619414e-05
   0.0001062021 -3.4899323e-05              0 -4.3832551e-07  7.2687139e-06  7.0677258e-06 -1.2614823e-06  4.7192882e-05  2.0548988e-05  1.5816246e-05  1.1304519e-05  2.7060849e-05
 -1.7092406e-05  6.9015134e-06              0  6.1224479e-08   -1.40177e-06 -1.2614823e-06  2.7208995e-06 -4.6524868e-05 -4.0690195e-06 -2.5489115e-06 -1.8459253e-06 -4.6300207e-06
  0.00051782281 -0.00020668582              0 -2.7616455e-05  4.7131662e-05  4.7192882e-05 -4.6524868e-05   0.0034015938  9.4389394e-05   7.389371e-05  6.1322409e-05  0.00013730727
  0.00036063542 -0.00011666698              0 -3.8384541e-06  2.0990337e-05  2.0548988e-05 -4.0690195e-06  9.4389394e-05  7.1665955e-05  5.3580299e-05  3.8287562e-05  9.1789625e-05
  0.00028702945 -9.2897937e-05              0 -1.4831046e-06   1.556005e-05  1.5816246e-05 -2.5489115e-06   7.389371e-05  5.3580299e-05  4.3577755e-05  3.0263301e-05  7.3047887e-05
  0.00020364802 -6.5717519e-05              0 -1.5982283e-06  1.1186095e-05  1.1304519e-05 -1.8459253e-06  6.1322409e-05  3.8287562e-05  3.0263301e-05  2.2516089e-05  5.1769464e-05
  0.00049095508 -0.00015948298              0 -2.7555274e-06  2.6619414e-05  2.7060849e-05 -4.6300207e-06  0.00013730727  9.1789625e-05  7.3047887e-05  5.1769464e-05  0.00012593214


# ext. ||   Name    ||   type  ||     Value     ||  Error +/- 

   0   ||Natural mortality || limited ||    0.02150177578757 ||0.002403174550697
   1   ||Targeted q || limited ||      4.000091075781 ||0.198429635391
   2   ||Nontargeted q || limited ||                   2 ||22.06548931833
   3   ||     sigma || limited ||      1.450661844419 ||0.07753319436873
   4   ||  Biomass1 || limited ||      1.168899691015 ||0.06688039182381
   5   ||  Biomass2 || limited ||      1.051989684653 ||0.06093990538522
   6   ||   vm_mean || limited ||      -1.92051540275 ||0.002899869353457
   7   ||  vm_sigma || limited ||      38.90846621564 ||1.648525847764
   8   ||Recruit year 1 || limited ||      2.074602913449 ||0.08511474330114
   9   ||Recruit year 2 || limited ||     0.9867559898918 ||0.04590452949037
  10   ||Recruit year 3 || limited ||     0.3807749324865 ||0.02039188743489
  11   ||Recruit year 4 || limited ||      2.301188134522 ||0.1187199645954





