# Minimum negative log likelihood

Minuit did successfully converge.
# of function calls: 1412
minimum function Value: 484.577791527
minimum edm: 1.97931339214e-05
minimum internal state vector: LAVector parameters:
    -0.9914949182854
      -1.02355602094
     -1.287002217587
     -1.254135230656
     -1.394584177399
     -1.401402724174
     0.5683876808657
     0.1357507905489
     -1.385952872282
     -1.142084203062
     -1.114195900491
     -1.341879664579

minimum internal covariance matrix: LASymMatrix parameters:
   0.0055554901  -0.0013775052              0  3.3650434e-05  0.00043472051  0.00042177228   1.719108e-05 -0.00062915375  0.00051335818   0.0011910654   0.0011467549  0.00055366092
  -0.0013775052  0.00034540047              0 -8.2377147e-06 -0.00010919113 -0.00010582707 -2.8239054e-06  0.00011901509 -0.00012700488 -0.00029546193 -0.00028417182 -0.00013762082
              0              0              2              0              0              0              0              0              0              0              0              0
  3.3650434e-05 -8.2377147e-06              0  0.00012124339    1.69378e-06    1.73968e-06  -3.595368e-07  1.8955584e-05  3.2464621e-06  6.5419781e-06  6.8927871e-06   3.786237e-06
  0.00043472051 -0.00010919113              0    1.69378e-06  3.6755521e-05  3.5350124e-05  8.6553583e-07 -3.9984724e-05  4.0036864e-05  9.3411414e-05  8.9640022e-05  4.3499105e-05
  0.00042177228 -0.00010582707              0    1.73968e-06  3.5350124e-05  3.4044167e-05  8.7857617e-07 -3.9662132e-05  3.8841529e-05  9.0607323e-05  8.6962754e-05  4.2195545e-05
   1.719108e-05 -2.8239054e-06              0  -3.595368e-07  8.6553583e-07  8.7857617e-07  1.6799242e-06 -3.2122396e-05   1.692918e-06  3.6633623e-06  3.5785272e-06  1.6687577e-06
 -0.00062915375  0.00011901509              0  1.8955584e-05 -3.9984724e-05 -3.9662132e-05 -3.2122396e-05   0.0023498026  -6.246018e-05  -0.0001335151 -0.00012584254 -6.2444759e-05
  0.00051335818 -0.00012700488              0  3.2464621e-06  4.0036864e-05  3.8841529e-05   1.692918e-06  -6.246018e-05  5.0198791e-05   0.0001100332  0.00010603909  5.1311524e-05
   0.0011910654 -0.00029546193              0  6.5419781e-06  9.3411414e-05  9.0607323e-05  3.6633623e-06  -0.0001335151   0.0001100332  0.00025765413  0.00024591678    0.000118745
   0.0011467549 -0.00028417182              0  6.8927871e-06  8.9640022e-05  8.6962754e-05  3.5785272e-06 -0.00012584254  0.00010603909  0.00024591678  0.00023930252  0.00011419008
  0.00055366092 -0.00013762082              0   3.786237e-06  4.3499105e-05  4.2195545e-05  1.6687577e-06 -6.2444759e-05  5.1311524e-05    0.000118745  0.00011419008  5.8657326e-05


# ext. ||   Name    ||   type  ||     Value     ||  Error +/- 

   0   ||Natural mortality || limited ||    0.02447320640499 ||0.004325860086257
   1   ||Targeted q || limited ||      7.301813462992 ||0.3418888609195
   2   ||Nontargeted q || limited ||                   2 ||22.06548931833
   3   ||     sigma || limited ||      2.485978376553 ||0.1212249069513
   4   ||  Biomass1 || limited ||      7.742614774762 ||0.3757517037819
   5   ||  Biomass2 || limited ||      7.156411286076 ||0.3477708629484
   6   ||   vm_mean || limited ||      1.691037439389 ||0.00242654691248
   7   ||  vm_sigma || limited ||      45.41380162722 ||1.3581764968
   8   ||Recruit year 1 || limited ||      0.861663095888 ||0.0460346179831
   9   ||Recruit year 2 || limited ||      4.534453823233 ||0.2358851742636
  10   ||Recruit year 3 || limited ||      5.131660230476 ||0.2411104390638
  11   ||Recruit year 4 || limited ||      1.314229550762 ||0.0614395883439





