# Minimum negative log likelihood

Minuit did successfully converge.
# of function calls: 601
minimum function Value: 447.5332746306
minimum edm: 6.859028102804e-05
minimum internal state vector: LAVector parameters:
    -0.8018137415232
     -1.147651767831
     -1.287002217587
     -1.281320084125
     -1.448422800084
     -1.453455461545
     0.8538817427968
    -0.8505454533147
     -1.033927278074
     -1.188592869249
    -0.9811915500233
     -1.037218721346

minimum internal covariance matrix: LASymMatrix parameters:
  0.00078541071 -0.00032363255              0  2.0260276e-06  9.1196068e-05  9.2026573e-05 -1.2687843e-05  1.2180357e-05  0.00041938163  0.00030872441  0.00042440847  0.00039770688
 -0.00032363255  0.00013669631              0 -1.3378331e-06 -3.8738253e-05  -3.895657e-05  7.6182152e-06 -1.3379836e-05 -0.00017405123 -0.00012826608 -0.00017614229 -0.00016530837
              0              0              2              0              0              0              0              0              0              0              0              0
  2.0260276e-06 -1.3378331e-06              0  0.00010525291  1.1509656e-06   1.038159e-06 -4.9098588e-07  -1.887085e-07  1.7513367e-06  9.1965492e-07  1.6030082e-06  1.2314941e-06
  9.1196068e-05 -3.8738253e-05              0  1.1509656e-06  1.3012503e-05  1.2713728e-05 -2.3584718e-06  3.9747971e-06  4.9257299e-05  3.6128049e-05  4.9700225e-05  4.6577679e-05
  9.2026573e-05  -3.895657e-05              0   1.038159e-06  1.2713728e-05   1.249511e-05 -2.2391367e-06  3.5587372e-06  4.9637958e-05  3.6425361e-05  5.0112893e-05  4.6985391e-05
 -1.2687843e-05  7.6182152e-06              0 -4.9098588e-07 -2.3584718e-06 -2.2391367e-06  4.1713161e-06 -1.0020846e-05 -7.5415819e-06   -5.89348e-06 -7.7056012e-06 -6.2257645e-06
  1.2180357e-05 -1.3379836e-05              0  -1.887085e-07  3.9747971e-06  3.5587372e-06 -1.0020846e-05   7.060931e-05  8.2253339e-06  8.3083913e-06  8.7563582e-06  5.9992388e-06
  0.00041938163 -0.00017405123              0  1.7513367e-06  4.9257299e-05  4.9637958e-05 -7.5415819e-06  8.2253339e-06   0.0002266761  0.00016508128  0.00022722482  0.00021290864
  0.00030872441 -0.00012826608              0  9.1965492e-07  3.6128049e-05  3.6425361e-05   -5.89348e-06  8.3083913e-06  0.00016508128  0.00012412019  0.00016707218  0.00015654141
  0.00042440847 -0.00017614229              0  1.6030082e-06  4.9700225e-05  5.0112893e-05 -7.7056012e-06  8.7563582e-06  0.00022722482  0.00016707218  0.00023231329  0.00021533907
  0.00039770688 -0.00016530837              0  1.2314941e-06  4.6577679e-05  4.6985391e-05 -6.2257645e-06  5.9992388e-06  0.00021290864  0.00015654141  0.00021533907  0.00020885073


# ext. ||   Name    ||   type  ||     Value     ||  Error +/- 

   0   ||Natural mortality || limited ||    0.04220721657494 ||0.002066967850497
   1   ||Targeted q || limited ||      4.409889939255 ||0.1697378899295
   2   ||Nontargeted q || limited ||                   2 ||22.06548931833
   3   ||     sigma || limited ||      2.080324317693 ||0.1035377575676
   4   ||  Biomass1 || limited ||      3.739150278744 ||0.1556818375657
   5   ||  Biomass2 || limited ||      3.438271851256 ||0.1463109410769
   6   ||   vm_mean || limited ||      2.368247598134 ||0.002981106983764
   7   ||  vm_sigma || limited ||      9.935264485869 ||0.1567584763452
   8   ||Recruit year 1 || limited ||      7.043586097003 ||0.2722123028528
   9   ||Recruit year 2 || limited ||      3.617385510684 ||0.1468917307654
  10   ||Recruit year 3 || limited ||      8.451130752654 ||0.2995990499966
  11   ||Recruit year 4 || limited ||      6.959657269962 ||0.2598440542416





