# Minimum negative log likelihood

Minuit did successfully converge.
# of function calls: 1178
minimum function Value: 520.3352861823
minimum edm: 8.572636753991e-05
minimum internal state vector: LAVector parameters:
     0.7112426475633
     -1.311290660422
     -1.287002217587
     -1.225440034267
     -1.491615746692
     -1.494049835856
      2.329511861219
      -1.30449196635
     -1.285954127507
     -1.403668223277
     -1.174884323057
     0.0408638621166
    0.03912185326291
    0.08217350359921
    0.05377410728704

minimum internal covariance matrix: LASymMatrix parameters:
    0.023059103  -0.0023915206              0  2.8615046e-05  0.00073842532  0.00070281384    0.037437406   0.0028465768   0.0030185585   0.0017751317   0.0042077269  8.9968541e-05  0.00010360013   0.0001331004  0.00011212217
  -0.0023915206  0.00030571337              0 -1.2087576e-05 -9.7345085e-05 -9.2163103e-05  -0.0036159517 -0.00033281515 -0.00035272138 -0.00020734664 -0.00051052551 -6.4233404e-06 -8.9647037e-06 -1.3751877e-05 -1.0689345e-05
              0              0              2              0              0              0              0              0              0              0              0              0              0              0              0
  2.8615046e-05 -1.2087576e-05              0  0.00015839882  2.1686408e-06  2.2403685e-06  0.00018713004   1.024907e-05  9.4040876e-06  5.0201999e-06  1.8884313e-05  -1.466622e-06 -9.0607157e-07  2.7544037e-06 -1.2153478e-06
  0.00073842532 -9.7345085e-05              0  2.1686408e-06  3.8135851e-05  3.5360356e-05   0.0012026827  0.00010532331   0.0001109983  6.5158728e-05   0.0001619217  1.8541462e-06  2.8073582e-06  4.3861709e-06  3.5378853e-06
  0.00070281384 -9.2163103e-05              0  2.2403685e-06  3.5360356e-05  3.2888104e-05   0.0011380553   9.979859e-05  0.00010528072   6.183875e-05  0.00015341113  1.7915315e-06  2.6710464e-06  4.1583689e-06  3.3483227e-06
    0.037437406  -0.0036159517              0  0.00018713004   0.0012026827   0.0011380553     0.20833428   0.0045034535   0.0047815892   0.0027773758   0.0067953461  0.00027917906  0.00030795708  0.00039545063   0.0004145294
   0.0028465768 -0.00033281515              0   1.024907e-05  0.00010532331   9.979859e-05   0.0045034535  0.00038514135  0.00039844146  0.00023386088  0.00056787994  8.8372145e-06  1.1806352e-05  1.6368794e-05   1.352883e-05
   0.0030185585 -0.00035272138              0  9.4040876e-06   0.0001109983  0.00010528072   0.0047815892  0.00039844146   0.0004312008  0.00024803191  0.00060164682  9.7231324e-06  1.2403086e-05  1.7707727e-05  1.4351989e-05
   0.0017751317 -0.00020734664              0  5.0201999e-06  6.5158728e-05   6.183875e-05   0.0027773758  0.00023386088  0.00024803191  0.00015472852  0.00035399882  5.7991632e-06  7.2543412e-06  8.8434717e-06  8.3478424e-06
   0.0042077269 -0.00051052551              0  1.8884313e-05   0.0001619217  0.00015341113   0.0067953461  0.00056787994  0.00060164682  0.00035399882   0.0008814834  1.2755234e-05  1.7139445e-05  2.3903301e-05  2.0709095e-05
  8.9968541e-05 -6.4233404e-06              0  -1.466622e-06  1.8541462e-06  1.7915315e-06  0.00027917906  8.8372145e-06  9.7231324e-06  5.7991632e-06  1.2755234e-05  2.8715563e-06   7.218951e-07   7.729347e-07  7.1279907e-07
  0.00010360013 -8.9647037e-06              0 -9.0607157e-07  2.8073582e-06  2.6710464e-06  0.00030795708  1.1806352e-05  1.2403086e-05  7.2543412e-06  1.7139445e-05   7.218951e-07  2.3581013e-06  5.9730597e-07  7.2689767e-07
   0.0001331004 -1.3751877e-05              0  2.7544037e-06  4.3861709e-06  4.1583689e-06  0.00039545063  1.6368794e-05  1.7707727e-05  8.8434717e-06  2.3903301e-05   7.729347e-07  5.9730597e-07  1.1549504e-05  6.0407238e-07
  0.00011212217 -1.0689345e-05              0 -1.2153478e-06  3.5378853e-06  3.3483227e-06   0.0004145294   1.352883e-05  1.4351989e-05  8.3478424e-06  2.0709095e-05  7.1279907e-07  7.2689767e-07  6.0407238e-07  2.1594864e-06


# ext. ||   Name    ||   type  ||     Value     ||  Error +/- 

   0   ||Natural mortality || limited ||    0.06131939110111 ||0.002029660507697
   1   ||Targeted q || limited ||      1.674152819267 ||0.1586216833433
   2   ||Nontargeted q || limited ||                   2 ||22.06548931833
   3   ||     sigma || limited ||      2.952255203614 ||0.1506346625709
   4   ||  Biomass1 || limited ||       1.56657233254 ||0.1726971318654
   5   ||  Biomass2 || limited ||      1.471783351794 ||0.1554552314638
   6   ||  vm_sigma || limited ||      69.02894947755 ||8.728422079987
   7   ||Recruit year 1 || limited ||      1.772320954996 ||0.1825746931075
   8   ||Recruit year 2 || limited ||      2.024498152286 ||0.206277262759
   9   ||Recruit year 3 || limited ||     0.7066015333944 ||0.07315044672848
  10   ||Recruit year 4 || limited ||      3.877351523485 ||0.404743476404
  11   ||Mean Rec dist 1 || limited ||     0.4085249027715 ||0.01197239004858
  12   ||Mean Rec dist 2 || limited ||     0.3911187456732 ||0.01085009922982
  13   ||Mean Rec dist 3 || limited ||     0.8208105559653 ||0.02394960246688
  14   ||Mean Rec dist 4 || limited ||     0.5374819500954 ||0.01037604741185





