# Minimum negative log likelihood

Minuit did successfully converge.
# of function calls: 1517
minimum function Value: 615.1808661573
minimum edm: 6.260642882296e-05
minimum internal state vector: LAVector parameters:
     -1.390452459098
     -1.149413894141
     -1.287002217587
     -1.135688799267
     -1.474649606942
     -1.477616376157
    0.09695816740411
     -1.104628289057
     -1.132281473037
     -1.349390508771
     -1.259336926883
      0.117575475053
    0.01920721022437
    0.02752417563152
    0.04773569854202

minimum internal covariance matrix: LASymMatrix parameters:
     0.23450736  -0.0034892066              0  0.00011894335  0.00078156307  0.00074253348   -0.016076623   0.0059580241   0.0057649179   0.0030545941   0.0039326794   0.0002023928  0.00024457452  0.00041626036   0.0003222812
  -0.0034892066  6.1335104e-05              0 -1.1567584e-06 -1.3949619e-05 -1.3126953e-05  0.00010000808 -9.1003985e-05 -8.5737584e-05 -4.4562412e-05  -6.311235e-05  -1.663661e-06   -2.90338e-06 -5.8483164e-06 -4.3635182e-06
              0              0              2              0              0              0              0              0              0              0              0              0              0              0              0
  0.00011894335 -1.1567584e-06              0  0.00025822739   5.379728e-07  5.8692885e-07 -3.2477411e-05    1.81807e-06  3.1361695e-06  2.2487171e-06  3.7913558e-06  4.1398138e-07  2.9447138e-07  2.2841532e-06  3.1781229e-08
  0.00078156307 -1.3949619e-05              0   5.379728e-07  1.0523805e-05  9.2129924e-06 -1.7979913e-05  2.0675089e-05  1.9475266e-05  1.0160002e-05  1.3929401e-05  2.4858187e-07  6.0111237e-07   1.431701e-06  9.3661988e-07
  0.00074253348 -1.3126953e-05              0  5.8692885e-07  9.2129924e-06  8.1309413e-06 -1.8216098e-05  1.9582309e-05   1.846654e-05   9.701485e-06  1.3172927e-05  2.9110103e-07   5.830103e-07  1.3531126e-06  8.8587467e-07
   -0.016076623  0.00010000808              0 -3.2477411e-05 -1.7979913e-05 -1.8216098e-05    0.019504512 -0.00034339442   -0.000395635 -0.00024914791 -0.00024319433 -0.00010000491 -6.3267209e-05 -0.00010287215 -0.00010966663
   0.0059580241 -9.1003985e-05              0    1.81807e-06  2.0675089e-05  1.9582309e-05 -0.00034339442   0.0001605242  0.00014574567  7.7020335e-05  0.00010113759  4.6212603e-06  5.9911451e-06  1.0174944e-05  7.9554486e-06
   0.0057649179 -8.5737584e-05              0  3.1361695e-06  1.9475266e-05   1.846654e-05   -0.000395635  0.00014574567  0.00015153959   7.485127e-05  9.6964089e-05  5.1582206e-06  5.5260903e-06  1.0759198e-05  8.3065452e-06
   0.0030545941 -4.4562412e-05              0  2.2487171e-06  1.0160002e-05   9.701485e-06 -0.00024914791  7.7020335e-05   7.485127e-05  4.9357335e-05  5.1150432e-05  3.1491948e-06  3.2207566e-06  4.6810427e-06  4.6452771e-06
   0.0039326794  -6.311235e-05              0  3.7913558e-06  1.3929401e-05  1.3172927e-05 -0.00024319433  0.00010113759  9.6964089e-05  5.1150432e-05  8.5016894e-05  2.5609311e-06  3.7333016e-06  7.6023498e-06  6.9552248e-06
   0.0002023928  -1.663661e-06              0  4.1398138e-07  2.4858187e-07  2.9110103e-07 -0.00010000491  4.6212603e-06  5.1582206e-06  3.1491948e-06  2.5609311e-06  2.4059378e-06  3.6772456e-07  8.3029203e-07  6.1248127e-07
  0.00024457452   -2.90338e-06              0  2.9447138e-07  6.0111237e-07   5.830103e-07 -6.3267209e-05  5.9911451e-06  5.5260903e-06  3.2207566e-06  3.7333016e-06  3.6772456e-07  1.3666878e-06  3.9961041e-07   4.943915e-07
  0.00041626036 -5.8483164e-06              0  2.2841532e-06   1.431701e-06  1.3531126e-06 -0.00010287215  1.0174944e-05  1.0759198e-05  4.6810427e-06  7.6023498e-06  8.3029203e-07  3.9961041e-07  6.4466464e-06  1.1026223e-06
   0.0003222812 -4.3635182e-06              0  3.1781229e-08  9.3661988e-07  8.8587467e-07 -0.00010966663  7.9554486e-06  8.3065452e-06  4.6452771e-06  6.9552248e-06  6.1248127e-07   4.943915e-07  1.1026223e-06  3.2644928e-06


# ext. ||   Name    ||   type  ||     Value     ||  Error +/- 

   0   ||Natural mortality || limited ||    0.02040544819662 ||0.001505661659093
   1   ||Targeted q || limited ||      4.373781669238 ||0.1132542159106
   2   ||Nontargeted q || limited ||                   2 ||22.06548931833
   3   ||     sigma || limited ||      4.658763808106 ||0.2394707886242
   4   ||  Biomass1 || limited ||      2.309268168924 ||0.110104780028
   5   ||  Biomass2 || limited ||      2.169055715883 ||0.09380348198937
   6   ||  vm_sigma || limited ||      43.87270453064 ||3.925151328757
   7   ||Recruit year 1 || limited ||      5.344607423623 ||0.2013137166457
   8   ||Recruit year 2 || limited ||      4.740364536418 ||0.1847754790333
   9   ||Recruit year 3 || limited ||      1.230393251001 ||0.05454069022601
  10   ||Recruit year 4 || limited ||      2.415391770076 ||0.09988910306719
  11   ||Mean Rec dist 1 || limited ||      1.173047684887 ||0.01089226837348
  12   ||Mean Rec dist 2 || limited ||     0.1920602926867 ||0.008264936140061
  13   ||Mean Rec dist 3 || limited ||     0.2752070046788 ||0.01794680588351
  14   ||Mean Rec dist 4 || limited ||     0.4771757140928 ||0.01276138289864





