# Minimum negative log likelihood

Minuit did successfully converge.
# of function calls: 921
minimum function Value: 621.1328975254
minimum edm: 5.170413169673e-05
minimum internal state vector: LAVector parameters:
     0.7467538980107
     -1.215876152017
     -1.287002217587
     -1.129287949525
     -1.450509421494
     -1.455593690908
     0.3104365296726
     -1.074639130347
    -0.9958495907087
    -0.9606776739991
     -1.014004084082
    0.08847030955242
    0.09516144811518
    0.04961873552719
     0.1111962577289

minimum internal covariance matrix: LASymMatrix parameters:
    0.026125673  -0.0019112842              0 -3.2798066e-05  0.00065075023  0.00060832533  -0.0075938154   0.0036048285   0.0041897107   0.0044575756   0.0040200142  8.8215662e-05  8.0625081e-05  8.9378007e-05  8.5500196e-05
  -0.0019112842  0.00015602438              0  7.1731797e-06 -5.2123803e-05 -4.8599691e-05  0.00036634799 -0.00027408325 -0.00031819148 -0.00033793757 -0.00031240794  -5.175823e-06 -4.7474385e-06 -5.6484502e-06 -5.7460968e-06
              0              0              2              0              0              0              0              0              0              0              0              0              0              0              0
 -3.2798066e-05  7.1731797e-06              0  0.00022962261 -5.7167648e-06 -4.9485183e-06  4.6743807e-06 -9.1997421e-06 -9.9655356e-06 -1.0746939e-05 -1.1646584e-05 -1.7833222e-07  5.1117898e-07  1.4589471e-07 -1.3281484e-07
  0.00065075023 -5.2123803e-05              0 -5.7167648e-06  2.9854728e-05  2.6592492e-05 -0.00014763284  9.3147071e-05  0.00010838004  0.00011515317   0.0001064084  1.7953027e-06  1.5514573e-06  1.9007553e-06  1.9607222e-06
  0.00060832533 -4.8599691e-05              0 -4.9485183e-06  2.6592492e-05  2.3852959e-05   -0.000139638  8.6901437e-05   0.0001011075  0.00010744683   9.917524e-05  1.7133129e-06  1.4838019e-06   1.790141e-06  1.8380979e-06
  -0.0075938154  0.00036634799              0  4.6743807e-06 -0.00014763284   -0.000139638    0.019643792 -0.00091979916  -0.0010550499  -0.0011523962 -0.00098013944 -8.7061799e-05 -8.0127137e-05 -7.6696295e-05 -8.2403808e-05
   0.0036048285 -0.00027408325              0 -9.1997421e-06  9.3147071e-05  8.6901437e-05 -0.00091979916  0.00052341418  0.00058530276  0.00062232183  0.00056640187  1.1056921e-05  1.0366626e-05  1.1758233e-05  1.1464326e-05
   0.0041897107 -0.00031819148              0 -9.9655356e-06  0.00010838004   0.0001011075  -0.0010550499  0.00058530276  0.00070056669  0.00072313846  0.00065836303   1.302992e-05   1.162294e-05  1.3718959e-05  1.3269468e-05
   0.0044575756 -0.00033793757              0 -1.0746939e-05  0.00011515317  0.00010744683  -0.0011523962  0.00062232183  0.00072313846  0.00078907644  0.00069981824   1.406523e-05  1.2930562e-05  1.4479871e-05  1.4280709e-05
   0.0040200142 -0.00031240794              0 -1.1646584e-05   0.0001064084   9.917524e-05 -0.00098013944  0.00056640187  0.00065836303  0.00069981824  0.00067792301  1.2144623e-05  1.1081795e-05  1.2730085e-05   1.337161e-05
  8.8215662e-05  -5.175823e-06              0 -1.7833222e-07  1.7953027e-06  1.7133129e-06 -8.7061799e-05  1.1056921e-05   1.302992e-05   1.406523e-05  1.2144623e-05  2.0776145e-06  5.0255781e-07  4.8377868e-07  5.0280003e-07
  8.0625081e-05 -4.7474385e-06              0  5.1117898e-07  1.5514573e-06  1.4838019e-06 -8.0127137e-05  1.0366626e-05   1.162294e-05  1.2930562e-05  1.1081795e-05  5.0255781e-07  1.6541933e-06  4.3976706e-07  4.3960262e-07
  8.9378007e-05 -5.6484502e-06              0  1.4589471e-07  1.9007553e-06   1.790141e-06 -7.6696295e-05  1.1758233e-05  1.3718959e-05  1.4479871e-05  1.2730085e-05  4.8377868e-07  4.3976706e-07  1.1532897e-06  4.5602303e-07
  8.5500196e-05 -5.7460968e-06              0 -1.3281484e-07  1.9607222e-06  1.8380979e-06 -8.2403808e-05  1.1464326e-05  1.3269468e-05  1.4280709e-05   1.337161e-05  5.0280003e-07  4.3960262e-07  4.5602303e-07  2.0868422e-06


# ext. ||   Name    ||   type  ||     Value     ||  Error +/- 

   0   ||Natural mortality || limited ||    0.06198150090576 ||0.002092417467131
   1   ||Targeted q || limited ||      3.116288384501 ||0.1534686931787
   2   ||Nontargeted q || limited ||                   2 ||22.06548931833
   3   ||     sigma || limited ||       4.79459215951 ||0.2289236490005
   4   ||  Biomass1 || limited ||       3.61287553692 ||0.2318093972024
   5   ||  Biomass2 || limited ||      3.314243938832 ||0.1984845157316
   6   ||  vm_sigma || limited ||      52.21932043187 ||3.768507512051
   7   ||Recruit year 1 || limited ||      6.038476300336 ||0.385006094725
   8   ||Recruit year 2 || limited ||      8.048132706358 ||0.5087943155702
   9   ||Recruit year 3 || limited ||      9.030095912689 ||0.5689451882268
  10   ||Recruit year 4 || limited ||      7.561511498888 ||0.4864005022858
  11   ||Mean Rec dist 1 || limited ||     0.8835494525447 ||0.01015232651417
  12   ||Mean Rec dist 2 || limited ||     0.9501788752592 ||0.009053336793515
  13   ||Mean Rec dist 3 || limited ||     0.4959837765585 ||0.007584366938501
  14   ||Mean Rec dist 4 || limited ||      1.109672496698 ||0.01015171075476





