# Minimum negative log likelihood

Minuit did successfully converge.
# of function calls: 772
minimum function Value: 555.53447183
minimum edm: 3.900935685055e-05
minimum internal state vector: LAVector parameters:
     0.8584148788537
     -1.219452264197
     -1.287002217587
     -1.946974457556
     -1.461847969061
     -1.466790633729
     0.0631525144284
    0.02886729113664
     -1.103639380068
     -1.047639793606
    -0.8828435721879
    -0.9827614068536

minimum internal covariance matrix: LASymMatrix parameters:
    0.090296349  -0.0070834079              0   0.0002075092   0.0020678306    0.002009926  0.00017042531  -0.0036183358   0.0098690655    0.010926559    0.015300402      0.0123665
  -0.0070834079  0.00056600251              0 -2.0085613e-05 -0.00016483831 -0.00016021084 -1.1619682e-05  0.00021701362 -0.00078211204  -0.0008658355  -0.0012113676 -0.00098094273
              0              0      10.764786              0              0              0              0              0              0              0              0              0
   0.0002075092 -2.0085613e-05              0  0.00015123143  8.1538175e-06  7.7711195e-06 -2.9612275e-06  3.6246449e-05  2.5365876e-05  2.7719463e-05   4.096128e-05  3.0905338e-05
   0.0020678306 -0.00016483831              0  8.1538175e-06  5.5606331e-05  5.3022613e-05  3.6962175e-06 -7.2771606e-05  0.00022871909  0.00025270142  0.00035316764  0.00028591209
    0.002009926 -0.00016021084              0  7.7711195e-06  5.3022613e-05  5.0707539e-05  3.5297582e-06 -6.8613063e-05  0.00022220329  0.00024562538  0.00034318063  0.00027803336
  0.00017042531 -1.1619682e-05              0 -2.9612275e-06  3.6962175e-06  3.5297582e-06    2.02149e-06 -6.1187763e-05  1.7355489e-05  1.9296115e-05  2.6864471e-05  2.1583494e-05
  -0.0036183358  0.00021701362              0  3.6246449e-05 -7.2771606e-05 -6.8613063e-05 -6.1187763e-05   0.0037342819 -0.00034454161 -0.00038407076 -0.00053348476 -0.00043176997
   0.0098690655 -0.00078211204              0  2.5365876e-05  0.00022871909  0.00022220329  1.7355489e-05 -0.00034454161    0.001089063   0.0012017702   0.0016820964   0.0013612454
    0.010926559  -0.0008658355              0  2.7719463e-05  0.00025270142  0.00024562538  1.9296115e-05 -0.00038407076   0.0012017702   0.0013340766   0.0018614171   0.0015075163
    0.015300402  -0.0012113676              0   4.096128e-05  0.00035316764  0.00034318063  2.6864471e-05 -0.00053348476   0.0016820964   0.0018614171   0.0026134435   0.0021068649
      0.0123665 -0.00098094273              0  3.0905338e-05  0.00028591209  0.00027803336  2.1583494e-05 -0.00043176997   0.0013612454   0.0015075163   0.0021068649   0.0017129316


# ext. ||   Name    ||   type  ||     Value     ||  Error +/- 

   0   ||Natural mortality || limited ||     0.0639201854705 ||0.003446073051412
   1   ||Targeted q || limited ||      3.054450581107 ||0.2894704155298
   2   ||Nontargeted q || limited ||                   2 ||85.21968748857
   3   ||     sigma || limited ||        3.4962270345 ||0.1597248626519
   4   ||  Biomass1 || limited ||       2.96450209851 ||0.2866660763444
   5   ||  Biomass2 || limited ||      2.701859187279 ||0.2613745462605
   6   ||   vm_mean || limited ||     0.1982676242229 ||0.003152129013651
   7   ||  vm_sigma || limited ||      41.15501684914 ||1.727137764978
   8   ||Recruit year 1 || limited ||      5.366851108945 ||0.5253497329511
   9   ||Recruit year 2 || limited ||      6.697009217503 ||0.6450462347731
  10   ||Recruit year 3 || limited ||      11.38148545409 ||1.147275734627
  11   ||Recruit year 4 || limited ||      8.407541762169 ||0.8115195100383





