# Minimum negative log likelihood

WARNING: Minuit did not converge.

# of function calls: 2145
minimum function Value: 484.8419590998
minimum edm: 0.0591602794981
minimum internal state vector: LAVector parameters:
    -0.7480277097302
     -1.406658792758
     -1.287002217587
     -1.254675004932
     -1.190127376638
     -1.194600715263
     0.9028012950173
    0.05431682680282
     -1.431828270752
     -0.669018376863
     -1.387547362559
      -1.00091600768

minimum internal covariance matrix: LASymMatrix parameters:
   0.0001420301 -0.00013019069              0 -3.6004408e-06  0.00029284487  0.00029187288  5.2971835e-06 -0.00010855501  0.00013747999  0.00076403001  0.00017981783  0.00046290739
 -0.00013019069  0.00013621493              0  4.9041773e-06 -0.00030414851 -0.00030268387 -2.3335352e-07  1.6431485e-05 -0.00013312641  -0.0007804758 -0.00017306578 -0.00047616866
              0              0              2              0              0              0              0              0              0              0              0              0
 -3.6004408e-06  4.9041773e-06              0  0.00012670406 -1.8281485e-05 -1.7583952e-05 -1.0975544e-06  5.3228498e-05 -1.3830203e-05 -3.7976338e-05 -5.4048871e-06 -2.8950573e-05
  0.00029284487 -0.00030414851              0 -1.8281485e-05  0.00068502231  0.00068103239  1.4543285e-06  -8.195738e-05  0.00030521226    0.001745973  0.00038745058   0.0010679575
  0.00029187288 -0.00030268387              0 -1.7583952e-05  0.00068103239  0.00067718934  1.5433638e-06 -8.1146386e-05  0.00030288675   0.0017379625  0.00038610995   0.0010624918
  5.2971835e-06 -2.3335352e-07              0 -1.0975544e-06  1.4543285e-06  1.5433638e-06  1.3925266e-05 -0.00021973893  3.1722543e-06  7.1147263e-06  3.1227373e-06  7.1971273e-06
 -0.00010855501  1.6431485e-05              0  5.3228498e-05  -8.195738e-05 -8.1146386e-05 -0.00021973893   0.0094209363  -7.210669e-05 -0.00024434933 -5.4421441e-05 -0.00022267289
  0.00013747999 -0.00013312641              0 -1.3830203e-05  0.00030521226  0.00030288675  3.1722543e-06  -7.210669e-05  0.00016705379  0.00077565692  0.00017517847  0.00047787635
  0.00076403001  -0.0007804758              0 -3.7976338e-05    0.001745973   0.0017379625  7.1147263e-06 -0.00024434933  0.00077565692   0.0044973382   0.0010068595   0.0027389593
  0.00017981783 -0.00017306578              0 -5.4048871e-06  0.00038745058  0.00038610995  3.1227373e-06 -5.4421441e-05  0.00017517847   0.0010068595  0.00024452957  0.00060938265
  0.00046290739 -0.00047616866              0 -2.8950573e-05   0.0010679575   0.0010624918  7.1971273e-06 -0.00022267289  0.00047787635   0.0027389593  0.00060938265   0.0016934074


# ext. ||   Name    ||   type  ||     Value     ||  Error +/- 

   0   ||Natural mortality || limited ||    0.04797085014606 ||0.0009265826108227
   1   ||Targeted q || limited ||     0.6720174749366 ||0.06742462262395
   2   ||Nontargeted q || limited ||                   2 ||22.06548931833
   3   ||     sigma || limited ||      2.477581137191 ||0.1237205557571
   4   ||  Biomass1 || limited ||       35.7918497487 ||3.437874655927
   5   ||  Biomass2 || limited ||      34.96548135857 ||3.379922395584
   6   ||   vm_mean || limited ||      2.466354897702 ||0.005134717795818
   7   ||  vm_sigma || limited ||      42.17207773868 ||2.739079391536
   8   ||Recruit year 1 || limited ||      0.491978316527 ||0.06329216100403
   9   ||Recruit year 2 || limited ||      18.99728755677 ||1.859007945235
  10   ||Recruit year 3 || limited ||     0.8470742581234 ||0.1007341217528
  11   ||Recruit year 4 || limited ||       7.91093218908 ||0.7847794999662



WARNING: FunctionMinimum is invalid: 
	 Reached call limit


