# Minimum negative log likelihood

Minuit did successfully converge.
# of function calls: 1263
minimum function Value: 291.9922736554
minimum edm: 3.076002594657e-05
minimum internal state vector: LAVector parameters:
    -0.6649933711167
     -1.139038088968
     -1.287002217587
     -1.371978416444
     -1.412892675797
      -1.42144673771
    -0.6016156581042
      -1.40693907247
      -1.29504665719
     -1.226810059502
    -0.9849978851172
    0.09512292610444
    0.02287470342809
     0.0213863471014
    0.07782729753188

minimum internal covariance matrix: LASymMatrix parameters:
  5.3618784e-05 -2.3320306e-05              0  4.8451029e-06  9.1954226e-06  8.4106514e-06 -2.9808846e-05  1.2582782e-05  1.9363631e-05  2.3986336e-05  4.4902509e-05  1.4186248e-06  1.4978263e-06  1.4753561e-06  1.5403163e-06
 -2.3320306e-05  1.2935039e-05              0 -1.3419538e-06 -5.0477512e-06 -4.5924653e-06  8.6407324e-06 -5.8052747e-06 -9.0354001e-06 -1.1364013e-05 -2.2429771e-05 -5.4450214e-07 -4.5470438e-07 -4.1567391e-07 -5.5302991e-07
              0              0              2              0              0              0              0              0              0              0              0              0              0              0              0
  4.8451029e-06 -1.3419538e-06              0  6.2199662e-05  1.0251615e-06  9.3231537e-07 -1.1163637e-05  1.3103157e-06  1.1976346e-06  9.9052071e-07  3.1095409e-06  4.1772511e-07   5.545807e-07  2.2765796e-07  3.6799082e-07
  9.1954226e-06 -5.0477512e-06              0  1.0251615e-06  2.4174471e-06  2.1602763e-06 -3.0920279e-06  2.3868891e-06  3.5466479e-06  4.4278816e-06  8.7749737e-06    1.74245e-07  1.7948967e-07  1.4868825e-07  2.2398396e-07
  8.4106514e-06 -4.5924653e-06              0  9.3231537e-07  2.1602763e-06    1.93759e-06 -2.9017006e-06  2.1585484e-06  3.2354511e-06  4.0405006e-06  8.0085967e-06  1.8197707e-07  1.6406137e-07  1.4090804e-07  2.0707994e-07
 -2.9808846e-05  8.6407324e-06              0 -1.1163637e-05 -3.0920279e-06 -2.9017006e-06  0.00010088521 -6.0933474e-06 -9.9148521e-06 -1.0956647e-05 -2.1208484e-05 -1.8206503e-06  -2.039996e-06 -1.9895756e-06 -2.1891382e-06
  1.2582782e-05 -5.8052747e-06              0  1.3103157e-06  2.3868891e-06  2.1585484e-06 -6.0933474e-06  4.2172332e-06  4.4845051e-06  5.8025221e-06  1.0828009e-05  1.1414555e-07  2.9280831e-07  3.0288801e-07  3.1691522e-07
  1.9363631e-05 -9.0354001e-06              0  1.1976346e-06  3.5466479e-06  3.2354511e-06 -9.9148521e-06  4.4845051e-06   8.312521e-06  8.8445381e-06  1.6602823e-05  4.5683456e-07  4.9166462e-07  4.7761919e-07   5.267213e-07
  2.3986336e-05 -1.1364013e-05              0  9.9052071e-07  4.4278816e-06  4.0405006e-06 -1.0956647e-05  5.8025221e-06  8.8445381e-06  1.1840721e-05  2.0908752e-05  6.3050412e-07  6.1719539e-07  6.1316716e-07  6.1642707e-07
  4.4902509e-05 -2.2429771e-05              0  3.1095409e-06  8.7749737e-06  8.0085967e-06 -2.1208484e-05  1.0828009e-05  1.6602823e-05  2.0908752e-05  4.2452018e-05  9.8164424e-07  9.9283505e-07  9.5758605e-07  1.2773297e-06
  1.4186248e-06 -5.4450214e-07              0  4.1772511e-07    1.74245e-07  1.8197707e-07 -1.8206503e-06  1.1414555e-07  4.5683456e-07  6.3050412e-07  9.8164424e-07  1.2514235e-06  3.2885705e-08  5.3936814e-08  5.9880466e-08
  1.4978263e-06 -4.5470438e-07              0   5.545807e-07  1.7948967e-07  1.6406137e-07  -2.039996e-06  2.9280831e-07  4.9166462e-07  6.1719539e-07  9.9283505e-07  3.2885705e-08  2.3245585e-07  8.6252631e-08  6.5057914e-08
  1.4753561e-06 -4.1567391e-07              0  2.2765796e-07  1.4868825e-07  1.4090804e-07 -1.9895756e-06  3.0288801e-07  4.7761919e-07  6.1316716e-07  9.5758605e-07  5.3936814e-08  8.6252631e-08  1.6150817e-07   5.742842e-08
  1.5403163e-06 -5.5302991e-07              0  3.6799082e-07  2.2398396e-07  2.0707994e-07 -2.1891382e-06  3.1691522e-07   5.267213e-07  6.1642707e-07  1.2773297e-06  5.9880466e-08  6.5057914e-08   5.742842e-08  1.2015976e-07


# ext. ||   Name    ||   type  ||     Value     ||  Error +/- 

   0   ||Natural mortality || limited ||    0.05744191254975 ||0.0006111725910394
   1   ||Targeted q || limited ||      4.588430647459 ||0.05321095049838
   2   ||Nontargeted q || limited ||                   2 ||22.06548931833
   3   ||     sigma || limited ||     0.9849630997467 ||0.0550728204732
   4   ||  Biomass1 || limited ||       6.22044978918 ||0.08644090911766
   5   ||  Biomass2 || limited ||      5.565967510214 ||0.07322749830968
   6   ||  vm_sigma || limited ||       17.3617751463 ||0.2342067313281
   7   ||Recruit year 1 || limited ||     0.6796625330244 ||0.01184256433479
   8   ||Recruit year 2 || limited ||      1.898743270852 ||0.02775075675252
   9   ||Recruit year 3 || limited ||      2.938816587497 ||0.04102442753201
  10   ||Recruit year 4 || limited ||      8.345620295449 ||0.1273439182081
  11   ||Mean Rec dist 1 || limited ||     0.9497953973501 ||0.007874433365339
  12   ||Mean Rec dist 2 || limited ||     0.2287270860767 ||0.003408329685008
  13   ||Mean Rec dist 3 || limited ||     0.2138471687226 ||0.002841076433826
  14   ||Mean Rec dist 4 || limited ||     0.7774875352161 ||0.002443700190648





