# Minimum negative log likelihood

Minuit did successfully converge.
# of function calls: 949
minimum function Value: 646.8657471375
minimum edm: 4.28196586883e-06
minimum internal state vector: LAVector parameters:
      3.575014434484
    -0.9750516932129
     -1.287002217587
      -1.10066828604
     -1.384579402623
      -1.38133889138
      1.108540351086
    -0.9024434097257
     -1.035918830864
     -1.362399923382
     -1.201784540768
     -0.942287037301

minimum internal covariance matrix: LASymMatrix parameters:
    0.088835497   0.0053494495              0   0.0002559847  -0.0013702269  -0.0015428066 -0.00071740925   0.0012834248  -0.0059619665  -0.0022516568  -0.0036595837  -0.0062017572
   0.0053494495  0.00033825403              0  9.6093636e-06 -9.0307327e-05 -9.8846738e-05 -3.3802126e-05  6.1173844e-05 -0.00035496817 -0.00013613571 -0.00022584046 -0.00037840646
              0              0              2              0              0              0              0              0              0              0              0              0
   0.0002559847  9.6093636e-06              0  0.00027629566  1.6251708e-06 -1.8492401e-07 -4.8629665e-06  -4.655444e-06 -1.7404643e-05 -3.0858837e-06 -9.9333129e-06 -1.7240468e-05
  -0.0013702269 -9.0307327e-05              0  1.6251708e-06  3.5770325e-05  3.5169627e-05  5.5817862e-06 -9.9647903e-06  8.9154815e-05  3.5040023e-05  5.9179603e-05  9.7742651e-05
  -0.0015428066 -9.8846738e-05              0 -1.8492401e-07  3.5169627e-05  3.5740989e-05  8.6711257e-06 -1.4960561e-05  0.00010172159  3.9286028e-05  6.5400633e-05  0.00010946973
 -0.00071740925 -3.3802126e-05              0 -4.8629665e-06  5.5817862e-06  8.6711257e-06   2.885773e-05 -3.0543092e-05  5.6657686e-05  1.7411255e-05  1.7298412e-05  5.4526889e-05
   0.0012834248  6.1173844e-05              0  -4.655444e-06 -9.9647903e-06 -1.4960561e-05 -3.0543092e-05  0.00014342998 -0.00010597762 -2.5480214e-05 -3.0307961e-05  -8.029996e-05
  -0.0059619665 -0.00035496817              0 -1.7404643e-05  8.9154815e-05  0.00010172159  5.6657686e-05 -0.00010597762  0.00041963465  0.00014792035  0.00024042803  0.00041581765
  -0.0022516568 -0.00013613571              0 -3.0858837e-06  3.5040023e-05  3.9286028e-05  1.7411255e-05 -2.5480214e-05  0.00014792035   7.902595e-05  8.7862578e-05  0.00016027816
  -0.0036595837 -0.00022584046              0 -9.9333129e-06  5.9179603e-05  6.5400633e-05  1.7298412e-05 -3.0307961e-05  0.00024042803  8.7862578e-05  0.00018109246  0.00024318293
  -0.0062017572 -0.00037840646              0 -1.7240468e-05  9.7742651e-05  0.00010946973  5.4526889e-05  -8.029996e-05  0.00041581765  0.00016027816  0.00024318293  0.00047972973


# ext. ||   Name    ||   type  ||     Value     ||  Error +/- 

   0   ||Natural mortality || limited ||    0.03450053406215 ||0.004746367271514
   1   ||Targeted q || limited ||       8.61345521795 ||0.3648581738566
   2   ||Nontargeted q || limited ||                   2 ||22.06548931833
   3   ||     sigma || limited ||      5.424485350733 ||0.2662138613909
   4   ||  Biomass1 || limited ||      8.644163057328 ||0.3914906635921
   5   ||  Biomass2 || limited ||      8.946720639547 ||0.3980589855375
   6   ||   vm_mean || limited ||      2.811878364083 ||0.005321928616876
   7   ||  vm_sigma || limited ||      8.607155716501 ||0.2099093188517
   8   ||Recruit year 1 || limited ||      6.992747634341 ||0.3691280660442
   9   ||Recruit year 2 || limited ||      1.091694687158 ||0.06501831849458
  10   ||Recruit year 3 || limited ||      3.375451234679 ||0.1715908104592
  11   ||Recruit year 4 || limited ||      9.563801801234 ||0.4552240723644





