# Minimum negative log likelihood

Minuit did successfully converge.
# of function calls: 2027
minimum function Value: 436.752171131
minimum edm: 2.05509127011e-05
minimum internal state vector: LAVector parameters:
      2.501098057774
    -0.9924078503687
     -1.287002217587
     -1.288750610449
     -1.425910066643
     -1.437435614975
     0.3576573121998
     -1.151820607113
     -1.355107513486
     -0.972704720517
    -0.9593670804591
    0.02853573711922
     0.1110733109259
    0.08018206502722
    0.04369540352108

minimum internal covariance matrix: LASymMatrix parameters:
   0.0025624465  0.00017748305              0  1.0340333e-05 -4.0958788e-05 -3.6074145e-05  0.00057738972 -0.00016195868 -9.4906052e-05 -0.00025589864 -0.00025022096 -4.7246156e-06 -6.5123439e-06 -5.6565668e-06 -5.1461961e-06
  0.00017748305  1.5596696e-05              0  1.7398991e-06 -3.7259962e-06   -3.26632e-06  2.6942566e-05   -1.12534e-05 -6.6586533e-06 -1.8392357e-05 -1.9068286e-05 -9.8466109e-08  -1.070401e-07 -2.7227539e-07 -2.0895839e-07
              0              0              2              0              0              0              0              0              0              0              0              0              0              0              0
  1.0340333e-05  1.7398991e-06              0  9.5946053e-05  4.6046428e-07  3.0589286e-07 -3.7014236e-05 -1.6110714e-06 -7.2065827e-08  -1.329393e-06  -1.637606e-06  2.1346985e-08 -1.5686374e-07  1.8741233e-07  3.9886601e-08
 -4.0958788e-05 -3.7259962e-06              0  4.6046428e-07   2.621946e-06  2.1059864e-06 -9.6386147e-06  2.2927694e-06  1.3937818e-06  4.5280026e-06  4.2676784e-06 -4.2463976e-09 -6.2682266e-09  5.9967846e-08  4.6865952e-08
 -3.6074145e-05   -3.26632e-06              0  3.0589286e-07  2.1059864e-06   1.721417e-06 -7.6906159e-06  2.0349229e-06  1.2335413e-06  3.9966308e-06     3.7578e-06  -3.960221e-09 -1.8668812e-09  5.2934565e-08  3.2794697e-08
  0.00057738972  2.6942566e-05              0 -3.7014236e-05 -9.6386147e-06 -7.6906159e-06   0.0011690933  -3.741167e-05   -2.16018e-05 -5.2095616e-05 -4.9683185e-05 -6.7222589e-06 -5.4697168e-06 -5.2831977e-06 -4.4802511e-06
 -0.00016195868   -1.12534e-05              0 -1.6110714e-06  2.2927694e-06  2.0349229e-06  -3.741167e-05  1.2767705e-05  6.2489887e-06  1.6018693e-05  1.5970163e-05   3.353205e-07  5.6820862e-07  3.2164195e-07   3.561262e-07
 -9.4906052e-05 -6.6586533e-06              0 -7.2065827e-08  1.3937818e-06  1.2335413e-06   -2.16018e-05  6.2489887e-06  7.4716286e-06  9.8803124e-06   8.831999e-06  5.5422582e-08 -9.0434191e-08  1.5677453e-07  1.2574633e-07
 -0.00025589864 -1.8392357e-05              0  -1.329393e-06  4.5280026e-06  3.9966308e-06 -5.2095616e-05  1.6018693e-05  9.8803124e-06  2.8656892e-05  2.5110579e-05  2.8684263e-07  5.3659923e-07  4.9314528e-07  4.4088779e-07
 -0.00025022096 -1.9068286e-05              0  -1.637606e-06  4.2676784e-06     3.7578e-06 -4.9683185e-05  1.5970163e-05   8.831999e-06  2.5110579e-05  2.8708932e-05  3.9213551e-07  4.1757505e-07  5.5101597e-07  5.2831827e-07
 -4.7246156e-06 -9.8466109e-08              0  2.1346985e-08 -4.2463976e-09  -3.960221e-09 -6.7222589e-06   3.353205e-07  5.5422582e-08  2.8684263e-07  3.9213551e-07   1.458112e-07  6.2303686e-08  4.0563608e-08   3.209777e-08
 -6.5123439e-06  -1.070401e-07              0 -1.5686374e-07 -6.2682266e-09 -1.8668812e-09 -5.4697168e-06  5.6820862e-07 -9.0434191e-08  5.3659923e-07  4.1757505e-07  6.2303686e-08  8.8704066e-07 -1.4218935e-08  4.9412408e-08
 -5.6565668e-06 -2.7227539e-07              0  1.8741233e-07  5.9967846e-08  5.2934565e-08 -5.2831977e-06  3.2164195e-07  1.5677453e-07  4.9314528e-07  5.5101597e-07  4.0563608e-08 -1.4218935e-08  9.2132577e-08  2.7264558e-08
 -5.1461961e-06 -2.0895839e-07              0  3.9886601e-08  4.6865952e-08  3.2794697e-08 -4.4802511e-06   3.561262e-07  1.2574633e-07  4.4088779e-07  5.2831827e-07   3.209777e-08  4.9412408e-08  2.7264558e-08  7.8815095e-08


# ext. ||   Name    ||   type  ||     Value     ||  Error +/- 

   0   ||Natural mortality || limited ||     0.0599398020377 ||0.0007173413700541
   1   ||Targeted q || limited ||      8.132764156194 ||0.0763308608284
   2   ||Nontargeted q || limited ||                   2 ||22.06548931833
   3   ||     sigma || limited ||      1.975595877441 ||0.09638539864091
   4   ||  Biomass1 || limited ||      5.238832990542 ||0.08265582588904
   5   ||  Biomass2 || limited ||       4.43968399781 ||0.06167906857757
   6   ||  vm_sigma || limited ||      54.00355514109 ||0.9057981282957
   7   ||Recruit year 1 || limited ||      4.334261417504 ||0.05138958921868
   8   ||Recruit year 2 || limited ||      1.168423851009 ||0.0206811162875
   9   ||Recruit year 3 || limited ||      8.688548484099 ||0.1065576605063
  10   ||Recruit year 4 || limited ||      9.067673530053 ||0.1087326486694
  11   ||Mean Rec dist 1 || limited ||     0.2853186455745 ||0.002699004401331
  12   ||Mean Rec dist 2 || limited ||      1.108450613401 ||0.006618692433674
  13   ||Mean Rec dist 3 || limited ||     0.8009617537346 ||0.002139410065006
  14   ||Mean Rec dist 4 || limited ||     0.4368150032803 ||0.001983238623056





