# Minimum negative log likelihood

Minuit did successfully converge.
# of function calls: 963
minimum function Value: 691.6440825595
minimum edm: 2.199374737204e-05
minimum internal state vector: LAVector parameters:
    -0.6787982746099
     -1.193346267984
     -1.287002217587
     -1.046038523178
     -1.410211817464
     -1.415484926962
     0.4873368542918
     -1.162054563087
    -0.9613276631407
    -0.9744143368933
    -0.9144486235184
     0.0958543831128
    0.05449464396472
    0.09702573022995
    0.09831259182014

minimum internal covariance matrix: LASymMatrix parameters:
    0.027145614  -0.0017450659              0 -1.2922884e-05  0.00081160805  0.00076200164   -0.014540489   0.0029467364   0.0044767718   0.0043298047   0.0046465634  9.0449442e-05  0.00011790284   0.0001008074  9.6194904e-05
  -0.0017450659  0.00012381941              0   2.098537e-06 -5.7940652e-05 -5.4253494e-05  0.00070211885 -0.00019393079  -0.0002934691 -0.00028382538 -0.00031343543 -4.6713137e-06 -6.4354333e-06 -5.4066276e-06 -5.5904193e-06
              0              0              2              0              0              0              0              0              0              0              0              0              0              0              0
 -1.2922884e-05   2.098537e-06              0  0.00033878245 -3.5090328e-06 -3.1028551e-06 -9.6026847e-05 -4.5322077e-06 -3.4585559e-06 -6.3992759e-06 -2.2799215e-07  8.4810254e-07  4.2320953e-07  3.7502068e-07  6.8665371e-07
  0.00081160805 -5.7940652e-05              0 -3.5090328e-06  4.4510012e-05  4.0266951e-05 -0.00037134322  9.1720957e-05   0.0001372303  0.00013220604  0.00014709799  1.7376728e-06  3.0637113e-06  2.5658543e-06  2.6184793e-06
  0.00076200164 -5.4253494e-05              0 -3.1028551e-06  4.0266951e-05  3.6596761e-05 -0.00034919925  8.5786118e-05  0.00012883313  0.00012402583  0.00013802422  1.7782186e-06   2.898495e-06  2.4361209e-06  2.5018554e-06
   -0.014540489  0.00070211885              0 -9.6026847e-05 -0.00037134322 -0.00034919925    0.064328053  -0.0013986253  -0.0022228525  -0.0020898897  -0.0023479665  -0.0001831649 -0.00019634998 -0.00018148588 -0.00019785606
   0.0029467364 -0.00019393079              0 -4.5322077e-06  9.1720957e-05  8.5786118e-05  -0.0013986253  0.00034185845  0.00048749334  0.00047310204  0.00050929094  8.2073011e-06  1.2236732e-05  1.0179711e-05  9.7270723e-06
   0.0044767718  -0.0002934691              0 -3.4585559e-06   0.0001372303  0.00012883313  -0.0022228525  0.00048749334   0.0007630035  0.00071690595  0.00077455714  1.4777479e-05  1.8463107e-05  1.6296684e-05  1.5664949e-05
   0.0043298047 -0.00028382538              0 -6.3992759e-06  0.00013220604  0.00012402583  -0.0020898897  0.00047310204  0.00071690595  0.00071487736  0.00074688608  1.3703528e-05  1.7834397e-05  1.4618491e-05  1.4638324e-05
   0.0046465634 -0.00031343543              0 -2.2799215e-07  0.00014709799  0.00013802422  -0.0023479665  0.00050929094  0.00077455714  0.00074688608  0.00087014992  1.5215428e-05  1.9315983e-05  1.6525606e-05  1.8416954e-05
  9.0449442e-05 -4.6713137e-06              0  8.4810254e-07  1.7376728e-06  1.7782186e-06  -0.0001831649  8.2073011e-06  1.4777479e-05  1.3703528e-05  1.5215428e-05  5.1474593e-06  8.1522306e-07  7.6632866e-07  8.5825277e-07
  0.00011790284 -6.4354333e-06              0  4.2320953e-07  3.0637113e-06   2.898495e-06 -0.00019634998  1.2236732e-05  1.8463107e-05  1.7834397e-05  1.9315983e-05  8.1522306e-07  2.0543525e-06  8.0343186e-07  8.2158555e-07
   0.0001008074 -5.4066276e-06              0  3.7502068e-07  2.5658543e-06  2.4361209e-06 -0.00018148588  1.0179711e-05  1.6296684e-05  1.4618491e-05  1.6525606e-05  7.6632866e-07  8.0343186e-07  2.7302817e-06  7.9306989e-07
  9.6194904e-05 -5.5904193e-06              0  6.8665371e-07  2.6184793e-06  2.5018554e-06 -0.00019785606  9.7270723e-06  1.5664949e-05  1.4638324e-05  1.8416954e-05  8.5825277e-07  8.2158555e-07  7.9306989e-07   2.719213e-06


# ext. ||   Name    ||   type  ||     Value     ||  Error +/- 

   0   ||Natural mortality || limited ||    0.02930354646673 ||0.002261801589002
   1   ||Targeted q || limited ||      3.519627962283 ||0.1449915721238
   2   ||Nontargeted q || limited ||                   2 ||22.06548931833
   3   ||     sigma || limited ||      6.727734589054 ||0.3260197295382
   4   ||  Biomass1 || limited ||      6.433004120581 ||0.3771531511716
   5   ||  Biomass2 || limited ||      6.018295532851 ||0.330849857715
   6   ||  vm_sigma || limited ||      58.73124350532 ||6.304585575222
   7   ||Recruit year 1 || limited ||      4.128506036547 ||0.2597827977045
   8   ||Recruit year 2 || limited ||      9.011485389777 ||0.5589475168855
   9   ||Recruit year 3 || limited ||      8.640482325002 ||0.530846958203
  10   ||Recruit year 4 || limited ||      10.39764901951 ||0.6363102054617
  11   ||Mean Rec dist 1 || limited ||     0.9570766451733 ||0.01596919600051
  12   ||Mean Rec dist 2 || limited ||     0.5446767615207 ||0.01011992376395
  13   ||Mean Rec dist 3 || limited ||     0.9687356862338 ||0.01162896855126
  14   ||Mean Rec dist 4 || limited ||     0.9815429714599 ||0.01160390925994





