# Minimum negative log likelihood

Minuit did successfully converge.
# of function calls: 1066
minimum function Value: 504.6695946206
minimum edm: 1.372623279052e-06
minimum internal state vector: LAVector parameters:
    -0.1217504557871
      -1.16986108442
     -1.287002217587
      -1.23830090761
      -1.39762086952
     -1.404318800455
    -0.7556431640193
    -0.9737771836349
    -0.9988288094139
     -1.330797117242
     -1.075143920827
    0.07959010426425
    0.02164244898057
     0.1127757741024
    0.05567022605974

minimum internal covariance matrix: LASymMatrix parameters:
   0.0042657959 -0.00036477687              0  5.9221072e-05  0.00016938581  0.00015786907 -0.00047639042  0.00083341352  0.00075438322  0.00032021857   0.0006725754  3.4013851e-05  3.7636486e-05  2.1127339e-05  3.8025608e-05
 -0.00036477687   3.558698e-05              0 -5.1507208e-06 -1.6525017e-05  -1.534744e-05   2.753451e-05 -7.3966082e-05 -6.6181974e-05 -2.8196732e-05 -6.1290547e-05 -2.2639027e-06 -2.7478487e-06 -1.3909924e-06 -2.8590727e-06
              0              0              2              0              0              0              0              0              0              0              0              0              0              0              0
  5.9221072e-05 -5.1507208e-06              0  0.00014085905  2.1629717e-06  2.0306198e-06   -7.11039e-06  1.1674165e-05  9.7829864e-06  4.4859377e-06  9.1077594e-06  5.4514246e-07  5.9222745e-07  4.6123889e-07  4.1938851e-07
  0.00016938581 -1.6525017e-05              0  2.1629717e-06  1.0994159e-05   9.902496e-06 -1.4149282e-05  3.4422085e-05  3.0678779e-05  1.3011027e-05  2.8270552e-05  9.9917227e-07  1.3274317e-06  7.8808531e-07  1.3425704e-06
  0.00015786907  -1.534744e-05              0  2.0306198e-06   9.902496e-06  8.9604209e-06 -1.3094277e-05  3.2025187e-05  2.8576343e-05  1.2131713e-05  2.6310394e-05   9.512922e-07  1.2359994e-06  7.2423302e-07  1.2503502e-06
 -0.00047639042   2.753451e-05              0   -7.11039e-06 -1.4149282e-05 -1.3094277e-05  0.00027274354 -8.3018125e-05 -7.9501351e-05 -3.2314452e-05 -6.6966223e-05 -9.0537112e-06 -8.3839539e-06 -6.0067632e-06 -9.8101602e-06
  0.00083341352 -7.3966082e-05              0  1.1674165e-05  3.4422085e-05  3.2025187e-05 -8.3018125e-05  0.00016921902  0.00014814299  6.3008724e-05  0.00013375885  6.0586673e-06  7.0963947e-06  3.7985661e-06  7.1546631e-06
  0.00075438322 -6.6181974e-05              0  9.7829864e-06  3.0678779e-05  2.8576343e-05 -7.9501351e-05  0.00014814299  0.00013855752  5.6858408e-05  0.00012036884  5.7429723e-06  6.4090658e-06  3.6786837e-06    6.59814e-06
  0.00032021857 -2.8196732e-05              0  4.4859377e-06  1.3011027e-05  1.2131713e-05 -3.2314452e-05  6.3008724e-05  5.6858408e-05  2.8599251e-05  5.1120274e-05  2.3845199e-06  2.6948083e-06  6.5255401e-07  2.7887238e-06
   0.0006725754 -6.1290547e-05              0  9.1077594e-06  2.8270552e-05  2.6310394e-05 -6.6966223e-05  0.00013375885  0.00012036884  5.1120274e-05  0.00011766808  4.8485954e-06   5.592975e-06  2.7993793e-06  6.1651814e-06
  3.4013851e-05 -2.2639027e-06              0  5.4514246e-07  9.9917227e-07   9.512922e-07 -9.0537112e-06  6.0586673e-06  5.7429723e-06  2.3845199e-06  4.8485954e-06  8.7358802e-07  4.2928227e-07  2.7620375e-07  4.3887948e-07
  3.7636486e-05 -2.7478487e-06              0  5.9222745e-07  1.3274317e-06  1.2359994e-06 -8.3839539e-06  7.0963947e-06  6.4090658e-06  2.6948083e-06   5.592975e-06  4.2928227e-07  7.3686286e-07  2.8720207e-07  4.4649442e-07
  2.1127339e-05 -1.3909924e-06              0  4.6123889e-07  7.8808531e-07  7.2423302e-07 -6.0067632e-06  3.7985661e-06  3.6786837e-06  6.5255401e-07  2.7993793e-06  2.7620375e-07  2.8720207e-07  4.8961368e-06  3.0139384e-07
  3.8025608e-05 -2.8590727e-06              0  4.1938851e-07  1.3425704e-06  1.2503502e-06 -9.8101602e-06  7.1546631e-06    6.59814e-06  2.7887238e-06  6.1651814e-06  4.3887948e-07  4.4649442e-07  3.0139384e-07  9.9953037e-07


# ext. ||   Name    ||   type  ||     Value     ||  Error +/- 

   0   ||Natural mortality || limited ||    0.04196375273453 ||0.001145628624237
   1   ||Targeted q || limited ||      3.965180464765 ||0.08231426826476
   2   ||Nontargeted q || limited ||                   2 ||22.06548931833
   3   ||     sigma || limited ||      2.738461218944 ||0.1369607578397
   4   ||  Biomass1 || limited ||      7.478716295383 ||0.201998919535
   5   ||  Biomass2 || limited ||       6.91270421387 ||0.1753745559182
   6   ||  vm_sigma || limited ||      12.57056588087 ||0.3399673910899
   7   ||Recruit year 1 || limited ||      8.658381873525 ||0.2585266065312
   8   ||Recruit year 2 || limited ||      7.967323645015 ||0.2252421030273
   9   ||Recruit year 3 || limited ||      1.442948553663 ||0.04493869388287
  10   ||Recruit year 4 || limited ||      6.026467837959 ||0.1823827042679
  11   ||Mean Rec dist 1 || limited ||      0.795061024984 ||0.00658811713297
  12   ||Mean Rec dist 2 || limited ||     0.2164075948216 ||0.006068433413312
  13   ||Mean Rec dist 3 || limited ||      1.125368719735 ||0.01554690566751
  14   ||Mean Rec dist 4 || limited ||     0.5564147522845 ||0.00705845481739





