# Minimum negative log likelihood

Minuit did successfully converge.
# of function calls: 828
minimum function Value: 418.5754844625
minimum edm: 3.110566278209e-05
minimum internal state vector: LAVector parameters:
     -1.223604095705
     -1.287002217587
     -1.300890735401
     -1.497486248634
     -1.500590539657
    -0.5027240642431
     0.5280024804488
     -1.158598547199
      -1.08179846438
    -0.9889348861336
     -1.286655238202

minimum internal covariance matrix: LASymMatrix parameters:
  2.3706829e-06              0 -4.4102975e-08 -5.7481548e-07 -5.4757134e-07  6.7750624e-07 -5.0464629e-05 -1.1120326e-06 -1.2392879e-06  -1.663667e-06 -4.5556437e-07
              0              2              0              0              0              0              0              0              0              0              0
 -4.4102975e-08              0  8.4470159e-05  1.8343668e-07  1.3955361e-07  2.0665372e-07  -7.178279e-06 -1.0169512e-07  7.8743391e-07 -7.4068098e-09  4.8990888e-07
 -5.7481548e-07              0  1.8343668e-07  2.3436604e-06  1.8928219e-06 -1.5339667e-07  3.6940342e-06  8.7486863e-07  2.4089832e-07  3.8510665e-07  6.1193321e-08
 -5.4757134e-07              0  1.3955361e-07  1.8928219e-06   1.557531e-06  -1.443879e-07  5.9837435e-06  6.6511293e-07  2.3723299e-07  3.7641786e-07  7.4284743e-08
  6.7750624e-07              0  2.0665372e-07 -1.5339667e-07  -1.443879e-07  5.2153342e-07 -2.4230263e-05 -2.9013488e-07 -3.2075181e-07 -4.4448382e-07   -1.38685e-07
 -5.0464629e-05              0  -7.178279e-06  3.6940342e-06  5.9837435e-06 -2.4230263e-05   0.0030899468  2.0347214e-05  2.1609307e-05  3.3126734e-05  8.2840169e-06
 -1.1120326e-06              0 -1.0169512e-07  8.7486863e-07  6.6511293e-07 -2.9013488e-07  2.0347214e-05  2.4688555e-06  5.6344161e-07  7.2430988e-07  1.7623978e-07
 -1.2392879e-06              0  7.8743391e-07  2.4089832e-07  2.3723299e-07 -3.2075181e-07  2.1609307e-05  5.6344161e-07  2.4313962e-06  7.8607109e-07  1.3774155e-07
  -1.663667e-06              0 -7.4068098e-09  3.8510665e-07  3.7641786e-07 -4.4448382e-07  3.3126734e-05  7.2430988e-07  7.8607109e-07  3.0044603e-06  2.1976303e-07
 -4.5556437e-07              0  4.8990888e-07  6.1193321e-08  7.4284743e-08   -1.38685e-07  8.2840169e-06  1.7623978e-07  1.3774155e-07  2.1976303e-07  2.0191427e-06


# ext. ||   Name    ||   type  ||     Value     ||  Error +/- 

   0   ||Targeted q || limited ||      2.983410670779 ||0.0185225669127
   1   ||Nontargeted q || limited ||                   2 ||22.06548931833
   2   ||     sigma || limited ||      1.810196309309 ||0.0866422327175
   3   ||  Biomass1 || limited ||      1.342990251404 ||0.03964394529357
   4   ||  Biomass2 || limited ||      1.231707103668 ||0.03095204769252
   5   ||   vm_mean || limited ||     -1.513664416483 ||0.001405774037705
   6   ||  vm_sigma || limited ||      60.15260248752 ||1.357763257128
   7   ||Recruit year 1 || limited ||      4.197453556739 ||0.02225339510194
   8   ||Recruit year 2 || limited ||      5.869211651845 ||0.02589394496285
   9   ||Recruit year 3 || limited ||      8.237122839935 ||0.03367639760552
  10   ||Recruit year 4 || limited ||        2.0146601147 ||0.01408216297557





