# Minimum negative log likelihood

Minuit did successfully converge.
# of function calls: 840
minimum function Value: 680.542825509
minimum edm: 1.793615336916e-05
minimum internal state vector: LAVector parameters:
    -0.0756425070918
     -1.063728561044
     -1.287002217587
     -1.060160552425
     -1.518655268045
     -1.521638327517
     0.0706521490626
     -1.345105841868
     -1.054582362309
      -1.01851432688
     -1.239464210035
    0.05514517797658
    0.07250714690861
    0.07396240618267
     0.1120718119445

minimum internal covariance matrix: LASymMatrix parameters:
    0.022168323   -0.001619758              0  0.00017976945  0.00018459065  0.00016684314   -0.006846092   0.0011935557   0.0027819363   0.0030013819   0.0017411301  0.00010177211  9.9706792e-05   0.0001058349  9.4809365e-05
   -0.001619758  0.00013969728              0 -1.4469413e-05 -1.5286716e-05  -1.378778e-05  0.00037826017 -9.4061531e-05 -0.00020930808 -0.00022109295 -0.00013690538 -5.4248884e-06 -5.8097708e-06 -6.3499411e-06 -6.2229809e-06
              0              0              2              0              0              0              0              0              0              0              0              0              0              0              0
  0.00017976945 -1.4469413e-05              0  0.00034882724  1.0944914e-06  9.0738984e-07 -0.00015349053  2.6092782e-05  2.5385447e-05  1.5242168e-05  1.2198259e-05  1.5268469e-06  1.8445136e-06  1.9796705e-06  1.4397065e-06
  0.00018459065 -1.5286716e-05              0  1.0944914e-06  1.4690571e-05  1.2013313e-05 -3.4212801e-05  1.1385132e-05  2.3503491e-05  2.4913283e-05  1.5483042e-05  5.3039742e-07  6.3565511e-07  6.2488966e-07  6.8041304e-07
  0.00016684314  -1.378778e-05              0  9.0738984e-07  1.2013313e-05  9.9511184e-06 -3.4125937e-05  1.0196604e-05  2.1295932e-05  2.2570224e-05  1.4073592e-05  5.0961101e-07  5.8377474e-07  5.8765995e-07  6.4445789e-07
   -0.006846092  0.00037826017              0 -0.00015349053 -3.4212801e-05 -3.4125937e-05    0.011403848  -0.0003673681 -0.00080634266 -0.00087612886 -0.00047704021 -8.8838388e-05 -8.3982077e-05 -8.0489076e-05 -6.9363634e-05
   0.0011935557 -9.4061531e-05              0  2.6092782e-05  1.1385132e-05  1.0196604e-05  -0.0003673681  0.00010943406  0.00015545305  0.00014936909  9.7743174e-05  3.9000446e-06  5.7261703e-06  6.3669398e-06  5.4882419e-06
   0.0027819363 -0.00020930808              0  2.5385447e-05  2.3503491e-05  2.1295932e-05 -0.00080634266  0.00015545305  0.00037135804  0.00037488636  0.00022074961   1.186164e-05  1.1949684e-05  1.2986191e-05  1.1577691e-05
   0.0030013819 -0.00022109295              0  1.5242168e-05  2.4913283e-05  2.2570224e-05 -0.00087612886  0.00014936909  0.00037488636  0.00043400591  0.00023548083  1.3708745e-05  1.2740241e-05  1.3266514e-05  1.2255885e-05
   0.0017411301 -0.00013690538              0  1.2198259e-05  1.5483042e-05  1.4073592e-05 -0.00047704021  9.7743174e-05  0.00022074961  0.00023548083   0.0001806002  6.5723891e-06  6.9538647e-06  7.6293574e-06  8.0121125e-06
  0.00010177211 -5.4248884e-06              0  1.5268469e-06  5.3039742e-07  5.0961101e-07 -8.8838388e-05  3.9000446e-06   1.186164e-05  1.3708745e-05  6.5723891e-06  5.3922243e-06  8.4656445e-07  8.1347362e-07  6.5018293e-07
  9.9706792e-05 -5.8097708e-06              0  1.8445136e-06  6.3565511e-07  5.8377474e-07 -8.3982077e-05  5.7261703e-06  1.1949684e-05  1.2740241e-05  6.9538647e-06  8.4656445e-07   1.725869e-06   8.233675e-07  6.9711457e-07
   0.0001058349 -6.3499411e-06              0  1.9796705e-06  6.2488966e-07  5.8765995e-07 -8.0489076e-05  6.3669398e-06  1.2986191e-05  1.3266514e-05  7.6293574e-06  8.1347362e-07   8.233675e-07  1.7439822e-06  6.5853863e-07
  9.4809365e-05 -6.2229809e-06              0  1.4397065e-06  6.8041304e-07  6.4445789e-07 -6.9363634e-05  5.4882419e-06  1.1577691e-05  1.2255885e-05  8.0121125e-06  6.5018293e-07  6.9711457e-07  6.5853863e-07  4.5089773e-06


# ext. ||   Name    ||   type  ||     Value     ||  Error +/- 

   0   ||Natural mortality || limited ||    0.04311074018375 ||0.002619661530164
   1   ||Targeted q || limited ||      6.291389814366 ||0.2029256625598
   2   ||Nontargeted q || limited ||                   2 ||22.06548931833
   3   ||     sigma || limited ||      6.378301965035 ||0.322714416606
   4   ||  Biomass1 || limited ||     0.6795185309337 ||0.07062473877342
   5   ||  Biomass2 || limited ||     0.6040055764828 ||0.05480369822192
   6   ||  vm_sigma || limited ||      42.82420007802 ||3.010007915935
   7   ||Recruit year 1 || limited ||      1.277882042862 ||0.08275685115329
   8   ||Recruit year 2 || limited ||      6.524640403267 ||0.3362496001744
   9   ||Recruit year 3 || limited ||      7.442780092002 ||0.3863651156238
  10   ||Recruit year 4 || limited ||      2.729235993475 ||0.1545440144238
  11   ||Mean Rec dist 1 || limited ||     0.5511723289748 ||0.01639487474031
  12   ||Mean Rec dist 2 || limited ||     0.7244363180112 ||0.009265017585569
  13   ||Mean Rec dist 3 || limited ||     0.7389499017132 ||0.009312515030269
  14   ||Mean Rec dist 4 || limited ||      1.118373538737 ||0.01492075312511





