# Minimum negative log likelihood

Minuit did successfully converge.
# of function calls: 492
minimum function Value: 611.0793449048
minimum edm: 1.074077396358e-05
minimum internal state vector: LAVector parameters:
     -1.232100738384
     -1.287002217587
     -1.140031906043
     -1.526395329924
     -1.534305118892
    -0.6355704013321
   -0.01582812679906
     -1.383354374782
    -0.9641250789922
     -1.020689390162
     -1.016464499765

minimum internal covariance matrix: LASymMatrix parameters:
  1.4020622e-05              0  8.7404318e-07 -1.8728345e-06 -1.5859166e-06  4.9139892e-06 -0.00012578404 -3.1410252e-06 -1.0680443e-05 -8.3012768e-06 -9.3198716e-06
              0              2              0              0              0              0              0              0              0              0              0
  8.7404318e-07              0  0.00024087195 -3.6943169e-06 -2.9854185e-06  1.7292616e-07 -8.6090707e-06  2.9743945e-08  -1.246525e-06 -9.8447106e-07 -5.7265308e-07
 -1.8728345e-06              0 -3.6943169e-06  1.9133048e-05  1.5639526e-05 -8.8691727e-07  2.6073981e-05  1.1674637e-07  1.0392994e-06  1.1085663e-06  1.0925348e-06
 -1.5859166e-06              0 -2.9854185e-06  1.5639526e-05  1.2787797e-05 -7.3398406e-07  2.0539438e-05  1.5539922e-07  8.9809128e-07  9.3628107e-07  9.3081533e-07
  4.9139892e-06              0  1.7292616e-07 -8.8691727e-07 -7.3398406e-07   5.290007e-06 -9.9140854e-05 -8.9448379e-07   -3.41519e-06 -2.8001737e-06 -3.0596635e-06
 -0.00012578404              0 -8.6090707e-06  2.6073981e-05  2.0539438e-05 -9.9140854e-05   0.0056762726  9.5835355e-06  8.8483913e-05  6.8711206e-05  7.1614212e-05
 -3.1410252e-06              0  2.9743945e-08  1.1674637e-07  1.5539922e-07 -8.9448379e-07  9.5835355e-06  1.2402086e-05  2.3550504e-06  1.8480452e-06  2.0638444e-06
 -1.0680443e-05              0  -1.246525e-06  1.0392994e-06  8.9809128e-07   -3.41519e-06  8.8483913e-05  2.3550504e-06  2.0187206e-05  5.7146867e-06  7.0148589e-06
 -8.3012768e-06              0 -9.8447106e-07  1.1085663e-06  9.3628107e-07 -2.8001737e-06  6.8711206e-05  1.8480452e-06  5.7146867e-06  1.7228655e-05  5.1613968e-06
 -9.3198716e-06              0 -5.7265308e-07  1.0925348e-06  9.3081533e-07 -3.0596635e-06  7.1614212e-05  2.0638444e-06  7.0148589e-06  5.1613968e-06  1.9151476e-05


# ext. ||   Name    ||   type  ||     Value     ||  Error +/- 

   0   ||Targeted q || limited ||      2.840556610528 ||0.04398578768768
   1   ||Nontargeted q || limited ||                   2 ||22.06548931833
   2   ||     sigma || limited ||      4.567659027918 ||0.2291205429094
   3   ||  Biomass1 || limited ||     0.4927811650666 ||0.0686430247876
   4   ||  Biomass2 || limited ||     0.3328651239343 ||0.04612583616828
   5   ||   vm_mean || limited ||      -1.86496448137 ||0.004111636710951
   6   ||  vm_sigma || limited ||      39.36740927753 ||2.129665184507
   7   ||Recruit year 1 || limited ||     0.8857058315507 ||0.02319952981763
   8   ||Recruit year 2 || limited ||      8.931587399422 ||0.09055810588266
   9   ||Recruit year 3 || limited ||      7.385831204473 ||0.07671040300618
  10   ||Recruit year 4 || limited ||       7.49663427208 ||0.0814343257988





