# Minimum negative log likelihood

Minuit did successfully converge.
# of function calls: 1268
minimum function Value: 499.4592806714
minimum edm: 6.308797379901e-06
minimum internal state vector: LAVector parameters:
    -0.2415213156032
     -1.311939758293
     -1.287002217587
     -1.242472901189
     -1.503163560955
     -1.505095150835
    -0.4231331816279
      -1.01426596109
      -1.01364626231
     -1.021924966931
     -1.098823438726
    0.03474028997448
    0.03678424357999
    0.02062375228435
    0.06192390915767

minimum internal covariance matrix: LASymMatrix parameters:
   0.0039721343 -0.00048168523              0 -8.2204245e-05  0.00013493652  0.00013012269   -0.001138236    0.001314759   0.0013184386   0.0012866895   0.0011093161  3.3360327e-05  3.5229351e-05  3.6847699e-05  3.2101483e-05
 -0.00048168523  6.6572532e-05              0  9.5034476e-06 -1.8456783e-05 -1.7783825e-05  8.9687935e-05 -0.00017072901 -0.00017000186 -0.00016513723 -0.00014667465 -2.9762522e-06 -3.8125912e-06 -3.8755669e-06 -3.8698658e-06
              0              0              2              0              0              0              0              0              0              0              0              0              0              0              0
 -8.2204245e-05  9.5034476e-06              0  0.00015838347 -5.1767845e-06 -4.9644592e-06  7.4102384e-05 -2.7081416e-05 -2.6315377e-05  -2.293936e-05 -2.2566209e-05 -1.3586587e-06 -5.1768651e-07 -8.3690337e-07 -1.0724761e-06
  0.00013493652 -1.8456783e-05              0 -5.1767845e-06  1.0744227e-05  9.8182727e-06 -4.0348792e-05  4.7932726e-05  4.7349924e-05  4.6068633e-05  4.0823678e-05  8.7233813e-07  1.0929289e-06  1.1807002e-06   1.282677e-06
  0.00013012269 -1.7783825e-05              0 -4.9644592e-06  9.8182727e-06   9.022231e-06 -3.6788028e-05  4.6118013e-05  4.5635312e-05  4.4390258e-05  3.9333532e-05  8.4559215e-07  1.0508099e-06  1.1371193e-06   1.198402e-06
   -0.001138236  8.9687935e-05              0  7.4102384e-05 -4.0348792e-05 -3.6788028e-05    0.002252066 -0.00030994653 -0.00031386637 -0.00030887062 -0.00025965151 -3.2215477e-05 -1.8053518e-05 -2.2404699e-05 -2.2120643e-05
    0.001314759 -0.00017072901              0 -2.7081416e-05  4.7932726e-05  4.6118013e-05 -0.00030994653  0.00045749329  0.00044949739  0.00043843257  0.00038372033  9.4955866e-06   1.126818e-05  1.1279249e-05  1.0660057e-05
   0.0013184386 -0.00017000186              0 -2.6315377e-05  4.7349924e-05  4.5635312e-05 -0.00031386637  0.00044949739  0.00045699321  0.00043808223  0.00038307521  9.6299057e-06  1.0782324e-05  1.1583227e-05  1.0716474e-05
   0.0012866895 -0.00016513723              0  -2.293936e-05  4.6068633e-05  4.4390258e-05 -0.00030887062  0.00043843257  0.00043808223   0.0004335871  0.00037221356  9.5730798e-06  1.0832328e-05  1.1129814e-05  1.0670299e-05
   0.0011093161 -0.00014667465              0 -2.2566209e-05  4.0823678e-05  3.9333532e-05 -0.00025965151  0.00038372033  0.00038307521  0.00037221356  0.00034651197  7.9332211e-06  9.3091985e-06  9.5416844e-06  1.0284975e-05
  3.3360327e-05 -2.9762522e-06              0 -1.3586587e-06  8.7233813e-07  8.4559215e-07 -3.2215477e-05  9.4955866e-06  9.6299057e-06  9.5730798e-06  7.9332211e-06  1.1861513e-06  4.4967522e-07  4.5801955e-07  3.6300527e-07
  3.5229351e-05 -3.8125912e-06              0 -5.1768651e-07  1.0929289e-06  1.0508099e-06 -1.8053518e-05   1.126818e-05  1.0782324e-05  1.0832328e-05  9.3091985e-06  4.4967522e-07  1.2249915e-06  4.3147184e-07  3.9059197e-07
  3.6847699e-05 -3.8755669e-06              0 -8.3690337e-07  1.1807002e-06  1.1371193e-06 -2.2404699e-05  1.1279249e-05  1.1583227e-05  1.1129814e-05  9.5416844e-06  4.5801955e-07  4.3147184e-07  1.2596558e-06   4.103553e-07
  3.2101483e-05 -3.8698658e-06              0 -1.0724761e-06   1.282677e-06   1.198402e-06 -2.2120643e-05  1.0660057e-05  1.0716474e-05  1.0670299e-05  1.0284975e-05  3.6300527e-07  3.9059197e-07   4.103553e-07  2.4170751e-06


# ext. ||   Name    ||   type  ||     Value     ||  Error +/- 

   0   ||Natural mortality || limited ||    0.03902049843988 ||0.001081437334695
   1   ||Targeted q || limited ||      1.665834983764 ||0.07384113067375
   2   ||Nontargeted q || limited ||                   2 ||22.06548931833
   3   ||     sigma || limited ||      2.670785204889 ||0.143474687602
   4   ||  Biomass1 || limited ||      1.143111919766 ||0.07831919539372
   5   ||  Biomass2 || limited ||      1.078772990219 ||0.06972239552219
   6   ||  vm_sigma || limited ||      23.57593249302 ||1.223633830546
   7   ||Recruit year 1 || limited ||      7.554593995748 ||0.3994122805562
   8   ||Recruit year 2 || limited ||       7.57096809667 ||0.3995915000405
   9   ||Recruit year 3 || limited ||      7.353570332809 ||0.3840391135927
  10   ||Recruit year 4 || limited ||       5.47580037997 ||0.2991782184989
  11   ||Mean Rec dist 1 || limited ||     0.3473330245777 ||0.007696493106603
  12   ||Mean Rec dist 2 || limited ||     0.3677594880027 ||0.00782091573728
  13   ||Mean Rec dist 3 || limited ||     0.2062229030054 ||0.007934481248905
  14   ||Mean Rec dist 4 || limited ||     0.6188434147854 ||0.01097227761716





