# Minimum negative log likelihood

Minuit did successfully converge.
# of function calls: 1609
minimum function Value: 572.7154407018
minimum edm: 4.323785454156e-05
minimum internal state vector: LAVector parameters:
    -0.6721391626799
    -0.9348942446147
     -1.287002217587
     -1.178517145126
     -1.437274638105
     -1.446376587303
      2.536844298429
     -1.371916493496
      -1.35914424463
      -1.27499049409
     -1.394299927321
    0.08720663741805
     0.1071702115031
    0.02182660447834
    0.05616951599083

minimum internal covariance matrix: LASymMatrix parameters:
    0.014069611 -0.00067555645              0   0.0002677165  0.00013917749  0.00012781782   0.0063510224  0.00043947155  0.00043756568  0.00056076725  0.00031978753  5.3791514e-05  4.4158614e-05   3.922456e-05  5.6894513e-05
 -0.00067555645  5.5958315e-05              0 -1.4498244e-05 -1.2238288e-05 -1.0647698e-05 -0.00012453318  -2.240949e-05 -1.9673515e-05 -2.9505744e-05 -1.9850634e-05 -1.3762018e-06 -9.7313916e-07  -1.100622e-06  8.3221509e-07
              0              0              2              0              0              0              0              0              0              0              0              0              0              0              0
   0.0002677165 -1.4498244e-05              0  0.00025006626   4.907887e-06  4.1077622e-06  0.00010264181  1.1848521e-05   5.437468e-06  4.6012944e-06    2.36469e-06  1.0577339e-05 -2.4308045e-06  1.1287346e-06  7.8762598e-07
  0.00013917749 -1.2238288e-05              0   4.907887e-06  7.1323263e-06  5.7105675e-06  4.6769681e-05  3.3145547e-06  5.1168969e-06  5.2857825e-06  5.5279869e-06  8.9656132e-07 -4.2015923e-07  5.5227966e-07  8.3481417e-07
  0.00012781782 -1.0647698e-05              0  4.1077622e-06  5.7105675e-06  4.6599946e-06  4.1285473e-05  3.1057092e-06  4.5052853e-06  4.9232639e-06  4.8754134e-06  7.4306094e-07 -2.9534077e-07  4.8246867e-07  6.0840332e-07
   0.0063510224 -0.00012453318              0  0.00010264181  4.6769681e-05  4.1285473e-05    0.029778477   0.0001223859  0.00018565606  0.00022309701  0.00017763876  8.4226341e-05  7.2754208e-05  9.2513738e-05  0.00010916568
  0.00043947155  -2.240949e-05              0  1.1848521e-05  3.3145547e-06  3.1057092e-06   0.0001223859  2.5782913e-05  1.3881171e-05  1.7897864e-05  4.9029804e-06  1.8412169e-06  2.2651835e-06 -4.3698844e-07  5.8080598e-07
  0.00043756568 -1.9673515e-05              0   5.437468e-06  5.1168969e-06  4.5052853e-06  0.00018565606  1.3881171e-05  2.2011473e-05  1.5905435e-05  9.7798969e-06  1.8512858e-06  8.7428735e-07  7.7063481e-07  4.0177742e-06
  0.00056076725 -2.9505744e-05              0  4.6012944e-06  5.2857825e-06  4.9232639e-06  0.00022309701  1.7897864e-05  1.5905435e-05  3.0646827e-05  1.3613321e-05  3.7468024e-07   2.515482e-06  1.6097477e-06    3.77118e-07
  0.00031978753 -1.9850634e-05              0    2.36469e-06  5.5279869e-06  4.8754134e-06  0.00017763876  4.9029804e-06  9.7798969e-06  1.3613321e-05  2.0813385e-05  7.0415759e-07 -1.4047143e-07  2.1044068e-06  9.1885886e-07
  5.3791514e-05 -1.3762018e-06              0  1.0577339e-05  8.9656132e-07  7.4306094e-07  8.4226341e-05  1.8412169e-06  1.8512858e-06  3.7468024e-07  7.0415759e-07  3.7711867e-06 -4.3329163e-07  3.6171438e-07  9.1749817e-07
  4.4158614e-05 -9.7313916e-07              0 -2.4308045e-06 -4.2015923e-07 -2.9534077e-07  7.2754208e-05  2.2651835e-06  8.7428735e-07   2.515482e-06 -1.4047143e-07 -4.3329163e-07  2.4276014e-06  6.7469507e-08  2.1155055e-08
   3.922456e-05  -1.100622e-06              0  1.1287346e-06  5.5227966e-07  4.8246867e-07  9.2513738e-05 -4.3698844e-07  7.7063481e-07  1.6097477e-06  2.1044068e-06  3.6171438e-07  6.7469507e-08   1.083021e-06  4.0455663e-07
  5.6894513e-05  8.3221509e-07              0  7.8762598e-07  8.3481417e-07  6.0840332e-07  0.00010916568  5.8080598e-07  4.0177742e-06    3.77118e-07  9.1885886e-07  9.1749817e-07  2.1155055e-08  4.0455663e-07  4.5646666e-06


# ext. ||   Name    ||   type  ||     Value     ||  Error +/- 

   0   ||Natural mortality || limited ||    0.02943346782519 ||0.001638839249069
   1   ||Targeted q || limited ||      9.773186294191 ||0.1570728740546
   2   ||Nontargeted q || limited ||                   2 ||22.06548931833
   3   ||     sigma || limited ||      3.797993007799 ||0.2137335237826
   4   ||  Biomass1 || limited ||      4.450392624408 ||0.125698751102
   5   ||  Biomass2 || limited ||      3.865077994111 ||0.09471434408329
   6   ||  vm_sigma || limited ||      62.74241891626 ||4.005208369463
   7   ||Recruit year 1 || limited ||      0.995476158379 ||0.03546505530733
   8   ||Recruit year 2 || limited ||      1.125629061352 ||0.03484259828447
   9   ||Recruit year 3 || limited ||      2.181405637277 ||0.05705028757287
  10   ||Recruit year 4 || limited ||     0.7866772659372 ||0.02831789105338
  11   ||Mean Rec dist 1 || limited ||     0.8709614506294 ||0.01367950496583
  12   ||Mean Rec dist 2 || limited ||      1.069651795229 ||0.01095405163368
  13   ||Mean Rec dist 3 || limited ||     0.2182487148481 ||0.007356986173382
  14   ||Mean Rec dist 4 || limited ||     0.5613998470998 ||0.01508356166121





