# Minimum negative log likelihood

Minuit did successfully converge.
# of function calls: 646
minimum function Value: 588.7311617096
minimum edm: 2.544816292719e-05
minimum internal state vector: LAVector parameters:
    -0.3126092943258
      -1.09112219099
     -1.287002217587
     -1.162889549444
     -1.531454284973
     -1.535123721158
    -0.4617081716183
   -0.06192288407535
     -1.296361114152
     -1.241432662455
     -1.156658964578
     -1.094895995185

minimum internal covariance matrix: LASymMatrix parameters:
    0.064440192  -0.0052103013              0 -7.2333762e-06  0.00038551359  0.00038779313   4.898458e-05 -0.00011441095   0.0032298958   0.0038087478   0.0039903881   0.0057493724
  -0.0052103013  0.00043085644              0  2.8752295e-08 -3.1812371e-05 -3.2031716e-05  -5.948947e-07 -6.2141968e-05 -0.00026199847 -0.00030912475 -0.00032344016 -0.00046703829
              0              0              2              0              0              0              0              0              0              0              0              0
 -7.2333762e-06  2.8752295e-08              0  0.00020050726  3.9488217e-07  2.5794302e-07 -6.9546673e-07  1.8789501e-05 -5.6995937e-07 -4.9961172e-07 -1.8774234e-07  -7.477093e-07
  0.00038551359 -3.1812371e-05              0  3.9488217e-07  8.5532638e-06  7.1871072e-06  1.6404097e-07 -3.3919761e-06  2.0259891e-05  2.2639661e-05  2.4015555e-05   3.445438e-05
  0.00038779313 -3.2031716e-05              0  2.5794302e-07  7.1871072e-06  6.2953519e-06  1.7907295e-07 -3.1403694e-07  1.9739535e-05  2.2873921e-05  2.4154698e-05   3.468701e-05
   4.898458e-05  -5.948947e-07              0 -6.9546673e-07  1.6404097e-07  1.7907295e-07  4.3173343e-06 -5.7222968e-05  1.9193557e-06  2.5475128e-06  2.9071131e-06   3.699396e-06
 -0.00011441095 -6.2141968e-05              0  1.8789501e-05 -3.3919761e-06 -3.1403694e-07 -5.7222968e-05   0.0038596903 -7.2654353e-06  4.0109562e-06 -4.6437294e-06  -1.799619e-06
   0.0032298958 -0.00026199847              0 -5.6995937e-07  2.0259891e-05  1.9739535e-05  1.9193557e-06 -7.2654353e-06   0.0001716122  0.00019063243  0.00019997096  0.00028801397
   0.0038087478 -0.00030912475              0 -4.9961172e-07  2.2639661e-05  2.2873921e-05  2.5475128e-06  4.0109562e-06  0.00019063243  0.00023362961  0.00023542129  0.00033964906
   0.0039903881 -0.00032344016              0 -1.8774234e-07  2.4015555e-05  2.4154698e-05  2.9071131e-06 -4.6437294e-06  0.00019997096  0.00023542129  0.00025510361  0.00035568912
   0.0057493724 -0.00046703829              0  -7.477093e-07   3.445438e-05   3.468701e-05   3.699396e-06  -1.799619e-06  0.00028801397  0.00033964906  0.00035568912  0.00052186606


# ext. ||   Name    ||   type  ||     Value     ||  Error +/- 

   0   ||Natural mortality || limited ||    0.03731143715697 ||0.004247107095374
   1   ||Targeted q || limited ||      5.642732350895 ||0.3386632768775
   2   ||Nontargeted q || limited ||                   2 ||22.06548931833
   3   ||     sigma || limited ||      4.102340446899 ||0.1985924094682
   4   ||  Biomass1 || limited ||     0.3868991563885 ||0.04066918673695
   5   ||  Biomass2 || limited ||     0.3180999633142 ||0.03163788935576
   6   ||   vm_mean || limited ||     -1.399510631982 ||0.004132450643569
   7   ||  vm_sigma || limited ||      37.52519820722 ||1.753246284518
   8   ||Recruit year 1 || limited ||      1.880892372176 ||0.1255029874946
   9   ||Recruit year 2 || limited ||      2.697313636174 ||0.174768066655
  10   ||Recruit year 3 || limited ||      4.236387977437 ||0.2272055916532
  11   ||Recruit year 4 || limited ||      5.565414153553 ||0.3699724645806





