# Minimum negative log likelihood

Minuit did successfully converge.
# of function calls: 1759
minimum function Value: 487.2902636818
minimum edm: 1.56502016104e-05
minimum internal state vector: LAVector parameters:
     0.4898214856575
     -1.088604316082
     -1.287002217587
     -1.252031903173
     -1.458733045208
     -1.466027391255
    -0.7476095200296
    -0.9880822968526
     -1.255804993482
      -1.43593384089
    -0.9295616103735
     0.0680837330286
    0.09901137711483
    0.04750354028987
    0.03143558300109

minimum internal covariance matrix: LASymMatrix parameters:
   0.0061471963 -0.00041946708              0  9.0839016e-05  0.00010058748  9.1758066e-05 -0.00050947089  0.00079830994  0.00042769725  0.00018582661  0.00080101874  3.7755939e-05  3.0766725e-05  5.0545761e-05  3.2503573e-05
 -0.00041946708  3.6457325e-05              0 -8.5302123e-06 -9.0926166e-06 -8.2274516e-06  2.3037345e-05 -5.8484556e-05 -3.1521998e-05 -1.3727958e-05 -6.0059432e-05  -1.745666e-06 -1.2960727e-06 -3.2129129e-06 -1.4166721e-06
              0              0              2              0              0              0              0              0              0              0              0              0              0              0              0
  9.0839016e-05 -8.5302123e-06              0  0.00014769332  1.6349829e-06  1.5511085e-06 -1.1261966e-06  1.5261571e-05  1.0382026e-05  3.3990714e-06  1.2955679e-05  4.9856724e-07  -1.683085e-06  4.9538707e-06 -1.1004821e-07
  0.00010058748 -9.0926166e-06              0  1.6349829e-06  6.0011168e-06  5.0905638e-06 -5.8117921e-06  1.4435523e-05  7.7387685e-06  2.7522099e-06  1.4217476e-05  3.8270859e-07  1.5817964e-07  7.5124645e-07  3.0807333e-07
  9.1758066e-05 -8.2274516e-06              0  1.5511085e-06  5.0905638e-06  4.3606255e-06 -5.2014206e-06  1.3094068e-05  7.0446081e-06  2.6224931e-06  1.2921067e-05  3.6009138e-07  1.6451095e-07  6.9861265e-07  2.8250935e-07
 -0.00050947089  2.3037345e-05              0 -1.1261966e-06 -5.8117921e-06 -5.2014206e-06  0.00016748067 -5.6026299e-05 -2.8733759e-05 -1.4242068e-05 -6.1661323e-05 -7.2927405e-06 -5.9315053e-06 -6.1382217e-06 -7.2370228e-06
  0.00079830994 -5.8484556e-05              0  1.5261571e-05  1.4435523e-05  1.3094068e-05 -5.6026299e-05   0.0001124112  5.5808429e-05  2.5040331e-05  0.00010601586  4.0587953e-06  3.1234559e-06  7.0749509e-06  3.5950071e-06
  0.00042769725 -3.1521998e-05              0  1.0382026e-05  7.7387685e-06  7.0446081e-06 -2.8733759e-05  5.5808429e-05  3.8219084e-05   1.217778e-05  5.7440725e-05  2.1880624e-06  1.4686281e-06  3.2329011e-06  1.9225444e-06
  0.00018582661 -1.3727958e-05              0  3.3990714e-06  2.7522099e-06  2.6224931e-06 -1.4242068e-05  2.5040331e-05   1.217778e-05  1.1858977e-05  2.4455935e-05  1.1715041e-06  3.2929733e-07  5.9296253e-07  7.7744574e-07
  0.00080101874 -6.0059432e-05              0  1.2955679e-05  1.4217476e-05  1.2921067e-05 -6.1661323e-05  0.00010601586  5.7440725e-05  2.4455935e-05  0.00011437506  4.5431718e-06  3.6566079e-06   6.653846e-06   4.100504e-06
  3.7755939e-05  -1.745666e-06              0  4.9856724e-07  3.8270859e-07  3.6009138e-07 -7.2927405e-06  4.0587953e-06  2.1880624e-06  1.1715041e-06  4.5431718e-06  7.4021717e-07  3.3890571e-07  3.9901925e-07  3.4689656e-07
  3.0766725e-05 -1.2960727e-06              0  -1.683085e-06  1.5817964e-07  1.6451095e-07 -5.9315053e-06  3.1234559e-06  1.4686281e-06  3.2929733e-07  3.6566079e-06  3.3890571e-07  1.8505086e-06  6.0545048e-07  2.7517531e-07
  5.0545761e-05 -3.2129129e-06              0  4.9538707e-06  7.5124645e-07  6.9861265e-07 -6.1382217e-06  7.0749509e-06  3.2329011e-06  5.9296253e-07   6.653846e-06  3.9901925e-07  6.0545048e-07  6.5238826e-06  3.6066167e-07
  3.2503573e-05 -1.4166721e-06              0 -1.1004821e-07  3.0807333e-07  2.8250935e-07 -7.2370228e-06  3.5950071e-06  1.9225444e-06  7.7744574e-07   4.100504e-06  3.4689656e-07  2.7517531e-07  3.6066167e-07  6.1150628e-07


# ext. ||   Name    ||   type  ||     Value     ||  Error +/- 

   0   ||Natural mortality || limited ||    0.05676170929008 ||0.001222404250075
   1   ||Targeted q || limited ||      5.700971613731 ||0.0989929187494
   2   ||Nontargeted q || limited ||                   2 ||22.06548931833
   3   ||     sigma || limited ||      2.518831778968 ||0.1346542366655
   4   ||  Biomass1 || limited ||      3.136260564607 ||0.09685561279005
   5   ||  Biomass2 || limited ||      2.741623294113 ||0.07720883088805
   6   ||  vm_sigma || limited ||      12.80533088274 ||0.2684152171134
   7   ||Recruit year 1 || limited ||      8.260563976345 ||0.2062555209698
   8   ||Recruit year 2 || limited ||      2.469800797282 ||0.06770851353022
   9   ||Recruit year 3 || limited ||     0.4639631041368 ||0.01636849055341
  10   ||Recruit year 4 || limited ||      9.941117806591 ||0.2261563960104
  11   ||Mean Rec dist 1 || limited ||     0.6803114605558 ||0.0060695600119
  12   ||Mean Rec dist 2 || limited ||     0.9884968413108 ||0.009571902324322
  13   ||Mean Rec dist 3 || limited ||     0.4748567633221 ||0.01804046138161
  14   ||Mean Rec dist 4 || limited ||     0.3143040583798 ||0.005526762757767





