# Minimum negative log likelihood

Minuit did successfully converge.
# of function calls: 1614
minimum function Value: 613.3591130685
minimum edm: 5.890157885499e-05
minimum internal state vector: LAVector parameters:
     -1.533866294808
      -1.20377019949
     -1.287002217587
      -1.13767228028
     -1.493873483029
     -1.494513681597
    -0.1184010456254
    -0.1283580774108
     -1.105124495318
      -1.47007030353
     -1.077055101109
     -1.254163758489

minimum internal covariance matrix: LASymMatrix parameters:
      1.2440807  -0.0074645213              0  0.00028178676   0.0013406287    0.001296444   5.572898e-05   0.0051994375   0.0091547819    0.001417657    0.010185528   0.0064836682
  -0.0074645213  5.9092895e-05              0 -2.6334549e-06 -1.1360584e-05 -1.0950694e-05  5.5426996e-06 -0.00015858457 -6.1007561e-05  5.1866264e-06 -6.7036335e-05 -4.0684675e-05
              0              0              2              0              0              0              0              0              0              0              0              0
  0.00028178676 -2.6334549e-06              0   0.0002364986  2.1539199e-06  1.9451826e-06  3.4516426e-07 -7.6938516e-05  5.3593221e-06 -2.1590316e-06  1.9002975e-06  4.9887592e-06
   0.0013406287 -1.1360584e-05              0  2.1539199e-06  1.5813542e-05  1.4030244e-05 -1.1360971e-06  9.9832186e-06  1.3679923e-05 -1.3062463e-06  1.2720643e-05  7.8513187e-06
    0.001296444 -1.0950694e-05              0  1.9451826e-06  1.4030244e-05  1.2533638e-05 -1.0381194e-06  1.4735475e-05  1.2720453e-05  -1.114809e-06  1.2295242e-05  7.5565587e-06
   5.572898e-05  5.5426996e-06              0  3.4516426e-07 -1.1360971e-06 -1.0381194e-06   8.530051e-06 -0.00017589169 -2.6015808e-06  4.9351745e-06 -1.5709066e-06 -7.6700769e-07
   0.0051994375 -0.00015858457              0 -7.6938516e-05  9.9832186e-06  1.4735475e-05 -0.00017589169    0.008946137  5.5051349e-05 -8.0869233e-05  8.2323638e-05  2.3709437e-05
   0.0091547819 -6.1007561e-05              0  5.3593221e-06  1.3679923e-05  1.2720453e-05 -2.6015808e-06  5.5051349e-05  8.2275579e-05 -1.9357516e-06  7.5630496e-05  4.8595575e-05
    0.001417657  5.1866264e-06              0 -2.1590316e-06 -1.3062463e-06  -1.114809e-06  4.9351745e-06 -8.0869233e-05 -1.9357516e-06  4.9064174e-05  6.0629748e-06  5.5194757e-06
    0.010185528 -6.7036335e-05              0  1.9002975e-06  1.2720643e-05  1.2295242e-05 -1.5709066e-06  8.2323638e-05  7.5630496e-05  6.0629748e-06  9.4398412e-05  5.2014383e-05
   0.0064836682 -4.0684675e-05              0  4.9887592e-06  7.8513187e-06  7.5565587e-06 -7.6700769e-07  2.3709437e-05  4.8595575e-05  5.5194757e-06  5.2014383e-05  4.7872712e-05


# ext. ||   Name    ||   type  ||     Value     ||  Error +/- 

   0   ||Natural mortality || limited ||    0.02001704590334 ||0.007375680759604
   1   ||Targeted q || limited ||      3.330069021531 ||0.0975265405794
   2   ||Nontargeted q || limited ||                   2 ||22.06548931833
   3   ||     sigma || limited ||      4.617050379097 ||0.2281962011538
   4   ||  Biomass1 || limited ||      1.478551693042 ||0.1080428332914
   5   ||  Biomass2 || limited ||      1.454055183703 ||0.09538884675228
   6   ||   vm_mean || limited ||    -0.3710993731259 ||0.006442569238154
   7   ||  vm_sigma || limited ||      34.88032797341 ||2.651221278656
   8   ||Recruit year 1 || limited ||      5.333462632507 ||0.1439835405867
   9   ||Recruit year 2 || limited ||     0.2634035739526 ||0.02489998641775
  10   ||Recruit year 3 || limited ||      5.981104321927 ||0.1627791707655
  11   ||Recruit year 4 || limited ||      2.495285670645 ||0.07616023038278





