# Minimum negative log likelihood

Minuit did successfully converge.
# of function calls: 1211
minimum function Value: 490.0016091148
minimum edm: 3.852101816312e-05
minimum internal state vector: LAVector parameters:
     0.2667996951662
     -1.025045758456
     -1.287002217587
     -1.249939296819
      -1.55112102795
     -1.552767122429
   -0.06187807398034
      3.190868889622
     -1.360291509103
      -1.26296870352
     -1.327465274103
     -1.079325004143

minimum internal covariance matrix: LASymMatrix parameters:
    0.042395656  -0.0032901432              0 -0.00022428873  0.00010961941  0.00010929238  8.8236139e-05   0.0020099711   0.0011837214   0.0018236438   0.0016340542   0.0032000285
  -0.0032901432  0.00026546605              0  1.7457224e-05 -8.7518638e-06 -8.7590653e-06 -4.5705542e-06 -0.00010703759 -9.2741124e-05  -0.0001427482  -0.0001278234 -0.00025079397
              0              0      12.484558              0              0              0              0              0              0              0              0              0
 -0.00022428873  1.7457224e-05              0  0.00013164157 -1.7018317e-06 -1.4424427e-06 -1.6901579e-06 -2.0908625e-05 -6.6531978e-06 -1.0232322e-05 -8.9019107e-06 -1.6741569e-05
  0.00010961941 -8.7518638e-06              0 -1.7018317e-06  3.5604802e-06  2.9310627e-06  1.2711124e-07  5.5595328e-06  3.1615018e-06  4.7617006e-06  4.2665561e-06  8.3855099e-06
  0.00010929238 -8.7590653e-06              0 -1.4424427e-06  2.9310627e-06  2.4455707e-06  1.2939753e-07  4.6401015e-06  3.1132191e-06  4.7191269e-06  4.2439554e-06  8.3619545e-06
  8.8236139e-05 -4.5705542e-06              0 -1.6901579e-06  1.2711124e-07  1.2939753e-07  1.7897034e-06  2.8260613e-05  2.2660378e-06  3.5110359e-06  3.1570751e-06  6.1369203e-06
   0.0020099711 -0.00010703759              0 -2.0908625e-05  5.5595328e-06  4.6401015e-06  2.8260613e-05   0.0014935388  5.3716684e-05  8.2434817e-05  7.3523708e-05   0.0001404177
   0.0011837214 -9.2741124e-05              0 -6.6531978e-06  3.1615018e-06  3.1132191e-06  2.2660378e-06  5.3716684e-05  3.6654145e-05  5.0767434e-05  4.5631543e-05  8.9605681e-05
   0.0018236438  -0.0001427482              0 -1.0232322e-05  4.7617006e-06  4.7191269e-06  3.5110359e-06  8.2434817e-05  5.0767434e-05    8.20273e-05   7.021267e-05  0.00013805095
   0.0016340542  -0.0001278234              0 -8.9019107e-06  4.2665561e-06  4.2439554e-06  3.1570751e-06  7.3523708e-05  4.5631543e-05   7.021267e-05  6.6866783e-05  0.00012337157
   0.0032000285 -0.00025079397              0 -1.6741569e-05  8.3855099e-06  8.3619545e-06  6.1369203e-06   0.0001404177  8.9605681e-05  0.00013805095  0.00012337157  0.00024547261


# ext. ||   Name    ||   type  ||     Value     ||  Error +/- 

   0   ||Natural mortality || limited ||    0.05159114288429 ||0.003498696967921
   1   ||Targeted q || limited ||      7.263102912858 ||0.2989972983863
   2   ||Nontargeted q || limited ||                   2 ||89.00727481648
   3   ||     sigma || limited ||      2.551726173167 ||0.1279324954928
   4   ||  Biomass1 || limited ||    0.09677622411952 ||0.01312509573248
   5   ||  Biomass2 || limited ||    0.08126085131044 ||0.00996777125134
   6   ||   vm_mean || limited ||    -0.1942716728928 ||0.002966151833658
   7   ||  vm_sigma || limited ||      38.03027275645 ||1.09160692956
   8   ||Recruit year 1 || limited ||      1.113611834682 ||0.04472204518572
   9   ||Recruit year 2 || limited ||      2.360063744574 ||0.09700962043674
  10   ||Recruit year 3 || limited ||      1.482813333566 ||0.06964944371285
  11   ||Recruit year 4 || limited ||      5.927435132432 ||0.2613821270239





