# Minimum negative log likelihood

Minuit did successfully converge.
# of function calls: 982
minimum function Value: 541.0933158665
minimum edm: 4.671867274936e-05
minimum internal state vector: LAVector parameters:
      3.083415312637
      -1.00692275078
     -1.287002217587
     -1.207569025812
     -1.442041808488
     -1.444989823362
     0.9847026321742
    -0.3733575348616
    -0.9440038265134
     -1.129617741604
     -1.460434827029
     -1.141771017789

minimum internal covariance matrix: LASymMatrix parameters:
    0.065953642   0.0049373814              0 -8.0854455e-05  -0.0010977576  -0.0010284876 -0.00013901373  0.00045674923  -0.0053796689  -0.0043316545  -0.0010710764  -0.0038577457
   0.0049373814  0.00037699268              0 -4.3258244e-06 -8.4256928e-05 -7.8629229e-05 -6.9685065e-06  1.5613201e-05 -0.00040425096 -0.00032516915 -8.0941954e-05 -0.00029039397
              0              0              2              0              0              0              0              0              0              0              0              0
 -8.0854455e-05 -4.3258244e-06              0  0.00021949373  6.5219999e-07 -2.7470994e-08 -2.2022785e-06 -4.1196061e-05  6.3191116e-06  4.5406456e-06  2.7816766e-06  1.5445611e-05
  -0.0010977576 -8.4256928e-05              0  6.5219999e-07  2.2305797e-05  2.0369554e-05  1.2099906e-06 -1.7019499e-06  9.0040189e-05  7.2485465e-05  1.7958353e-05  6.4418123e-05
  -0.0010284876 -7.8629229e-05              0 -2.7470994e-08  2.0369554e-05  1.8712903e-05  1.3954802e-06 -1.8462222e-06  8.4200649e-05  6.7795193e-05  1.6790592e-05  6.0193894e-05
 -0.00013901373 -6.9685065e-06              0 -2.2022785e-06  1.2099906e-06  1.3954802e-06  5.9085157e-06 -2.7392916e-05  1.0585374e-05  8.5994434e-06  1.1995969e-06  1.0090538e-05
  0.00045674923  1.5613201e-05              0 -4.1196061e-05 -1.7019499e-06 -1.8462222e-06 -2.7392916e-05  0.00049913924 -4.3798351e-05 -3.6429713e-05  3.7709656e-06 -4.8625411e-05
  -0.0053796689 -0.00040425096              0  6.3191116e-06  9.0040189e-05  8.4200649e-05  1.0585374e-05 -4.3798351e-05   0.0004454523  0.00035476963  8.7152186e-05  0.00031527049
  -0.0043316545 -0.00032516915              0  4.5406456e-06  7.2485465e-05  6.7795193e-05  8.5994434e-06 -3.6429713e-05  0.00035476963  0.00029101162  6.9811091e-05  0.00025321939
  -0.0010710764 -8.0941954e-05              0  2.7816766e-06  1.7958353e-05  1.6790592e-05  1.1995969e-06  3.7709656e-06  8.7152186e-05  6.9811091e-05  2.3167386e-05  6.2509916e-05
  -0.0038577457 -0.00029039397              0  1.5445611e-05  6.4418123e-05  6.0193894e-05  1.0090538e-05 -4.8625411e-05  0.00031527049  0.00025321939  6.2509916e-05  0.00024801919


# ext. ||   Name    ||   type  ||     Value     ||  Error +/- 

   0   ||Natural mortality || limited ||    0.04645361321598 ||0.004507331074745
   1   ||Targeted q || limited ||      7.740441515367 ||0.3668819724381
   2   ||Nontargeted q || limited ||                   2 ||22.06548931833
   3   ||     sigma || limited ||      3.262247161357 ||0.1860992162855
   4   ||  Biomass1 || limited ||      4.138709221545 ||0.2144000855649
   5   ||  Biomass2 || limited ||      3.951603023334 ||0.19190301046
   6   ||   vm_mean || limited ||      2.617284872524 ||0.002986661868653
   7   ||  vm_sigma || limited ||      25.41093399593 ||0.5883454438658
   8   ||Recruit year 1 || limited ||      9.513398054888 ||0.4376239508505
   9   ||Recruit year 2 || limited ||      4.797069794558 ||0.2575073778115
  10   ||Recruit year 3 || limited ||     0.3141521726715 ||0.01874066082024
  11   ||Recruit year 4 || limited ||      4.540964955266 ||0.2315914608253





