# Minimum negative log likelihood

Minuit did successfully converge.
# of function calls: 830
minimum function Value: 1036.230449868
minimum edm: 4.422906761346e-05
minimum internal state vector: LAVector parameters:
    -0.6662842035925
     -1.139370216737
     -1.287002217587
    -0.2993662262922
     -1.541102106574
     -1.480341108769
      1.570817136396
    -0.5803309841397
     -1.389989780007
     -1.270753529606
     -1.570983624187
     -1.058719352176

minimum internal covariance matrix: LASymMatrix parameters:
   0.0043396496  -0.0010180448              0  0.00042517889  -0.0016957451 -6.4316646e-05 -6.4059999e-06   0.0028134069   0.0046735593 -0.00061097508  0.00058274533   0.0011883113
  -0.0010180448   0.0011223047              0 -0.00014033037  0.00020791051 -9.7227614e-05  1.5969932e-05  -0.0060409531  -0.0029409097  0.00049471635 -0.00022095412 -0.00080771409
              0              0              2              0              0              0              0              0              0              0              0              0
  0.00042517889 -0.00014033037              0   0.0026150208  7.2610371e-06  2.4973104e-05 -7.7683786e-06 -3.4165715e-05    0.000122326  0.00010654687  4.8862001e-06  0.00017755028
  -0.0016957451  0.00020791051              0  7.2610371e-06   0.0017602161  0.00034340403  8.1136267e-06   0.0022091004  0.00022553307 -0.00044399814  2.5397801e-05 -0.00044901524
 -6.4316646e-05 -9.7227614e-05              0  2.4973104e-05  0.00034340403  0.00013022008 -1.5061906e-07   0.0018370471  0.00080790574 -0.00023580384  5.7644685e-05  4.2957998e-05
 -6.4059999e-06  1.5969932e-05              0 -7.7683786e-06  8.1136267e-06 -1.5061906e-07  0.00015899765  -0.0001268234 -1.8236716e-05 -1.2933718e-05 -5.6915457e-05  1.8077279e-05
   0.0028134069  -0.0060409531              0 -3.4165715e-05   0.0022091004   0.0018370471  -0.0001268234     0.14301855    0.020097109  -0.0040240049   0.0013116176   0.0065294745
   0.0046735593  -0.0029409097              0    0.000122326  0.00022553307  0.00080790574 -1.8236716e-05    0.020097109     0.01432312  -0.0023542336  0.00012077651   0.0028597417
 -0.00061097508  0.00049471635              0  0.00010654687 -0.00044399814 -0.00023580384 -1.2933718e-05  -0.0040240049  -0.0023542336  0.00098738592  0.00013438929 -0.00055912571
  0.00058274533 -0.00022095412              0  4.8862001e-06  2.5397801e-05  5.7644685e-05 -5.6915457e-05   0.0013116176  0.00012077651  0.00013438929    0.044795533   0.0002521871
   0.0011883113 -0.00080771409              0  0.00017755028 -0.00044901524  4.2957998e-05  1.8077279e-05   0.0065294745   0.0028597417 -0.00055912571   0.0002521871   0.0017542638


# ext. ||   Name    ||   type  ||     Value     ||  Error +/- 

   0   ||Natural mortality || limited ||    0.05728962225114 ||0.005490822670744
   1   ||Targeted q || limited ||      4.581483904509 ||0.4952439480876
   2   ||Nontargeted q || limited ||                   2 ||22.06548931833
   3   ||     sigma || limited ||      35.25426598988 ||1.727186938684
   4   ||  Biomass1 || limited ||     0.2204204816658 ||0.4403341793441
   5   ||  Biomass2 || limited ||      2.044142257362 ||0.3644437372652
   6   ||   vm_mean || limited ||       3.14159265291** ||0.000124875636212
   7   ||  vm_sigma || limited ||      18.06874364481 ||8.838929665707
   8   ||Recruit year 1 || limited ||     0.8249696412582 ||0.7599013431143
   9   ||Recruit year 2 || limited ||      2.243584578368 ||0.3282967383035
  10   ||Recruit year 3 || limited ||    0.01000087692012 ||0.558843921048
  11   ||Recruit year 4 || limited ||      6.422923933921 ||0.7254069996613

** Parameter is at Upper limit




