# Minimum negative log likelihood

Minuit did successfully converge.
# of function calls: 929
minimum function Value: 718.5810750494
minimum edm: 1.927693088161e-05
minimum internal state vector: LAVector parameters:
    -0.7025517095229
     -1.152456312024
     -1.287002217587
     -1.010006403493
     -1.346411432676
     -1.354832262989
    -0.3006051433186
     -1.116502807321
     -1.166820241365
    -0.9817978190019
     -1.175705101769
      0.102015160831
    0.09023285753598
    0.05471234421153
     0.1093250744258

minimum internal covariance matrix: LASymMatrix parameters:
    0.056645304  -0.0033102614              0 -0.00012003761   0.0018841358   0.0017651801   -0.014651599   0.0060359787   0.0053234526    0.007981757   0.0051196879  0.00032401926  0.00033739126  0.00034820656  0.00029361477
  -0.0033102614  0.00021216125              0  6.4343373e-06 -0.00012133229 -0.00011327704  0.00070658443 -0.00035868196  -0.0003138103 -0.00047261766 -0.00031150361 -1.6243604e-05  -1.903795e-05 -1.7556886e-05 -1.6235774e-05
              0              0              2              0              0              0              0              0              0              0              0              0              0              0              0
 -0.00012003761  6.4343373e-06              0  0.00040588954 -4.4870332e-06 -4.0494999e-06 -3.2891293e-05 -1.3677146e-05  -9.407172e-06 -1.5549033e-05 -1.4019872e-05  2.2728787e-07 -3.9298222e-06 -1.0536643e-06  -9.429856e-07
   0.0018841358 -0.00012133229              0 -4.4870332e-06  8.9862252e-05  8.2056309e-05 -0.00041371906  0.00020567508  0.00017840351  0.00026837596  0.00017750393  8.3575405e-06   1.133433e-05  9.9351276e-06  9.1704206e-06
   0.0017651801 -0.00011327704              0 -4.0494999e-06  8.2056309e-05  7.5192285e-05 -0.00038837803  0.00019222786  0.00016710411  0.00025138458  0.00016605069  8.0611147e-06  1.0501932e-05  9.3571135e-06  8.6048117e-06
   -0.014651599  0.00070658443              0 -3.2891293e-05 -0.00041371906 -0.00038837803    0.013151033  -0.0015214628  -0.0013294258  -0.0020110289  -0.0012610812 -0.00015646554 -0.00015551819 -0.00018382211 -0.00014609637
   0.0060359787 -0.00035868196              0 -1.3677146e-05  0.00020567508  0.00019222786  -0.0015214628  0.00067433906  0.00056895971  0.00085230469   0.0005504569  3.1821195e-05  3.7020508e-05  3.6361259e-05   3.100167e-05
   0.0053234526  -0.0003138103              0  -9.407172e-06  0.00017840351  0.00016710411  -0.0013294258  0.00056895971  0.00052642194  0.00074980062  0.00048244699  2.9691619e-05  2.9505038e-05  3.2651667e-05  2.7813787e-05
    0.007981757 -0.00047261766              0 -1.5549033e-05  0.00026837596  0.00025138458  -0.0020110289  0.00085230469  0.00074980062   0.0011553292  0.00072578112  4.5603632e-05  4.7330848e-05  4.7504657e-05   4.158326e-05
   0.0051196879 -0.00031150361              0 -1.4019872e-05  0.00017750393  0.00016605069  -0.0012610812   0.0005504569  0.00048244699  0.00072578112  0.00053565766  2.7289103e-05  3.0592412e-05  3.0017686e-05  3.0116337e-05
  0.00032401926 -1.6243604e-05              0  2.2728787e-07  8.3575405e-06  8.0611147e-06 -0.00015646554  3.1821195e-05  2.9691619e-05  4.5603632e-05  2.7289103e-05  8.5442275e-06  2.3726067e-06  2.8401804e-06  2.3168014e-06
  0.00033739126  -1.903795e-05              0 -3.9298222e-06   1.133433e-05  1.0501932e-05 -0.00015551819  3.7020508e-05  2.9505038e-05  4.7330848e-05  3.0592412e-05  2.3726067e-06  1.0312119e-05  2.3995248e-06  1.7655384e-06
  0.00034820656 -1.7556886e-05              0 -1.0536643e-06  9.9351276e-06  9.3571135e-06 -0.00018382211  3.6361259e-05  3.2651667e-05  4.7504657e-05  3.0017686e-05  2.8401804e-06  2.3995248e-06  5.0013494e-06   2.582996e-06
  0.00029361477 -1.6235774e-05              0  -9.429856e-07  9.1704206e-06  8.6048117e-06 -0.00014609637   3.100167e-05  2.7813787e-05   4.158326e-05  3.0116337e-05  2.3168014e-06  1.7655384e-06   2.582996e-06  1.0930248e-05


# ext. ||   Name    ||   type  ||     Value     ||  Error +/- 

   0   ||Natural mortality || limited ||    0.02884581892771 ||0.003195883663991
   1   ||Targeted q || limited ||      4.311772085043 ||0.2092028090612
   2   ||Nontargeted q || limited ||                   2 ||22.06548931833
   3   ||     sigma || limited ||      7.658237481643 ||0.3788242205025
   4   ||  Biomass1 || limited ||      12.53442165677 ||0.7457332913287
   5   ||  Biomass2 || limited ||      11.61487015261 ||0.6569604177162
   6   ||  vm_sigma || limited ||      28.15671732874 ||3.094699069955
   7   ||Recruit year 1 || limited ||       5.08092907879 ||0.4028285665191
   8   ||Recruit year 2 || limited ||      4.034329684235 ||0.318814206696
   9   ||Recruit year 3 || limited ||      8.434284811038 ||0.6674658115754
  10   ||Recruit year 4 || limited ||      3.861541988008 ||0.3149018188812
  11   ||Mean Rec dist 1 || limited ||      1.018383060049 ||0.02056161831074
  12   ||Mean Rec dist 2 || limited ||     0.9011046185855 ||0.02261456123983
  13   ||Mean Rec dist 3 || limited ||     0.5468505193791 ||0.0157898525905
  14   ||Mean Rec dist 4 || limited ||      1.091074294946 ||0.02323801792896





