# Minimum negative log likelihood

Minuit did successfully converge.
# of function calls: 710
minimum function Value: 349.408852419
minimum edm: 9.354248258311e-05
minimum internal state vector: LAVector parameters:
    -0.3487947078252
     -1.117571903016
     -1.287002217587
     -1.342456169976
      -1.51164486168
     -1.515449469512
    -0.5344458157186
    -0.8851365222653
     -1.125748996941
     -1.061467962927
     -1.374645987318
    -0.9758510171353

minimum internal covariance matrix: LASymMatrix parameters:
   0.0061552132 -0.00056433105              0   6.985648e-06  7.3784419e-05  6.7367592e-05  6.0936922e-06 -0.00010182898  0.00059262351  0.00058776773  0.00027392297  0.00073529914
 -0.00056433105   5.322464e-05              0 -5.1435231e-07 -6.8837939e-06 -6.3207535e-06  2.8174755e-07  5.9205419e-06  -5.464138e-05 -5.4177492e-05  -2.505525e-05 -6.7897241e-05
              0              0              2              0              0              0              0              0              0              0              0              0
   6.985648e-06 -5.1435231e-07              0  6.2898078e-05  1.1594475e-07  7.4405231e-08 -7.5000051e-08  5.1045806e-07  3.8465655e-07  6.4622411e-07    4.88028e-07  7.9707665e-07
  7.3784419e-05 -6.8837939e-06              0  1.1594475e-07  1.8272779e-06  1.4618528e-06 -3.5448274e-08 -1.3167548e-06  7.3943577e-06  7.0511394e-06  3.2914333e-06  8.8747077e-06
  6.7367592e-05 -6.3207535e-06              0  7.4405231e-08  1.4618528e-06  1.2434753e-06 -2.0776391e-08 -8.2948511e-07  6.5758296e-06  6.4646949e-06  2.9978272e-06  8.0910834e-06
  6.0936922e-06  2.8174755e-07              0 -7.5000051e-08 -3.5448274e-08 -2.0776391e-08  1.0141585e-06 -3.0634661e-06   3.405004e-07  4.0458087e-07  2.4954646e-07  4.8180221e-07
 -0.00010182898  5.9205419e-06              0  5.1045806e-07 -1.3167548e-06 -8.2948511e-07 -3.0634661e-06  2.9997915e-05 -9.5914182e-06 -8.8537025e-06 -4.6191095e-06 -1.1412482e-05
  0.00059262351  -5.464138e-05              0  3.8465655e-07  7.3943577e-06  6.5758296e-06   3.405004e-07 -9.5914182e-06   5.853688e-05  5.6448273e-05  2.6365798e-05   7.090786e-05
  0.00058776773 -5.4177492e-05              0  6.4622411e-07  7.0511394e-06  6.4646949e-06  4.0458087e-07 -8.8537025e-06  5.6448273e-05  5.7099739e-05  2.6113462e-05   7.035786e-05
  0.00027392297  -2.505525e-05              0    4.88028e-07  3.2914333e-06  2.9978272e-06  2.4954646e-07 -4.6191095e-06  2.6365798e-05  2.6113462e-05  1.3078783e-05  3.2695309e-05
  0.00073529914 -6.7897241e-05              0  7.9707665e-07  8.8747077e-06  8.0910834e-06  4.8180221e-07 -1.1412482e-05   7.090786e-05   7.035786e-05  3.2695309e-05  8.8842894e-05


# ext. ||   Name    ||   type  ||     Value     ||  Error +/- 

   0   ||Natural mortality || limited ||    0.03645586649798 ||0.001302724049513
   1   ||Targeted q || limited ||      5.048004467865 ||0.112940928743
   2   ||Nontargeted q || limited ||                   2 ||22.06548931833
   3   ||     sigma || limited ||      1.297826974714 ||0.06347068242187
   4   ||  Biomass1 || limited ||     0.8744689387332 ||0.0282533180242
   5   ||  Biomass2 || limited ||     0.7656231799987 ||0.02180945214947
   6   ||   vm_mean || limited ||     -1.600214872106 ||0.001925149179478
   7   ||  vm_sigma || limited ||      9.040829479322 ||0.09808753797956
   8   ||Recruit year 1 || limited ||      4.879998407632 ||0.1164388756993
   9   ||Recruit year 2 || limited ||      6.355755948269 ||0.1302513474909
  10   ||Recruit year 3 || limited ||     0.9686979604369 ||0.02491697673046
  11   ||Recruit year 4 || limited ||      8.600183294979 ||0.1867527534479





