# Minimum negative log likelihood

Minuit did successfully converge.
# of function calls: 1521
minimum function Value: 495.2208345656
minimum edm: 6.926602235893e-05
minimum internal state vector: LAVector parameters:
     0.6369551309487
     -1.368460175181
     -1.287002217587
     -1.245828621445
     -1.468495152178
     -1.471375214181
    -0.4209040047166
     -1.414923321332
    -0.9007472773879
    -0.9694136331896
     -1.099400978262
     0.1119074081823
     0.1114098609734
    0.02341720437949
     0.1175783845137

minimum internal covariance matrix: LASymMatrix parameters:
    0.020473491  -0.0025956021              0   5.687018e-05   0.0013386673   0.0012909072  -0.0041304366   0.0022771588   0.0099244885    0.008942653   0.0069010743  0.00013468078  0.00010866871  0.00015525798  9.7534992e-05
  -0.0025956021  0.00035349122              0 -1.2189499e-05 -0.00018174365 -0.00017519294  0.00042190149 -0.00030230718  -0.0013260464    -0.00118787 -0.00092579958 -1.5458379e-05 -1.1611866e-05 -1.8257568e-05 -1.2541679e-05
              0              0              2              0              0              0              0              0              0              0              0              0              0              0              0
   5.687018e-05 -1.2189499e-05              0  0.00013066802  6.7060465e-06  6.4866546e-06 -7.3307189e-05  8.1481031e-06  3.9375705e-05  3.5325473e-05  2.8659105e-05 -8.3810943e-07  6.3479217e-07 -4.3188494e-07  3.5223245e-06
   0.0013386673 -0.00018174365              0  6.7060465e-06  0.00010033401  9.6022247e-05  -0.0002176223  0.00015651942  0.00068330136  0.00061122926  0.00047696179  6.5252015e-06  6.0173118e-06  9.5393617e-06  6.3153073e-06
   0.0012909072 -0.00017519294              0  6.4866546e-06  9.6022247e-05   9.199476e-05 -0.00021075228  0.00015069339  0.00065866304  0.00058934943  0.00045973634   6.618735e-06  5.8158077e-06  9.1850453e-06   6.125941e-06
  -0.0041304366  0.00042190149              0 -7.3307189e-05  -0.0002176223 -0.00021075228   0.0049804649 -0.00039371827  -0.0016802455  -0.0015727675  -0.0011870821 -6.5088743e-05 -7.6972588e-05 -5.5906291e-05 -6.6185485e-05
   0.0022771588 -0.00030230718              0  8.1481031e-06  0.00015651942  0.00015069339 -0.00039371827  0.00027285488   0.0011419681   0.0010254247  0.00079629704  5.6425351e-06  1.0818718e-05  1.6506147e-05  1.0857193e-05
   0.0099244885  -0.0013260464              0  3.9375705e-05  0.00068330136  0.00065866304  -0.0016802455   0.0011419681   0.0050129364   0.0044871964   0.0034886392  6.1330953e-05  4.5743054e-05   7.138719e-05  4.7025439e-05
    0.008942653    -0.00118787              0  3.5325473e-05  0.00061122926  0.00058934943  -0.0015727675   0.0010254247   0.0044871964   0.0040390695   0.0031292608  5.5052291e-05  4.2385669e-05  6.4314128e-05  4.3587938e-05
   0.0069010743 -0.00092579958              0  2.8659105e-05  0.00047696179  0.00045973634  -0.0011870821  0.00079629704   0.0034886392   0.0031292608   0.0024584222  4.1680285e-05  3.2169886e-05   4.927721e-05  3.4389532e-05
  0.00013468078 -1.5458379e-05              0 -8.3810943e-07  6.5252015e-06   6.618735e-06 -6.5088743e-05  5.6425351e-06  6.1330953e-05  5.5052291e-05  4.1680285e-05    5.05523e-05  1.9839404e-06  8.0426168e-07  1.1761449e-06
  0.00010866871 -1.1611866e-05              0  6.3479217e-07  6.0173118e-06  5.8158077e-06 -7.6972588e-05  1.0818718e-05  4.5743054e-05  4.2385669e-05  3.2169886e-05  1.9839404e-06    2.50693e-06  1.2938748e-06  1.0699595e-06
  0.00015525798 -1.8257568e-05              0 -4.3188494e-07  9.5393617e-06  9.1850453e-06 -5.5906291e-05  1.6506147e-05   7.138719e-05  6.4314128e-05   4.927721e-05  8.0426168e-07  1.2938748e-06  2.5148199e-06  6.7639089e-07
  9.7534992e-05 -1.2541679e-05              0  3.5223245e-06  6.3153073e-06   6.125941e-06 -6.6185485e-05  1.0857193e-05  4.7025439e-05  4.3587938e-05  3.4389532e-05  1.1761449e-06  1.0699595e-06  6.7639089e-07  5.1932854e-06


# ext. ||   Name    ||   type  ||     Value     ||  Error +/- 

   0   ||Natural mortality || limited ||    0.05986876000554 ||0.002029959640463
   1   ||Targeted q || limited ||      1.020010891049 ||0.1335788292447
   2   ||Nontargeted q || limited ||                   2 ||22.06548931833
   3   ||     sigma || limited ||      2.616948105689 ||0.1290340041719
   4   ||  Biomass1 || limited ||      2.614101558594 ||0.3616581843661
   5   ||  Biomass2 || limited ||      2.469104568892 ||0.3365860695526
   6   ||  vm_sigma || limited ||      23.65727537126 ||1.821091579196
   7   ||Recruit year 1 || limited ||     0.6161204008763 ||0.0906522142815
   8   ||Recruit year 2 || limited ||      10.81935865885 ||1.553763519363
   9   ||Recruit year 3 || limited ||      8.781417837202 ||1.270738049198
  10   ||Recruit year 4 || limited ||      5.462680365129 ||0.7958494607558
  11   ||Mean Rec dist 1 || limited ||      1.116739799837 ||0.049960703514
  12   ||Mean Rec dist 2 || limited ||      1.111795311812 ||0.01112641253586
  13   ||Mean Rec dist 3 || limited ||     0.2341506424049 ||0.01121035255907
  14   ||Mean Rec dist 4 || limited ||      1.173076578619 ||0.01600283685981





