# Minimum negative log likelihood

Minuit did successfully converge.
# of function calls: 567
minimum function Value: 408.9655494385
minimum edm: 6.359849909477e-05
minimum internal state vector: LAVector parameters:
      0.355946160289
     -1.134352603014
     -1.287002217587
     -1.307074500558
     -1.502140727444
     -1.505508545086
    -0.3586062048405
    -0.2443294033659
     -1.072355855598
    -0.9900735904756
     -1.207195570903
     -1.160417832248

minimum internal covariance matrix: LASymMatrix parameters:
  0.00092487361 -7.4861243e-05              0 -4.3825663e-05 -1.6029513e-05 -1.1323416e-05  3.1787786e-06 -4.9729086e-05  9.4134092e-05  0.00011574495  6.9431423e-05  6.6615168e-05
 -7.4861243e-05  7.7231951e-06              0  3.5552326e-06  1.3255013e-06  8.9035651e-07  1.9263285e-07  -4.037669e-06 -8.2261415e-06 -1.0170851e-05 -6.0514105e-06 -5.8514909e-06
              0              0              2              0              0              0              0              0              0              0              0              0
 -4.3825663e-05  3.5552326e-06              0  9.6629021e-05   2.191859e-06  1.5891631e-06  6.3950249e-08  -8.865604e-07 -4.9258019e-06 -6.9937815e-06   -4.01646e-06 -3.9904727e-06
 -1.6029513e-05  1.3255013e-06              0   2.191859e-06  1.1167318e-06  8.5655558e-07 -4.7787457e-08 -8.9018682e-07 -1.6234849e-06 -2.1682462e-06 -1.2843089e-06 -1.2362181e-06
 -1.1323416e-05  8.9035651e-07              0  1.5891631e-06  8.5655558e-07  6.8294343e-07 -3.3936703e-08 -4.2567868e-07 -1.1806255e-06 -1.5119813e-06 -9.1576066e-07  -8.584946e-07
  3.1787786e-06  1.9263285e-07              0  6.3950249e-08 -4.7787457e-08 -3.3936703e-08  4.7608601e-07  -6.256957e-06  8.3393001e-08  2.1336815e-07  9.8538763e-08  1.1676146e-07
 -4.9729086e-05  -4.037669e-06              0  -8.865604e-07 -8.9018682e-07 -4.2567868e-07  -6.256957e-06  0.00037458886 -1.8049902e-06  -2.650106e-06 -1.8911045e-07 -2.1497014e-06
  9.4134092e-05 -8.2261415e-06              0 -4.9258019e-06 -1.6234849e-06 -1.1806255e-06  8.3393001e-08 -1.8049902e-06  1.1719111e-05  1.2009031e-05   7.228392e-06  6.9454427e-06
  0.00011574495 -1.0170851e-05              0 -6.9937815e-06 -2.1682462e-06 -1.5119813e-06  2.1336815e-07  -2.650106e-06  1.2009031e-05  1.6777796e-05  8.9554994e-06  8.6589141e-06
  6.9431423e-05 -6.0514105e-06              0   -4.01646e-06 -1.2843089e-06 -9.1576066e-07  9.8538763e-08 -1.8911045e-07   7.228392e-06  8.9554994e-06  7.1655259e-06  5.0725411e-06
  6.6615168e-05 -5.8514909e-06              0 -3.9904727e-06 -1.2362181e-06  -8.584946e-07  1.1676146e-07 -2.1497014e-06  6.9454427e-06  8.6589141e-06  5.0725411e-06  6.5292626e-06


# ext. ||   Name    ||   type  ||     Value     ||  Error +/- 

   0   ||Natural mortality || limited ||    0.05371193433479 ||0.0005038709445436
   1   ||Targeted q || limited ||      4.686965140961 ||0.04153414142672
   2   ||Nontargeted q || limited ||                   2 ||22.06548931833
   3   ||     sigma || limited ||       1.72867610021 ||0.09059526758326
   4   ||  Biomass1 || limited ||      1.177935029454 ||0.02563091628985
   5   ||  Biomass2 || limited ||      1.065245146009 ||0.01906209757835
   6   ||   vm_mean || limited ||      -1.10260302395 ||0.001435267665504
   7   ||  vm_sigma || limited ||       30.3243929739 ||0.531140432514
   8   ||Recruit year 1 || limited ||      6.092933029534 ||0.05785455642209
   9   ||Recruit year 2 || limited ||      8.205862597549 ||0.07944318780517
  10   ||Recruit year 3 || limited ||      3.278557824219 ||0.03365489557852
  11   ||Recruit year 4 || limited ||      4.161090565894 ||0.03603867948943





