# Minimum negative log likelihood

Minuit did successfully converge.
# of function calls: 1223
minimum function Value: 441.712248255
minimum edm: 4.329828137458e-06
minimum internal state vector: LAVector parameters:
     0.1125495217007
    -0.9353575175304
     -1.287002217587
      -1.28534761551
     -1.555299850233
     -1.556429625333
    -0.3760570421785
    -0.2502299379797
     -1.115728032606
    -0.9620909960392
    -0.9808266745477
     -1.156838320813

minimum internal covariance matrix: LASymMatrix parameters:
    0.013996773 -0.00099207785              0  0.00014794564  8.5679929e-06   1.221434e-05  2.6088286e-05  -0.0003424681  0.00069314606  0.00097660376   0.0010060856  0.00077720631
 -0.00099207785  7.2235238e-05              0  -1.092157e-05 -7.1489593e-07 -9.3538184e-07  -1.324207e-06  1.5959006e-05 -4.9454913e-05 -6.9655331e-05  -7.150481e-05 -5.5309819e-05
              0              0              2              0              0              0              0              0              0              0              0              0
  0.00014794564  -1.092157e-05              0    0.000121284 -3.8688688e-07 -1.4717346e-07  2.5556905e-07 -1.1854647e-05  7.9169508e-06  1.1727598e-05  1.2432962e-05  9.4406388e-06
  8.5679929e-06 -7.1489593e-07              0 -3.8688688e-07  1.4463893e-06  1.0573927e-06 -7.6827747e-10  2.3380458e-07  5.1427789e-07  8.2486273e-07  7.4925478e-07  5.3448629e-07
   1.221434e-05 -9.3538184e-07              0 -1.4717346e-07  1.0573927e-06  8.1322442e-07   7.125157e-09  2.7349008e-07   6.457614e-07  9.8008878e-07   9.834516e-07  7.2868165e-07
  2.6088286e-05  -1.324207e-06              0  2.5556905e-07 -7.6827747e-10   7.125157e-09  4.7754745e-07 -6.4759847e-06  1.2345599e-06  1.7739311e-06  1.8782163e-06  1.3913457e-06
  -0.0003424681  1.5959006e-05              0 -1.1854647e-05  2.3380458e-07  2.7349008e-07 -6.4759847e-06  0.00021474874 -1.5258956e-05 -2.2818979e-05 -2.4877008e-05  -1.703234e-05
  0.00069314606 -4.9454913e-05              0  7.9169508e-06  5.1427789e-07   6.457614e-07  1.2345599e-06 -1.5258956e-05  3.6565784e-05  4.8565184e-05  5.0052125e-05  3.8517529e-05
  0.00097660376 -6.9655331e-05              0  1.1727598e-05  8.2486273e-07  9.8008878e-07  1.7739311e-06 -2.2818979e-05  4.8565184e-05  7.0753222e-05  7.0432921e-05  5.4481114e-05
   0.0010060856  -7.150481e-05              0  1.2432962e-05  7.4925478e-07   9.834516e-07  1.8782163e-06 -2.4877008e-05  5.0052125e-05  7.0432921e-05  7.4709772e-05  5.6019095e-05
  0.00077720631 -5.5309819e-05              0  9.4406388e-06  5.3448629e-07  7.2868165e-07  1.3913457e-06  -1.703234e-05  3.8517529e-05  5.4481114e-05  5.6019095e-05  4.5315402e-05


# ext. ||   Name    ||   type  ||     Value     ||  Error +/- 

   0   ||Natural mortality || limited ||    0.04780780134876 ||0.002075753501473
   1   ||Targeted q || limited ||      9.759433640835 ||0.1783487848611
   2   ||Nontargeted q || limited ||                   2 ||22.06548931833
   3   ||     sigma || limited ||      2.023230123474 ||0.1096393816374
   4   ||  Biomass1 || limited ||    0.06003399506282 ||0.00658890338967
   5   ||  Biomass2 || limited ||    0.05159964018919 ||0.004580388452247
   6   ||   vm_mean || limited ||     -1.153768469099 ||0.001427848328786
   7   ||  vm_sigma || limited ||      30.09555411429 ||0.4015652405609
   8   ||Recruit year 1 || limited ||      5.097940486984 ||0.09395717605744
   9   ||Recruit year 2 || limited ||      8.989651715726 ||0.1700320090871
  10   ||Recruit year 3 || limited ||      8.461276636599 ||0.169994389817
  11   ||Recruit year 4 || limited ||      4.232780423738 ||0.09572248582738





