# Minimum negative log likelihood

Minuit did successfully converge.
# of function calls: 1106
minimum function Value: 545.1065760186
minimum edm: 1.320689121111e-05
minimum internal state vector: LAVector parameters:
    -0.8673812656162
     -1.136483000539
     -1.287002217587
     -1.203993510413
     -1.367981512546
     -1.376287133934
     0.4158890280965
     -1.216722787622
     -1.150426631996
      -1.16643240162
     -1.263102514299
    0.08607645246517
    0.04848274611771
    0.09522734590962
        0.1018801084

minimum internal covariance matrix: LASymMatrix parameters:
    0.016630452 -0.00083112129              0  1.9256554e-05  0.00040793168  0.00038155791  -0.0070838736   0.0011529708    0.001347529   0.0012929674  0.00094848419  5.6277287e-05  6.6756339e-05  5.7920224e-05  5.2756199e-05
 -0.00083112129  4.6262593e-05              0  -7.807406e-07 -2.2716608e-05 -2.1167051e-05  0.00026330541 -5.8651818e-05 -6.7978677e-05 -6.4975259e-05 -4.9606097e-05 -2.3897219e-06  -2.831364e-06 -2.6385591e-06 -2.6166819e-06
              0              0              2              0              0              0              0              0              0              0              0              0              0              0              0
  1.9256554e-05  -7.807406e-07              0  0.00017874211  2.9446211e-06   2.508965e-06  0.00012247423  8.1014806e-07  2.8918468e-06  4.1884014e-07  6.6590438e-07 -8.8524439e-07 -7.9959084e-08 -2.7059781e-07  1.9037865e-07
  0.00040793168 -2.2716608e-05              0  2.9446211e-06  1.5113593e-05  1.3751165e-05 -0.00012817864  2.8812471e-05  3.3516296e-05   3.191105e-05  2.4200451e-05  9.2169821e-07  1.3204946e-06  1.1937538e-06  1.2807411e-06
  0.00038155791 -2.1167051e-05              0   2.508965e-06  1.3751165e-05  1.2559196e-05 -0.00012010049  2.6895754e-05  3.1346035e-05  2.9840847e-05  2.2604616e-05  9.0061756e-07  1.2447601e-06   1.127008e-06  1.1953669e-06
  -0.0070838736  0.00026330541              0  0.00012247423 -0.00012817864 -0.00012010049    0.020497984 -0.00047716095 -0.00056946494 -0.00054326433 -0.00037981755 -6.3133973e-05 -7.7179409e-05 -6.4936847e-05 -5.7240572e-05
   0.0011529708 -5.8651818e-05              0  8.1014806e-07  2.8812471e-05  2.6895754e-05 -0.00047716095  8.5221759e-05  9.3483536e-05  8.9902052e-05  6.6483394e-05   3.496881e-06  4.7010795e-06  4.0207809e-06   3.865577e-06
    0.001347529 -6.7978677e-05              0  2.8918468e-06  3.3516296e-05  3.1346035e-05 -0.00056946494  9.3483536e-05  0.00011432701  0.00010440124  7.6140896e-05  4.3678747e-06  5.2769952e-06  4.5555107e-06  4.1171795e-06
   0.0012929674 -6.4975259e-05              0  4.1884014e-07   3.191105e-05  2.9840847e-05 -0.00054326433  8.9902052e-05  0.00010440124  0.00010622903  7.3775155e-05   4.426888e-06  5.0449613e-06  4.4090209e-06  4.1238552e-06
  0.00094848419 -4.9606097e-05              0  6.6590438e-07  2.4200451e-05  2.2604616e-05 -0.00037981755  6.6483394e-05  7.6140896e-05  7.3775155e-05  6.8019826e-05   3.221208e-06   3.734782e-06  3.2338426e-06  3.6177311e-06
  5.6277287e-05 -2.3897219e-06              0 -8.8524439e-07  9.2169821e-07  9.0061756e-07 -6.3133973e-05   3.496881e-06  4.3678747e-06   4.426888e-06   3.221208e-06  1.4846551e-06  3.6337684e-07  3.4117153e-07  2.2176393e-07
  6.6756339e-05  -2.831364e-06              0 -7.9959084e-08  1.3204946e-06  1.2447601e-06 -7.7179409e-05  4.7010795e-06  5.2769952e-06  5.0449613e-06   3.734782e-06  3.6337684e-07  9.3924521e-07  3.8958286e-07  3.0188416e-07
  5.7920224e-05 -2.6385591e-06              0 -2.7059781e-07  1.1937538e-06   1.127008e-06 -6.4936847e-05  4.0207809e-06  4.5555107e-06  4.4090209e-06  3.2338426e-06  3.4117153e-07  3.8958286e-07  1.2328074e-06  2.5617845e-07
  5.2756199e-05 -2.6166819e-06              0  1.9037865e-07  1.2807411e-06  1.1953669e-06 -5.7240572e-05   3.865577e-06  4.1171795e-06  4.1238552e-06  3.6177311e-06  2.2176393e-07  3.0188416e-07  2.5617845e-07  2.1080788e-06


# ext. ||   Name    ||   type  ||     Value     ||  Error +/- 

   0   ||Natural mortality || limited ||    0.02593405778224 ||0.001472524055683
   1   ||Targeted q || limited ||      4.642040003457 ||0.1011885168395
   2   ||Nontargeted q || limited ||                   2 ||22.06548931833
   3   ||     sigma || limited ||      3.326063527075 ||0.1695164885252
   4   ||  Biomass1 || limited ||      10.24826065118 ||0.276857649692
   5   ||  Biomass2 || limited ||      9.428673309304 ||0.2421774139241
   6   ||  vm_sigma || limited ||       56.1604314009 ||3.697932916897
   7   ||Recruit year 1 || limited ||      3.111284079291 ||0.1131526005391
   8   ||Recruit year 2 || limited ||      4.362658140687 ||0.1542575073434
   9   ||Recruit year 3 || limited ||      4.041954932551 ||0.1433511891783
  10   ||Recruit year 4 || limited ||       2.35803721354 ||0.08830210125949
  11   ||Mean Rec dist 1 || limited ||     0.8597019952908 ||0.008583943868164
  12   ||Mean Rec dist 2 || limited ||     0.4846375461456 ||0.006844848532095
  13   ||Mean Rec dist 3 || limited ||     0.9508348696374 ||0.007815566156728
  14   ||Mean Rec dist 4 || limited ||       1.01703954788 ||0.01021340472617





