# Minimum negative log likelihood

Minuit did successfully converge.
# of function calls: 775
minimum function Value: 723.4316052604
minimum edm: 2.196543274537e-05
minimum internal state vector: LAVector parameters:
     0.2359631028156
      -1.10194556681
     -1.287002217587
     -1.003297742787
     -1.392291996475
     -1.396616515947
     0.8869439581252
     -0.296492222161
     -0.883722634953
     -1.032067469046
     -1.011394201394
     -1.157802071884

minimum internal covariance matrix: LASymMatrix parameters:
     0.17966971   -0.016252629              0  0.00028565478   0.0064465104    0.005991787 -0.00017229418   0.0012582133    0.022061263    0.020970351    0.020903621    0.013516919
   -0.016252629   0.0015017691              0 -3.0982235e-05 -0.00059941153 -0.00055627075  2.6886736e-05 -0.00024075301  -0.0020084483  -0.0019107949  -0.0019027011  -0.0012403367
              0              0              2              0              0              0              0              0              0              0              0              0
  0.00028565478 -3.0982235e-05              0    0.000394615  4.8112279e-06  4.6596635e-06  1.1640988e-06 -1.4519232e-05  3.9896399e-05  3.4602569e-05  3.7461847e-05  2.1271072e-05
   0.0064465104 -0.00059941153              0  4.8112279e-06  0.00027141769  0.00024911579  -1.147626e-05  0.00010108517  0.00079492862  0.00075665899  0.00075633973  0.00049885965
    0.005991787 -0.00055627075              0  4.6596635e-06  0.00024911579  0.00022907327   -1.03706e-05  9.2120749e-05   0.0007387168  0.00070313867  0.00070266932  0.00046283799
 -0.00017229418  2.6886736e-05              0  1.1640988e-06  -1.147626e-05   -1.03706e-05  1.6968177e-05 -0.00015810895 -2.5290551e-05 -2.5999415e-05  -2.444831e-05 -1.1513698e-05
   0.0012582133 -0.00024075301              0 -1.4519232e-05  0.00010108517  9.2120749e-05 -0.00015810895   0.0044240258  0.00020196237  0.00021743172   0.0001949006  8.0297067e-05
    0.022061263  -0.0020084483              0  3.9896399e-05  0.00079492862   0.0007387168 -2.5290551e-05  0.00020196237   0.0027584143   0.0025747826   0.0025731597   0.0016688688
    0.020970351  -0.0019107949              0  3.4602569e-05  0.00075665899  0.00070313867 -2.5999415e-05  0.00021743172   0.0025747826    0.002505709   0.0024403785   0.0015850934
    0.020903621  -0.0019027011              0  3.7461847e-05  0.00075633973  0.00070266932  -2.444831e-05   0.0001949006   0.0025731597   0.0024403785   0.0024773387    0.001574828
    0.013516919  -0.0012403367              0  2.1271072e-05  0.00049885965  0.00046283799 -1.1513698e-05  8.0297067e-05   0.0016688688   0.0015850934    0.001574828   0.0011104132


# ext. ||   Name    ||   type  ||     Value     ||  Error +/- 

   0   ||Natural mortality || limited ||    0.05084448771698 ||0.007176886145376
   1   ||Targeted q || limited ||      5.395591282425 ||0.6190239267605
   2   ||Nontargeted q || limited ||                   2 ||22.06548931833
   3   ||     sigma || limited ||      7.837590796466 ||0.3775076146145
   4   ||  Biomass1 || limited ||      7.944819324771 ||1.034199152428
   5   ||  Biomass2 || limited ||      7.565495361602 ||0.9273283370362
   6   ||   vm_mean || limited ||       2.43518861955 ||0.005781231663205
   7   ||  vm_sigma || limited ||      28.31395459344 ||1.798510402801
   8   ||Recruit year 1 || limited ||      11.35359482244 ||1.177391336298
   9   ||Recruit year 2 || limited ||       7.09121539636 ||0.9076991271267
  10   ||Recruit year 3 || limited ||      7.630610747599 ||0.9335701533191
  11   ||Recruit year 4 || limited ||      4.213420845212 ||0.4727601791217





