# Minimum negative log likelihood

Minuit did successfully converge.
# of function calls: 801
minimum function Value: 309.3221469163
minimum edm: 9.362295882628e-05
minimum internal state vector: LAVector parameters:
    -0.6427162109915
     -1.202669308945
     -1.287002217587
     -1.363489387697
     -1.487970930747
     -1.491889035622
    -0.2127480803591
     -1.066340749457
     -1.405828502084
     -1.370534606454
     -1.014736697293
    -0.9319428870719

minimum internal covariance matrix: LASymMatrix parameters:
  0.00018604125  -8.597714e-05              0 -9.0968035e-07  1.8820347e-05  1.8384031e-05  7.1455094e-06 -1.2151025e-05  4.7025393e-05  5.1784031e-05   0.0001479315  0.00015971265
  -8.597714e-05  4.3109945e-05              0  4.0877647e-07 -9.4768661e-06 -9.2128006e-06  -1.613608e-06  1.9416761e-06 -2.2578248e-05 -2.4871154e-05 -7.1107986e-05 -7.6778168e-05
              0              0              2              0              0              0              0              0              0              0              0              0
 -9.0968035e-07  4.0877647e-07              0  5.4840702e-05 -8.2146777e-07 -6.9269566e-07 -4.5648664e-08  8.4156288e-07 -4.0098871e-07  -1.585924e-07 -7.4095685e-07    -6.8832e-07
  1.8820347e-05 -9.4768661e-06              0 -8.2146777e-07  2.8935484e-06  2.6863966e-06  3.0983553e-07 -5.8908989e-07  5.2804168e-06  5.4609307e-06   1.562125e-05  1.6875945e-05
  1.8384031e-05 -9.2128006e-06              0 -6.9269566e-07  2.6863966e-06  2.5195096e-06  3.3441308e-07 -5.7132791e-07  5.0247612e-06  5.3228584e-06  1.5221505e-05  1.6442868e-05
  7.1455094e-06  -1.613608e-06              0 -4.5648664e-08  3.0983553e-07  3.3441308e-07  1.8713576e-06  -3.428136e-06  1.3779417e-06  1.5346674e-06  4.3782862e-06  4.7327257e-06
 -1.2151025e-05  1.9416761e-06              0  8.4156288e-07 -5.8908989e-07 -5.7132791e-07  -3.428136e-06  1.2411246e-05 -2.4042862e-06 -2.3008066e-06 -6.7885039e-06 -7.5445366e-06
  4.7025393e-05 -2.2578248e-05              0 -4.0098871e-07  5.2804168e-06  5.0247612e-06  1.3779417e-06 -2.4042862e-06  1.3757924e-05  1.3268767e-05  3.8055779e-05  4.1088878e-05
  5.1784031e-05 -2.4871154e-05              0  -1.585924e-07  5.4609307e-06  5.3228584e-06  1.5346674e-06 -2.3008066e-06  1.3268767e-05  1.5558128e-05  4.1917581e-05  4.5303272e-05
   0.0001479315 -7.1107986e-05              0 -7.4095685e-07   1.562125e-05  1.5221505e-05  4.3782862e-06 -6.7885039e-06  3.8055779e-05  4.1917581e-05   0.0001207113  0.00012943785
  0.00015971265 -7.6778168e-05              0    -6.8832e-07  1.6875945e-05  1.6442868e-05  4.7327257e-06 -7.5445366e-06  4.1088878e-05  4.5303272e-05  0.00012943785  0.00014060194


# ext. ||   Name    ||   type  ||     Value     ||  Error +/- 

   0   ||Natural mortality || limited ||    0.06009421544944 ||0.00115802941489
   1   ||Targeted q || limited ||      3.349849543566 ||0.08353838902124
   2   ||Nontargeted q || limited ||                   2 ||22.06548931833
   3   ||     sigma || limited ||      1.070561868437 ||0.05388937868165
   4   ||  Biomass1 || limited ||      1.714031360233 ||0.04975504679014
   5   ||  Biomass2 || limited ||      1.555782660054 ||0.04423635010475
   6   ||   vm_mean || limited ||    -0.6633372887143 ||0.002970364103945
   7   ||  vm_sigma || limited ||      4.983428100914 ||0.04816054313639
   8   ||Recruit year 1 || limited ||     0.6887501330997 ||0.02153352599808
   9   ||Recruit year 2 || limited ||      1.009172649205 ||0.0277383650905
  10   ||Recruit year 3 || limited ||      7.542166779623 ||0.2050153694819
  11   ||Recruit year 4 || limited ||      9.870016345393 ||0.2499476385475





