# Minimum negative log likelihood

Minuit did successfully converge.
# of function calls: 1486
minimum function Value: 434.9954486704
minimum edm: 7.91941422619e-06
minimum internal state vector: LAVector parameters:
    -0.8350915379238
     -1.008975622555
     -1.287002217587
      -1.28995527362
      -1.53088289017
     -1.533386828137
    -0.4306073120924
    -0.9874922685325
    -0.9559731761144
     -1.109802671173
     -1.034254535551
    0.08666037274647
    0.08409114548357
    0.05543543334059
    0.09951950185305

minimum internal covariance matrix: LASymMatrix parameters:
   0.0035049616 -0.00015248775              0 -3.5780424e-05  1.1643777e-05  1.0643563e-05 -0.00038683592  0.00030277594  0.00030466599  0.00023689455  0.00026843351  1.3850864e-05  1.5277219e-05  1.6519576e-05  1.4512325e-05
 -0.00015248775  7.7340001e-06              0  1.5869556e-06 -5.7132095e-07 -5.2119142e-07  1.2850291e-05  -1.321704e-05  -1.318291e-05 -1.0327343e-05 -1.2239496e-05 -4.6310224e-07 -5.7343077e-07 -5.8859494e-07 -5.4756173e-07
              0              0              2              0              0              0              0              0              0              0              0              0              0              0              0
 -3.5780424e-05  1.5869556e-06              0  0.00010601376  8.4862449e-08  3.2677662e-08 -1.6783149e-06 -3.1075953e-06 -3.1511199e-06 -1.9398963e-06 -2.3432707e-06  5.1523008e-08 -1.7151628e-07 -3.0042865e-07 -3.5060953e-09
  1.1643777e-05 -5.7132095e-07              0  8.4862449e-08  1.0044641e-06  8.1619695e-07 -1.5852772e-06  9.9585282e-07  1.0024627e-06  7.8216695e-07  9.3918091e-07  3.7385237e-08  5.3366404e-08  4.9991583e-08   5.953297e-08
  1.0643563e-05 -5.2119142e-07              0  3.2677662e-08  8.1619695e-07  6.7334166e-07  -1.335921e-06  9.1298981e-07  9.1303687e-07  7.2088412e-07  8.4843168e-07  3.3767665e-08  4.7809868e-08  4.5916424e-08   5.370571e-08
 -0.00038683592  1.2850291e-05              0 -1.6783149e-06 -1.5852772e-06  -1.335921e-06  0.00019762141 -3.2418621e-05 -3.3947213e-05 -2.5795611e-05 -3.0416777e-05 -3.9617222e-06 -3.4509261e-06  -3.257378e-06 -3.4424407e-06
  0.00030277594  -1.321704e-05              0 -3.1075953e-06  9.9585282e-07  9.1298981e-07 -3.2418621e-05  2.7797121e-05  2.6167285e-05  2.0674074e-05  2.3190875e-05  1.1817162e-06  1.2913881e-06  1.4143322e-06  1.2550013e-06
  0.00030466599  -1.318291e-05              0 -3.1511199e-06  1.0024627e-06  9.1303687e-07 -3.3947213e-05  2.6167285e-05  2.8440851e-05  2.0295871e-05   2.326268e-05  1.1928618e-06  1.2988113e-06  1.4233383e-06  1.2296586e-06
  0.00023689455 -1.0327343e-05              0 -1.9398963e-06  7.8216695e-07  7.2088412e-07 -2.5795611e-05  2.0674074e-05  2.0295871e-05  1.7791895e-05  1.8045979e-05  9.3814165e-07  1.0176882e-06  1.1239151e-06   1.000169e-06
  0.00026843351 -1.2239496e-05              0 -2.3432707e-06  9.3918091e-07  8.4843168e-07 -3.0416777e-05  2.3190875e-05   2.326268e-05  1.8045979e-05  2.3587651e-05  1.0637265e-06  1.1386492e-06  1.1604419e-06  1.1718081e-06
  1.3850864e-05 -4.6310224e-07              0  5.1523008e-08  3.7385237e-08  3.3767665e-08 -3.9617222e-06  1.1817162e-06  1.1928618e-06  9.3814165e-07  1.0637265e-06   1.952386e-07  8.8056357e-08  9.3012253e-08  9.7030256e-08
  1.5277219e-05 -5.7343077e-07              0 -1.7151628e-07  5.3366404e-08  4.7809868e-08 -3.4509261e-06  1.2913881e-06  1.2988113e-06  1.0176882e-06  1.1386492e-06  8.8056357e-08  1.7362205e-07  9.1865202e-08  8.2656193e-08
  1.6519576e-05 -5.8859494e-07              0 -3.0042865e-07  4.9991583e-08  4.5916424e-08  -3.257378e-06  1.4143322e-06  1.4233383e-06  1.1239151e-06  1.1604419e-06  9.3012253e-08  9.1865202e-08  2.3585342e-07  1.0080067e-07
  1.4512325e-05 -5.4756173e-07              0 -3.5060953e-09   5.953297e-08   5.370571e-08 -3.4424407e-06  1.2550013e-06  1.2296586e-06   1.000169e-06  1.1718081e-06  9.7030256e-08  8.2656193e-08  1.0080067e-07  2.2927691e-07


# ext. ||   Name    ||   type  ||     Value     ||  Error +/- 

   0   ||Natural mortality || limited ||    0.02646605132917 ||0.0007021556266861
   1   ||Targeted q || limited ||      7.685671286246 ||0.05237961118935
   2   ||Nontargeted q || limited ||                   2 ||22.06548931833
   3   ||     sigma || limited ||      1.958866568427 ||0.100894822285
   4   ||  Biomass1 || limited ||     0.3982177354468 ||0.01413923749571
   5   ||  Biomass2 || limited ||     0.3498268469004 ||0.01085058894568
   6   ||  vm_sigma || limited ||      23.30379865498 ||0.3613065767728
   7   ||Recruit year 1 || limited ||      8.276804014453 ||0.1026578856081
   8   ||Recruit year 2 || limited ||      9.165310934857 ||0.1087471004284
   9   ||Recruit year 3 || limited ||        5.2289318693 ||0.06633216373191
  10   ||Recruit year 4 || limited ||      7.035220474948 ||0.0877638558737
  11   ||Mean Rec dist 1 || limited ||     0.8655194327815 ||0.003112683859642
  12   ||Mean Rec dist 2 || limited ||     0.8399207460784 ||0.002935959785799
  13   ||Mean Rec dist 3 || limited ||     0.5540704471556 ||0.003428770617546
  14   ||Mean Rec dist 4 || limited ||     0.9935530748291 ||0.003369077006777





