# Minimum negative log likelihood

Minuit did successfully converge.
# of function calls: 1071
minimum function Value: 561.5459007506
minimum edm: 4.64862189812e-05
minimum internal state vector: LAVector parameters:
     -1.066382225121
      -0.98193225156
     -1.287002217587
     -1.189030646359
     -1.499282877499
     -1.502434214985
  -0.006176631281221
    -0.9824123430487
     -1.272560148632
    -0.9832844026438
     -0.926860393988
     -1.249082356969

minimum internal covariance matrix: LASymMatrix parameters:
   0.0039124816 -0.00096258728              0  0.00011075511  0.00013265268  0.00012287714 -4.5229362e-05  0.00017045662  0.00045538986  0.00093967641  0.00097058662  0.00041875813
 -0.00096258728  0.00024432726              0 -2.9911805e-05 -3.3416773e-05 -3.1019046e-05  1.5371485e-05 -5.5227123e-05  -0.0001124705 -0.00023076581 -0.00023951855 -0.00010336294
              0              0              2              0              0              0              0              0              0              0              0              0
  0.00011075511 -2.9911805e-05              0  0.00018713784   4.773948e-06  4.4978942e-06 -2.3993564e-06  9.6208415e-06  1.4436744e-05  2.7785316e-05  2.6835174e-05  1.3387174e-05
  0.00013265268 -3.3416773e-05              0   4.773948e-06  1.2256906e-05  1.0350006e-05 -2.1084453e-06  3.4499988e-06   1.760811e-05  3.1678329e-05  3.3462592e-05  1.4247769e-05
  0.00012287714 -3.1019046e-05              0  4.4978942e-06  1.0350006e-05  8.8410511e-06 -1.9777955e-06  3.6890672e-06  1.5886885e-05  2.9353583e-05  3.0909268e-05  1.3327844e-05
 -4.5229362e-05  1.5371485e-05              0 -2.3993564e-06 -2.1084453e-06 -1.9777955e-06  4.6614969e-06 -1.2167752e-05 -5.4626822e-06 -1.0440524e-05  -1.165447e-05 -5.2424455e-06
  0.00017045662 -5.5227123e-05              0  9.6208415e-06  3.4499988e-06  3.6890672e-06 -1.2167752e-05  8.7913239e-05  1.7689172e-05  4.2426877e-05  4.4386639e-05  2.0825855e-05
  0.00045538986  -0.0001124705              0  1.4436744e-05   1.760811e-05  1.5886885e-05 -5.4626822e-06  1.7689172e-05  5.9886076e-05  0.00010907932  0.00011408388  4.7260115e-05
  0.00093967641 -0.00023076581              0  2.7785316e-05  3.1678329e-05  2.9353583e-05 -1.0440524e-05  4.2426877e-05  0.00010907932  0.00023075137  0.00023261913  0.00010087863
  0.00097058662 -0.00023951855              0  2.6835174e-05  3.3462592e-05  3.0909268e-05  -1.165447e-05  4.4386639e-05  0.00011408388  0.00023261913  0.00024811822  0.00010471187
  0.00041875813 -0.00010336294              0  1.3387174e-05  1.4247769e-05  1.3327844e-05 -5.2424455e-06  2.0825855e-05  4.7260115e-05  0.00010087863  0.00010471187  5.2943471e-05


# ext. ||   Name    ||   type  ||     Value     ||  Error +/- 

   0   ||Natural mortality || limited ||    0.01868133207511 ||0.003205329973201
   1   ||Targeted q || limited ||      8.421393643161 ||0.3069383288388
   2   ||Nontargeted q || limited ||                   2 ||22.06548931833
   3   ||     sigma || limited ||      3.599586935706 ||0.1801875651273
   4   ||  Biomass1 || limited ||      1.277998559395 ||0.08844279711936
   5   ||  Biomass2 || limited ||      1.167889643952 ||0.07180981104782
   6   ||   vm_mean || limited ||   -0.01940433607473 ||0.0047961098347
   7   ||  vm_sigma || limited ||      6.727368632912 ||0.1471872484936
   8   ||Recruit year 1 || limited ||      2.216966891668 ||0.08038507549158
   9   ||Recruit year 2 || limited ||      8.393042905891 ||0.2976554691644
  10   ||Recruit year 3 || limited ||      10.02204719659 ||0.3342988228271
  11   ||Recruit year 4 || limited ||      2.575000150693 ||0.08133326298235





