# Minimum negative log likelihood

Minuit did successfully converge.
# of function calls: 1346
minimum function Value: 677.3412741756
minimum edm: 2.366474871301e-05
minimum internal state vector: LAVector parameters:
      2.537681258237
     -1.015215457263
     -1.287002217587
      -1.06418648249
     -1.500003692324
     -1.505429527663
    -0.2032805046442
    -0.9758863330017
     -1.110325946885
     -1.133963236461
     -1.102633220719
     0.1205252173559
    0.09798430203302
    0.06001531055976
    0.02813604454682

minimum internal covariance matrix: LASymMatrix parameters:
    0.029263698   0.0017925387              0  5.8535642e-06 -0.00023481098 -0.00021039929   0.0046874511  -0.0030820021  -0.0024263503  -0.0022634387  -0.0021636434 -0.00010543762 -0.00011467495 -0.00011672895 -9.5194208e-05
   0.0017925387  0.00013553611              0 -1.6367233e-06 -1.7922637e-05 -1.5948505e-05  0.00019408411 -0.00019668847  -0.0001550017 -0.00014353292 -0.00014298765 -3.8081783e-06 -4.9652995e-06 -5.2391331e-06 -4.2865516e-06
              0              0              2              0              0              0              0              0              0              0              0              0              0              0              0
  5.8535642e-06 -1.6367233e-06              0  0.00037025315  5.8921488e-06  4.7794089e-06 -5.7110207e-06   2.744478e-06  6.3454021e-07  1.5246454e-07  3.8537922e-06  2.9254101e-07  6.6742836e-07   1.997609e-06  5.2941322e-07
 -0.00023481098 -1.7922637e-05              0  5.8921488e-06   1.367602e-05  1.0942032e-05 -2.5687687e-05  2.5834013e-05  2.0652378e-05  1.9063791e-05  1.8991879e-05  5.6455285e-07  7.6399281e-07  8.2685228e-07  5.6204071e-07
 -0.00021039929 -1.5948505e-05              0  4.7794089e-06  1.0942032e-05  8.9172407e-06 -2.2799071e-05  2.3094026e-05  1.8453591e-05  1.7025893e-05  1.6946308e-05  4.9375293e-07  6.6715366e-07  7.2704952e-07  5.0316792e-07
   0.0046874511  0.00019408411              0 -5.7110207e-06 -2.5687687e-05 -2.2799071e-05   0.0043192976 -0.00043938639 -0.00034382964 -0.00033886529 -0.00030832626 -5.1865028e-05 -5.9103922e-05 -4.7847411e-05 -4.9692369e-05
  -0.0030820021 -0.00019668847              0   2.744478e-06  2.5834013e-05  2.3094026e-05 -0.00043938639  0.00035208653  0.00025817086  0.00023970005  0.00023264725  9.7628145e-06  1.0642444e-05  1.1645101e-05   9.255672e-06
  -0.0024263503  -0.0001550017              0  6.3454021e-07  2.0652378e-05  1.8453591e-05 -0.00034382964  0.00025817086  0.00022699066  0.00018824783  0.00018276628  7.7897848e-06  8.0439032e-06  9.2743113e-06  7.3223069e-06
  -0.0022634387 -0.00014353292              0  1.5246454e-07  1.9063791e-05  1.7025893e-05 -0.00033886529  0.00023970005  0.00018824783  0.00019919876  0.00016901987  7.6585826e-06    8.37792e-06  8.4737888e-06  6.9852013e-06
  -0.0021636434 -0.00014298765              0  3.8537922e-06  1.8991879e-05  1.6946308e-05 -0.00030832626  0.00023264725  0.00018276628  0.00016901987  0.00019454451  6.9922116e-06  6.9812503e-06   8.055752e-06  7.0025232e-06
 -0.00010543762 -3.8081783e-06              0  2.9254101e-07  5.6455285e-07  4.9375293e-07 -5.1865028e-05  9.7628145e-06  7.7897848e-06  7.6585826e-06  6.9922116e-06  2.1719233e-06  9.6759696e-07  7.5129694e-07  6.5121973e-07
 -0.00011467495 -4.9652995e-06              0  6.6742836e-07  7.6399281e-07  6.6715366e-07 -5.9103922e-05  1.0642444e-05  8.0439032e-06    8.37792e-06  6.9812503e-06  9.6759696e-07  2.7503547e-06  7.0797448e-07  7.7614909e-07
 -0.00011672895 -5.2391331e-06              0   1.997609e-06  8.2685228e-07  7.2704952e-07 -4.7847411e-05  1.1645101e-05  9.2743113e-06  8.4737888e-06   8.055752e-06  7.5129694e-07  7.0797448e-07  2.0383388e-06  8.1458852e-07
 -9.5194208e-05 -4.2865516e-06              0  5.2941322e-07  5.6204071e-07  5.0316792e-07 -4.9692369e-05   9.255672e-06  7.3223069e-06  6.9852013e-06  7.0025232e-06  6.5121973e-07  7.7614909e-07  8.1458852e-07  1.6117616e-06


# ext. ||   Name    ||   type  ||     Value     ||  Error +/- 

   0   ||Natural mortality || limited ||    0.05919665899553 ||0.002483096315409
   1   ||Targeted q || limited ||       7.52028942017 ||0.2170941437574
   2   ||Nontargeted q || limited ||                   2 ||22.06548931833
   3   ||     sigma || limited ||      6.280275697017 ||0.3300850365707
   4   ||  Biomass1 || limited ||      1.252376109044 ||0.09248251501753
   5   ||  Biomass2 || limited ||       1.06782430765 ||0.06896326704406
   6   ||  vm_sigma || limited ||      31.92526618254 ||1.819927725541
   7   ||Recruit year 1 || limited ||      8.599193757128 ||0.371747601615
   8   ||Recruit year 2 || limited ||      5.217300511182 ||0.2366745944484
   9   ||Recruit year 3 || limited ||      4.704728692295 ||0.2110872674327
  10   ||Recruit year 4 || limited ||      5.389527611528 ||0.2224995430296
  11   ||Mean Rec dist 1 || limited ||      1.202336310801 ||0.01034534902828
  12   ||Mean Rec dist 2 || limited ||     0.9782758731847 ||0.01167054391143
  13   ||Mean Rec dist 3 || limited ||     0.5997928948143 ||0.01007721487589
  14   ||Mean Rec dist 4 || limited ||     0.2813233243809 ||0.008973532223676





