# Minimum negative log likelihood

Minuit did successfully converge.
# of function calls: 1458
minimum function Value: 495.7530065011
minimum edm: 7.009327594627e-05
minimum internal state vector: LAVector parameters:
      2.776578058976
     -1.036305739882
     -1.287002217587
     -1.245438415532
     -1.440570859321
     -1.449134995649
    0.01521547454835
     -1.212330406854
     -1.211587751106
     -1.282725510717
     -1.277889756502
     0.0292478537316
    0.06475514736722
      0.104880433027
    0.07145867343495

minimum internal covariance matrix: LASymMatrix parameters:
   0.0067899465  0.00051580561              0  -0.0001237833 -0.00013182275 -0.00011805519   0.0013429674 -0.00048496863 -0.00048978374 -0.00041512064 -0.00042936609 -2.1721311e-05 -1.7187363e-05 -1.9449168e-05 -2.3132954e-05
  0.00051580561  5.0104995e-05              0 -8.2998974e-06 -1.2054609e-05 -1.0841273e-05  2.7085266e-05 -3.8730373e-05 -3.9727049e-05 -3.2872822e-05 -3.5327032e-05  -4.275656e-07 -2.2275433e-07 -5.9589955e-07 -4.7160342e-07
              0              0              2              0              0              0              0              0              0              0              0              0              0              0              0
  -0.0001237833 -8.2998974e-06              0  0.00012084446  1.3473179e-06  1.1435825e-06 -4.7684839e-05  8.9295017e-06  1.0395018e-05  1.0178622e-05  9.5741513e-06  5.8614265e-07 -3.6698123e-07  1.1389116e-07  1.2116543e-06
 -0.00013182275 -1.2054609e-05              0  1.3473179e-06  5.2301012e-06  4.4357022e-06 -1.4294789e-05  9.9071116e-06  9.9535169e-06  8.4412496e-06  8.9401707e-06  2.6126078e-07  2.3171144e-07  2.5196694e-07  3.2238464e-07
 -0.00011805519 -1.0841273e-05              0  1.1435825e-06  4.4357022e-06  3.8273361e-06  -9.940709e-06  8.8772166e-06  8.9654692e-06  7.5945042e-06  7.9438074e-06  2.0345875e-07  1.6632166e-07  1.9224396e-07  2.7548465e-07
   0.0013429674  2.7085266e-05              0 -4.7684839e-05 -1.4294789e-05  -9.940709e-06    0.003419098 -7.1014657e-05 -8.4839098e-05 -5.8257454e-05 -5.8173063e-05 -2.4750978e-05 -3.0537961e-05 -2.3191475e-05 -3.2822887e-05
 -0.00048496863 -3.8730373e-05              0  8.9295017e-06  9.9071116e-06  8.8772166e-06 -7.1014657e-05  4.0118575e-05   3.424775e-05  3.0067395e-05  3.2152756e-05  1.3423767e-06  7.0356329e-07  1.2229363e-06  1.0615548e-06
 -0.00048978374 -3.9727049e-05              0  1.0395018e-05  9.9535169e-06  8.9654692e-06 -8.4839098e-05   3.424775e-05  4.2699525e-05  2.9219607e-05  3.1338362e-05  1.1382627e-06  9.7828955e-07   1.473085e-06  1.5063033e-06
 -0.00041512064 -3.2872822e-05              0  1.0178622e-05  8.4412496e-06  7.5945042e-06 -5.8257454e-05  3.0067395e-05  2.9219607e-05  3.2386327e-05  2.6135843e-05  7.9892772e-07  6.5666422e-07  2.9855224e-07  1.3372359e-06
 -0.00042936609 -3.5327032e-05              0  9.5741513e-06  8.9401707e-06  7.9438074e-06 -5.8173063e-05  3.2152756e-05  3.1338362e-05  2.6135843e-05  3.5186791e-05  1.2447901e-06  3.2453515e-07   1.225566e-06  1.0334969e-06
 -2.1721311e-05  -4.275656e-07              0  5.8614265e-07  2.6126078e-07  2.0345875e-07 -2.4750978e-05  1.3423767e-06  1.1382627e-06  7.9892772e-07  1.2447901e-06  6.2667699e-07  2.7029298e-07  2.7654387e-07  3.9631749e-07
 -1.7187363e-05 -2.2275433e-07              0 -3.6698123e-07  2.3171144e-07  1.6632166e-07 -3.0537961e-05  7.0356329e-07  9.7828955e-07  6.5666422e-07  3.2453515e-07  2.7029298e-07  8.2487639e-07  2.6414669e-07  3.5483326e-07
 -1.9449168e-05 -5.9589955e-07              0  1.1389116e-07  2.5196694e-07  1.9224396e-07 -2.3191475e-05  1.2229363e-06   1.473085e-06  2.9855224e-07   1.225566e-06  2.7654387e-07  2.6414669e-07  9.8666803e-07  1.7734016e-07
 -2.3132954e-05 -4.7160342e-07              0  1.2116543e-06  3.2238464e-07  2.7548465e-07 -3.2822887e-05  1.0615548e-06  1.5063033e-06  1.3372359e-06  1.0334969e-06  3.9631749e-07  3.5483326e-07  1.7734016e-07  1.1533416e-06


# ext. ||   Name    ||   type  ||     Value     ||  Error +/- 

   0   ||Natural mortality || limited ||    0.05392407319037 ||0.001359923319643
   1   ||Targeted q || limited ||      6.973588132965 ||0.1274837944052
   2   ||Nontargeted q || limited ||                   2 ||22.06548931833
   3   ||     sigma || limited ||      2.623180924538 ||0.1242326978247
   4   ||  Biomass1 || limited ||      4.233679885453 ||0.1049971680869
   5   ||  Biomass2 || limited ||      3.695807879627 ||0.08394287422847
   6   ||  vm_sigma || limited ||      40.60908789113 ||1.653184479883
   7   ||Recruit year 1 || limited ||       3.18787522708 ||0.0785578515426
   8   ||Recruit year 2 || limited ||      3.200914429622 ||0.08120601216561
   9   ||Recruit year 3 || limited ||      2.070106647043 ||0.05715670300453
  10   ||Recruit year 4 || limited ||      2.139352606012 ||0.06054822198422
  11   ||Mean Rec dist 1 || limited ||     0.2924368396083 ||0.005595270316011
  12   ||Mean Rec dist 2 || limited ||     0.6470990132644 ||0.006408674636962
  13   ||Mean Rec dist 3 || limited ||      1.046882596146 ||0.006985178409519
  14   ||Mean Rec dist 4 || limited ||     0.7139787355593 ||0.007574503521285





