# Minimum negative log likelihood

Minuit did successfully converge.
# of function calls: 1951
minimum function Value: 394.7870160329
minimum edm: 9.160616084703e-06
minimum internal state vector: LAVector parameters:
    -0.4930405050673
     -1.291833925837
     -1.287002217587
     -1.315971242847
     -1.370617330799
     -1.373675079303
    -0.2375933514339
    0.05840584522777
     -1.292190557499
       -1.0253906382
     -1.249939691326
    -0.9010074442378

minimum internal covariance matrix: LASymMatrix parameters:
    0.013191074  -0.0016856499              0 -7.8431368e-05   0.0012081561   0.0011718869  2.0233306e-05  -0.0007715703    0.001662775    0.003482272   0.0019662208   0.0042897285
  -0.0016856499  0.00021921524              0  1.0055886e-05 -0.00015687793 -0.00015217015 -1.0155584e-06  3.3024602e-05 -0.00021376207 -0.00044917217 -0.00025278712 -0.00055417735
              0              0              2              0              0              0              0              0              0              0              0              0
 -7.8431368e-05  1.0055886e-05              0  8.8460075e-05 -7.0342625e-06 -6.8578791e-06 -7.6867216e-07  6.1760906e-06 -9.4875789e-06 -2.0278474e-05 -1.1039891e-05 -2.6053412e-05
   0.0012081561 -0.00015687793              0 -7.0342625e-06  0.00011509389   0.0001113356  8.0298869e-07 -2.8758351e-05  0.00015572311  0.00032168056  0.00018106429  0.00039668967
   0.0011718869 -0.00015217015              0 -6.8578791e-06   0.0001113356   0.0001077477  7.9050547e-07 -2.7803809e-05  0.00015054244  0.00031202923  0.00017563722  0.00038479538
  2.0233306e-05 -1.0155584e-06              0 -7.6867216e-07  8.0298869e-07  7.9050547e-07  2.6210531e-06 -9.5440264e-05    1.79069e-06  3.5806812e-06  2.2227345e-06  4.3343972e-06
  -0.0007715703  3.3024602e-05              0  6.1760906e-06 -2.8758351e-05 -2.7803809e-05 -9.5440264e-05   0.0060358837 -7.2332661e-05 -0.00013236266 -8.2643318e-05 -0.00015681606
    0.001662775 -0.00021376207              0 -9.4875789e-06  0.00015572311  0.00015054244    1.79069e-06 -7.2332661e-05  0.00021788165  0.00044027215  0.00024826822  0.00054273932
    0.003482272 -0.00044917217              0 -2.0278474e-05  0.00032168056  0.00031202923  3.5806812e-06 -0.00013236266  0.00044027215  0.00092539705  0.00052051061   0.0011391291
   0.0019662208 -0.00025278712              0 -1.1039891e-05  0.00018106429  0.00017563722  2.2227345e-06 -8.2643318e-05  0.00024826822  0.00052051061  0.00029558441  0.00064183729
   0.0042897285 -0.00055417735              0 -2.6053412e-05  0.00039668967  0.00038479538  4.3343972e-06 -0.00015681606  0.00054273932   0.0011391291  0.00064183729   0.0014063969


# ext. ||   Name    ||   type  ||     Value     ||  Error +/- 

   0   ||Natural mortality || limited ||    0.03316733884559 ||0.001786541581528
   1   ||Targeted q || limited ||      1.932916636313 ||0.1441387113601
   2   ||Nontargeted q || limited ||                   2 ||22.06548931833
   3   ||     sigma || limited ||      1.614629867181 ||0.08382184280817
   4   ||  Biomass1 || limited ||      9.984499436879 ||0.7542079532609
   5   ||  Biomass2 || limited ||      9.682782061643 ||0.7187408777304
   6   ||   vm_mean || limited ||    -0.7394186651874 ||0.003495404957316
   7   ||  vm_sigma || limited ||      42.33537660587 ||2.192554337004
   8   ||Recruit year 1 || limited ||      1.937816817604 ||0.1435063443023
   9   ||Recruit year 2 || limited ||      7.263429379034 ||0.5578440109875
  10   ||Recruit year 3 || limited ||      2.561464780197 ||0.1916793055489
  11   ||Recruit year 4 || limited ||      10.81128229445 ||0.8229636745967





