# Minimum negative log likelihood

Minuit did successfully converge.
# of function calls: 1381
minimum function Value: 548.8080020011
minimum edm: 9.850339297918e-05
minimum internal state vector: LAVector parameters:
       3.06622885111
    -0.9579412973651
     -1.287002217587
     -1.200675574403
     -1.448798102205
     -1.450802445081
     0.3939925510604
    -0.8053544683097
     -0.941772876339
     -1.005261328693
     -1.305146618298
     -1.066425925879

minimum internal covariance matrix: LASymMatrix parameters:
    0.037849314    0.003035435              0 -7.6101302e-05 -0.00059331184 -0.00054847438  1.2126055e-07 -0.00011999637  -0.0034295244  -0.0028157538  -0.0012712673  -0.0021954282
    0.003035435  0.00025215363              0 -4.4015059e-06 -4.9035234e-05 -4.5234849e-05  2.5982822e-06 -2.2077613e-05 -0.00027688524 -0.00022697168 -0.00010258542 -0.00017814673
              0              0              2              0              0              0              0              0              0              0              0              0
 -7.6101302e-05 -4.4015059e-06              0   0.0001834129  1.9602023e-06   1.788005e-06 -6.0639742e-07  3.7020563e-06  4.8956931e-06  5.0639249e-06  1.6063391e-06  3.9356208e-06
 -0.00059331184 -4.9035234e-05              0  1.9602023e-06  1.3957226e-05  1.2595427e-05 -7.3967573e-07  5.6764311e-06  5.3924188e-05  4.3790174e-05  1.9935066e-05  3.4679646e-05
 -0.00054847438 -4.5234849e-05              0   1.788005e-06  1.2595427e-05  1.1414053e-05 -6.4416137e-07  5.1965303e-06  4.9826619e-05  4.0494621e-05  1.8425604e-05  3.2035152e-05
  1.2126055e-07  2.5982822e-06              0 -6.0639742e-07 -7.3967573e-07 -6.4416137e-07  2.3960758e-06 -9.2445619e-06  -4.236332e-07 -7.8993203e-08 -1.6016323e-07 -3.1441857e-07
 -0.00011999637 -2.2077613e-05              0  3.7020563e-06  5.6764311e-06  5.1965303e-06 -9.2445619e-06  0.00010965962  1.1942809e-05  9.8512544e-06  3.4227949e-06  8.4274272e-06
  -0.0034295244 -0.00027688524              0  4.8956931e-06  5.3924188e-05  4.9826619e-05  -4.236332e-07  1.1942809e-05  0.00031675347  0.00025544957  0.00011535781  0.00019928749
  -0.0028157538 -0.00022697168              0  5.0639249e-06  4.3790174e-05  4.0494621e-05 -7.8993203e-08  9.8512544e-06  0.00025544957   0.0002152683  9.4659535e-05  0.00016355654
  -0.0012712673 -0.00010258542              0  1.6063391e-06  1.9935066e-05  1.8425604e-05 -1.6016323e-07  3.4227949e-06  0.00011535781  9.4659535e-05  4.7836118e-05  7.3939108e-05
  -0.0021954282 -0.00017814673              0  3.9356208e-06  3.4679646e-05  3.2035152e-05 -3.1441857e-07  8.4274272e-06  0.00019928749  0.00016355654  7.3939108e-05  0.00013398951


# ext. ||   Name    ||   type  ||     Value     ||  Error +/- 

   0   ||Natural mortality || limited ||    0.04688231205177 ||0.0034186043399
   1   ||Targeted q || limited ||      9.099543697143 ||0.32292474771
   2   ||Nontargeted q || limited ||                   2 ||22.06548931833
   3   ||     sigma || limited ||      3.385816355969 ||0.173199025997
   4   ||  Biomass1 || limited ||      3.716278978103 ||0.1607421305054
   5   ||  Biomass2 || limited ||      3.595315865616 ||0.1429851489894
   6   ||   vm_mean || limited ||       1.20598868724 ||0.003175172309954
   7   ||  vm_sigma || limited ||      11.15780919108 ||0.2052115275405
   8   ||Recruit year 1 || limited ||       9.57892041335 ||0.3701694237167
   9   ||Recruit year 2 || limited ||      7.794119854091 ||0.2779401678393
  10   ||Recruit year 3 || limited ||      1.763717984486 ||0.06419143315348
  11   ||Recruit year 4 || limited ||       6.23543211103 ||0.1977514487874





