# Minimum negative log likelihood

Minuit did successfully converge.
# of function calls: 1264
minimum function Value: 463.6744663829
minimum edm: 4.911755347071e-05
minimum internal state vector: LAVector parameters:
    -0.6014241361968
    -0.9448722219264
     -1.287002217587
     -1.269753883937
     -1.521684569117
     -1.525850659275
     0.1888581841209
    -0.3746839090473
     -0.994884989814
     -1.024091169931
     -1.214293967115
     -1.169959591839

minimum internal covariance matrix: LASymMatrix parameters:
   0.0018529329 -0.00059035703              0  2.8366568e-05  4.7715247e-05  4.5282941e-05  1.4027357e-05 -0.00013864123  0.00061809675  0.00063433892  0.00031735206  0.00040030396
 -0.00059035703  0.00019253303              0  -1.087383e-05 -1.5792545e-05 -1.4966238e-05 -3.2379999e-06  3.1627692e-05  -0.0001978811 -0.00020277586 -0.00010134368 -0.00012873815
              0              0              2              0              0              0              0              0              0              0              0              0
  2.8366568e-05  -1.087383e-05              0  0.00013666168 -7.2833662e-08  9.9181152e-08 -1.2700126e-07   -1.19721e-06  7.8421692e-06  8.8752823e-06  3.9578189e-06  8.6506992e-06
  4.7715247e-05 -1.5792545e-05              0 -7.2833662e-08  3.6496589e-06  3.0998396e-06  1.6677819e-07  -4.001356e-06  1.6334373e-05  1.6176575e-05  8.0068749e-06  1.0642812e-05
  4.5282941e-05 -1.4966238e-05              0  9.9181152e-08  3.0998396e-06  2.6739197e-06  1.7276591e-07 -3.5953516e-06  1.5431803e-05  1.5378138e-05  7.6593244e-06  1.0068841e-05
  1.4027357e-05 -3.2379999e-06              0 -1.2700126e-07  1.6677819e-07  1.7276591e-07   9.842514e-07 -9.0868809e-06  4.5061939e-06  4.4515922e-06  2.3753141e-06  2.8155197e-06
 -0.00013864123  3.1627692e-05              0   -1.19721e-06  -4.001356e-06 -3.5953516e-06 -9.0868809e-06  0.00024082387 -4.2263894e-05 -4.5447922e-05 -1.9803142e-05 -2.8393291e-05
  0.00061809675  -0.0001978811              0  7.8421692e-06  1.6334373e-05  1.5431803e-05  4.5061939e-06 -4.2263894e-05  0.00021126071  0.00021143247    0.000105211  0.00013461982
  0.00063433892 -0.00020277586              0  8.8752823e-06  1.6176575e-05  1.5378138e-05  4.4515922e-06 -4.5447922e-05  0.00021143247  0.00022102276  0.00010838483  0.00013680581
  0.00031735206 -0.00010134368              0  3.9578189e-06  8.0068749e-06  7.6593244e-06  2.3753141e-06 -1.9803142e-05    0.000105211  0.00010838483  5.8220456e-05  6.8066732e-05
  0.00040030396 -0.00012873815              0  8.6506992e-06  1.0642812e-05  1.0068841e-05  2.8155197e-06 -2.8393291e-05  0.00013461982  0.00013680581  6.8066732e-05  9.0078648e-05


# ext. ||   Name    ||   type  ||     Value     ||  Error +/- 

   0   ||Natural mortality || limited ||    0.06512740639083 ||0.003763967403019
   1   ||Targeted q || limited ||      9.478895896263 ||0.2873984752116
   2   ||Nontargeted q || limited ||                   2 ||22.06548931833
   3   ||     sigma || limited ||      2.248604641168 ||0.1225522984503
   4   ||  Biomass1 || limited ||     0.6028699958328 ||0.03315827206213
   5   ||  Biomass2 || limited ||     0.5049432450799 ||0.0259759053729
   6   ||   vm_mean || limited ||     0.5897947636191 ||0.002164692911972
   7   ||  vm_sigma || limited ||      25.36154755909 ||0.408464726009
   8   ||Recruit year 1 || limited ||      8.074376619501 ||0.2798275129643
   9   ||Recruit year 2 || limited ||      7.297168016482 ||0.2732256022854
  10   ||Recruit year 3 || limited ||      3.153524361501 ||0.09413931236185
  11   ||Recruit year 4 || limited ||      3.972862090537 ||0.1309164272503





