# Minimum negative log likelihood

Minuit did successfully converge.
# of function calls: 857
minimum function Value: 390.3254171057
minimum edm: 4.584576823998e-06
minimum internal state vector: LAVector parameters:
    0.08513028766447
     -1.289973099649
     -1.287002217587
     -1.318716550404
     -1.514357985782
     -1.515770758462
   -0.03667843156804
    -0.9011065719287
     -1.294134434507
     -1.004400554363
     -1.097231799708
     -1.403475962903

minimum internal covariance matrix: LASymMatrix parameters:
   0.0055222665 -0.00070909038              0   3.095558e-06  0.00016143629  0.00015391158  5.7208334e-05  -0.0003986313  0.00077343745   0.0016249403   0.0012256799  0.00046443641
 -0.00070909038  9.7360218e-05              0 -1.5248209e-06 -2.1932819e-05 -2.0941261e-05 -4.6646397e-06  3.2458648e-05 -0.00010336866 -0.00021691399  -0.0001625095 -6.0769559e-05
              0              0              2              0              0              0              0              0              0              0              0              0
   3.095558e-06 -1.5248209e-06              0  7.8409744e-05  5.4810744e-07  5.2734413e-07 -3.0118364e-07  6.6778871e-07  1.5321317e-06  2.6071873e-06  1.4396425e-06  5.3988849e-07
  0.00016143629 -2.1932819e-05              0  5.4810744e-07  8.2007654e-06  7.5076174e-06   1.057158e-06 -9.3001037e-06  2.3853742e-05  4.8973175e-05  3.6652259e-05  1.3727803e-05
  0.00015391158 -2.0941261e-05              0  5.2734413e-07  7.5076174e-06  6.9059415e-06   1.014583e-06 -8.5245342e-06  2.2679784e-05  4.6742373e-05  3.4978462e-05   1.309637e-05
  5.7208334e-05 -4.6646397e-06              0 -3.0118364e-07   1.057158e-06   1.014583e-06  3.6274074e-06 -1.6562322e-05  6.2526102e-06  1.3497315e-05  1.0387906e-05  4.2377966e-06
  -0.0003986313  3.2458648e-05              0  6.6778871e-07 -9.3001037e-06 -8.5245342e-06 -1.6562322e-05  0.00019819417 -4.3865518e-05 -9.2947093e-05 -7.3587146e-05 -3.0089847e-05
  0.00077343745 -0.00010336866              0  1.5321317e-06  2.3853742e-05  2.2679784e-05  6.2526102e-06 -4.3865518e-05  0.00011317045  0.00023280499  0.00017491757  6.5762729e-05
   0.0016249403 -0.00021691399              0  2.6071873e-06  4.8973175e-05  4.6742373e-05  1.3497315e-05 -9.2947093e-05  0.00023280499  0.00049111702  0.00036711304  0.00013810837
   0.0012256799  -0.0001625095              0  1.4396425e-06  3.6652259e-05  3.4978462e-05  1.0387906e-05 -7.3587146e-05  0.00017491757  0.00036711304  0.00027801818   0.0001037358
  0.00046443641 -6.0769559e-05              0  5.3988849e-07  1.3727803e-05   1.309637e-05  4.2377966e-06 -3.0089847e-05  6.5762729e-05  0.00013810837   0.0001037358  4.2583671e-05


# ext. ||   Name    ||   type  ||     Value     ||  Error +/- 

   0   ||Natural mortality || limited ||    0.04712568748413 ||0.001308302610206
   1   ||Targeted q || limited ||       1.95861953952 ||0.09668341857744
   2   ||Nontargeted q || limited ||                   2 ||22.06548931833
   3   ||     sigma || limited ||       1.58021091659 ||0.07808469651492
   4   ||  Biomass1 || limited ||     0.7961102304843 ||0.05711176226
   5   ||  Biomass2 || limited ||     0.7567623191015 ||0.05109890096378
   6   ||   vm_mean || limited ||    -0.1152028565632 ||0.00422805585799
   7   ||  vm_sigma || limited ||      8.640320565695 ||0.2471664416462
   8   ||Recruit year 1 || limited ||      1.911180511855 ||0.1027232770822
   9   ||Recruit year 2 || limited ||       7.81719623605 ||0.4203704947
  10   ||Recruit year 3 || limited ||      5.512034635483 ||0.268819919967
  11   ||Recruit year 4 || limited ||     0.7082014213897 ||0.03841953137603





