# Minimum negative log likelihood

Minuit did successfully converge.
# of function calls: 739
minimum function Value: 420.9925945148
minimum edm: 9.85176664068e-05
minimum internal state vector: LAVector parameters:
     0.2902985740449
     -1.148574514213
     -1.287002217587
      -1.29932591669
     -1.456093762634
     -1.459747828781
     0.2081975247185
     -0.567835770941
      -1.36763525535
     -1.360094810595
     -1.118700163074
     -1.443821283634

minimum internal covariance matrix: LASymMatrix parameters:
    0.032439364  -0.0030165409              0 -2.5786759e-06  0.00087862437  0.00083972059  7.8392648e-06 -0.00015801015    0.001599409   0.0018173947   0.0031363591  0.00096666078
  -0.0030165409  0.00028789582              0   1.070598e-06 -8.4165662e-05 -8.0358839e-05  1.6565711e-06 -1.1164431e-05 -0.00015000128  -0.0001704997 -0.00029444381 -9.0461785e-05
              0              0              2              0              0              0              0              0              0              0              0              0
 -2.5786759e-06   1.070598e-06              0  8.9387578e-05 -5.4754774e-09 -1.4777765e-08  9.7884825e-08  -1.562256e-06 -3.7529092e-07 -5.9430777e-07 -7.7047364e-07 -2.1315349e-07
  0.00087862437 -8.4165662e-05              0 -5.4754774e-09  2.7511283e-05  2.5993504e-05  -5.355694e-07  3.4757132e-06  4.3966564e-05  4.9658093e-05  8.5954255e-05  2.6359946e-05
  0.00083972059 -8.0358839e-05              0 -1.4777765e-08  2.5993504e-05  2.4592886e-05 -4.7566232e-07  3.1991987e-06  4.1965672e-05  4.7446714e-05  8.2101011e-05  2.5185768e-05
  7.8392648e-06  1.6565711e-06              0  9.7884825e-08  -5.355694e-07 -4.7566232e-07  2.4282447e-06 -1.7941115e-05 -4.4032348e-08 -1.2075309e-07 -1.9079926e-07  6.0253872e-09
 -0.00015801015 -1.1164431e-05              0  -1.562256e-06  3.4757132e-06  3.1991987e-06 -1.7941115e-05  0.00047090802 -3.5444404e-06 -2.5764419e-06 -6.2807248e-06 -3.1864936e-06
    0.001599409 -0.00015000128              0 -3.7529092e-07  4.3966564e-05  4.1965672e-05 -4.4032348e-08 -3.5444404e-06  8.1321986e-05  8.9783294e-05  0.00015508897  4.7737875e-05
   0.0018173947  -0.0001704997              0 -5.9430777e-07  4.9658093e-05  4.7446714e-05 -1.2075309e-07 -2.5764419e-06  8.9783294e-05  0.00010426444  0.00017623843  5.4261792e-05
   0.0031363591 -0.00029444381              0 -7.7047364e-07  8.5954255e-05  8.2101011e-05 -1.9079926e-07 -6.2807248e-06  0.00015508897  0.00017623843  0.00030615332   9.359205e-05
  0.00096666078 -9.0461785e-05              0 -2.1315349e-07  2.6359946e-05  2.5185768e-05  6.0253872e-09 -3.1864936e-06  4.7737875e-05  5.4261792e-05   9.359205e-05  3.1644957e-05


# ext. ||   Name    ||   type  ||     Value     ||  Error +/- 

   0   ||Natural mortality || limited ||    0.05215595797762 ||0.003042452845923
   1   ||Targeted q || limited ||      4.390963997799 ||0.245822522062
   2   ||Nontargeted q || limited ||                   2 ||22.06548931833
   3   ||     sigma || limited ||      1.831117498986 ||0.08963247344091
   4   ||  Biomass1 || limited ||      3.285564925318 ||0.2122412650628
   5   ||  Biomass2 || limited ||      3.079775352198 ||0.1943025876553
   6   ||   vm_mean || limited ||     0.6493567890587 ||0.003386879201232
   7   ||  vm_sigma || limited ||      18.48842011181 ||0.5174311860214
   8   ||Recruit year 1 || limited ||      1.038213451002 ||0.0643222830151
   9   ||Recruit year 2 || limited ||      1.115667618049 ||0.07549624902292
  10   ||Recruit year 3 || limited ||      5.032829376302 ||0.2702118383071
  11   ||Recruit year 4 || limited ||     0.4124850359468 ||0.02518334565844





