# Minimum negative log likelihood

Minuit did successfully converge.
# of function calls: 1214
minimum function Value: 409.6196182005
minimum edm: 1.727143862456e-05
minimum internal state vector: LAVector parameters:
     0.2303850359185
     -1.116149335055
     -1.287002217587
     -1.306676974646
     -1.398742887927
     -1.407913627861
    -0.4097897479446
     -1.043818966439
    -0.9676537396236
    -0.9599610101871
     -1.252428748114
    0.08412223202259
    0.07692912740988
     0.0378453707551
    0.09689424117016

minimum internal covariance matrix: LASymMatrix parameters:
     0.00188291 -0.00013606016              0  5.1204925e-05  5.0066434e-05  4.5766093e-05 -0.00042639639  0.00027039661  0.00029483847  0.00027759675   0.0001698745  1.3724099e-05  1.1137628e-05  1.3033616e-05  1.1506103e-05
 -0.00013606016  1.1732677e-05              0 -4.6353729e-06 -4.4919419e-06  -4.037396e-06  2.3012577e-05 -2.0215903e-05 -2.2283504e-05 -2.1430431e-05 -1.2847391e-05 -7.9521838e-07 -5.3012302e-07 -7.4298362e-07 -7.8282816e-07
              0              0              2              0              0              0              0              0              0              0              0              0              0              0              0
  5.1204925e-05 -4.6353729e-06              0  0.00011559834  2.9950266e-06  2.4445055e-06 -1.1876376e-05  1.2028734e-05  6.2423841e-06  7.6657229e-06  4.6233704e-06  2.2652048e-07 -1.4377722e-07 -7.4811741e-08  1.9033492e-09
  5.0066434e-05 -4.4919419e-06              0  2.9950266e-06  3.3004494e-06  2.8423102e-06 -6.3910146e-06    7.96853e-06  7.7060841e-06  7.9970258e-06  4.2437042e-06  1.9470044e-07  1.5539204e-07  1.9354733e-07  3.3425565e-07
  4.5766093e-05  -4.037396e-06              0  2.4445055e-06  2.8423102e-06  2.4702599e-06 -6.3956335e-06  7.1884392e-06  7.0422804e-06  7.2797755e-06  3.8905775e-06  1.9260893e-07   1.507544e-07  1.9195168e-07  3.0824864e-07
 -0.00042639639  2.3012577e-05              0 -1.1876376e-05 -6.3910146e-06 -6.3956335e-06  0.00036847317 -5.9525352e-05 -6.0173067e-05 -5.6820201e-05 -3.3998568e-05 -5.7813485e-06   -6.33514e-06 -5.8768499e-06 -5.4365091e-06
  0.00027039661 -2.0215903e-05              0  1.2028734e-05    7.96853e-06  7.1884392e-06 -5.9525352e-05  4.2873859e-05   4.221115e-05  3.9929129e-05  2.4231006e-05  1.8833499e-06  1.5630405e-06  1.8878289e-06  1.7774106e-06
  0.00029483847 -2.2283504e-05              0  6.2423841e-06  7.7060841e-06  7.0422804e-06 -6.0173067e-05   4.221115e-05  5.0931426e-05  4.3194096e-05  2.6235282e-05  2.0524334e-06  1.4732565e-06  1.9690961e-06  1.5940507e-06
  0.00027759675 -2.1430431e-05              0  7.6657229e-06  7.9970258e-06  7.2797755e-06 -5.6820201e-05  3.9929129e-05  4.3194096e-05  4.5468757e-05  2.6230916e-05  1.9747186e-06  1.4705762e-06  1.8001548e-06  1.7694367e-06
   0.0001698745 -1.2847391e-05              0  4.6233704e-06  4.2437042e-06  3.8905775e-06 -3.3998568e-05  2.4231006e-05  2.6235282e-05  2.6230916e-05  2.1293109e-05  1.2361996e-06  8.9160493e-07  1.2011909e-06  9.9857804e-07
  1.3724099e-05 -7.9521838e-07              0  2.2652048e-07  1.9470044e-07  1.9260893e-07 -5.7813485e-06  1.8833499e-06  2.0524334e-06  1.9747186e-06  1.2361996e-06  4.1095246e-07  1.1701084e-07  1.2386071e-07  1.1460365e-07
  1.1137628e-05 -5.3012302e-07              0 -1.4377722e-07  1.5539204e-07   1.507544e-07   -6.33514e-06  1.5630405e-06  1.4732565e-06  1.4705762e-06  8.9160493e-07  1.1701084e-07  3.2245714e-07  1.2535886e-07  7.9051747e-08
  1.3033616e-05 -7.4298362e-07              0 -7.4811741e-08  1.9354733e-07  1.9195168e-07 -5.8768499e-06  1.8878289e-06  1.9690961e-06  1.8001548e-06  1.2011909e-06  1.2386071e-07  1.2535886e-07  2.4454759e-07   1.718022e-07
  1.1506103e-05 -7.8282816e-07              0  1.9033492e-09  3.3425565e-07  3.0824864e-07 -5.4365091e-06  1.7774106e-06  1.5940507e-06  1.7694367e-06  9.9857804e-07  1.1460365e-07  7.9051747e-08   1.718022e-07  7.1979197e-07


# ext. ||   Name    ||   type  ||     Value     ||  Error +/- 

   0   ||Natural mortality || limited ||    0.05070881007904 ||0.0007466939698123
   1   ||Targeted q || limited ||       5.07919469832 ||0.05318158542036
   2   ||Nontargeted q || limited ||                   2 ||22.06548931833
   3   ||     sigma || limited ||      1.733861177431 ||0.09923519287716
   4   ||  Biomass1 || limited ||      7.382358185348 ||0.1099663913501
   5   ||  Biomass2 || limited ||       6.61804215803 ||0.09011127468378
   6   ||  vm_sigma || limited ||      24.06403950275 ||0.4979610760564
   7   ||Recruit year 1 || limited ||      6.792763063074 ||0.1164147146898
   8   ||Recruit year 2 || limited ||      8.831262575852 ||0.1431081685521
   9   ||Recruit year 3 || limited ||      9.050635533963 ||0.1367222553967
  10   ||Recruit year 4 || limited ||      2.522365825617 ||0.05106198546386
  11   ||Mean Rec dist 1 || limited ||     0.8402305125959 ||0.004516919101357
  12   ||Mean Rec dist 2 || limited ||     0.7685327093478 ||0.004003451958083
  13   ||Mean Rec dist 3 || limited ||     0.3783633725735 ||0.003494263065019
  14   ||Mean Rec dist 4 || limited ||     0.9674269715963 ||0.005970993419178





