# Minimum negative log likelihood

Minuit did successfully converge.
# of function calls: 435
minimum function Value: 851.2731568485
minimum edm: 3.074211903161e-05
minimum internal state vector: LAVector parameters:
     0.6584081858359
     -1.162615770558
     -1.287002217587
    -0.7896284785444
     -1.465965203725
     -1.455023246396
     -1.570804494361
    -0.9662881129086
     -1.134531304263
     -1.060760755539
     -1.015709689359
     -0.965101041457

minimum internal covariance matrix: LASymMatrix parameters:
     0.12195273  -0.0082749127              0 -0.00038598066  -0.0019946881 -0.00043611337 -0.00010250897 -0.00047937387    0.011758482    0.011514716     0.01103435    0.014070061
  -0.0082749127   0.0006887873              0  1.1967339e-05  0.00014855717  2.9081362e-05  9.0955698e-06 -7.7856109e-05  -0.0008769543 -0.00084051148 -0.00083137989  -0.0010203285
              0              0              2              0              0              0              0              0              0              0              0              0
 -0.00038598066  1.1967339e-05              0   0.0007927226   2.833618e-06  2.5790826e-06  2.9408369e-06  1.3843789e-05  5.9317648e-06 -2.6927084e-05 -7.4698307e-05  1.3158945e-05
  -0.0019946881  0.00014855717              0   2.833618e-06  3.6379262e-05  6.3981653e-06   2.723468e-06 -3.6293102e-05 -0.00021759589 -0.00018921879 -0.00019509752 -0.00023694796
 -0.00043611337  2.9081362e-05              0  2.5790826e-06  6.3981653e-06  2.2823393e-06  2.6979035e-08  1.8495566e-05 -3.4467659e-05 -4.5190282e-05 -3.8304868e-05 -5.1202866e-05
 -0.00010250897  9.0955698e-06              0  2.9408369e-06   2.723468e-06  2.6979035e-08  0.00032857926 -1.2936207e-05 -5.5983065e-07 -1.5980394e-05 -1.6423479e-05 -1.0139631e-05
 -0.00047937387 -7.7856109e-05              0  1.3843789e-05 -3.6293102e-05  1.8495566e-05 -1.2936207e-05   0.0013067049  6.8407313e-05  4.2514963e-05 -6.0207113e-05  0.00018518005
    0.011758482  -0.0008769543              0  5.9317648e-06 -0.00021759589 -3.4467659e-05 -5.5983065e-07  6.8407313e-05   0.0018926175  0.00083166329   0.0013215046   0.0012445576
    0.011514716 -0.00084051148              0 -2.6927084e-05 -0.00018921879 -4.5190282e-05 -1.5980394e-05  4.2514963e-05  0.00083166329   0.0014492126  0.00093940602   0.0014292089
     0.01103435 -0.00083137989              0 -7.4698307e-05 -0.00019509752 -3.8304868e-05 -1.6423479e-05 -6.0207113e-05   0.0013215046  0.00093940602   0.0013316966   0.0012054597
    0.014070061  -0.0010203285              0  1.3158945e-05 -0.00023694796 -5.1202866e-05 -1.0139631e-05  0.00018518005   0.0012445576   0.0014292089   0.0012054597   0.0019903761


# ext. ||   Name    ||   type  ||     Value     ||  Error +/- 

   0   ||Natural mortality || limited ||    0.06029646387253 ||0.004833443344664
   1   ||Targeted q || limited ||      4.107772416735 ||0.3682964477935
   2   ||Nontargeted q || limited ||                   2 ||22.06548931833
   3   ||     sigma || limited ||      14.49541351185 ||0.7008530091297
   4   ||  Biomass1 || limited ||      2.744875959929 ||0.2231388181321
   5   ||  Biomass2 || limited ||      3.347110472729 ||0.0616995526859
   6   ||   vm_mean || limited ||     -3.141592653485* ||0.0002580620148558
   7   ||  vm_sigma || limited ||      7.089643092868 ||0.5810354660172
   8   ||Recruit year 1 || limited ||      4.692720522871 ||0.649770650663
   9   ||Recruit year 2 || limited ||      6.373006534908 ||0.6569469902629
  10   ||Recruit year 3 || limited ||       7.51651007073 ||0.6798147703982
  11   ||Recruit year 4 || limited ||      8.903788186024 ||0.8977886010333

* Parameter is at Lower limit




