# Minimum negative log likelihood

Minuit did successfully converge.
# of function calls: 727
minimum function Value: 408.9848531146
minimum edm: 2.481653902772e-05
minimum internal state vector: LAVector parameters:
     -1.067548408397
     -1.287002217587
      -1.30708123793
     -1.496357030182
      -1.50113806347
   -0.07921881752987
      2.680719707248
      -1.10255807197
     -1.117551466912
     -1.398343570151
     -1.190379871283

minimum internal covariance matrix: LASymMatrix parameters:
  2.3041459e-06              0 -7.4955516e-07 -2.9834161e-07 -2.7686312e-07  1.3328072e-07   2.169312e-05 -4.3994797e-07  -4.200943e-07 -1.1003078e-07 -4.8525274e-07
              0              2              0              0              0              0              0              0              0              0              0
 -7.4955516e-07              0  8.0686534e-05  7.4381197e-07  5.7752953e-07 -1.0699912e-07  1.3507924e-05 -1.0901814e-06  3.1225333e-07 -5.3693338e-08  1.8661963e-06
 -2.9834161e-07              0  7.4381197e-07  1.0179511e-06  8.1908831e-07 -2.2269655e-08 -2.4214884e-06  9.8244591e-08 -7.9670398e-09   1.401814e-08  1.5408057e-07
 -2.7686312e-07              0  5.7752953e-07  8.1908831e-07   6.707661e-07 -2.0392284e-08 -2.5496502e-06  6.9129076e-08 -1.0027659e-09  1.0867208e-08  1.4718144e-07
  1.3328072e-07              0 -1.0699912e-07 -2.2269655e-08 -2.0392284e-08  2.7049074e-08   3.944537e-06 -1.5842349e-08 -1.2443187e-08  2.1035083e-09 -4.5429036e-08
   2.169312e-05              0  1.3507924e-05 -2.4214884e-06 -2.5496502e-06   3.944537e-06   0.0015861066 -2.3993132e-06 -2.8618028e-06  1.8910282e-06 -5.2019625e-06
 -4.3994797e-07              0 -1.0901814e-06  9.8244591e-08  6.9129076e-08 -1.5842349e-08 -2.3993132e-06  1.6068226e-06  1.9334343e-07  6.4502727e-08 -6.5670048e-08
  -4.200943e-07              0  3.1225333e-07 -7.9670398e-09 -1.0027659e-09 -1.2443187e-08 -2.8618028e-06  1.9334343e-07  1.6359209e-06  4.8812497e-08 -1.2983332e-07
 -1.1003078e-07              0 -5.3693338e-08   1.401814e-08  1.0867208e-08  2.1035083e-09  1.8910282e-06  6.4502727e-08  4.8812497e-08  1.2533959e-06 -1.1357811e-07
 -4.8525274e-07              0  1.8661963e-06  1.5408057e-07  1.4718144e-07 -4.5429036e-08 -5.2019625e-06 -6.5670048e-08 -1.2983332e-07 -1.1357811e-07  2.1769118e-06


# ext. ||   Name    ||   type  ||     Value     ||  Error +/- 

   0   ||Targeted q || limited ||      6.198959959646 ||0.02588231658852
   1   ||Nontargeted q || limited ||                   2 ||22.06548931833
   2   ||     sigma || limited ||      1.728588287919 ||0.08278315859752
   3   ||  Biomass1 || limited ||      1.384662650797 ||0.02652891729046
   4   ||  Biomass2 || limited ||      1.212577980035 ||0.02015403009847
   5   ||   vm_mean || limited ||     -0.791359856454 ||0.001159303217375
   6   ||  vm_sigma || limited ||      57.78948337347 ||1.008773728789
   7   ||Recruit year 1 || limited ||      5.391223103358 ||0.02022437565068
   8   ||Recruit year 2 || limited ||      5.057947046523 ||0.0197994350574
   9   ||Recruit year 3 || limited ||      0.751583856696 ||0.006791583076299
  10   ||Recruit year 4 || limited ||       3.58413839165 ||0.01936712986285





