# Minimum negative log likelihood

Minuit did successfully converge.
# of function calls: 872
minimum function Value: 445.1410339961
minimum edm: 4.397337105844e-05
minimum internal state vector: LAVector parameters:
    -0.6425842785122
    -0.9772272678323
     -1.287002217587
     -1.282999081954
     -1.547933885705
     -1.549193457199
     -0.292652653056
   -0.07226615344602
      -1.31800146873
     -1.213637216284
     -1.256646348977
     -1.079979133066

minimum internal covariance matrix: LASymMatrix parameters:
   0.0011534598 -0.00042856414              0  3.3201464e-06  1.4113477e-05  1.3154257e-05  -1.999077e-06  2.4544961e-05  0.00017939605  0.00022048433   0.0002319614  0.00033803312
 -0.00042856414  0.00016505974              0 -5.9777584e-07 -5.3080055e-06 -4.9611891e-06  2.1648723e-06 -4.2246738e-05 -6.7299614e-05 -8.2690671e-05 -8.6875399e-05 -0.00012678017
              0              0              2              0              0              0              0              0              0              0              0              0
  3.3201464e-06 -5.9777584e-07              0  0.00010207745   5.738171e-07  3.9971103e-07 -1.1315561e-07  1.1282656e-05  5.9189744e-07  6.1662207e-07  5.0553919e-07  6.8725356e-07
  1.4113477e-05 -5.3080055e-06              0   5.738171e-07  1.7806934e-06  1.3796393e-06 -4.5663579e-08 -4.2180258e-07   2.271442e-06  2.6725207e-06  2.8073034e-06  4.1173864e-06
  1.3154257e-05 -4.9611891e-06              0  3.9971103e-07  1.3796393e-06  1.1061094e-06 -4.1455522e-08  1.7678954e-08  2.0863137e-06  2.4979142e-06  2.6279552e-06  3.8464303e-06
  -1.999077e-06  2.1648723e-06              0 -1.1315561e-07 -4.5663579e-08 -4.1455522e-08  8.0237683e-07 -1.5489226e-05 -4.7398877e-07 -5.4044411e-07 -5.4283057e-07 -8.8335457e-07
  2.4544961e-05 -4.2246738e-05              0  1.1282656e-05 -4.2180258e-07  1.7678954e-08 -1.5489226e-05  0.00064229208   7.642492e-06  9.1069355e-06  9.4277645e-06  1.3107736e-05
  0.00017939605 -6.7299614e-05              0  5.9189744e-07   2.271442e-06  2.0863137e-06 -4.7398877e-07   7.642492e-06  3.0523051e-05  3.4499898e-05  3.6110348e-05  5.2587991e-05
  0.00022048433 -8.2690671e-05              0  6.1662207e-07  2.6725207e-06  2.4979142e-06 -5.4044411e-07  9.1069355e-06  3.4499898e-05  4.4379252e-05  4.4611227e-05  6.4644359e-05
   0.0002319614 -8.6875399e-05              0  5.0553919e-07  2.8073034e-06  2.6279552e-06 -5.4283057e-07  9.4277645e-06  3.6110348e-05  4.4611227e-05  4.9070995e-05  6.7975008e-05
  0.00033803312 -0.00012678017              0  6.8725356e-07  4.1173864e-06  3.8464303e-06 -8.8335457e-07  1.3107736e-05  5.2587991e-05  6.4644359e-05  6.7975008e-05  0.00010156568


# ext. ||   Name    ||   type  ||     Value     ||  Error +/- 

   0   ||Natural mortality || limited ||    0.06011005744431 ||0.002883527346928
   1   ||Targeted q || limited ||      8.552514715528 ||0.2540577290454
   2   ||Nontargeted q || limited ||                   2 ||22.06548931833
   3   ||     sigma || limited ||       2.05642835094 ||0.1013890297356
   4   ||  Biomass1 || limited ||     0.1306671114497 ||0.01078535080967
   5   ||  Biomass2 || limited ||     0.1166664563959 ||0.008032147530007
   6   ||   vm_mean || limited ||    -0.9063278180477 ||0.001905261716681
   7   ||  vm_sigma || limited ||      37.11240532382 ||0.714903767452
   8   ||Recruit year 1 || limited ||      1.598982112754 ||0.04884916803267
   9   ||Recruit year 2 || limited ||       3.16499357651 ||0.08233582007728
  10   ||Recruit year 3 || limited ||      2.456785983824 ||0.07652303432872
  11   ||Recruit year 4 || limited ||      5.912011164098 ||0.1679275350045





