# Minimum negative log likelihood

WARNING: Minuit did not converge.

# of function calls: 231
minimum function Value: 714.2098306648
minimum edm: 95.6955306861
minimum internal state vector: LAVector parameters:
     0.4244238142583
     -1.031609455672
     -1.287002217587
    -0.9787400173801
     -1.490564613759
      -1.49476967669
    -0.2339707311478
     0.2384474341817
    -0.9357035367526
     -1.155483753673
     -1.162260914601
     -1.461360828032

minimum internal covariance matrix: LASymMatrix parameters:
      1.0665219 -1.6877129e-05              0  -0.0002818198 -3.2054319e-06 -1.2903347e-06  2.0718624e-06  0.00025699124  7.1106006e-06 -1.0383902e-06  -5.531056e-06  1.1180116e-05
 -1.6877129e-05      1.0653813              0 -0.00013710097  -1.686364e-06 -6.4639687e-07 -2.1697286e-06 -0.00096416567  1.0165643e-05  1.9972472e-06 -3.4344286e-06  9.0474096e-06
              0              0      3.0653627              0              0              0              0              0              0              0              0              0
  -0.0002818198 -0.00013710097              0      1.0650667 -6.4163262e-06 -9.2246517e-07  -1.697307e-05   -0.012415205  7.4791668e-05  2.7299228e-05  -1.093596e-05  4.8421685e-05
 -3.2054319e-06  -1.686364e-06              0 -6.4163262e-06       1.065363  9.8656056e-08  -6.260678e-07 -0.00014372567  1.1283411e-06  2.8555029e-07 -1.1810783e-07  6.3126366e-07
 -1.2903347e-06 -6.4639687e-07              0 -9.2246517e-07  9.8656056e-08       1.065363  2.3091432e-07 -7.6039028e-05  2.1071053e-07  1.6787416e-07 -5.5525255e-08   2.123277e-07
  2.0718624e-06 -2.1697286e-06              0  -1.697307e-05  -6.260678e-07  2.3091432e-07      1.0653731  0.00057176627  2.5611516e-06  5.6570749e-07 -2.0029998e-06  3.4726754e-06
  0.00025699124 -0.00096416567              0   -0.012415205 -0.00014372567 -7.6039028e-05  0.00057176627       1.000002    0.001023688  0.00048947612 -6.2172894e-05  0.00072155557
  7.1106006e-06  1.0165643e-05              0  7.4791668e-05  1.1283411e-06  2.1071053e-07  2.5611516e-06    0.001023688      1.0654105  -1.740265e-06  9.6566463e-07 -4.8548801e-06
 -1.0383902e-06  1.9972472e-06              0  2.7299228e-05  2.8555029e-07  1.6787416e-07  5.6570749e-07  0.00048947612  -1.740265e-06      1.0654152 -2.0042794e-07 -9.1523112e-07
  -5.531056e-06 -3.4344286e-06              0  -1.093596e-05 -1.1810783e-07 -5.5525255e-08 -2.0029998e-06 -6.2172894e-05  9.6566463e-07 -2.0042794e-07      1.0654148  3.4418324e-07
  1.1180116e-05  9.0474096e-06              0  4.8421685e-05  6.3126366e-07   2.123277e-07  3.4726754e-06  0.00072155557 -4.8548801e-06 -9.1523112e-07  3.4418324e-07      1.0654299


# ext. ||   Name    ||   type  ||     Value     ||  Error +/- 

   0   ||Natural mortality || limited ||    0.05529489464503 ||0.01519675559861
   1   ||Targeted q || limited ||      7.093677170499 ||17.1170803176
   2   ||Nontargeted q || limited ||                   2 ||59.54388730111
   3   ||     sigma || limited ||      8.510256364035 ||18.60272422865
   4   ||  Biomass1 || limited ||      1.608418866567 ||126.9531870381
   5   ||  Biomass2 || limited ||      1.444316994889 ||126.9949900681
   6   ||   vm_mean || limited ||     -0.728352758416 ||2.037617382239
   7   ||  vm_sigma || limited ||      49.44815287922 ||25.24994590719
   8   ||Recruit year 1 || limited ||      9.758192481207 ||19.77616793433
   9   ||Recruit year 2 || limited ||      4.260062478384 ||13.44996648632
  10   ||Recruit year 3 || limited ||      4.124406650727 ||13.24294419807
  11   ||Recruit year 4 || limited ||     0.3090746109392 ||12.65959388837



WARNING: FunctionMinimum is invalid: 
	 Edm is above max


