# Minimum negative log likelihood

Minuit did successfully converge.
# of function calls: 1212
minimum function Value: 251.0743886848
minimum edm: 2.757136367495e-05
minimum internal state vector: LAVector parameters:
      0.572175887841
       -1.1184328054
     -1.287002217587
     -1.390669394005
     -1.479137270382
     -1.484233172362
    -0.5916831749662
     -1.441128368781
     -1.111458906965
     -1.289284514682
     -1.308544711317
     0.0460896426448
    0.06023294666521
    0.06696194884394
    0.03355317155947

minimum internal covariance matrix: LASymMatrix parameters:
    0.001804961 -0.00011662096              0 -1.2417201e-05  2.1971877e-05  2.0240945e-05 -0.00023137669  4.6684611e-05   0.0001825543   0.0001169014  0.00010244234  1.4742352e-05  9.0633171e-06  6.2746373e-06  1.4272342e-05
 -0.00011662096   1.006097e-05              0  1.4773449e-06 -1.5870455e-06  -1.499059e-06  4.0708348e-06 -3.3471161e-06 -1.3115945e-05 -8.0941445e-06 -7.2059769e-06 -3.6332249e-07 -1.5447408e-07 -1.6666427e-07 -9.6301308e-07
              0              0              2              0              0              0              0              0              0              0              0              0              0              0              0
 -1.2417201e-05  1.4773449e-06              0  4.1261807e-05  1.8030156e-07  4.1465139e-09 -1.0670509e-05  1.6539915e-07 -2.3306736e-06 -2.0126154e-07 -5.6212431e-07  -1.435335e-06  1.3866872e-07  2.1277302e-09  8.1157962e-08
  2.1971877e-05 -1.5870455e-06              0  1.8030156e-07  6.4360572e-07   5.486856e-07 -3.1156781e-06  6.4754285e-07  2.2444632e-06  1.4389481e-06  1.3201848e-06  8.4664465e-08  1.2458836e-07  1.1407485e-07  1.1437926e-07
  2.0240945e-05  -1.499059e-06              0  4.1465139e-09   5.486856e-07  4.7635023e-07 -2.4547889e-06  6.0015372e-07  2.1159996e-06  1.3339556e-06  1.1976913e-06  1.0893244e-07  1.0495509e-07  9.8629497e-08  1.0503377e-07
 -0.00023137669  4.0708348e-06              0 -1.0670509e-05 -3.1156781e-06 -2.4547889e-06  0.00015493115 -7.4145919e-06 -1.6980871e-05  -1.318384e-05 -1.0447562e-05 -5.6442135e-07 -4.1635418e-06 -3.8431256e-06 -2.6910294e-06
  4.6684611e-05 -3.3471161e-06              0  1.6539915e-07  6.4754285e-07  6.0015372e-07 -7.4145919e-06  2.2947919e-06  5.0894743e-06  3.2211751e-06  2.2861824e-06 -2.3276408e-07  2.5432929e-07  2.0138974e-07  2.8701998e-07
   0.0001825543 -1.3115945e-05              0 -2.3306736e-06  2.2444632e-06  2.1159996e-06 -1.6980871e-05  5.0894743e-06  1.9805588e-05  1.2125144e-05  1.0382186e-05  1.2282928e-06  7.0929858e-07  5.0150795e-07   1.380378e-06
   0.0001169014 -8.0941445e-06              0 -2.0126154e-07  1.4389481e-06  1.3339556e-06  -1.318384e-05  3.2211751e-06  1.2125144e-05  8.2709399e-06  6.6204828e-06    6.46659e-07  4.8344337e-07  2.0609904e-07  9.8279553e-07
  0.00010244234 -7.2059769e-06              0 -5.6212431e-07  1.3201848e-06  1.1976913e-06 -1.0447562e-05  2.2861824e-06  1.0382186e-05  6.6204828e-06  7.0600304e-06  8.7697296e-07  3.6148663e-07  3.9457542e-07  9.9936251e-07
  1.4742352e-05 -3.6332249e-07              0  -1.435335e-06  8.4664465e-08  1.0893244e-07 -5.6442135e-07 -2.3276408e-07  1.2282928e-06    6.46659e-07  8.7697296e-07  1.7026569e-06  1.6415436e-07  6.1771603e-08  2.4098149e-08
  9.0633171e-06 -1.5447408e-07              0  1.3866872e-07  1.2458836e-07  1.0495509e-07 -4.1635418e-06  2.5432929e-07  7.0929858e-07  4.8344337e-07  3.6148663e-07  1.6415436e-07   1.945985e-07  8.8336776e-08   1.229714e-08
  6.2746373e-06 -1.6666427e-07              0  2.1277302e-09  1.1407485e-07  9.8629497e-08 -3.8431256e-06  2.0138974e-07  5.0150795e-07  2.0609904e-07  3.9457542e-07  6.1771603e-08  8.8336776e-08  5.2173749e-07  1.0154685e-07
  1.4272342e-05 -9.6301308e-07              0  8.1157962e-08  1.1437926e-07  1.0503377e-07 -2.6910294e-06  2.8701998e-07   1.380378e-06  9.8279553e-07  9.9936251e-07  2.4098149e-08   1.229714e-08  1.0154685e-07  3.7940842e-07


# ext. ||   Name    ||   type  ||     Value     ||  Error +/- 

   0   ||Natural mortality || limited ||    0.05853656629859 ||0.0006313169570666
   1   ||Targeted q || limited ||      5.029173104446 ||0.04901713936956
   2   ||Nontargeted q || limited ||                   2 ||22.06548931833
   3   ||     sigma || limited ||     0.8089519930469 ||0.04068696002577
   4   ||  Biomass1 || limited ||      2.098875583419 ||0.02596163447527
   5   ||  Biomass2 || limited ||       1.87212547386 ||0.02109641912101
   6   ||  vm_sigma || limited ||      17.69042477163 ||0.292201889073
   7   ||Recruit year 1 || limited ||     0.4297138728451 ||0.006924654542586
   8   ||Recruit year 2 || limited ||      5.192159130894 ||0.06975183834282
   9   ||Recruit year 3 || limited ||      1.977976064186 ||0.02824449883164
  10   ||Recruit year 4 || limited ||      1.719394924088 ||0.02435247726762
  11   ||Mean Rec dist 1 || limited ||     0.4607332668433 ||0.009216946671447
  12   ||Mean Rec dist 2 || limited ||     0.6019653233739 ||0.003113626073614
  13   ||Mean Rec dist 3 || limited ||     0.6691191825253 ||0.005096084371484
  14   ||Mean Rec dist 4 || limited ||     0.3354687613475 ||0.004353053020941





