# Minimum negative log likelihood

Minuit did successfully converge.
# of function calls: 1181
minimum function Value: 414.2585049811
minimum edm: 9.151103244226e-05
minimum internal state vector: LAVector parameters:
    -0.9347125254006
    -0.9856677147936
     -1.287002217587
     -1.303712218925
      -1.43645498653
     -1.439288880881
     0.4562886526891
    -0.1290666834618
     -1.134594342458
      -1.49361227633
     -1.072537831919
     -1.193467397993

minimum internal covariance matrix: LASymMatrix parameters:
    0.011159997 -0.00053053556              0   -1.00507e-06  0.00012118015  0.00011221726  -4.056112e-07 -1.0233149e-05  0.00034098871  5.3279055e-05   0.0004541325  0.00036835401
 -0.00053053556  2.7094749e-05              0 -5.9609229e-07 -6.2658233e-06 -5.7798791e-06  5.3471484e-07 -1.0126311e-05 -1.5987782e-05 -2.4278302e-06 -2.1621948e-05 -1.7797241e-05
              0              0              2              0              0              0              0              0              0              0              0              0
   -1.00507e-06 -5.9609229e-07              0  9.3365466e-05 -1.1316186e-07  -6.459388e-08 -1.8536093e-07 -2.6812902e-06 -5.3914147e-07  2.0604033e-07 -4.2411354e-08 -2.6410989e-07
  0.00012118015 -6.2658233e-06              0 -1.1316186e-07  2.5336982e-06  2.2552196e-06 -1.4161162e-07  3.0780671e-06   3.777155e-06  5.2263108e-07   4.965779e-06   4.101234e-06
  0.00011221726 -5.7798791e-06              0  -6.459388e-08  2.2552196e-06  2.0181251e-06 -1.2432528e-07  2.7211695e-06  3.4804295e-06  4.8878309e-07  4.5950046e-06  3.7876496e-06
  -4.056112e-07  5.3471484e-07              0 -1.8536093e-07 -1.4161162e-07 -1.2432528e-07  5.0907655e-07 -8.2226955e-06  5.4261295e-08  2.5972846e-08  -3.556654e-09  -1.675655e-08
 -1.0233149e-05 -1.0126311e-05              0 -2.6812902e-06  3.0780671e-06  2.7211695e-06 -8.2226955e-06  0.00042535564 -2.3787631e-06 -1.3176787e-06  -1.152307e-06 -2.2284596e-06
  0.00034098871 -1.5987782e-05              0 -5.3914147e-07   3.777155e-06  3.4804295e-06  5.4261295e-08 -2.3787631e-06  1.1962952e-05  1.6482006e-06  1.3980301e-05  1.1518163e-05
  5.3279055e-05 -2.4278302e-06              0  2.0604033e-07  5.2263108e-07  4.8878309e-07  2.5972846e-08 -1.3176787e-06  1.6482006e-06  1.6137498e-06  2.1772914e-06    1.80619e-06
   0.0004541325 -2.1621948e-05              0 -4.2411354e-08   4.965779e-06  4.5950046e-06  -3.556654e-09  -1.152307e-06  1.3980301e-05  2.1772914e-06  1.9736994e-05  1.5077713e-05
  0.00036835401 -1.7797241e-05              0 -2.6410989e-07   4.101234e-06  3.7876496e-06  -1.675655e-08 -2.2284596e-06  1.1518163e-05    1.80619e-06  1.5077713e-05  1.4275398e-05


# ext. ||   Name    ||   type  ||     Value     ||  Error +/- 

   0   ||Natural mortality || limited ||    0.02488929157117 ||0.001108347310671
   1   ||Targeted q || limited ||      8.317947023785 ||0.1016428479181
   2   ||Nontargeted q || limited ||                   2 ||22.06548931833
   3   ||     sigma || limited ||        1.7727720916 ||0.09016067500957
   4   ||  Biomass1 || limited ||      4.505117262945 ||0.07537631821519
   5   ||  Biomass2 || limited ||      4.317324639419 ||0.06586076893447
   6   ||   vm_mean || limited ||      1.384246968784 ||0.001422835555089
   7   ||  vm_sigma || limited ||      34.85221854715 ||0.5784594173705
   8   ||Recruit year 1 || limited ||        4.6913888837 ||0.05166032947795
   9   ||Recruit year 2 || limited ||     0.1588456315587 ||0.003462787847736
  10   ||Recruit year 3 || limited ||       6.08858444491 ||0.07505596499019
  11   ||Recruit year 4 || limited ||       3.52704443299 ||0.04921192134886





