# Minimum negative log likelihood

Minuit did successfully converge.
# of function calls: 1223
minimum function Value: 321.1875610152
minimum edm: 8.373190519916e-05
minimum internal state vector: LAVector parameters:
     0.2627141497479
     -1.250513990186
     -1.287002217587
     -1.357472132408
     -1.471890806177
     -1.475225691888
    -0.6885388819222
     -1.024383683779
    -0.9603687099282
      -1.08373054834
     -1.149254921279
       0.10818551252
    0.06260158148855
    0.03361371803182
    0.09863999670938

minimum internal covariance matrix: LASymMatrix parameters:
   0.0014583515 -0.00014362968              0 -6.9779099e-05  4.6003249e-05  4.3694632e-05 -0.00017247316  0.00032098755   0.0003721517  0.00028708294  0.00024772166  1.2087937e-05  1.3885201e-05  1.4451682e-05  6.4980592e-06
 -0.00014362968  1.5529838e-05              0  9.3961157e-06  -5.025413e-06 -4.7613814e-06  1.0724626e-05 -3.2826893e-05 -3.7968293e-05 -2.9009769e-05 -2.5752053e-05  -1.012459e-06 -1.2398994e-06 -1.3385456e-06 -3.7454816e-07
              0              0              2              0              0              0              0              0              0              0              0              0              0              0              0
 -6.9779099e-05  9.3961157e-06              0  8.6450172e-05 -3.6750782e-06 -3.4372659e-06  -7.905743e-06 -1.6359376e-05 -2.0734301e-05 -1.2048023e-05 -1.4077131e-05 -3.9901019e-07 -6.5337494e-07 -1.0544774e-06  1.3804735e-06
  4.6003249e-05  -5.025413e-06              0 -3.6750782e-06  2.4120851e-06  2.2072391e-06 -3.4795512e-06   1.051938e-05  1.2327529e-05  9.2473935e-06  8.2925011e-06  2.9693559e-07  3.9273236e-07  4.3660562e-07  8.9040713e-08
  4.3694632e-05 -4.7613814e-06              0 -3.4372659e-06  2.2072391e-06   2.029203e-06 -3.3152692e-06  9.9925724e-06  1.1677642e-05  8.7764181e-06  7.8791152e-06  2.8622174e-07  3.7532614e-07  4.1711379e-07  8.6282693e-08
 -0.00017247316  1.0724626e-05              0  -7.905743e-06 -3.4795512e-06 -3.3152692e-06  0.00012635004  -3.235082e-05 -3.6999182e-05 -3.0996123e-05 -2.4426869e-05 -3.3492889e-06 -3.1384359e-06 -3.1107272e-06 -3.1929966e-06
  0.00032098755 -3.2826893e-05              0 -1.6359376e-05   1.051938e-05  9.9925724e-06  -3.235082e-05  7.3469291e-05  8.2794764e-05  6.3629268e-05  5.6312352e-05  2.3755858e-06  3.0102422e-06  3.2039969e-06  1.3139062e-06
   0.0003721517 -3.7968293e-05              0 -2.0734301e-05  1.2327529e-05  1.1677642e-05 -3.6999182e-05  8.2794764e-05  9.8493917e-05  7.3678213e-05  6.4277386e-05  2.7779243e-06  3.3295545e-06  3.6135534e-06  1.6076402e-06
  0.00028708294 -2.9009769e-05              0 -1.2048023e-05  9.2473935e-06  8.7764181e-06 -3.0996123e-05  6.3629268e-05  7.3678213e-05  5.8830432e-05  4.9219898e-05  2.2461064e-06  2.5164555e-06  2.6405174e-06  1.1107715e-06
  0.00024772166 -2.5752053e-05              0 -1.4077131e-05  8.2925011e-06  7.8791152e-06 -2.4426869e-05  5.6312352e-05  6.4277386e-05  4.9219898e-05   4.645322e-05  1.8324129e-06  2.2878107e-06  2.4784386e-06  1.0432173e-06
  1.2087937e-05  -1.012459e-06              0 -3.9901019e-07  2.9693559e-07  2.8622174e-07 -3.3492889e-06  2.3755858e-06  2.7779243e-06  2.2461064e-06  1.8324129e-06  4.3599825e-07  2.2485603e-07  1.0028583e-07  1.9379935e-07
  1.3885201e-05 -1.2398994e-06              0 -6.5337494e-07  3.9273236e-07  3.7532614e-07 -3.1384359e-06  3.0102422e-06  3.3295545e-06  2.5164555e-06  2.2878107e-06  2.2485603e-07  3.1847912e-07  1.5736773e-07  1.7260569e-07
  1.4451682e-05 -1.3385456e-06              0 -1.0544774e-06  4.3660562e-07  4.1711379e-07 -3.1107272e-06  3.2039969e-06  3.6135534e-06  2.6405174e-06  2.4784386e-06  1.0028583e-07  1.5736773e-07  3.4430013e-07  4.4453931e-08
  6.4980592e-06 -3.7454816e-07              0  1.3804735e-06  8.9040713e-08  8.6282693e-08 -3.1929966e-06  1.3139062e-06  1.6076402e-06  1.1107715e-06  1.0432173e-06  1.9379935e-07  1.7260569e-07  4.4453931e-08  6.9837794e-07


# ext. ||   Name    ||   type  ||     Value     ||  Error +/- 

   0   ||Natural mortality || limited ||    0.05149256322205 ||0.0006518391922976
   1   ||Targeted q || limited ||      2.542671670308 ||0.04386521907732
   2   ||Nontargeted q || limited ||                   2 ||22.06548931833
   3   ||     sigma || limited ||      1.133372448779 ||0.06959467174662
   4   ||  Biomass1 || limited ||      2.443582538931 ||0.05422049355283
   5   ||  Biomass2 || limited ||      2.281699065673 ||0.04805967446075
   6   ||  vm_sigma || limited ||      14.58443283812 ||0.2454926829117
   7   ||Recruit year 1 || limited ||      7.289567065462 ||0.1574535102837
   8   ||Recruit year 2 || limited ||      9.038948258587 ||0.201109441963
   9   ||Recruit year 3 || limited ||      5.823919601855 ||0.1269079146542
  10   ||Recruit year 4 || limited ||      4.386595715066 ||0.09858681554738
  11   ||Mean Rec dist 1 || limited ||      1.079746002163 ||0.004641740645078
  12   ||Mean Rec dist 2 || limited ||     0.6256070067173 ||0.003982666335654
  13   ||Mean Rec dist 3 || limited ||      0.336073884667 ||0.004146753204758
  14   ||Mean Rec dist 4 || limited ||     0.9848011579864 ||0.005880496412762





