# Minimum negative log likelihood

Minuit did successfully converge.
# of function calls: 1060
minimum function Value: 517.6819974681
minimum edm: 4.406960591024e-05
minimum internal state vector: LAVector parameters:
      1.307761509077
     -1.083817523851
     -1.287002217587
      -1.22760373148
      -1.55406819302
     -1.548014086193
    -0.8186693222727
    -0.4211574586864
    -0.9631347773634
     -1.093480171539
     -1.258550595052
     -1.069484614554

minimum internal covariance matrix: LASymMatrix parameters:
     0.46842262   -0.011845697              0  0.00096019015  0.00028951565  0.00062310961  0.00011233875  -0.0011767531    0.013914878     0.01160823   0.0072251097    0.011912695
   -0.011845697  0.00030808339              0 -2.3764846e-05 -7.7696614e-06 -1.6534909e-05  2.9243527e-07 -4.2200536e-07  -0.0003549354 -0.00029668392 -0.00018439288 -0.00030436917
              0              0              2              0              0              0              0              0              0              0              0              0
  0.00096019015 -2.3764846e-05              0  0.00012805238 -3.3097453e-07   2.269922e-07 -1.1958863e-08   7.754015e-06  2.8050983e-05  2.2624121e-05  1.2974681e-05  2.3567838e-05
  0.00028951565 -7.7696614e-06              0 -3.3097453e-07  5.6828236e-06  2.5785982e-06  5.8643251e-08 -5.9068559e-08  9.4591026e-06  7.2724663e-06  4.7573803e-06  7.4524361e-06
  0.00062310961 -1.6534909e-05              0   2.269922e-07  2.5785982e-06  8.9373264e-06  8.2743725e-07  2.2512495e-05  1.2293916e-05  1.5594731e-05  9.9562047e-06  1.6018186e-05
  0.00011233875  2.9243527e-07              0 -1.1958863e-08  5.8643251e-08  8.2743725e-07  2.5944255e-06 -1.7802072e-05  1.4635094e-06  1.6700023e-06  1.1456714e-06  1.7658948e-06
  -0.0011767531 -4.2200536e-07              0   7.754015e-06 -5.9068559e-08  2.2512495e-05 -1.7802072e-05  0.00051342395  -4.959772e-05 -1.8264599e-05  -1.222748e-05 -1.8705205e-05
    0.013914878  -0.0003549354              0  2.8050983e-05  9.4591026e-06  1.2293916e-05  1.4635094e-06  -4.959772e-05  0.00042617443  0.00034623386  0.00021519639  0.00035532903
     0.01160823 -0.00029668392              0  2.2624121e-05  7.2724663e-06  1.5594731e-05  1.6700023e-06 -1.8264599e-05  0.00034623386  0.00029363996  0.00017951879  0.00029655263
   0.0072251097 -0.00018439288              0  1.2974681e-05  4.7573803e-06  9.9562047e-06  1.1456714e-06  -1.222748e-05  0.00021519639  0.00017951879  0.00011653689  0.00018424397
    0.011912695 -0.00030436917              0  2.3567838e-05  7.4524361e-06  1.6018186e-05  1.7658948e-06 -1.8705205e-05  0.00035532903  0.00029655263  0.00018424397  0.00030892353


# ext. ||   Name    ||   type  ||     Value     ||  Error +/- 

   0   ||Natural mortality || limited ||    0.06914013341097 ||0.003024478495343
   1   ||Targeted q || limited ||      5.812465840333 ||0.2903921797392
   2   ||Nontargeted q || limited ||                   2 ||22.06548931833
   3   ||     sigma || limited ||      2.915741328899 ||0.1346241902238
   4   ||  Biomass1 || limited ||    0.06995598355525 ||0.01409821490103
   5   ||  Biomass2 || limited ||     0.1297520094641 ||0.02407783079478
   6   ||   vm_mean || limited ||     -2.294108344742 ||0.002444551102927
   7   ||  vm_sigma || limited ||      23.64802271218 ||0.5848537727962
   8   ||Recruit year 1 || limited ||      8.959835036899 ||0.4166652742729
   9   ||Recruit year 2 || limited ||      5.597887636131 ||0.2782893859346
  10   ||Recruit year 3 || limited ||      2.427453773347 ||0.1172344899772
  11   ||Recruit year 4 || limited ||      6.161737827516 ||0.2985988984789





