# Minimum negative log likelihood

Minuit did successfully converge.
# of function calls: 1051
minimum function Value: 712.747417055
minimum edm: 7.104496593563e-05
minimum internal state vector: LAVector parameters:
       3.15127057888
     -0.943268114158
     -1.287002217587
     -1.018027024424
     -1.537018103496
     -1.531110552236
     -1.154862696048
      2.806452950942
     -1.463721862427
    -0.9766738102829
     -1.131661818689
     -1.209484125945

minimum internal covariance matrix: LASymMatrix parameters:
     0.37673937    0.026975478              0 -0.00014341965  -0.0016694725  -0.0018143312 -0.00035325553   -0.012513255 -0.00030518458   -0.025817785   -0.019066433   -0.012764222
    0.026975478   0.0019641891              0 -1.0965866e-05 -0.00012106367 -0.00013254891 -1.0681029e-05 -0.00064441655 -3.3445179e-05   -0.001851746  -0.0013686601  -0.0009160783
              0              0              2              0              0              0              0              0              0              0              0              0
 -0.00014341965 -1.0965866e-05              0  0.00038873251  4.5663057e-07  8.7956432e-07  3.1828841e-06 -5.8700653e-06  1.4090388e-05  1.2372303e-05  1.2035835e-05  5.2609466e-06
  -0.0016694725 -0.00012106367              0  4.5663057e-07  1.3466216e-05   1.321276e-05  1.9437284e-06  7.3873942e-05  4.0133457e-05  0.00011546525  8.3766635e-05   5.749977e-05
  -0.0018143312 -0.00013254891              0  8.7956432e-07   1.321276e-05  1.4061183e-05  2.2701304e-07  3.8890176e-05  3.9187962e-05  0.00012480817  9.1146666e-05  6.2341812e-05
 -0.00035325553 -1.0681029e-05              0  3.1828841e-06  1.9437284e-06  2.2701304e-07  2.2589136e-05  0.00031990188 -1.4811333e-06  2.3161046e-05  1.5714919e-05  1.0842672e-05
   -0.012513255 -0.00064441655              0 -5.8700653e-06  7.3873942e-05  3.8890176e-05  0.00031990188    0.013834854  4.1506708e-05  0.00095082206  0.00047988501  0.00036895878
 -0.00030518458 -3.3445179e-05              0  1.4090388e-05  4.0133457e-05  3.9187962e-05 -1.4811333e-06  4.1506708e-05  0.00028601074  2.4716509e-05  8.9242285e-06  1.6184967e-05
   -0.025817785   -0.001851746              0  1.2372303e-05  0.00011546525  0.00012480817  2.3161046e-05  0.00095082206  2.4716509e-05   0.0017997433   0.0013035481  0.00087168352
   -0.019066433  -0.0013686601              0  1.2035835e-05  8.3766635e-05  9.1146666e-05  1.5714919e-05  0.00047988501  8.9242285e-06   0.0013035481  0.00099930833  0.00064561616
   -0.012764222  -0.0009160783              0  5.2609466e-06   5.749977e-05  6.2341812e-05  1.0842672e-05  0.00036895878  1.6184967e-05  0.00087168352  0.00064561616  0.00046179365


# ext. ||   Name    ||   type  ||     Value     ||  Error +/- 

   0   ||Natural mortality || limited ||    0.04475805564464 ||0.01051244834647
   1   ||Targeted q || limited ||       9.52593605089 ||0.9198593700792
   2   ||Nontargeted q || limited ||                   2 ||22.06548931833
   3   ||     sigma || limited ||      7.446311204558 ||0.3659854529751
   4   ||  Biomass1 || limited ||     0.2852149723179 ||0.04381587801527
   5   ||  Biomass2 || limited ||     0.3936885011851 ||0.05260006606536
   6   ||   vm_mean || limited ||     -2.873738865488 ||0.004265919662491
   7   ||  vm_sigma || limited ||      53.15637968088 ||3.138091723427
   8   ||Recruit year 1 || limited ||     0.2963211491653 ||0.06389224202256
   9   ||Recruit year 2 || limited ||      8.577142343801 ||0.8394030471031
  10   ||Recruit year 3 || limited ||      4.753527026636 ||0.4750876377419
  11   ||Recruit year 4 || limited ||      3.237988993038 ||0.2685410814862





