# Minimum negative log likelihood

Minuit did successfully converge.
# of function calls: 438
minimum function Value: 214.3237259791
minimum edm: 5.551462051668e-05
minimum internal state vector: LAVector parameters:
     -1.128332933273
     -1.287002217587
    -0.6180473327972
     -1.427811685103
     -1.426718443742
     -1.326451855169
      1.639006393998
     -1.235063834677
    -0.9767345342815
     -1.031643420258
     -1.124607716245

minimum internal covariance matrix: LASymMatrix parameters:
  0.00014388776              0 -3.1744424e-05 -8.0091024e-05  -4.759059e-05  4.7504859e-05  -0.0002456426 -0.00010548373  -7.675958e-05 -5.0262501e-05 -1.1196157e-05
              0              2              0              0              0              0              0              0              0              0              0
 -3.1744424e-05              0   0.0051592975  0.00019047513  7.0939957e-05 -0.00010697819  -0.0039728689  0.00038441431  8.4028882e-05  6.8566415e-05 -2.9650081e-05
 -8.0091024e-05              0  0.00019047513  0.00049462197  0.00026981915 -1.7104242e-05  -0.0040563297  -1.365504e-05  2.4052822e-05  2.2757744e-05  4.1486474e-06
  -4.759059e-05              0  7.0939957e-05  0.00026981915  0.00015793168 -1.3805362e-05  -0.0020621743  1.7389182e-05  1.8069632e-05  1.6467489e-05  2.3283473e-06
  4.7504859e-05              0 -0.00010697819 -1.7104242e-05 -1.3805362e-05  0.00039342059   0.0049101095  0.00060413527  -0.0002161299  2.9862501e-05  9.2449461e-05
  -0.0002456426              0  -0.0039728689  -0.0040563297  -0.0020621743   0.0049101095     0.55937534   0.0023259847   0.0025932761  0.00036902574 -7.1044494e-05
 -0.00010548373              0  0.00038441431  -1.365504e-05  1.7389182e-05  0.00060413527   0.0023259847   0.0058150271  -0.0011436828  9.2327314e-05  0.00023979937
  -7.675958e-05              0  8.4028882e-05  2.4052822e-05  1.8069632e-05  -0.0002161299   0.0025932761  -0.0011436828  0.00054794555 -9.0400788e-05 -2.1167951e-05
 -5.0262501e-05              0  6.8566415e-05  2.2757744e-05  1.6467489e-05  2.9862501e-05  0.00036902574  9.2327314e-05 -9.0400788e-05  0.00039810824 -7.3888081e-05
 -1.1196157e-05              0 -2.9650081e-05  4.1486474e-06  2.3283473e-06  9.2449461e-05 -7.1044494e-05  0.00023979937 -2.1167951e-05 -7.3888081e-05  0.00041907268


# ext. ||   Name    ||   type  ||     Value     ||  Error +/- 

   0   ||Targeted q || limited ||      4.815016869597 ||0.1815828594968
   1   ||Nontargeted q || limited ||                   2 ||22.06548931833
   2   ||     sigma || limited ||      21.02775899695 ||2.06884176611
   3   ||  Biomass1 || limited ||      5.102449914064 ||1.120423883134
   4   ||  Biomass2 || limited ||      5.180637958292 ||0.6379367972423
   5   ||   vm_mean || limited ||     -3.048275159483 ||0.01065912426339
   6   ||  vm_sigma || limited ||      79.90698496977 ||5.45181198358
   7   ||Recruit year 1 || limited ||        2.8012590727 ||0.88772978852
   8   ||Recruit year 2 || limited ||      8.575442980523 ||0.4631697861246
   9   ||Recruit year 3 || limited ||      7.102095978585 ||0.3621274426361
  10   ||Recruit year 4 || limited ||      4.904591435054 ||0.3122859961729





