# Minimum negative log likelihood

Minuit did successfully converge.
# of function calls: 1446
minimum function Value: 380.6446071541
minimum edm: 1.951359029843e-05
minimum internal state vector: LAVector parameters:
     -0.709352769828
     -1.309992362802
     -1.287002217587
     -1.324543296128
     -1.411418678727
     -1.415285769684
    -0.4232630824807
    -0.5414562199394
     -0.951941146022
    -0.9534070907884
    -0.9784589772541
     -1.187627890024

minimum internal covariance matrix: LASymMatrix parameters:
   0.0073672863 -0.00087512378              0  -1.909818e-05  0.00053856618  0.00052442054  8.8883037e-06 -0.00024728587   0.0021650064   0.0022888726   0.0020011567   0.0012660119
 -0.00087512378  0.00010621698              0  1.6388469e-06 -6.5048154e-05 -6.3421365e-05 -3.7707919e-07  1.3022475e-05 -0.00025994689 -0.00027469736 -0.00023981896 -0.00015158223
              0              0              2              0              0              0              0              0              0              0              0              0
  -1.909818e-05  1.6388469e-06              0  6.9940712e-05 -2.1653395e-06 -1.9011867e-06   1.125653e-07  6.1000825e-07 -5.4172899e-06 -5.4407287e-06 -5.6349447e-06 -2.2042956e-06
  0.00053856618 -6.5048154e-05              0 -2.1653395e-06  4.2482004e-05  4.0978746e-05   7.978268e-08 -1.3947285e-05  0.00016120671   0.0001687239  0.00014739252  9.3166433e-05
  0.00052442054 -6.3421365e-05              0 -1.9011867e-06  4.0978746e-05   3.962649e-05  1.2637478e-07 -1.1376607e-05  0.00015662618   0.0001643939  0.00014358395   9.073946e-05
  8.8883037e-06 -3.7707919e-07              0   1.125653e-07   7.978268e-08  1.2637478e-07  1.8215315e-06 -1.4418013e-05  1.6021356e-06  1.9305654e-06  1.5847023e-06    1.20573e-06
 -0.00024728587  1.3022475e-05              0  6.1000825e-07 -1.3947285e-05 -1.1376607e-05 -1.4418013e-05  0.00061166401 -6.3667126e-05 -5.6143817e-05 -5.1512909e-05  -3.636379e-05
   0.0021650064 -0.00025994689              0 -5.4172899e-06  0.00016120671  0.00015662618  1.6021356e-06 -6.3667126e-05  0.00064340986  0.00067585813  0.00059077043  0.00037376456
   0.0022888726 -0.00027469736              0 -5.4407287e-06   0.0001687239   0.0001643939  1.9305654e-06 -5.6143817e-05  0.00067585813   0.0007165241  0.00062416513  0.00039491445
   0.0020011567 -0.00023981896              0 -5.6349447e-06  0.00014739252  0.00014358395  1.5847023e-06 -5.1512909e-05  0.00059077043  0.00062416513  0.00054722764  0.00034469683
   0.0012660119 -0.00015158223              0 -2.2042956e-06  9.3166433e-05   9.073946e-05    1.20573e-06  -3.636379e-05  0.00037376456  0.00039491445  0.00034469683  0.00022023602


# ext. ||   Name    ||   type  ||     Value     ||  Error +/- 

   0   ||Natural mortality || limited ||    0.02871643000401 ||0.001150615074986
   1   ||Targeted q || limited ||      1.690850883357 ||0.09395669933271
   2   ||Nontargeted q || limited ||                   2 ||22.06548931833
   3   ||     sigma || limited ||      1.508368353025 ||0.07207769124605
   4   ||  Biomass1 || limited ||      6.336877912203 ||0.3657153726857
   5   ||  Biomass2 || limited ||      6.033708925792 ||0.344710391018
   6   ||   vm_mean || limited ||     -1.290370733897 ||0.002733572526795
   7   ||  vm_sigma || limited ||      19.38537934969 ||0.5994237884434
   8   ||Recruit year 1 || limited ||      9.281917545436 ||0.5201603957512
   9   ||Recruit year 2 || limited ||      9.239445618979 ||0.5477859002811
  10   ||Recruit year 3 || limited ||      8.527248174746 ||0.4616839040415
  11   ||Recruit year 4 || limited ||      3.635400520478 ||0.1961362923212





