# Minimum negative log likelihood

Minuit did successfully converge.
# of function calls: 2080
minimum function Value: 399.9432147634
minimum edm: 1.566866911725e-05
minimum internal state vector: LAVector parameters:
      3.664933294828
     -1.025831297701
     -1.287002217587
     -1.312764127874
     -1.400895465146
     -1.410904195079
      2.725288440406
     -1.102993017576
     -1.364913887416
     -1.350241369182
      -1.15189950302
    0.08927445766013
    0.09491807123308
     0.0719166471543
     0.1039292910329

minimum internal covariance matrix: LASymMatrix parameters:
   0.0042629283  0.00023171044              0  9.6891884e-05 -6.2172401e-05 -5.6388766e-05  -0.0013278408 -0.00040912745 -0.00017612625 -0.00018105748 -0.00034619871 -1.6079592e-05 -2.1185496e-05 -1.9856742e-05 -1.1246401e-05
  0.00023171044  1.5055868e-05              0  5.9862696e-06  -4.390573e-06 -3.9460288e-06 -5.0843891e-05 -2.1651703e-05 -9.5602261e-06 -9.7870077e-06 -1.9116173e-05 -6.6420758e-07 -8.9236472e-07 -7.5512908e-07 -6.6200978e-07
              0              0              2              0              0              0              0              0              0              0              0              0              0              0              0
  9.6891884e-05  5.9862696e-06              0  8.8757891e-05 -8.2289268e-07 -7.6143257e-07  2.5212255e-05 -9.0339361e-06 -4.7818871e-06 -3.3884912e-06 -7.9796108e-06 -2.5892514e-07 -6.5462409e-07 -3.0141754e-07 -4.1120876e-07
 -6.2172401e-05  -4.390573e-06              0 -8.2289268e-07  2.3009256e-06   1.985092e-06  2.5184471e-05  5.5546978e-06  2.3897033e-06  2.6397165e-06  5.0925843e-06  1.6284727e-07  1.6171139e-07  1.3270536e-07  2.3799508e-07
 -5.6388766e-05 -3.9460288e-06              0 -7.6143257e-07   1.985092e-06  1.7249263e-06   2.200141e-05  5.0361012e-06  2.1708669e-06  2.3900318e-06   4.597739e-06  1.4847753e-07  1.4897822e-07  1.2188594e-07  2.1464864e-07
  -0.0013278408 -5.0843891e-05              0  2.5212255e-05  2.5184471e-05   2.200141e-05   0.0045706976   0.0001260818  6.0682307e-05   6.115307e-05  0.00011949377  1.7148649e-05  1.6659424e-05  1.7216944e-05  1.6828607e-05
 -0.00040912745 -2.1651703e-05              0 -9.0339361e-06  5.5546978e-06  5.0361012e-06   0.0001260818  4.1157228e-05  1.7034947e-05  1.7506689e-05  3.3722258e-05  1.5891966e-06  2.1939277e-06  2.0877894e-06   9.357056e-07
 -0.00017612625 -9.5602261e-06              0 -4.7818871e-06  2.3897033e-06  2.1708669e-06  6.0682307e-05  1.7034947e-05  8.8895389e-06  7.5564414e-06  1.4556934e-05  7.1784376e-07  9.4481727e-07  9.0336027e-07  5.1061674e-07
 -0.00018105748 -9.7870077e-06              0 -3.3884912e-06  2.6397165e-06  2.3900318e-06   6.115307e-05  1.7506689e-05  7.5564414e-06   8.790628e-06  1.4890077e-05  7.1517897e-07  9.3701817e-07  8.6856387e-07  4.7287409e-07
 -0.00034619871 -1.9116173e-05              0 -7.9796108e-06  5.0925843e-06   4.597739e-06  0.00011949377  3.3722258e-05  1.4556934e-05  1.4890077e-05  3.0732903e-05  1.3276045e-06  1.8127841e-06  1.7197936e-06  9.0973222e-07
 -1.6079592e-05 -6.6420758e-07              0 -2.5892514e-07  1.6284727e-07  1.4847753e-07  1.7148649e-05  1.5891966e-06  7.1784376e-07  7.1517897e-07  1.3276045e-06  1.7363571e-07  1.2899827e-07  1.2490308e-07  7.4593432e-08
 -2.1185496e-05 -8.9236472e-07              0 -6.5462409e-07  1.6171139e-07  1.4897822e-07  1.6659424e-05  2.1939277e-06  9.4481727e-07  9.3701817e-07  1.8127841e-06  1.2899827e-07  6.0173118e-07  1.7408951e-07   6.787353e-08
 -1.9856742e-05 -7.5512908e-07              0 -3.0141754e-07  1.3270536e-07  1.2188594e-07  1.7216944e-05  2.0877894e-06  9.0336027e-07  8.6856387e-07  1.7197936e-06  1.2490308e-07  1.7408951e-07  4.3630806e-07   6.013621e-08
 -1.1246401e-05 -6.6200978e-07              0 -4.1120876e-07  2.3799508e-07  2.1464864e-07  1.6828607e-05   9.357056e-07  5.1061674e-07  4.7287409e-07  9.0973222e-07  7.4593432e-08   6.787353e-08   6.013621e-08  2.0481015e-07


# ext. ||   Name    ||   type  ||     Value     ||  Error +/- 

   0   ||Natural mortality || limited ||    0.03250558918923 ||0.0009993556485371
   1   ||Targeted q || limited ||      7.242729009613 ||0.07111520226802
   2   ||Nontargeted q || limited ||                   2 ||22.06548931833
   3   ||     sigma || limited ||      1.655300492572 ||0.08499613502263
   4   ||  Biomass1 || limited ||      7.199232737381 ||0.09067976109883
   5   ||  Biomass2 || limited ||      6.377768493154 ||0.07392906865614
   6   ||  vm_sigma || limited ||      56.17562156485 ||1.74820227493
   7   ||Recruit year 1 || limited ||      5.381413434187 ||0.102267841994
   8   ||Recruit year 2 || limited ||      1.065846021453 ||0.02154754088658
   9   ||Recruit year 3 || limited ||      1.221069337516 ||0.02293038257247
  10   ||Recruit year 4 || limited ||      4.332656878847 ||0.07971552724731
  11   ||Mean Rec dist 1 || limited ||     0.8915591972854 ||0.002934753105783
  12   ||Mean Rec dist 2 || limited ||     0.9477560897497 ||0.005460430942096
  13   ||Mean Rec dist 3 || limited ||     0.7185467098408 ||0.004658622805904
  14   ||Mean Rec dist 4 || limited ||      1.037422968513 ||0.003182812263513





