# Minimum negative log likelihood

Minuit did successfully converge.
# of function calls: 1728
minimum function Value: 979.8152821037
minimum edm: 7.012012855767e-05
minimum internal state vector: LAVector parameters:
    -0.3347329639524
     -1.418981173532
     -1.287002217587
    -0.4805330527758
    -0.9149246719301
    -0.9028184459138
     -1.570824983426
     -1.070123316947
    -0.1157380843934
      1.557034972259
     -1.050480012904
    -0.9320033621383

minimum internal covariance matrix: LASymMatrix parameters:
   0.0014028566   0.0001541532              0  2.6679953e-05 -0.00076515335 -0.00062885213  4.7991898e-05 -0.00033587632   0.0010828906   0.0046397369   0.0014577695  -0.0001403271
   0.0001541532   4.483536e-05              0  6.8847584e-06 -0.00018323242 -0.00017013812  1.7912456e-05 -1.8109355e-05 -0.00025350639   -0.003067814  2.2623435e-07 -0.00016044491
              0              0              2              0              0              0              0              0              0              0              0              0
  2.6679953e-05  6.8847584e-06              0   0.0017869635  -6.198833e-05  -5.167823e-05 -2.9635586e-05  3.1296165e-05 -0.00019051023 -0.00089935209 -8.2030936e-05 -2.3124911e-05
 -0.00076515335 -0.00018323242              0  -6.198833e-05   0.0031070665   0.0025261196 -0.00019878349 -1.9449649e-05 -0.00014733934  -0.0019798257  -0.0012028315   0.0013430028
 -0.00062885213 -0.00017013812              0  -5.167823e-05   0.0025261196    0.002103598 -0.00017771556  0.00012368628   9.342377e-05   0.0026160701  -0.0009857332   0.0012266692
  4.7991898e-05  1.7912456e-05              0 -2.9635586e-05 -0.00019878349 -0.00017771556   0.0014587036 -3.0260891e-05 -0.00028975458   0.0015424258 -0.00031287814 -2.3094582e-05
 -0.00033587632 -1.8109355e-05              0  3.1296165e-05 -1.9449649e-05  0.00012368628 -3.0260891e-05   0.0020912138 -0.00071582672   0.0042822887  -0.0012342966  0.00026970173
   0.0010828906 -0.00025350639              0 -0.00019051023 -0.00014733934   9.342377e-05 -0.00028975458 -0.00071582672    0.019728911   0.0075398816   0.0029943444    0.005101079
   0.0046397369   -0.003067814              0 -0.00089935209  -0.0019798257   0.0026160701   0.0015424258   0.0042822887   0.0075398816      1.8346343    0.018323028    0.040645725
   0.0014577695  2.2623435e-07              0 -8.2030936e-05  -0.0012028315  -0.0009857332 -0.00031287814  -0.0012342966   0.0029943444    0.018323028    0.010900778  -0.0024998405
  -0.0001403271 -0.00016044491              0 -2.3124911e-05   0.0013430028   0.0012266692 -2.3094582e-05  0.00026970173    0.005101079    0.040645725  -0.0024998405   0.0060601569


# ext. ||   Name    ||   type  ||     Value     ||  Error +/- 

   0   ||Natural mortality || limited ||     0.1007224550162 ||0.003751744056283
   1   ||Targeted q || limited ||     0.5750901960264 ||0.03580216545924
   2   ||Nontargeted q || limited ||                   2 ||22.06548931833
   3   ||     sigma || limited ||      26.88740374907 ||1.325100151758
   4   ||  Biomass1 || limited ||      103.7416748604 ||12.01547796631
   5   ||  Biomass2 || limited ||      107.4621149237 ||10.0422554894
   6   ||   vm_mean || limited ||       -3.1415926523* ||0.001145593530066
   7   ||  vm_sigma || limited ||      4.910550427491 ||0.6207530500885
   8   ||Recruit year 1 || limited ||       44.2315840864 ||4.924176500372
   9   ||Recruit year 2 || limited ||      99.99526617618 ||21.22846554475
  10   ||Recruit year 3 || limited ||      6.626240001022 ||1.833315506957
  11   ||Recruit year 4 || limited ||       9.86821360937 ||1.640006963834

* Parameter is at Lower limit




