# Minimum negative log likelihood

Minuit did successfully converge.
# of function calls: 1043
minimum function Value: 639.0032846555
minimum edm: 7.806614188091e-05
minimum internal state vector: LAVector parameters:
     0.2009848067393
     -1.214873183106
     -1.287002217587
     -1.109590416161
       -1.4093053951
     -1.416409936656
     0.2651546573209
     -1.060461372436
     -1.338945249685
     -1.192271071919
     -1.207411723525
     0.1137656986961
      0.105978812357
    0.09785778963739
     0.1089648858538

minimum internal covariance matrix: LASymMatrix parameters:
    0.053702127  -0.0044035269              0 -2.2667637e-05   0.0020565047    0.001937141   -0.030389433   0.0094572673    0.004452596   0.0070535753   0.0065244935  0.00028946385  0.00030985862  0.00029912049  0.00026119609
  -0.0044035269  0.00038386792              0  4.9654304e-06 -0.00017944497 -0.00016868431   0.0022670889  -0.0007912311 -0.00037032469 -0.00058957944 -0.00055296837 -2.1863078e-05   -2.43421e-05  -2.281149e-05 -2.0940917e-05
              0              0              2              0              0              0              0              0              0              0              0              0              0              0              0
 -2.2667637e-05  4.9654304e-06              0  0.00026381434 -4.2450373e-06 -3.8173279e-06  5.3736635e-05  -6.028858e-06 -7.7378785e-07 -4.4874638e-06 -6.7962695e-06 -8.0447467e-07 -1.9755956e-06 -1.9682389e-07 -1.0163384e-06
   0.0020565047 -0.00017944497              0 -4.2450373e-06   9.523887e-05  8.8447464e-05  -0.0010737456  0.00037026354  0.00017367195  0.00027570978  0.00025867869  1.0083306e-05  1.1404602e-05  1.0825483e-05  9.7119397e-06
    0.001937141 -0.00016868431              0 -3.8173279e-06  8.8447464e-05  8.2300553e-05   -0.001010679  0.00034845014  0.00016346418  0.00025952252  0.00024333801  9.5445888e-06  1.0735454e-05  1.0191002e-05  9.1504345e-06
   -0.030389433   0.0022670889              0  5.3736635e-05  -0.0010737456   -0.001010679    0.066370652  -0.0051559117  -0.0024555937  -0.0038293616  -0.0035634219 -0.00033258428 -0.00024183283 -0.00035104921 -0.00029503919
   0.0094572673  -0.0007912311              0  -6.028858e-06  0.00037026354  0.00034845014  -0.0051559117   0.0016938779   0.0007876419   0.0012510686   0.0011611645   4.879954e-05  5.4216426e-05  5.1340161e-05  4.5566935e-05
    0.004452596 -0.00037032469              0 -7.7378785e-07  0.00017367195  0.00016346418  -0.0024555937   0.0007876419  0.00038792211  0.00058767936  0.00054674912  2.3551381e-05  2.2628902e-05  2.4497385e-05  2.1746982e-05
   0.0070535753 -0.00058957944              0 -4.4874638e-06  0.00027570978  0.00025952252  -0.0038293616   0.0012510686  0.00058767936  0.00094753346  0.00086667812  3.6805504e-05  3.9980907e-05  3.7599308e-05  3.4095428e-05
   0.0065244935 -0.00055296837              0 -6.7962695e-06  0.00025867869  0.00024333801  -0.0035634219   0.0011611645  0.00054674912  0.00086667812  0.00084313286  3.3770893e-05  3.6529899e-05     3.5119e-05  3.3141049e-05
  0.00028946385 -2.1863078e-05              0 -8.0447467e-07  1.0083306e-05  9.5445888e-06 -0.00033258428   4.879954e-05  2.3551381e-05  3.6805504e-05  3.3770893e-05  4.2850946e-06  1.8613713e-06  2.2548292e-06  1.7532221e-06
  0.00030985862   -2.43421e-05              0 -1.9755956e-06  1.1404602e-05  1.0735454e-05 -0.00024183283  5.4216426e-05  2.2628902e-05  3.9980907e-05  3.6529899e-05  1.8613713e-06  1.6629194e-05  1.8320226e-06  1.6426578e-06
  0.00029912049  -2.281149e-05              0 -1.9682389e-07  1.0825483e-05  1.0191002e-05 -0.00035104921  5.1340161e-05  2.4497385e-05  3.7599308e-05     3.5119e-05  2.2548292e-06  1.8320226e-06  5.2007093e-06    2.10512e-06
  0.00026119609 -2.0940917e-05              0 -1.0163384e-06  9.7119397e-06  9.1504345e-06 -0.00029503919  4.5566935e-05  2.1746982e-05  3.4095428e-05  3.3141049e-05  1.7532221e-06  1.6426578e-06    2.10512e-06  6.0215247e-06


# ext. ||   Name    ||   type  ||     Value     ||  Error +/- 

   0   ||Natural mortality || limited ||    0.04999086026177 ||0.003996171609138
   1   ||Targeted q || limited ||      3.133739325777 ||0.2413680170823
   2   ||Nontargeted q || limited ||                   2 ||22.06548931833
   3   ||     sigma || limited ||      5.224175780832 ||0.2555537908573
   4   ||  Biomass1 || limited ||      6.505673171314 ||0.5547757761797
   5   ||  Biomass2 || limited ||      5.946963040991 ||0.4932144560469
   6   ||  vm_sigma || limited ||      50.48270991623 ||6.993162487016
   7   ||Recruit year 1 || limited ||      6.380315825028 ||0.7106059183164
   8   ||Recruit year 2 || limited ||      1.347730056406 ||0.159985643766
   9   ||Recruit year 3 || limited ||      3.549114119789 ||0.4021132470396
  10   ||Recruit year 4 || limited ||      3.274715653971 ||0.3648338989732
  11   ||Mean Rec dist 1 || limited ||      1.135204528192 ||0.01454281619198
  12   ||Mean Rec dist 2 || limited ||      1.057805400763 ||0.02867322457678
  13   ||Mean Rec dist 3 || limited ||     0.9770168097246 ||0.01604845914161
  14   ||Mean Rec dist 4 || limited ||      1.087493841916 ||0.01724863124698





