# Minimum negative log likelihood

Minuit did successfully converge.
# of function calls: 1314
minimum function Value: 413.7405406544
minimum edm: 3.804927062624e-05
minimum internal state vector: LAVector parameters:
    -0.8303639885073
     -1.047135609237
     -1.287002217587
     -1.304037525836
      -1.42131638221
     -1.429683205983
     0.1641530365919
    -0.6287322186672
     -1.278877033026
    -0.9536510182008
     -1.071795897818
    -0.9472593221458

minimum internal covariance matrix: LASymMatrix parameters:
  0.00078070155 -0.00018036019              0 -1.0725512e-05  5.4237155e-05  5.0008164e-05  1.5896074e-05 -0.00026640404  0.00017761505  0.00038300602  0.00030696689   0.0003776892
 -0.00018036019  4.2663907e-05              0  1.7173335e-06 -1.2852217e-05 -1.1814603e-05  -3.529828e-06  5.8345133e-05   -4.11465e-05 -8.8654369e-05 -7.1064135e-05 -8.8025998e-05
              0              0              2              0              0              0              0              0              0              0              0              0
 -1.0725512e-05  1.7173335e-06              0  9.3772191e-05 -6.6413004e-07 -7.3789451e-07 -2.4554652e-07 -6.5782691e-07 -2.0919587e-06 -5.5435529e-06  -3.771918e-06 -4.0612224e-06
  5.4237155e-05 -1.2852217e-05              0 -6.6413004e-07  4.7698829e-06  4.2816728e-06  1.0622845e-06 -1.7550184e-05  1.2368907e-05  2.6675107e-05  2.1355949e-05  2.6432744e-05
  5.0008164e-05 -1.1814603e-05              0 -7.3789451e-07  4.2816728e-06  3.8662816e-06  9.7830511e-07 -1.6056755e-05  1.1392983e-05  2.4589195e-05  1.9680622e-05  2.4361991e-05
  1.5896074e-05  -3.529828e-06              0 -2.4554652e-07  1.0622845e-06  9.7830511e-07  5.0662989e-07 -9.7170237e-06   3.598275e-06   7.758841e-06  6.2285546e-06  7.5956781e-06
 -0.00026640404  5.8345133e-05              0 -6.5782691e-07 -1.7550184e-05 -1.6056755e-05 -9.7170237e-06  0.00027775697 -6.0500811e-05  -0.0001296943 -0.00010453873 -0.00012716601
  0.00017761505   -4.11465e-05              0 -2.0919587e-06  1.2368907e-05  1.1392983e-05   3.598275e-06 -6.0500811e-05  4.1731316e-05  8.7153712e-05  6.9877699e-05  8.5999811e-05
  0.00038300602 -8.8654369e-05              0 -5.5435529e-06  2.6675107e-05  2.4589195e-05   7.758841e-06  -0.0001296943  8.7153712e-05  0.00018934413  0.00015062629   0.0001853095
  0.00030696689 -7.1064135e-05              0  -3.771918e-06  2.1355949e-05  1.9680622e-05  6.2285546e-06 -0.00010453873  6.9877699e-05  0.00015062629  0.00012209032   0.0001485589
   0.0003776892 -8.8025998e-05              0 -4.0612224e-06  2.6432744e-05  2.4361991e-05  7.5956781e-06 -0.00012716601  8.5999811e-05   0.0001853095   0.0001485589  0.00018640224


# ext. ||   Name    ||   type  ||     Value     ||  Error +/- 

   0   ||Natural mortality || limited ||    0.03927345461375 ||0.001999131889843
   1   ||Targeted q || limited ||      6.700278442829 ||0.115478296349
   2   ||Nontargeted q || limited ||                   2 ||22.06548931833
   3   ||     sigma || limited ||      1.768481892604 ||0.09024941133591
   4   ||  Biomass1 || limited ||      5.575669833914 ||0.114993444264
   5   ||  Biomass2 || limited ||      4.969972778976 ||0.09777474678355
   6   ||   vm_mean || limited ||      1.634168119254 ||0.004965381527646
   7   ||  vm_sigma || limited ||      16.47599875722 ||0.3812317386275
   8   ||Recruit year 1 || limited ||      2.125124236912 ||0.06572310669775
   9   ||Recruit year 2 || limited ||      9.232386957248 ||0.2815082960272
  10   ||Recruit year 3 || limited ||      6.106323143132 ||0.1869275731054
  11   ||Recruit year 4 || limited ||      9.418146795455 ||0.2818230188583





