# Minimum negative log likelihood

Minuit did successfully converge.
# of function calls: 1032
minimum function Value: 544.3907220682
minimum edm: 6.125369620538e-05
minimum internal state vector: LAVector parameters:
      1.565406889317
      -1.16294639351
     -1.287002217587
     -1.204647136542
     -1.549841911613
     -1.551143040728
    -0.6082310911887
    -0.4919633062029
     -1.176733755107
     -1.479980446086
      -1.19075153535
    -0.9787026394302

minimum internal covariance matrix: LASymMatrix parameters:
     0.41439796 -0.00049277854              0 -0.00021157216   1.996296e-05  8.6515405e-05  9.2048877e-06  0.00033197024  0.00038861746  6.2626537e-05  0.00047129169  0.00075691756
 -0.00049277854  1.9833716e-05              0  1.6932055e-08 -6.4981233e-07 -1.0594505e-06  7.3787809e-06 -6.3289491e-05 -8.9252687e-06 -1.1203174e-06 -9.1956055e-06 -1.3955513e-05
              0              0              2              0              0              0              0              0              0              0              0              0
 -0.00021157216  1.6932055e-08              0  0.00016672318 -2.1878715e-06 -1.2769175e-06  9.6562147e-07  1.0207689e-06 -1.1565891e-06   1.893409e-07  -4.659981e-07 -3.8821606e-07
   1.996296e-05 -6.4981233e-07              0 -2.1878715e-06  5.5407403e-06  3.5610021e-06 -2.2573925e-07 -2.3522392e-06  9.4352737e-07  6.1730943e-08   3.631744e-07  5.9261256e-07
  8.6515405e-05 -1.0594505e-06              0 -1.2769175e-06  3.5610021e-06  2.7790175e-06  -3.162941e-07   3.480436e-06  4.4308498e-07  5.6535912e-08  5.6083422e-07   8.930822e-07
  9.2048877e-06  7.3787809e-06              0  9.6562147e-07 -2.2573925e-07  -3.162941e-07  6.7950368e-06 -5.0063041e-05 -3.2232659e-06 -5.3512577e-07 -3.3134501e-06 -4.6967372e-06
  0.00033197024 -6.3289491e-05              0  1.0207689e-06 -2.3522392e-06   3.480436e-06 -5.0063041e-05  0.00088319753  2.2402741e-05  1.0081247e-06  2.9474156e-05  4.1396795e-05
  0.00038861746 -8.9252687e-06              0 -1.1565891e-06  9.4352737e-07  4.4308498e-07 -3.2232659e-06  2.2402741e-05  1.1305278e-05  5.3332551e-07  4.6725782e-06  6.9198857e-06
  6.2626537e-05 -1.1203174e-06              0   1.893409e-07  6.1730943e-08  5.6535912e-08 -5.3512577e-07  1.0081247e-06  5.3332551e-07  6.8779828e-06   6.428814e-07  8.8430849e-07
  0.00047129169 -9.1956055e-06              0  -4.659981e-07   3.631744e-07  5.6083422e-07 -3.3134501e-06  2.9474156e-05  4.6725782e-06   6.428814e-07  1.0760504e-05  7.3399707e-06
  0.00075691756 -1.3955513e-05              0 -3.8821606e-07  5.9261256e-07   8.930822e-07 -4.6967372e-06  4.1396795e-05  6.9198857e-06  8.8430849e-07  7.3399707e-06  1.7620825e-05


# ext. ||   Name    ||   type  ||     Value     ||  Error +/- 

   0   ||Natural mortality || limited ||    0.06999963692542 ||0.002545537773639
   1   ||Targeted q || limited ||      4.101213051079 ||0.06245238821747
   2   ||Nontargeted q || limited ||                   2 ||22.06548931833
   3   ||     sigma || limited ||       3.31435291073 ||0.1634396180479
   4   ||  Biomass1 || limited ||     0.1097678623423 ||0.01743742948393
   5   ||  Biomass2 || limited ||      0.096559805216 ||0.01158264542447
   6   ||   vm_mean || limited ||      -1.79515845029 ||0.004752190538386
   7   ||  vm_sigma || limited ||      21.10644539454 ||0.7408206934421
   8   ||Recruit year 1 || limited ||      3.841772341961 ||0.04563712707508
   9   ||Recruit year 2 || limited ||     0.2160258272503 ||0.008408267667442
  10   ||Recruit year 3 || limited ||      3.577242211037 ||0.04301867113688
  11   ||Recruit year 4 || limited ||      8.520448235933 ||0.08282009301324





