# Minimum negative log likelihood

Minuit did successfully converge.
# of function calls: 1173
minimum function Value: 719.7940581512
minimum edm: 7.558578299286e-05
minimum internal state vector: LAVector parameters:
  -0.003960737157666
     -1.082616999418
     -1.287002217587
      -1.00836430024
     -1.450281392229
     -1.457652304721
     0.3586253745139
    -0.9905308441928
     -1.018480052046
     -1.492039077546
     -1.033254340917
    0.02376076359446
    0.08489280256118
    0.06408547274351
    0.03595111841694

minimum internal covariance matrix: LASymMatrix parameters:
     0.01667365  -0.0014007769              0  5.5079478e-05  0.00039742798  0.00035631551   -0.005264884   0.0024017014   0.0024549254  0.00028872925   0.0022240098  5.1405481e-05  6.2244102e-05  0.00013475479  5.3421403e-05
  -0.0014007769  0.00014647297              0 -1.0693728e-05 -4.1741056e-05 -3.7408695e-05  0.00020815888 -0.00021099888 -0.00021593643  -2.139575e-05 -0.00020743304 -2.4110965e-06 -3.5431183e-06 -8.9750194e-06 -3.3192237e-06
              0              0              2              0              0              0              0              0              0              0              0              0              0              0              0
  5.5079478e-05 -1.0693728e-05              0  0.00043118752  1.1177732e-05  9.4930509e-06   8.847367e-05  8.7858827e-06 -3.7289981e-07 -2.9289595e-07  6.5864341e-06 -3.8277881e-07 -8.0270324e-07  5.0512222e-06  5.0807773e-07
  0.00039742798 -4.1741056e-05              0  1.1177732e-05  3.0393425e-05  2.5858934e-05 -6.5451934e-05  5.8730268e-05  6.0035247e-05   5.277579e-06  5.7508048e-05  6.5037337e-07  1.1346604e-06   1.899308e-06  1.0839826e-06
  0.00035631551 -3.7408695e-05              0  9.4930509e-06  2.5858934e-05  2.2195422e-05 -5.6312012e-05  5.2682242e-05  5.3964391e-05  4.8087168e-06  5.1611412e-05  5.8934136e-07   1.003107e-06  1.7128991e-06   9.561067e-07
   -0.005264884  0.00020815888              0   8.847367e-05 -6.5451934e-05 -5.6312012e-05    0.022724332 -0.00069601967  -0.0007017279 -0.00015018589 -0.00061273999 -8.6578718e-05 -9.7411303e-05 -7.1621485e-05 -9.4055607e-05
   0.0024017014 -0.00021099888              0  8.7858827e-06  5.8730268e-05  5.2682242e-05 -0.00069601967  0.00038141822  0.00035250914  3.7013987e-05  0.00032537514  6.7228729e-06  8.0378343e-06  2.0592038e-05  7.1985026e-06
   0.0024549254 -0.00021593643              0 -3.7289981e-07  6.0035247e-05  5.3964391e-05  -0.0007017279  0.00035250914  0.00040150667  4.0355815e-05  0.00033187377  6.9647502e-06  8.3427899e-06  2.0653016e-05  7.4901433e-06
  0.00028872925  -2.139575e-05              0 -2.9289595e-07   5.277579e-06  4.8087168e-06 -0.00015018589  3.7013987e-05  4.0355815e-05  5.1096297e-05    3.68051e-05  1.2873694e-06  1.6906381e-06 -1.2868069e-05  1.3734981e-06
   0.0022240098 -0.00020743304              0  6.5864341e-06  5.7508048e-05  5.1611412e-05 -0.00061273999  0.00032537514  0.00033187377    3.68051e-05  0.00035910446  5.5358379e-06  7.1362666e-06  1.7034839e-05  7.1060256e-06
  5.1405481e-05 -2.4110965e-06              0 -3.8277881e-07  6.5037337e-07  5.8934136e-07 -8.6578718e-05  6.7228729e-06  6.9647502e-06  1.2873694e-06  5.5358379e-06  1.1367258e-06  4.7586176e-07  6.5877464e-07  4.1706928e-07
  6.2244102e-05 -3.5431183e-06              0 -8.0270324e-07  1.1346604e-06   1.003107e-06 -9.7411303e-05  8.0378343e-06  8.3427899e-06  1.6906381e-06  7.1362666e-06  4.7586176e-07  2.1353461e-06  1.4082872e-06  5.0441212e-07
  0.00013475479 -8.9750194e-06              0  5.0512222e-06   1.899308e-06  1.7128991e-06 -7.1621485e-05  2.0592038e-05  2.0653016e-05 -1.2868069e-05  1.7034839e-05  6.5877464e-07  1.4082872e-06  0.00014168216  1.5777723e-06
  5.3421403e-05 -3.3192237e-06              0  5.0807773e-07  1.0839826e-06   9.561067e-07 -9.4055607e-05  7.1985026e-06  7.4901433e-06  1.3734981e-06  7.1060256e-06  4.1706928e-07  5.0441212e-07  1.5777723e-06  1.4563391e-06


# ext. ||   Name    ||   type  ||     Value     ||  Error +/- 

   0   ||Natural mortality || limited ||    0.04490098182995 ||0.002279467172674
   1   ||Targeted q || limited ||      5.840587429626 ||0.2006866930916
   2   ||Nontargeted q || limited ||                   2 ||22.06548931833
   3   ||     sigma || limited ||      7.701962615158 ||0.3914708463006
   4   ||  Biomass1 || limited ||      3.626569861157 ||0.2343326553788
   5   ||  Biomass2 || limited ||      3.196979718764 ||0.1880574389245
   6   ||  vm_sigma || limited ||      54.03982023535 ||3.984874154324
   7   ||Recruit year 1 || limited ||      8.193325104708 ||0.3785070282699
   8   ||Recruit year 2 || limited ||       7.44367910968 ||0.3716394406881
   9   ||Recruit year 3 || limited ||     0.1649719723453 ||0.01988135218621
  10   ||Recruit year 4 || limited ||      7.060802721512 ||0.3430055473449
  11   ||Mean Rec dist 1 || limited ||     0.2375852787313 ||0.007536855831546
  12   ||Mean Rec dist 2 || limited ||     0.8479087189366 ||0.01029561392892
  13   ||Mean Rec dist 3 || limited ||     0.6404161580165 ||0.08399337593606
  14   ||Mean Rec dist 4 || limited ||     0.3594337454967 ||0.008527770031481





