# Minimum negative log likelihood

Minuit did successfully converge.
# of function calls: 1471
minimum function Value: 300.3872468767
minimum edm: 4.865745010592e-05
minimum internal state vector: LAVector parameters:
    0.07790381876692
     -1.280651961018
     -1.287002217587
     -1.367916314894
     -1.432116615277
     -1.436537565441
    -0.4966367004979
     -1.255603366828
     -1.456747372142
    -0.9680208002342
     -1.049351780301
    0.06334475141484
    0.06321515365003
    0.06797569575127
    0.08474290631567

minimum internal covariance matrix: LASymMatrix parameters:
   0.0016933903 -0.00017268068              0  3.0429352e-06  8.4634229e-05  8.0731367e-05 -0.00040273069  0.00026633122  9.0984383e-05  0.00048770081  0.00042778404  1.3725438e-05  2.1955134e-05  1.5380701e-05   1.499949e-05
 -0.00017268068  1.9535221e-05              0 -8.0253588e-07 -9.7463697e-06 -9.2812967e-06  3.4685634e-05 -2.8205803e-05 -9.5096025e-06 -5.2365181e-05 -4.6105377e-05 -1.2731707e-06 -2.5878266e-06 -1.3342116e-06 -1.4901017e-06
              0              0              2              0              0              0              0              0              0              0              0              0              0              0              0
  3.0429352e-06 -8.0253588e-07              0  5.9916815e-05  1.7564414e-06  1.5754605e-06  1.5383049e-07  5.1519201e-07 -3.0182058e-07  7.1593003e-07 -2.4974859e-07 -2.1247927e-07  7.6669965e-08 -9.3907693e-08 -4.9713953e-08
  8.4634229e-05 -9.7463697e-06              0  1.7564414e-06  5.7629171e-06  5.4115421e-06 -1.7317505e-05    1.39424e-05  4.6300323e-06  2.5847622e-05  2.2492138e-05  5.6784462e-07   1.299304e-06  6.3525989e-07   7.072485e-07
  8.0731367e-05 -9.2812967e-06              0  1.5754605e-06  5.4115421e-06  5.0907534e-06 -1.6510498e-05   1.327084e-05  4.4254221e-06   2.464959e-05  2.1445586e-05  5.5472975e-07    1.23722e-06  6.0724326e-07  6.7388671e-07
 -0.00040273069  3.4685634e-05              0  1.5383049e-07 -1.7317505e-05 -1.6510498e-05  0.00032026401 -5.9752779e-05 -2.0196962e-05 -0.00010594226 -9.3919235e-05 -5.3005118e-06  -5.610183e-06  -7.045692e-06 -5.2980013e-06
  0.00026633122 -2.8205803e-05              0  5.1519201e-07    1.39424e-05   1.327084e-05 -5.9752779e-05  4.3603981e-05   1.413893e-05   7.784157e-05  6.8929745e-05  1.9575863e-06   3.940928e-06  2.3006906e-06  2.3973302e-06
  9.0984383e-05 -9.5096025e-06              0 -3.0182058e-07  4.6300323e-06  4.4254221e-06 -2.0196962e-05   1.413893e-05  6.2899788e-06  2.6807797e-05  2.3165866e-05  7.2722681e-07  4.3897775e-07  7.9765146e-07  7.2499964e-07
  0.00048770081 -5.2365181e-05              0  7.1593003e-07  2.5847622e-05   2.464959e-05 -0.00010594226   7.784157e-05  2.6807797e-05   0.0001454298  0.00012630183  3.8505856e-06  6.6536355e-06  4.0691508e-06  4.2028158e-06
  0.00042778404 -4.6105377e-05              0 -2.4974859e-07  2.2492138e-05  2.1445586e-05 -9.3919235e-05  6.8929745e-05  2.3165866e-05  0.00012630183  0.00011430429  3.2553372e-06  6.0811803e-06  3.6092779e-06  3.9279217e-06
  1.3725438e-05 -1.2731707e-06              0 -2.1247927e-07  5.6784462e-07  5.5472975e-07 -5.3005118e-06  1.9575863e-06  7.2722681e-07  3.8505856e-06  3.2553372e-06  5.2254592e-07  2.3415245e-07  1.5806314e-07  1.2945906e-07
  2.1955134e-05 -2.5878266e-06              0  7.6669965e-08   1.299304e-06    1.23722e-06  -5.610183e-06   3.940928e-06  4.3897775e-07  6.6536355e-06  6.0811803e-06  2.3415245e-07  5.6690776e-06  1.7692467e-07  2.5264511e-07
  1.5380701e-05 -1.3342116e-06              0 -9.3907693e-08  6.3525989e-07  6.0724326e-07  -7.045692e-06  2.3006906e-06  7.9765146e-07  4.0691508e-06  3.6092779e-06  1.5806314e-07  1.7692467e-07  2.6982919e-07  1.6451284e-07
   1.499949e-05 -1.4901017e-06              0 -4.9713953e-08   7.072485e-07  6.7388671e-07 -5.2980013e-06  2.3973302e-06  7.2499964e-07  4.2028158e-06  3.9279217e-06  1.2945906e-07  2.5264511e-07  1.6451284e-07  3.4650304e-07


# ext. ||   Name    ||   type  ||     Value     ||  Error +/- 

   0   ||Natural mortality || limited ||    0.04694562607245 ||0.0007251419832746
   1   ||Targeted q || limited ||      2.089870809401 ||0.04470612129922
   2   ||Nontargeted q || limited ||                   2 ||22.06548931833
   3   ||     sigma || limited ||      1.025482798388 ||0.05514207176503
   4   ||  Biomass1 || limited ||      4.800314863498 ||0.1173264575554
   5   ||  Biomass2 || limited ||      4.499588741255 ||0.1067782944706
   6   ||  vm_sigma || limited ||      20.94188785167 ||0.4450049104008
   7   ||Recruit year 1 || limited ||      2.472924731009 ||0.07236601597551
   8   ||Recruit year 2 || limited ||     0.3347943000501 ||0.01008986486535
   9   ||Recruit year 3 || limited ||      8.820855939513 ||0.2416925385986
  10   ||Recruit year 4 || limited ||      6.654310101485 ||0.1882713404747
  11   ||Mean Rec dist 1 || limited ||     0.6330239750321 ||0.005101234791753
  12   ||Mean Rec dist 2 || limited ||     0.6317305912947 ||0.01680245207315
  13   ||Mean Rec dist 3 || limited ||     0.6792335868242 ||0.003664589319844
  14   ||Mean Rec dist 4 || limited ||     0.8464151450704 ||0.004147412513479





