# Minimum negative log likelihood

Minuit did successfully converge.
# of function calls: 932
minimum function Value: 619.1013584514
minimum edm: 8.530464102243e-05
minimum internal state vector: LAVector parameters:
    -0.5669968582136
     -1.030499287996
     -1.287002217587
     -1.131454833289
     -1.546195819777
      -1.54702746278
    -0.1499239245303
    -0.1076046198481
    -0.9607931751968
    -0.9721652847144
    -0.9917540908483
     -1.249854579899

minimum internal covariance matrix: LASymMatrix parameters:
   0.0026078525  -0.0009506835              0 -8.6780383e-05  4.3101589e-05  4.1292759e-05  2.1429854e-05 -0.00036605973   0.0011858874   0.0010184076   0.0012674376  0.00061704768
  -0.0009506835   0.0003580382              0  3.2894473e-05  -1.661794e-05 -1.5930349e-05 -4.8085187e-06  6.9500639e-05 -0.00043623741 -0.00037428475 -0.00046645166 -0.00022707376
              0              0              2              0              0              0              0              0              0              0              0              0
 -8.6780383e-05  3.2894473e-05              0    0.000239589  -3.486487e-06 -2.9467332e-06 -9.2222429e-07 -6.4707748e-06 -4.1010452e-05 -3.3893612e-05 -4.2593571e-05 -2.0923074e-05
  4.3101589e-05  -1.661794e-05              0  -3.486487e-06  1.5134802e-05  1.2194459e-05  1.3249292e-07 -7.3075535e-06  2.0578416e-05  1.7287035e-05  2.1890398e-05  1.0581495e-05
  4.1292759e-05 -1.5930349e-05              0 -2.9467332e-06  1.2194459e-05  9.9429663e-06   1.332103e-07 -4.7575607e-06   1.964803e-05  1.6549693e-05   2.095447e-05   1.012963e-05
  2.1429854e-05 -4.8085187e-06              0 -9.2222429e-07  1.3249292e-07   1.332103e-07  2.9577149e-06 -4.7564301e-05   8.515513e-06  7.3519324e-06  9.0995121e-06  4.4401942e-06
 -0.00036605973  6.9500639e-05              0 -6.4707748e-06 -7.3075535e-06 -4.7575607e-06 -4.7564301e-05   0.0022859036 -0.00014400768 -0.00012918716 -0.00014978723 -7.4229348e-05
   0.0011858874 -0.00043623741              0 -4.1010452e-05  2.0578416e-05   1.964803e-05   8.515513e-06 -0.00014400768  0.00055330791  0.00046396551  0.00057806004  0.00028149223
   0.0010184076 -0.00037428475              0 -3.3893612e-05  1.7287035e-05  1.6549693e-05  7.3519324e-06 -0.00012918716  0.00046396551  0.00041103129  0.00049597601  0.00024176355
   0.0012674376 -0.00046645166              0 -4.2593571e-05  2.1890398e-05   2.095447e-05  9.0995121e-06 -0.00014978723  0.00057806004  0.00049597601  0.00063145732  0.00030079975
  0.00061704768 -0.00022707376              0 -2.0923074e-05  1.0581495e-05   1.012963e-05  4.4401942e-06 -7.4229348e-05  0.00028149223  0.00024176355  0.00030079975  0.00015790296


# ext. ||   Name    ||   type  ||     Value     ||  Error +/- 

   0   ||Natural mortality || limited ||    0.06943480933431 ||0.0045679109196
   1   ||Targeted q || limited ||      7.122203740498 ||0.3441120436357
   2   ||Nontargeted q || limited ||                   2 ||22.06548931833
   3   ||     sigma || limited ||       4.74840245303 ||0.2327660618275
   4   ||  Biomass1 || limited ||     0.1512886063494 ||0.03383320052475
   5   ||  Biomass2 || limited ||     0.1412330747097 ||0.02649599072846
   6   ||   vm_mean || limited ||    -0.4692374233415 ||0.003777579995649
   7   ||  vm_sigma || limited ||      35.70467028015 ||1.344208470117
   8   ||Recruit year 1 || limited ||       9.02678761139 ||0.4763554086993
   9   ||Recruit year 2 || limited ||      8.703739884284 ||0.4038660835378
  10   ||Recruit year 3 || limited ||      8.159827745049 ||0.486098978879
  11   ||Recruit year 4 || limited ||      2.562806938177 ||0.1401347337684





