# Minimum negative log likelihood

Minuit did successfully converge.
# of function calls: 1241
minimum function Value: 715.527756027
minimum edm: 3.165094937425e-05
minimum internal state vector: LAVector parameters:
      3.099974557612
    -0.9793274703759
     -1.287002217587
      -1.01422160679
     -1.414427058859
     -1.426465888492
    -0.4648758916256
     -1.185657842353
     -1.450982825744
     -1.010084076979
    -0.9541691000303
    0.02702175163285
     0.0678420886017
     0.0580519838926
    0.07007961103151

minimum internal covariance matrix: LASymMatrix parameters:
    0.036385319   0.0028398512              0  -7.623369e-05 -0.00090544183 -0.00079446847   0.0048442638  -0.0024397511 -0.00084616756  -0.0040422186  -0.0045796704 -0.00014637041 -0.00017055573 -0.00017068767 -0.00017121379
   0.0028398512  0.00028434435              0  9.0605305e-06  -8.604885e-05 -7.5514316e-05  0.00026379409 -0.00019817104 -6.8260961e-05 -0.00033223893 -0.00039083769 -8.0285335e-06 -1.0290953e-05 -8.6092124e-06 -1.0008407e-05
              0              0              2              0              0              0              0              0              0              0              0              0              0              0              0
  -7.623369e-05  9.0605305e-06              0  0.00050530824  1.4628377e-05  1.0197153e-05 -6.7934714e-05  6.3545289e-06 -5.9167374e-06 -7.9151727e-06  1.6310949e-05  3.5029179e-06  8.5104671e-06   3.313873e-06  2.6772179e-06
 -0.00090544183  -8.604885e-05              0  1.4628377e-05  4.1983414e-05  3.5321679e-05 -0.00010152013  6.2453549e-05  2.0512207e-05  0.00010357502  0.00012282132    3.04178e-06  4.3375638e-06   3.513331e-06  3.6115975e-06
 -0.00079446847 -7.5514316e-05              0  1.0197153e-05  3.5321679e-05  3.0065095e-05 -8.6706052e-05  5.4571453e-05  1.8166976e-05  9.1165169e-05    0.000107456  2.6766599e-06  3.5958404e-06  3.0471209e-06  3.0793072e-06
   0.0048442638  0.00026379409              0 -6.7934714e-05 -0.00010152013 -8.6706052e-05   0.0025785917 -0.00031096145 -9.5262534e-05 -0.00048440675  -0.0005591562 -4.8511837e-05 -4.5489326e-05 -5.2975542e-05 -5.4255224e-05
  -0.0024397511 -0.00019817104              0  6.3545289e-06  6.2453549e-05  5.4571453e-05 -0.00031096145  0.00019840146  6.0961546e-05  0.00027476575  0.00030926677  9.6926127e-06   1.339744e-05  1.1400925e-05  1.1061625e-05
 -0.00084616756 -6.8260961e-05              0 -5.9167374e-06  2.0512207e-05  1.8166976e-05 -9.5262534e-05  6.0961546e-05  5.0881611e-05   9.802794e-05  0.00010378231  3.3948932e-06  3.3224086e-06  3.6704168e-06   3.054357e-06
  -0.0040422186 -0.00033223893              0 -7.9151727e-06  0.00010357502  9.1165169e-05 -0.00048440675  0.00027476575   9.802794e-05  0.00048739804  0.00051531246  1.4975037e-05  1.6378933e-05  1.6706245e-05  1.7113185e-05
  -0.0045796704 -0.00039083769              0  1.6310949e-05  0.00012282132    0.000107456  -0.0005591562  0.00030926677  0.00010378231  0.00051531246  0.00064036945  1.6163853e-05   1.738261e-05  1.9021247e-05   2.201095e-05
 -0.00014637041 -8.0285335e-06              0  3.5029179e-06    3.04178e-06  2.6766599e-06 -4.8511837e-05  9.6926127e-06  3.3948932e-06  1.4975037e-05  1.6163853e-05   3.239341e-06  9.2218082e-07  1.2562734e-06  1.1313415e-06
 -0.00017055573 -1.0290953e-05              0  8.5104671e-06  4.3375638e-06  3.5958404e-06 -4.5489326e-05   1.339744e-05  3.3224086e-06  1.6378933e-05   1.738261e-05  9.2218082e-07  3.9141491e-05  8.6495128e-07  1.0013977e-06
 -0.00017068767 -8.6092124e-06              0   3.313873e-06   3.513331e-06  3.0471209e-06 -5.2975542e-05  1.1400925e-05  3.6704168e-06  1.6706245e-05  1.9021247e-05  1.2562734e-06  8.6495128e-07  2.9034671e-06  1.3089635e-06
 -0.00017121379 -1.0008407e-05              0  2.6772179e-06  3.6115975e-06  3.0793072e-06 -5.4255224e-05  1.1061625e-05   3.054357e-06  1.7113185e-05   2.201095e-05  1.1313415e-06  1.0013977e-06  1.3089635e-06  2.8445769e-06


# ext. ||   Name    ||   type  ||     Value     ||  Error +/- 

   0   ||Natural mortality || limited ||     0.0460401520701 ||0.00335887819233
   1   ||Targeted q || limited ||      8.493871572957 ||0.3324106665382
   2   ||Nontargeted q || limited ||                   2 ||22.06548931833
   3   ||     sigma || limited ||      7.546520065533 ||0.4198362168445
   4   ||  Biomass1 || limited ||      6.100391544124 ||0.3567569737571
   5   ||  Biomass2 || limited ||      5.198784671257 ||0.2788266462125
   6   ||  vm_sigma || limited ||       22.0682494659 ||1.283557693659
   7   ||Recruit year 1 || limited ||      3.672312997632 ||0.1870697416748
   8   ||Recruit year 2 || limited ||     0.3684169152868 ||0.03014090927762
   9   ||Recruit year 3 || limited ||      7.665406439418 ||0.415026280214
  10   ||Recruit year 4 || limited ||      9.217402987012 ||0.5173053945439
  11   ||Mean Rec dist 1 || limited ||     0.2701846331805 ||0.0127219781272
  12   ||Mean Rec dist 2 || limited ||     0.6779005948713 ||0.04413692463587
  13   ||Mean Rec dist 3 || limited ||     0.5801938320439 ||0.01202849097222
  14   ||Mean Rec dist 4 || limited ||     0.7002226317991 ||0.01189669759848





