# Minimum negative log likelihood

Minuit did successfully converge.
# of function calls: 844
minimum function Value: 417.0303037047
minimum edm: 1.974044622302e-05
minimum internal state vector: LAVector parameters:
     -1.249575233332
     -1.287002217587
      -1.30189610392
     -1.359154313401
     -1.364184931565
     0.8084668412232
      1.571382912009
     -1.256619401592
     -1.304619680022
    -0.9397593149598
     -0.977322854987

minimum internal covariance matrix: LASymMatrix parameters:
  2.2752659e-06              0 -1.7648901e-07 -1.4071435e-06 -1.3048408e-06  9.0748947e-07 -3.9998708e-05 -5.5052772e-07 -1.0550784e-06 -2.1503658e-06 -3.1407581e-06
              0              2              0              0              0              0              0              0              0              0              0
 -1.7648901e-07              0  0.00010740441  1.0745342e-06  9.0273045e-07  1.0467363e-06  0.00044295516  2.9135464e-06 -4.1000145e-07  1.5843664e-06  1.6134291e-06
 -1.4071435e-06              0  1.0745342e-06  3.0336426e-06  2.6467229e-06 -4.7463575e-07  5.0573003e-05  8.4291271e-07  4.1000951e-07  1.3916824e-06   2.095983e-06
 -1.3048408e-06              0  9.0273045e-07  2.6467229e-06  2.3222784e-06 -4.5264567e-07  4.3560927e-05  7.2472307e-07  3.9796067e-07  1.2842751e-06  1.9252549e-06
  9.0748947e-07              0  1.0467363e-06 -4.7463575e-07 -4.5264567e-07  3.9541451e-06  4.4496709e-05  5.1795383e-07 -7.8913485e-07 -9.7288123e-07  3.7414518e-07
 -3.9998708e-05              0  0.00044295516  5.0573003e-05  4.3560927e-05  4.4496709e-05    0.043887428  5.0676044e-05  7.8145456e-06   3.742036e-05  0.00010260323
 -5.5052772e-07              0  2.9135464e-06  8.4291271e-07  7.2472307e-07  5.1795383e-07  5.0676044e-05  3.1336211e-06 -2.3045408e-07  6.6458627e-07  1.6307693e-06
 -1.0550784e-06              0 -4.1000145e-07  4.1000951e-07  3.9796067e-07 -7.8913485e-07  7.8145456e-06 -2.3045408e-07  2.6079831e-06  9.7196244e-07  1.1005821e-06
 -2.1503658e-06              0  1.5843664e-06  1.3916824e-06  1.2842751e-06 -9.7288123e-07   3.742036e-05  6.6458627e-07  9.7196244e-07  4.0720871e-06  2.8729855e-06
 -3.1407581e-06              0  1.6134291e-06   2.095983e-06  1.9252549e-06  3.7414518e-07  0.00010260323  1.6307693e-06  1.1005821e-06  2.8729855e-06  1.3151765e-05


# ext. ||   Name    ||   type  ||     Value     ||  Error +/- 

   0   ||Targeted q || limited ||      2.557470234027 ||0.01683761484834
   1   ||Nontargeted q || limited ||                   2 ||22.06548931833
   2   ||     sigma || limited ||      1.796817070291 ||0.09734348513129
   3   ||  Biomass1 || limited ||      11.15634877839 ||0.129357601609
   4   ||  Biomass2 || limited ||      10.63415680048 ||0.1105279333834
   5   ||   vm_mean || limited ||       2.27209158231 ||0.003050652093968
   6   ||  vm_sigma || limited ||      79.99999311844 ||0.4380667696939
   7   ||Recruit year 1 || limited ||      2.457202307543 ||0.01933929659699
   8   ||Recruit year 2 || limited ||      1.770641009635 ||0.01501735195075
   9   ||Recruit year 3 || limited ||      9.638230887554 ||0.0420880684441
  10   ||Recruit year 4 || limited ||      8.558986715292 ||0.07169756171679





