# Minimum negative log likelihood

Minuit did successfully converge.
# of function calls: 996
minimum function Value: 755.1107514983
minimum edm: 5.07324840244e-05
minimum internal state vector: LAVector parameters:
    -0.3187224743981
     -1.065149141537
     -1.287002217587
     -0.956940901421
      -1.50785210895
     -1.485661519551
     -1.125120505187
   -0.01856627996564
     -1.301718192389
    -0.9733678649649
     -1.105770408826
     -0.969717382104

minimum internal covariance matrix: LASymMatrix parameters:
     0.17951462   -0.015149404              0 -0.00059299682   0.0020455165   0.0024036329  0.00086442972   -0.010793751   0.0063998383    0.018462894    0.014234106    0.020193541
   -0.015149404   0.0013118325              0  5.3425187e-05 -0.00016911176 -0.00020655971 -4.8484876e-05  0.00057828168 -0.00059296132   -0.001561107  -0.0012070484  -0.0017127787
              0              0              2              0              0              0              0              0              0              0              0              0
 -0.00059299682  5.3425187e-05              0  0.00049318466 -9.8753499e-06 -1.1162876e-05  3.6107431e-06  -4.086694e-05 -2.0228798e-05 -5.9392821e-05 -5.1085375e-05 -7.1216391e-05
   0.0020455165 -0.00016911176              0 -9.8753499e-06    0.000161793  0.00010101691  2.5947239e-05 -0.00037175174 -0.00020653622  0.00021792301  0.00016400502   0.0002333989
   0.0024036329 -0.00020655971              0 -1.1162876e-05  0.00010101691  7.4471087e-05  1.0059544e-05  -0.0001533493 -3.5610575e-05  0.00025122055  0.00019278281  0.00027359074
  0.00086442972 -4.8484876e-05              0  3.6107431e-06  2.5947239e-05  1.0059544e-05  6.4171342e-05 -0.00072344901 -4.0250852e-06  8.7764853e-05  6.2670771e-05  9.0390779e-05
   -0.010793751  0.00057828168              0  -4.086694e-05 -0.00037175174  -0.0001533493 -0.00072344901    0.015853783  1.9231622e-06  -0.0011959312 -0.00071235441  -0.0011766138
   0.0063998383 -0.00059296132              0 -2.0228798e-05 -0.00020653622 -3.5610575e-05 -4.0250852e-06  1.9231622e-06   0.0018472944  0.00063679325   0.0005046327  0.00072295762
    0.018462894   -0.001561107              0 -5.9392821e-05  0.00021792301  0.00025122055  8.7764853e-05  -0.0011959312  0.00063679325   0.0019391176   0.0014614838   0.0020774242
    0.014234106  -0.0012070484              0 -5.1085375e-05  0.00016400502  0.00019278281  6.2670771e-05 -0.00071235441   0.0005046327   0.0014614838   0.0011697223    0.001603998
    0.020193541  -0.0017127787              0 -7.1216391e-05   0.0002333989  0.00027359074  9.0390779e-05  -0.0011766138  0.00072295762   0.0020774242    0.001603998   0.0023172827


# ext. ||   Name    ||   type  ||     Value     ||  Error +/- 

   0   ||Natural mortality || limited ||    0.03716615920751 ||0.007006738840402
   1   ||Targeted q || limited ||       6.25694109389 ||0.620193634309
   2   ||Nontargeted q || limited ||                   2 ||22.06548931833
   3   ||     sigma || limited ||      9.128335808293 ||0.4522535451015
   4   ||  Biomass1 || limited ||     0.9901666573162 ||0.2828772593247
   5   ||  Biomass2 || limited ||      1.810889686982 ||0.2594349999818
   6   ||   vm_mean || limited ||     -2.834720458647 ||0.007670941683358
   7   ||  vm_sigma || limited ||      39.25790074939 ||3.555963128379
   8   ||Recruit year 1 || limited ||      1.809001214801 ||0.4038664450054
   9   ||Recruit year 2 || limited ||        8.6698897199 ||0.8755482210136
  10   ||Recruit year 3 || limited ||      5.318971894802 ||0.5421516085644
  11   ||Recruit year 4 || limited ||       8.77282779791 ||0.9622211292381





