# Minimum negative log likelihood

Minuit did successfully converge.
# of function calls: 579
minimum function Value: 166.1783648531
minimum edm: 2.475173606671e-06
minimum internal state vector: LAVector parameters:
     -1.003349460073
     -1.287002217587
     -1.007915403034
     -1.537699882812
     -1.540629123134
     0.1129195361658
    -0.7455334979907
     -1.181041815455
     -1.018030159988
    -0.9318812110017
     -0.924153448859

minimum internal covariance matrix: LASymMatrix parameters:
  5.7602744e-05              0  5.2459466e-06  -3.133533e-06 -2.3627127e-06  5.0329327e-06 -0.00011110981 -2.3027813e-06  -2.502962e-06 -3.5521757e-06 -1.4553693e-05
              0              2              0              0              0              0              0              0              0              0              0
  5.2459466e-06              0   0.0017911519 -1.1382008e-05 -6.5070595e-06 -1.9264776e-07  2.8932797e-05  5.1223262e-06  6.3655337e-06  6.4150044e-06 -7.5847726e-06
  -3.133533e-06              0 -1.1382008e-05  4.5377605e-05  2.3226717e-05 -2.9785019e-07  6.5873764e-06  1.2526231e-06  5.6209794e-07  6.1610318e-07  2.3000037e-07
 -2.3627127e-06              0 -6.5070595e-06  2.3226717e-05  1.3540061e-05  -2.018474e-07  4.3082459e-06  6.9969131e-08  1.4292411e-07  1.9522343e-07  5.4674609e-07
  5.0329327e-06              0 -1.9264776e-07 -2.9785019e-07  -2.018474e-07  7.7288095e-07 -1.5533611e-05 -4.5856281e-07 -3.5067688e-07 -4.4522905e-07 -7.8745546e-07
 -0.00011110981              0  2.8932797e-05  6.5873764e-06  4.3082459e-06 -1.5533611e-05   0.0006511846  2.3735633e-05  2.6362091e-05  2.6864746e-05 -6.1525435e-07
 -2.3027813e-06              0  5.1223262e-06  1.2526231e-06  6.9969131e-08 -4.5856281e-07  2.3735633e-05  5.0947308e-05 -4.2957509e-06 -4.5698592e-06 -2.9162363e-06
  -2.502962e-06              0  6.3655337e-06  5.6209794e-07  1.4292411e-07 -3.5067688e-07  2.6362091e-05 -4.2957509e-06   5.266726e-05 -5.1961527e-06 -3.7763069e-06
 -3.5521757e-06              0  6.4150044e-06  6.1610318e-07  1.9522343e-07 -4.4522905e-07  2.6864746e-05 -4.5698592e-06 -5.1961527e-06  5.3853691e-05 -5.0276355e-06
 -1.4553693e-05              0 -7.5847726e-06  2.3000037e-07  5.4674609e-07 -7.8745546e-07 -6.1525435e-07 -2.9162363e-06 -3.7763069e-06 -5.0276355e-06  4.2053231e-05


# ext. ||   Name    ||   type  ||     Value     ||  Error +/- 

   0   ||Targeted q || limited ||      7.836200887651 ||0.1442239773105
   1   ||Nontargeted q || limited ||                   2 ||22.06548931833
   2   ||     sigma || limited ||       7.71393548987 ||0.7983483865104
   3   ||  Biomass1 || limited ||     0.2738186552099 ||0.07880906823465
   4   ||  Biomass2 || limited ||      0.227497790344 ||0.03924045219089
   5   ||   vm_mean || limited ||       1.12679719632 ||0.006176843045227
   6   ||  vm_sigma || limited ||      12.86628390699 ||0.5302656864965
   7   ||Recruit year 1 || limited ||      3.759506815257 ||0.09587597012093
   8   ||Recruit year 2 || limited ||       7.45548426609 ||0.1347023819665
   9   ||Recruit year 3 || limited ||      9.871855034012 ||0.1547035622693
  10   ||Recruit year 4 || limited ||      10.10344088829 ||0.13812564557





