# Minimum negative log likelihood

Minuit did successfully converge.
# of function calls: 1395
minimum function Value: 370.8356698463
minimum edm: 5.915375919605e-05
minimum internal state vector: LAVector parameters:
      2.405093955322
     -1.030601157403
     -1.287002217587
     -1.330311882582
     -1.387583599422
     -1.397418077428
     0.8395919208855
    -0.4598928435551
     -1.271699115442
     -1.039898171197
     -1.119373211974
      -1.22531414981

minimum internal covariance matrix: LASymMatrix parameters:
     0.01728419    0.001009837              0 -1.4753961e-06 -0.00036056896 -0.00032990607 -3.6064341e-05  0.00029233525 -0.00054455729  -0.0010065506  -0.0009118862 -0.00072073189
    0.001009837  6.1414484e-05              0 -2.0984771e-06 -2.2055694e-05 -2.0104177e-05 -1.4063637e-06  1.1482475e-05 -3.2047278e-05 -5.9329075e-05 -5.3869662e-05 -4.3704223e-05
              0              0              2              0              0              0              0              0              0              0              0              0
 -1.4753961e-06 -2.0984771e-06              0   9.111479e-05 -7.3438369e-07 -4.7521469e-07  5.1693711e-07  1.0297163e-05 -1.6586618e-06  7.4549728e-07 -1.0175308e-06  5.3951096e-06
 -0.00036056896 -2.2055694e-05              0 -7.3438369e-07  8.8483234e-06  7.9455494e-06  4.2941347e-07 -5.4713829e-06  1.1674585e-05  2.1097809e-05   1.939197e-05  1.5684042e-05
 -0.00032990607 -2.0104177e-05              0 -4.7521469e-07  7.9455494e-06  7.1624313e-06  4.2451566e-07 -5.1902275e-06  1.0626798e-05   1.928108e-05  1.7682669e-05  1.4297143e-05
 -3.6064341e-05 -1.4063637e-06              0  5.1693711e-07  4.2941347e-07  4.2451566e-07   9.421086e-07 -6.6081088e-06  9.6595221e-07  1.9278335e-06  1.6851213e-06  1.6216011e-06
  0.00029233525  1.1482475e-05              0  1.0297163e-05 -5.4713829e-06 -5.1902275e-06 -6.6081088e-06  0.00013346379 -8.9803771e-06 -1.3802892e-05 -1.4779746e-05 -1.2374344e-05
 -0.00054455729 -3.2047278e-05              0 -1.6586618e-06  1.1674585e-05  1.0626798e-05  9.6595221e-07 -8.9803771e-06  1.8513424e-05  3.1785843e-05   2.903249e-05  2.2713182e-05
  -0.0010065506 -5.9329075e-05              0  7.4549728e-07  2.1097809e-05   1.928108e-05  1.9278335e-06 -1.3802892e-05  3.1785843e-05    6.00177e-05  5.3325927e-05  4.2215486e-05
  -0.0009118862 -5.3869662e-05              0 -1.0175308e-06   1.939197e-05  1.7682669e-05  1.6851213e-06 -1.4779746e-05   2.903249e-05  5.3325927e-05  4.9628614e-05  3.8369137e-05
 -0.00072073189 -4.3704223e-05              0  5.3951096e-06  1.5684042e-05  1.4297143e-05  1.6216011e-06 -1.2374344e-05  2.2713182e-05  4.2215486e-05  3.8369137e-05  3.5177857e-05


# ext. ||   Name    ||   type  ||     Value     ||  Error +/- 

   0   ||Natural mortality || limited ||    0.06179245456463 ||0.001719251421345
   1   ||Targeted q || limited ||      7.119583928991 ||0.1424976051032
   2   ||Nontargeted q || limited ||                   2 ||22.06548931833
   3   ||     sigma || limited ||      1.438864639251 ||0.08037832722265
   4   ||  Biomass1 || limited ||      8.368278429115 ||0.1916057071942
   5   ||  Biomass2 || limited ||      7.496198094271 ||0.1632306066958
   6   ||   vm_mean || limited ||      2.338509460895 ||0.001439826113582
   7   ||  vm_sigma || limited ||      22.24663846137 ||0.2928012756595
   8   ||Recruit year 1 || limited ||      2.229633411248 ||0.04482001029427
   9   ||Recruit year 2 || limited ||      6.891678014903 ||0.1386640656656
  10   ||Recruit year 3 || limited ||       5.01813989364 ||0.1086445235549
  11   ||Recruit year 4 || limited ||      2.964090933307 ||0.07100625202158





