# Minimum negative log likelihood

Minuit did successfully converge.
# of function calls: 852
minimum function Value: 523.1480669493
minimum edm: 2.896938687597e-05
minimum internal state vector: LAVector parameters:
     0.7132476883758
     -1.162840729352
     -1.287002217587
     -1.223040070805
     -1.563282875532
     -1.563512790719
    -0.4000637155647
    -0.9898739896299
     -1.150190085791
      -1.24832311123
      -1.10177603403
     -1.130294078386

minimum internal covariance matrix: LASymMatrix parameters:
    0.098703028  -0.0075394412              0  5.6805293e-05  0.00011457224  0.00013320336 -4.0372397e-05  0.00012363605    0.007555056   0.0057822111   0.0082660451   0.0083149876
  -0.0075394412  0.00059393458              0 -5.1978968e-06 -7.7974093e-06 -1.0159101e-05  1.1744485e-05 -3.5683947e-05  -0.0005847667   -0.000446898 -0.00063873944 -0.00064276757
              0              0              2              0              0              0              0              0              0              0              0              0
  5.6805293e-05 -5.1978968e-06              0  0.00013127048  2.5516134e-06  5.5534083e-07  -2.069279e-06 -4.6047566e-07  5.9717377e-06  3.1522367e-06  4.9279609e-06  4.2489127e-06
  0.00011457224 -7.7974093e-06              0  2.5516134e-06  5.9804331e-06  4.0701712e-06  8.3878969e-07 -3.4993835e-06    8.97885e-06  6.5480315e-06   8.842302e-06  8.9649958e-06
  0.00013320336 -1.0159101e-05              0  5.5534083e-07  4.0701712e-06  3.2827885e-06  1.7395626e-07  1.0029384e-07    1.04964e-05  7.9181329e-06  1.0947738e-05   1.102322e-05
 -4.0372397e-05  1.1744485e-05              0  -2.069279e-06  8.3878969e-07  1.7395626e-07  7.2977231e-06 -1.8836414e-05 -6.6568388e-06 -5.0291983e-06 -6.9399771e-06 -7.0706975e-06
  0.00012363605 -3.5683947e-05              0 -4.6047566e-07 -3.4993835e-06  1.0029384e-07 -1.8836414e-05  9.9249338e-05  1.9623521e-05  1.4527603e-05  2.1033459e-05  2.0573304e-05
    0.007555056  -0.0005847667              0  5.9717377e-06    8.97885e-06    1.04964e-05 -6.6568388e-06  1.9623521e-05  0.00058652294  0.00044478192  0.00063594042  0.00063999951
   0.0057822111   -0.000446898              0  3.1522367e-06  6.5480315e-06  7.9181329e-06 -5.0291983e-06  1.4527603e-05  0.00044478192  0.00034491136  0.00048633131  0.00048928557
   0.0082660451 -0.00063873944              0  4.9279609e-06   8.842302e-06  1.0947738e-05 -6.9399771e-06  2.1033459e-05  0.00063594042  0.00048633131   0.0006998283  0.00069935682
   0.0083149876 -0.00064276757              0  4.2489127e-06  8.9649958e-06   1.102322e-05 -7.0706975e-06  2.0573304e-05  0.00063999951  0.00048928557  0.00069935682  0.00070851891


# ext. ||   Name    ||   type  ||     Value     ||  Error +/- 

   0   ||Natural mortality || limited ||    0.06135733130356 ||0.004165549974937
   1   ||Targeted q || limited ||      4.103308820586 ||0.3418233487193
   2   ||Nontargeted q || limited ||                   2 ||22.06548931833
   3   ||     sigma || limited ||      2.993013873938 ||0.1380446772284
   4   ||  Biomass1 || limited ||    0.01411292107872 ||0.006496156733815
   5   ||  Biomass2 || limited ||    0.01326241581162 ||0.004665678152493
   6   ||   vm_mean || limited ||     -1.223578168146 ||0.005527197621465
   7   ||  vm_sigma || limited ||      6.562644724381 ||0.1546358154373
   8   ||Recruit year 1 || limited ||      4.367485636448 ||0.349564277382
   9   ||Recruit year 2 || limited ||      2.587016031426 ||0.2080622314323
  10   ||Recruit year 3 || limited ||      5.408882246801 ||0.4227002763227
  11   ||Recruit year 4 || limited ||      4.782641603263 ||0.401210748188





