# Minimum negative log likelihood

Minuit did successfully converge.
# of function calls: 1447
minimum function Value: 603.8007388622
minimum edm: 4.945069530498e-05
minimum internal state vector: LAVector parameters:
      2.174384023516
     -1.048196647245
     -1.287002217587
     -1.147653199956
     -1.530233163326
     -1.533084114452
    -0.1648238210227
       -1.3293625953
     -1.048361560288
     -1.111958905498
    -0.9434114849686
     0.1104724291704
    0.06652503884996
    0.07865597651446
     0.1082444357473

minimum internal covariance matrix: LASymMatrix parameters:
    0.049900263   0.0021969692              0 -8.2932165e-05 -0.00018213083 -0.00016095513   0.0058769446  -0.0015298432  -0.0033700934  -0.0029767659  -0.0041688091 -9.9081378e-05 -0.00012814384 -0.00013485347 -0.00012333619
   0.0021969692  0.00011684169              0 -1.7024761e-06 -9.7501858e-06 -8.5815578e-06  0.00020182323  -6.970161e-05 -0.00015502025 -0.00013639775 -0.00020109603  -3.426471e-06 -4.3162486e-06 -4.6530133e-06  -4.807014e-06
              0              0              2              0              0              0              0              0              0              0              0              0              0              0              0
 -8.2932165e-05 -1.7024761e-06              0  0.00023500553 -1.5756304e-06 -1.2951374e-06  -2.078573e-05  4.3602649e-06  3.8954344e-06  5.3927681e-06   5.593368e-06  1.1190207e-06    6.02566e-07 -2.6260616e-07  7.8915148e-07
 -0.00018213083 -9.7501858e-06              0 -1.5756304e-06  6.9025277e-06  5.4827721e-06 -1.4297853e-05   5.962246e-06  1.2923306e-05  1.1469725e-05  1.6579853e-05  1.9310431e-07  3.2885401e-07  3.5918497e-07  3.7083288e-07
 -0.00016095513 -8.5815578e-06              0 -1.2951374e-06  5.4827721e-06  4.4358645e-06 -1.3512381e-05  5.2265699e-06   1.139377e-05  1.0092556e-05   1.464308e-05  2.0587218e-07  2.9808306e-07   3.251638e-07  3.3353348e-07
   0.0058769446  0.00020182323              0  -2.078573e-05 -1.4297853e-05 -1.3512381e-05   0.0027295817 -0.00016987575 -0.00036697772 -0.00033133659 -0.00044538247  -3.003438e-05 -3.2961878e-05 -3.2549774e-05 -3.1583339e-05
  -0.0015298432  -6.970161e-05              0  4.3602649e-06   5.962246e-06  5.2265699e-06 -0.00016987575  6.1110914e-05  0.00010394854  9.1582382e-05  0.00013041169  2.4774714e-06  3.8909012e-06  3.7827754e-06  3.7131656e-06
  -0.0033700934 -0.00015502025              0  3.8954344e-06  1.2923306e-05   1.139377e-05 -0.00036697772  0.00010394854  0.00024449297  0.00020317172  0.00028666544  6.0327634e-06  8.0750836e-06  8.6285011e-06   7.851149e-06
  -0.0029767659 -0.00013639775              0  5.3927681e-06  1.1469725e-05  1.0092556e-05 -0.00033133659  9.1582382e-05  0.00020317172  0.00019304337  0.00025315306   5.421257e-06  7.2816982e-06  7.6097803e-06   7.032573e-06
  -0.0041688091 -0.00020109603              0   5.593368e-06  1.6579853e-05   1.464308e-05 -0.00044538247  0.00013041169  0.00028666544  0.00025315306  0.00038470099  7.5228535e-06  9.5642999e-06  1.0231875e-05  1.0151284e-05
 -9.9081378e-05  -3.426471e-06              0  1.1190207e-06  1.9310431e-07  2.0587218e-07  -3.003438e-05  2.4774714e-06  6.0327634e-06   5.421257e-06  7.5228535e-06  3.6702984e-06  4.7625046e-07  3.4500762e-07  4.4018194e-07
 -0.00012814384 -4.3162486e-06              0    6.02566e-07  3.2885401e-07  2.9808306e-07 -3.2961878e-05  3.8909012e-06  8.0750836e-06  7.2816982e-06  9.5642999e-06  4.7625046e-07  9.7536613e-07  5.0116284e-07  4.8165164e-07
 -0.00013485347 -4.6530133e-06              0 -2.6260616e-07  3.5918497e-07   3.251638e-07 -3.2549774e-05  3.7827754e-06  8.6285011e-06  7.6097803e-06  1.0231875e-05  3.4500762e-07  5.0116284e-07   1.270496e-06  4.7880455e-07
 -0.00012333619  -4.807014e-06              0  7.8915148e-07  3.7083288e-07  3.3353348e-07 -3.1583339e-05  3.7131656e-06   7.851149e-06   7.032573e-06  1.0151284e-05  4.4018194e-07  4.8165164e-07  4.7880455e-07  9.6106535e-07


# ext. ||   Name    ||   type  ||     Value     ||  Error +/- 

   0   ||Natural mortality || limited ||    0.06558261354072 ||0.002232087795257
   1   ||Targeted q || limited ||       6.67377402523 ||0.1907512037278
   2   ||Nontargeted q || limited ||                   2 ||22.06548931833
   3   ||     sigma || limited ||      4.409860535636 ||0.2225535436719
   4   ||  Biomass1 || limited ||     0.4112861598515 ||0.03766791230372
   5   ||  Biomass2 || limited ||     0.3555106027028 ||0.02807521197024
   6   ||  vm_sigma || limited ||      33.43744034866 ||1.457346100667
   7   ||Recruit year 1 || limited ||       1.46004623624 ||0.06607532123641
   8   ||Recruit year 2 || limited ||      6.678991958986 ||0.2758221562143
   9   ||Recruit year 3 || limited ||       5.18108201626 ||0.2175422770636
  10   ||Recruit year 4 || limited ||       9.53077531647 ||0.4070233511938
  11   ||Mean Rec dist 1 || limited ||      1.102478624238 ||0.01346418442524
  12   ||Mean Rec dist 2 || limited ||     0.6647598105097 ||0.006967983130534
  13   ||Mean Rec dist 3 || limited ||     0.7857489728992 ||0.00794560162403
  14   ||Mean Rec dist 4 || limited ||      1.080331787705 ||0.006891474588314





