# Minimum negative log likelihood

Minuit did successfully converge.
# of function calls: 704
minimum function Value: 352.6171371893
minimum edm: 3.794390658582e-05
minimum internal state vector: LAVector parameters:
     -1.212435280862
     -1.287002217587
     -1.340655553299
     -1.372053515491
     -1.369204881087
     0.2957214287516
    -0.8479673781601
     -1.140894077936
     -1.495773169924
     -1.300362309289
     -1.258183975098

minimum internal covariance matrix: LASymMatrix parameters:
  2.9797063e-06              0  5.6087728e-06 -2.1440967e-06 -1.7334437e-06  6.2790874e-07  8.3821954e-07   2.825893e-07 -3.3242392e-06 -9.7140199e-07 -7.4932549e-07
              0              2              0              0              0              0              0              0              0              0              0
  5.6087728e-06              0  9.7852801e-05 -3.4785713e-06 -2.4534099e-06  2.4527165e-06  6.4376252e-06  2.9758076e-06 -1.9049896e-05 -1.6023641e-07 -2.9792598e-06
 -2.1440967e-06              0 -3.4785713e-06  2.5496638e-06  2.0549197e-06 -4.8091494e-07  2.0412244e-07 -3.5073192e-07  2.3698675e-06  8.5116116e-07  3.8499604e-07
 -1.7334437e-06              0 -2.4534099e-06  2.0549197e-06  1.6729506e-06 -3.4158841e-07  1.3218976e-07 -1.4578907e-07  1.5958815e-06  6.7334813e-07  3.4631662e-07
  6.2790874e-07              0  2.4527165e-06 -4.8091494e-07 -3.4158841e-07  3.7011479e-07 -2.4676985e-07  7.1394521e-07 -2.0215773e-06 -3.7550764e-07  1.0766172e-07
  8.3821954e-07              0  6.4376252e-06  2.0412244e-07  1.3218976e-07 -2.4676985e-07  8.6520262e-05  -9.539198e-06  5.8463601e-06  4.2268273e-06 -2.3464943e-06
   2.825893e-07              0  2.9758076e-06 -3.5073192e-07 -1.4578907e-07  7.1394521e-07  -9.539198e-06  4.0157368e-06  -4.839497e-06 -9.1074861e-07  7.3127077e-07
 -3.3242392e-06              0 -1.9049896e-05  2.3698675e-06  1.5958815e-06 -2.0215773e-06  5.8463601e-06  -4.839497e-06  2.1675947e-05 -4.3132014e-07  2.1154621e-06
 -9.7140199e-07              0 -1.6023641e-07  8.5116116e-07  6.7334813e-07 -3.7550764e-07  4.2268273e-06 -9.1074861e-07 -4.3132014e-07  3.0006043e-06 -2.4392577e-06
 -7.4932549e-07              0 -2.9792598e-06  3.8499604e-07  3.4631662e-07  1.0766172e-07 -2.3464943e-06  7.3127077e-07  2.1154621e-06 -2.4392577e-06  7.6539452e-06


# ext. ||   Name    ||   type  ||     Value     ||  Error +/- 

   0   ||Targeted q || limited ||      3.176353614099 ||0.02140556824931
   1   ||Nontargeted q || limited ||                   2 ||22.06548931833
   2   ||     sigma || limited ||      1.318285391753 ||0.07977947148209
   3   ||  Biomass1 || limited ||      9.842215948332 ||0.1114615344031
   4   ||  Biomass2 || limited ||      10.12541729292 ||0.09156363995214
   5   ||   vm_mean || limited ||      2.914300389797 ||0.004115096480971
   6   ||  vm_sigma || limited ||      10.00338065142 ||0.174032758753
   7   ||Recruit year 1 || limited ||      4.559220286035 ||0.029525886705
   8   ||Recruit year 2 || limited ||     0.1506318000495 ||0.01233637852566
   9   ||Recruit year 3 || limited ||      1.827066301028 ||0.01635951901743
  10   ||Recruit year 4 || limited ||      2.433087626813 ||0.03007898939301





