# Minimum negative log likelihood

Minuit did successfully converge.
# of function calls: 1171
minimum function Value: 556.7851356575
minimum edm: 3.950364829168e-06
minimum internal state vector: LAVector parameters:
    -0.9361566384208
     -1.082472223426
     -1.287002217587
     -1.193429210334
      -1.37028566581
     -1.375310163094
      1.263304767313
      2.530723755655
     -1.383197077975
     -1.243117907314
     -1.013332911462
     -1.012297237519

minimum internal covariance matrix: LASymMatrix parameters:
   0.0051133138  -0.0010294594              0  2.4260875e-05   0.0004388087  0.00042258209  3.2800208e-05   0.0017593221  0.00046338917  0.00071091737   0.0013284855   0.0013563814
  -0.0010294594  0.00021230027              0 -6.2849031e-06 -9.1140842e-05 -8.7352532e-05 -3.0696009e-06   -0.000293964 -9.4439438e-05 -0.00014630858 -0.00026772328 -0.00027421057
              0              0              2              0              0              0              0              0              0              0              0              0
  2.4260875e-05 -6.2849031e-06              0  0.00021303213  3.0622812e-06  2.6432735e-06   1.000153e-06 -2.8971393e-05  9.8537655e-07  4.7964634e-06  6.2333398e-06  5.0190092e-06
   0.0004388087 -9.1140842e-05              0  3.0622812e-06  4.4010096e-05  4.1380411e-05  1.0951541e-06  0.00011820379  3.9992275e-05  6.2342221e-05  0.00011421349  0.00011754215
  0.00042258209 -8.7352532e-05              0  2.6432735e-06  4.1380411e-05  3.9084023e-05  1.4381171e-06  0.00012175752  3.8479496e-05  5.9672445e-05  0.00010994229  0.00011320197
  3.2800208e-05 -3.0696009e-06              0   1.000153e-06  1.0951541e-06  1.4381171e-06  1.3343221e-05  0.00016655674 -6.2040695e-07 -5.8445963e-06  6.2684081e-06  2.0426345e-05
   0.0017593221   -0.000293964              0 -2.8971393e-05  0.00011820379  0.00012175752  0.00016655674   0.0087616382  7.2609894e-05 -1.6953597e-05  0.00041395168  0.00062333203
  0.00046338917 -9.4439438e-05              0  9.8537655e-07  3.9992275e-05  3.8479496e-05 -6.2040695e-07  7.2609894e-05  5.2428455e-05  6.6026477e-05  0.00012187829  0.00011813938
  0.00071091737 -0.00014630858              0  4.7964634e-06  6.2342221e-05  5.9672445e-05 -5.8445963e-06 -1.6953597e-05  6.6026477e-05  0.00011918134  0.00018555432  0.00018066039
   0.0013284855 -0.00026772328              0  6.2333398e-06  0.00011421349  0.00010994229  6.2684081e-06  0.00041395168  0.00012187829  0.00018555432  0.00035314097  0.00034258763
   0.0013563814 -0.00027421057              0  5.0190092e-06  0.00011754215  0.00011320197  2.0426345e-05  0.00062333203  0.00011813938  0.00018066039  0.00034258763  0.00042793071


# ext. ||   Name    ||   type  ||     Value     ||  Error +/- 

   0   ||Natural mortality || limited ||    0.02920719405533 ||0.00449484407299
   1   ||Targeted q || limited ||      5.843983024573 ||0.2416746556485
   2   ||Nontargeted q || limited ||                   2 ||22.06548931833
   3   ||     sigma || limited ||      3.518099696915 ||0.1901414658827
   4   ||  Biomass1 || limited ||      10.01750130938 ||0.4671464242274
   5   ||  Biomass2 || limited ||      9.523324320175 ||0.4293382975876
   6   ||   vm_mean || limited ||       2.99423874572 ||0.002456022796918
   7   ||  vm_sigma || limited ||       62.9433905794 ||2.167097682338
   8   ||Recruit year 1 || limited ||     0.8871718762753 ||0.04773906622006
   9   ||Recruit year 2 || limited ||        2.6701296916 ||0.1242107815135
  10   ||Recruit year 3 || limited ||      7.579253868692 ||0.3514451432836
  11   ||Recruit year 4 || limited ||      7.606669284336 ||0.3875146844929





