# Minimum negative log likelihood

Minuit did successfully converge.
# of function calls: 1116
minimum function Value: 543.9818108423
minimum edm: 2.67978371269e-05
minimum internal state vector: LAVector parameters:
    -0.6482911785572
     -1.051449543226
     -1.287002217587
     -1.204999504163
     -1.482862479767
     -1.487646597488
     0.2549294521934
     -1.227944101626
     -1.426059352919
     -1.351343041988
     -1.319843982551
    0.07515192131081
     0.1060397163904
    0.04860257778354
    0.09868501627977

minimum internal covariance matrix: LASymMatrix parameters:
    0.024013831  -0.0013897073              0  0.00025865691  0.00026917115   0.0002421563  -0.0092315822    0.001608028   0.0006785967   0.0010469491    0.001168728  9.1422384e-05   9.665158e-05  8.5575556e-05  0.00010018785
  -0.0013897073  9.2774941e-05              0 -1.6594785e-05 -1.7436051e-05 -1.5606072e-05  0.00041436939 -9.4287737e-05  -4.020864e-05 -6.0860494e-05 -7.1110974e-05 -4.1488698e-06 -4.5318962e-06 -4.3551159e-06 -5.3848729e-06
              0              0              2              0              0              0              0              0              0              0              0              0              0              0              0
  0.00025865691 -1.6594785e-05              0  0.00020505735  5.0302749e-06  4.3718236e-06  -3.247091e-05  1.7203018e-05  1.2010202e-05  1.0563657e-05  1.6448096e-05  1.1626379e-06  2.4206114e-07  1.5313809e-06 -3.1307953e-07
  0.00026917115 -1.7436051e-05              0  5.0302749e-06  7.3874992e-06  6.3120581e-06 -9.4088927e-05  1.8197683e-05  8.0758556e-06  1.2333464e-05  1.3739434e-05  1.0589448e-06  1.1783544e-06   8.297207e-07  9.9774477e-07
   0.0002421563 -1.5606072e-05              0  4.3718236e-06  6.3120581e-06  5.4319549e-06 -8.4526141e-05   1.635105e-05  7.2144693e-06  1.1089874e-05  1.2307057e-05  9.5074972e-07  1.0561581e-06  7.4615913e-07  9.0503892e-07
  -0.0092315822  0.00041436939              0  -3.247091e-05 -9.4088927e-05 -8.4526141e-05    0.017137328 -0.00058384496  -0.0002561261 -0.00036785679 -0.00041616213 -9.8041968e-05 -8.7477293e-05 -8.2913222e-05 -9.4143594e-05
    0.001608028 -9.4287737e-05              0  1.7203018e-05  1.8197683e-05   1.635105e-05 -0.00058384496  0.00011279648  4.5508132e-05   7.108532e-05  7.9164637e-05  5.6639194e-06  6.3536897e-06  5.2836742e-06  6.8568683e-06
   0.0006785967  -4.020864e-05              0  1.2010202e-05  8.0758556e-06  7.2144693e-06  -0.0002561261  4.5508132e-05  2.4194828e-05  2.9305405e-05  3.3632593e-05  2.6372476e-06  2.4089545e-06  2.6109341e-06  2.7158309e-06
   0.0010469491 -6.0860494e-05              0  1.0563657e-05  1.2333464e-05  1.1089874e-05 -0.00036785679   7.108532e-05  2.9305405e-05  5.2460573e-05  5.1075233e-05  3.5421099e-06  3.7448588e-06  3.4550813e-06  4.5678719e-06
    0.001168728 -7.1110974e-05              0  1.6448096e-05  1.3739434e-05  1.2307057e-05 -0.00041616213  7.9164637e-05  3.3632593e-05  5.1075233e-05  6.6442921e-05  3.9155083e-06  4.3845193e-06  3.8134182e-06  4.9404647e-06
  9.1422384e-05 -4.1488698e-06              0  1.1626379e-06  1.0589448e-06  9.5074972e-07 -9.8041968e-05  5.6639194e-06  2.6372476e-06  3.5421099e-06  3.9155083e-06  1.4829297e-06  4.8732725e-07  4.0783595e-07  7.4570708e-07
   9.665158e-05 -4.5318962e-06              0  2.4206114e-07  1.1783544e-06  1.0561581e-06 -8.7477293e-05  6.3536897e-06  2.4089545e-06  3.7448588e-06  4.3845193e-06  4.8732725e-07  9.2391082e-06  4.3235359e-07  6.5835661e-07
  8.5575556e-05 -4.3551159e-06              0  1.5313809e-06   8.297207e-07  7.4615913e-07 -8.2913222e-05  5.2836742e-06  2.6109341e-06  3.4550813e-06  3.8134182e-06  4.0783595e-07  4.3235359e-07  1.9975722e-06  2.8346134e-07
  0.00010018785 -5.3848729e-06              0 -3.1307953e-07  9.9774477e-07  9.0503892e-07 -9.4143594e-05  6.8568683e-06  2.7158309e-06  4.5678719e-06  4.9404647e-06  7.4570708e-07  6.5835661e-07  2.8346134e-07  2.2385897e-06


# ext. ||   Name    ||   type  ||     Value     ||  Error +/- 

   0   ||Natural mortality || limited ||    0.02990437105651 ||0.00217925602192
   1   ||Targeted q || limited ||      6.592821761029 ||0.1690140397393
   2   ||Nontargeted q || limited ||                   2 ||22.06548931833
   3   ||     sigma || limited ||      3.308048031561 ||0.1810907710222
   4   ||  Biomass1 || limited ||      1.931845071486 ||0.0843916938206
   5   ||  Biomass2 || limited ||      1.727473731652 ||0.06843734730402
   6   ||  vm_sigma || limited ||      50.08745957077 ||3.577856948933
   7   ||Recruit year 1 || limited ||      2.919726408292 ||0.1262177021375
   8   ||Recruit year 2 || limited ||     0.5327538730166 ||0.02508037792829
   9   ||Recruit year 3 || limited ||      1.209049436642 ||0.05574125555716
  10   ||Recruit year 4 || limited ||      1.576024950462 ||0.07155776152804
  11   ||Mean Rec dist 1 || limited ||     0.7508120063984 ||0.008586529510338
  12   ||Mean Rec dist 2 || limited ||      1.058411022114 ||0.02137240574062
  13   ||Mean Rec dist 3 || limited ||     0.4858344512298 ||0.009982125474271
  14   ||Mean Rec dist 4 || limited ||     0.9852491642993 ||0.01052819664225





