# Minimum negative log likelihood

WARNING: Minuit did not converge.

# of function calls: 152
minimum function Value: 560.6533200879
minimum edm: 277.6066760631
minimum internal state vector: LAVector parameters:
     -1.223657706549
     -1.287002217587
     -2.003113161199
     -1.504990212164
     -1.505886972234
    0.02604691808372
    -0.5346143529192
    -0.9755393178638
     -1.251145133619
     -1.318573903678
     -1.155280680622

minimum internal covariance matrix: LASymMatrix parameters:
      1.0007956              0 -0.00011875445 -1.0145391e-07 -2.3559209e-08  1.2262651e-06 -7.1488347e-05  -1.638497e-05 -5.6365692e-06  -5.808928e-06 -1.5936657e-05
              0      3.0008072              0              0              0              0              0              0              0              0              0
 -0.00011875445              0       1.000002 -5.6316149e-06  2.7936993e-06   1.522432e-05  -0.0012601769  -0.0001579653 -5.1691783e-05 -5.5454179e-05 -0.00017643811
 -1.0145391e-07              0 -5.6316149e-06      1.0008076  4.1056694e-08 -7.5957086e-08 -1.2943178e-06  1.0928449e-06   4.222905e-07  3.9801958e-07  1.0202542e-06
 -2.3559209e-08              0  2.7936993e-06  4.1056694e-08      1.0008075  6.5431702e-08   8.266585e-07 -9.3539263e-07 -3.5933071e-07 -3.4019301e-07 -8.7619282e-07
  1.2262651e-06              0   1.522432e-05 -7.5957086e-08  6.5431702e-08      1.0008087  8.7963329e-07  2.3656534e-06  8.8648539e-07   8.553025e-07  2.2478581e-06
 -7.1488347e-05              0  -0.0012601769 -1.2943178e-06   8.266585e-07  8.7963329e-07      1.0040444 -8.8169076e-06 -2.0388371e-06 -2.8999986e-06 -1.0103758e-05
  -1.638497e-05              0  -0.0001579653  1.0928449e-06 -9.3539263e-07  2.3656534e-06 -8.8169076e-06       1.000834 -1.2415946e-05 -1.1962584e-05 -3.1347709e-05
 -5.6365692e-06              0 -5.1691783e-05   4.222905e-07 -3.5933071e-07  8.8648539e-07 -2.0388371e-06 -1.2415946e-05      1.0008621 -4.4930591e-06 -1.1756818e-05
  -5.808928e-06              0 -5.5454179e-05  3.9801958e-07 -3.4019301e-07   8.553025e-07 -2.8999986e-06 -1.1962584e-05 -4.4930591e-06      1.0008608  -1.133593e-05
 -1.5936657e-05              0 -0.00017643811  1.0202542e-06 -8.7619282e-07  2.2478581e-06 -1.0103758e-05 -3.1347709e-05 -1.1756818e-05  -1.133593e-05      1.0008663


# ext. ||   Name    ||   type  ||     Value     ||  Error +/- 

   0   ||Targeted q || limited ||      2.982498659954 ||11.28129110337
   1   ||Nontargeted q || limited ||                   2 ||59.27782961899
   2   ||     sigma || limited ||      4.600125480729 ||13.60911273549
   3   ||  Biomass1 || limited ||      1.082220554783 ||119.7107770634
   4   ||  Biomass2 || limited ||      1.052936311417 ||119.717787094
   5   ||   vm_mean || limited ||     0.2604397296335 ||6.496338008245
   6   ||  vm_sigma || limited ||      19.62038509708 ||22.39667367267
   7   ||Recruit year 1 || limited ||      8.608919235367 ||18.21773338571
   8   ||Recruit year 2 || limited ||      2.542492560501 ||11.388789816
   9   ||Recruit year 3 || limited ||      1.591832147112 ||11.61689018615
  10   ||Recruit year 4 || limited ||      4.264159766548 ||13.11506569705



WARNING: FunctionMinimum is invalid: 
	 Edm is above max


