# Minimum negative log likelihood

Minuit did successfully converge.
# of function calls: 876
minimum function Value: 672.576669529
minimum edm: 2.694177765341e-05
minimum internal state vector: LAVector parameters:
    -0.9445306570267
    -0.9341509466503
     -1.287002217587
     -1.070032282362
     -1.582769228407
     -1.579090385853
    -0.8342632535954
     -3.042388960712
     -1.167120394385
    -0.9848186632986
     -1.256082079006
     -1.142454209584

minimum internal covariance matrix: LASymMatrix parameters:
   0.0054966647  -0.0013846438              0  3.2468742e-05 -3.3712431e-05 -1.1636871e-05  2.2464697e-05  0.00047724143  0.00081802618   0.0013247979  0.00078508583  0.00085101889
  -0.0013846438  0.00036608694              0 -1.2980868e-05  8.6992077e-06   4.006875e-06  2.0316817e-06  1.6389298e-07 -0.00020597786 -0.00033425727 -0.00019706484 -0.00021019111
              0              0      3.4029187              0              0              0              0              0              0              0              0              0
  3.2468742e-05 -1.2980868e-05              0  0.00031707413 -1.6083175e-06 -2.2219492e-06  -2.977191e-06 -5.1270172e-05  5.8867213e-06  6.5164451e-06  2.7034609e-06 -4.0873062e-06
 -3.3712431e-05  8.6992077e-06              0 -1.6083175e-06  4.5402665e-05  2.1361467e-05 -1.1311405e-06 -9.1193869e-05 -1.6064152e-05 -7.4257444e-06 -3.5405866e-06 -2.1194044e-06
 -1.1636871e-05   4.006875e-06              0 -2.2219492e-06  2.1361467e-05  1.6295102e-05  3.6312659e-08 -5.8684928e-06   -4.58446e-06 -2.8018736e-06 -1.1028402e-06  -9.202917e-08
  2.2464697e-05  2.0316817e-06              0  -2.977191e-06 -1.1311405e-06  3.6312659e-08  9.0072412e-06  0.00013805107  3.6788127e-06   4.798343e-06  2.6842112e-06  5.0910316e-06
  0.00047724143  1.6389298e-07              0 -5.1270172e-05 -9.1193869e-05 -5.8684928e-06  0.00013805107   0.0039898112  0.00010453655  9.8865692e-05  5.2536205e-05  8.8571929e-05
  0.00081802618 -0.00020597786              0  5.8867213e-06 -1.6064152e-05   -4.58446e-06  3.6788127e-06  0.00010453655  0.00013945228   0.0001967989  0.00011612964  0.00012531663
   0.0013247979 -0.00033425727              0  6.5164451e-06 -7.4257444e-06 -2.8018736e-06   4.798343e-06  9.8865692e-05   0.0001967989  0.00033437426   0.0001892422  0.00020533936
  0.00078508583 -0.00019706484              0  2.7034609e-06 -3.5405866e-06 -1.1028402e-06  2.6842112e-06  5.2536205e-05  0.00011612964   0.0001892422  0.00012813505  0.00012541402
  0.00085101889 -0.00021019111              0 -4.0873062e-06 -2.1194044e-06  -9.202917e-08  5.0910316e-06  8.8571929e-05  0.00012531663  0.00020533936  0.00012541402  0.00015579212


# ext. ||   Name    ||   type  ||     Value     ||  Error +/- 

   0   ||Natural mortality || limited ||    0.02846671046637 ||0.004606975045693
   1   ||Targeted q || limited ||      9.795269768292 ||0.4021487539068
   2   ||Nontargeted q || limited ||                   2 ||60.92876047867
   3   ||     sigma || limited ||      6.139199831924 ||0.3022400015306
   4   ||  Biomass1 || limited ||    0.03583716514433 ||0.0285222033326
   5   ||  Biomass2 || limited ||    0.01719775532616 ||0.01183709420297
   6   ||   vm_mean || limited ||     -2.327297564405 ||0.004478381448284
   7   ||  vm_sigma || limited ||      36.03890727356 ||1.777177432474
   8   ||Recruit year 1 || limited ||      4.028433175527 ||0.1639805857367
   9   ||Recruit year 2 || limited ||      8.350574741488 ||0.3574803557876
  10   ||Recruit year 3 || limited ||      2.465510882538 ||0.1238694978537
  11   ||Recruit year 4 || limited ||      4.526767122778 ||0.1832764981264





