# Minimum negative log likelihood

Minuit did successfully converge.
# of function calls: 1037
minimum function Value: 678.5656605984
minimum edm: 4.212004427211e-05
minimum internal state vector: LAVector parameters:
    -0.7728616369703
    -0.9076540613874
     -1.287002217587
      -1.06263455344
     -1.540740615304
     -1.541372009005
    -0.1930707996278
     0.0986312793338
      -1.04528374213
     -1.197565822892
     -1.361900562929
     -1.413038535708

minimum internal covariance matrix: LASymMatrix parameters:
     0.54104547   -0.027788794              0  0.00011436986   0.0011656891   0.0010503231  0.00027360812  -0.0074087065     0.02264806     0.01608756   0.0080701666   0.0062771871
   -0.027788794   0.0014515031              0 -1.0431288e-05 -6.1943658e-05 -5.5581229e-05 -6.9194845e-06  0.00016156951  -0.0011617582 -0.00082686893 -0.00041416825 -0.00032256046
              0              0              2              0              0              0              0              0              0              0              0              0
  0.00011436986 -1.0431288e-05              0  0.00036649814  3.7552629e-06  3.0402403e-06 -3.9620268e-06  0.00016964841  2.2075443e-06  1.4242013e-06  1.4968072e-06  1.8654702e-06
   0.0011656891 -6.1943658e-05              0  3.7552629e-06  1.7300325e-05  1.4222452e-05   3.818512e-07 -3.9837845e-05  4.9003744e-05  3.4778052e-05  1.7643411e-05  1.4541747e-05
   0.0010503231 -5.5581229e-05              0  3.0402403e-06  1.4222452e-05  1.1920216e-05  3.7552829e-07 -2.8695717e-05   4.399399e-05  3.1177387e-05   1.557426e-05  1.2981227e-05
  0.00027360812 -6.9194845e-06              0 -3.9620268e-06   3.818512e-07  3.7552829e-07  6.2310207e-06 -0.00017057969  1.1499033e-05  8.2156717e-06  4.3025174e-06  3.0437379e-06
  -0.0074087065  0.00016156951              0  0.00016964841 -3.9837845e-05 -2.8695717e-05 -0.00017057969    0.012372952 -0.00033365961 -0.00023896445 -0.00011008837 -0.00010201097
     0.02264806  -0.0011617582              0  2.2075443e-06  4.9003744e-05   4.399399e-05  1.1499033e-05 -0.00033365961  0.00096475864  0.00067239541  0.00033804804    0.000262097
     0.01608756 -0.00082686893              0  1.4242013e-06  3.4778052e-05  3.1177387e-05  8.2156717e-06 -0.00023896445  0.00067239541  0.00049428107  0.00024023544  0.00018656333
   0.0080701666 -0.00041416825              0  1.4968072e-06  1.7643411e-05   1.557426e-05  4.3025174e-06 -0.00011008837  0.00033804804  0.00024023544  0.00013908331  9.3391588e-05
   0.0062771871 -0.00032256046              0  1.8654702e-06  1.4541747e-05  1.2981227e-05  3.0437379e-06 -0.00010201097    0.000262097  0.00018656333  9.3391588e-05  8.9794613e-05


# ext. ||   Name    ||   type  ||     Value     ||  Error +/- 

   0   ||Natural mortality || limited ||    0.02754533036938 ||0.008894939408702
   1   ||Targeted q || limited ||      10.59691206645 ||0.8291008840333
   2   ||Nontargeted q || limited ||                   2 ||22.06548931833
   3   ||     sigma || limited ||        6.3179793486 ||0.3293251158824
   4   ||  Biomass1 || limited ||     0.2258194481177 ||0.04419194662633
   5   ||  Biomass2 || limited ||     0.2164320032701 ||0.03591206392092
   6   ||   vm_mean || limited ||      -0.60278849748 ||0.005442131113227
   7   ||  vm_sigma || limited ||      43.93930839605 ||3.12760909674
   8   ||Recruit year 1 || limited ||      6.755979641819 ||0.5507980997236
   9   ||Recruit year 2 || limited ||      3.451941640346 ||0.2865679553976
  10   ||Recruit year 3 || limited ||      1.096865934712 ||0.08645905747014
  11   ||Recruit year 4 || limited ||     0.6308366032718 ||0.05262854558886





