# Minimum negative log likelihood

WARNING: Minuit did not converge.

# of function calls: 1426
minimum function Value: 374.0374548188
minimum edm: 63.95319262321
minimum internal state vector: LAVector parameters:
    -0.6801030737495
     -1.211615727059
     -1.287002217587
     -1.329006269098
     -1.499212230376
       -1.5014921829
    -0.7901295198954
    -0.9281903083647
     -1.497021410591
     -1.131035799951
     -1.223374366691
    0.02424074845923
    -0.3195815924395
     0.1085141102562
    0.08531027659408

minimum internal covariance matrix: LASymMatrix parameters:
  0.00018906521  5.5650053e-06              0  6.1779789e-06 -1.5851584e-06 -1.4664135e-06 -6.0628294e-05  2.6804005e-05  2.7926696e-05  1.2800486e-05  6.1647867e-06  4.1932907e-06 -1.3554868e-08  7.0194114e-06  2.5187909e-06
  5.5650053e-06  1.4602023e-06              0  -2.393206e-06 -1.9460723e-07 -1.7489194e-07 -7.2391761e-06 -3.1938937e-07   2.768193e-06 -3.6209078e-07 -4.2880916e-07   3.804314e-07 -3.5095387e-09   4.961708e-07  1.4803056e-07
              0              0              2              0              0              0              0              0              0              0              0              0              0              0              0
  6.1779789e-06  -2.393206e-06              0  9.0468762e-05  7.6430295e-07  3.0738209e-07 -1.9917842e-05  8.3569811e-06 -1.2458972e-05   2.570601e-06  7.2346815e-07  2.9609568e-07  4.8461451e-08  1.5606019e-06  1.6734144e-06
 -1.5851584e-06 -1.9460723e-07              0  7.6430295e-07  2.1004037e-06  1.7754338e-06   7.689783e-07  8.5564035e-08 -5.8406585e-07 -3.6141294e-08  5.3163373e-08 -1.0729261e-07  1.2128581e-09  4.5071771e-09 -4.1511679e-08
 -1.4664135e-06 -1.7489194e-07              0  3.0738209e-07  1.7754338e-06  1.5146677e-06  9.6820118e-07  8.0292595e-08 -5.5167209e-07 -5.6397098e-08  2.1220934e-08 -9.2586889e-08  7.5227958e-10  -9.418754e-09 -3.9286828e-08
 -6.0628294e-05 -7.2391761e-06              0 -1.9917842e-05   7.689783e-07  9.6820118e-07  0.00012234395 -4.8664496e-06 -1.5902715e-05 -1.8600784e-06 -8.0390324e-07 -4.2151185e-06  4.5718766e-09 -5.1714284e-06 -3.1659796e-06
  2.6804005e-05 -3.1938937e-07              0  8.3569811e-06  8.5564035e-08  8.0292595e-08 -4.8664496e-06  6.4717974e-06  2.6901004e-06  2.3206184e-06  1.5037022e-06  4.2523165e-07  4.9077947e-09  7.9160017e-07  2.9067527e-07
  2.7926696e-05   2.768193e-06              0 -1.2458972e-05 -5.8406585e-07 -5.5167209e-07 -1.5902715e-05  2.6901004e-06  1.5984367e-05   5.590637e-07 -5.1103105e-07  8.4264209e-07 -1.0166125e-08  1.4118102e-06  4.1009299e-07
  1.2800486e-05 -3.6209078e-07              0   2.570601e-06 -3.6141294e-08 -5.6397098e-08 -1.8600784e-06  2.3206184e-06   5.590637e-07  4.2246717e-06   8.220994e-07  1.0319619e-07  7.5285254e-10  2.1782889e-07  6.3974544e-08
  6.1647867e-06 -4.2880916e-07              0  7.2346815e-07  5.3163373e-08  2.1220934e-08 -8.0390324e-07  1.5037022e-06 -5.1103105e-07   8.220994e-07  6.8656465e-06  4.4344501e-08  3.2022326e-10  1.4972669e-07  4.1370804e-07
  4.1932907e-06   3.804314e-07              0  2.9609568e-07 -1.0729261e-07 -9.2586889e-08 -4.2151185e-06  4.2523165e-07  8.4264209e-07  1.0319619e-07  4.4344501e-08  3.3989224e-07 -1.1433498e-09  2.6890707e-07  9.9871913e-08
 -1.3554868e-08 -3.5095387e-09              0  4.8461451e-08  1.2128581e-09  7.5227958e-10  4.5718766e-09  4.9077947e-09 -1.0166125e-08  7.5285254e-10  3.2022326e-10 -1.1433498e-09  3.8799301e-11  4.5279125e-10  2.0536788e-10
  7.0194114e-06   4.961708e-07              0  1.5606019e-06  4.5071771e-09  -9.418754e-09 -5.1714284e-06  7.9160017e-07  1.4118102e-06  2.1782889e-07  1.4972669e-07  2.6890707e-07  4.5279125e-10  1.1884038e-06  1.4771842e-07
  2.5187909e-06  1.4803056e-07              0  1.6734144e-06 -4.1511679e-08 -3.9286828e-08 -3.1659796e-06  2.9067527e-07  4.1009299e-07  6.3974544e-08  4.1370804e-07  9.9871913e-08  2.0536788e-10  1.4771842e-07  2.5888753e-06


# ext. ||   Name    ||   type  ||     Value     ||  Error +/- 

   0   ||Natural mortality || limited ||    0.02927817079966 ||0.0001889856357752
   1   ||Targeted q || limited ||      3.190741847145 ||0.01501743452315
   2   ||Nontargeted q || limited ||                   2 ||22.06548931833
   3   ||     sigma || limited ||      1.454454128432 ||0.08051922101882
   4   ||  Biomass1 || limited ||      1.280523761073 ||0.03664813672166
   5   ||  Biomass2 || limited ||       1.20028555412 ||0.03013180329209
   6   ||  vm_sigma || limited ||      11.58307808498 ||0.2201642692581
   7   ||Recruit year 1 || limited ||      9.982166000095 ||0.05389596519148
   8   ||Recruit year 2 || limited ||     0.1459931516271 ||0.01041773739676
   9   ||Recruit year 3 || limited ||      4.766842350969 ||0.03093390892676
  10   ||Recruit year 4 || limited ||      2.997021546668 ||0.03153822056594
  11   ||Mean Rec dist 1 || limited ||     0.2423837449558 ||0.00412124091412
  12   ||Mean Rec dist 2 || limited ||     -3.141693658173 ||4.18149001149e-05
  13   ||Mean Rec dist 3 || limited ||      1.083012710209 ||0.007663108425919
  14   ||Mean Rec dist 4 || limited ||     0.8520683510542 ||0.01133595707942



WARNING: FunctionMinimum is invalid: 
	 Edm is above max


