# Minimum negative log likelihood

Minuit did successfully converge.
# of function calls: 454
minimum function Value: 145.8129008267
minimum edm: 3.033691453216e-05
minimum internal state vector: LAVector parameters:
     -1.251129610561
     -1.287002217587
     -1.117748567164
     -1.517647280302
     -1.520482941355
    -0.2266124422028
  -0.002953724358423
     -1.225892070053
     -0.958939954855
     -1.109161510819
     -1.118435600575

minimum internal covariance matrix: LASymMatrix parameters:
   2.074371e-05              0  9.8334739e-07 -2.5593387e-06 -3.3088692e-06  8.8166027e-06 -0.00024799644 -9.4746309e-06 -1.7387177e-05 -9.3457481e-06 -1.2994573e-05
              0              2              0              0              0              0              0              0              0              0              0
  9.8334739e-07              0   0.0013289579 -3.2281505e-05 -1.1990217e-05   8.640489e-06  0.00019370663 -2.9747519e-06  4.4582416e-06 -1.9645038e-05  1.0303303e-05
 -2.5593387e-06              0 -3.2281505e-05  7.0202475e-05  3.1612149e-05  -3.642846e-06 -4.4870749e-05  1.1116673e-05  9.3598482e-07  2.3456906e-06  8.5277926e-07
 -3.3088692e-06              0 -1.1990217e-05  3.1612149e-05  1.8328144e-05 -1.1730837e-06  4.2301945e-05  2.8014898e-06  2.4762087e-06  2.3721286e-06  1.4545612e-06
  8.8166027e-06              0   8.640489e-06  -3.642846e-06 -1.1730837e-06  1.6972799e-05 -5.4721562e-05 -4.4071639e-06 -6.5829267e-06  -4.026323e-06 -5.6274812e-06
 -0.00024799644              0  0.00019370663 -4.4870749e-05  4.2301945e-05 -5.4721562e-05    0.010810665  9.1463895e-05    0.000215274  0.00012217742    0.000136504
 -9.4746309e-06              0 -2.9747519e-06  1.1116673e-05  2.8014898e-06 -4.4071639e-06  9.1463895e-05   2.512418e-05  8.0920601e-06   2.150137e-06  8.3992682e-06
 -1.7387177e-05              0  4.4582416e-06  9.3598482e-07  2.4762087e-06 -6.5829267e-06    0.000215274  8.0920601e-06  3.1596968e-05   8.130591e-06  1.0745632e-05
 -9.3457481e-06              0 -1.9645038e-05  2.3456906e-06  2.3721286e-06  -4.026323e-06  0.00012217742   2.150137e-06   8.130591e-06  4.1685806e-05 -1.1503319e-05
 -1.2994573e-05              0  1.0303303e-05  8.5277926e-07  1.4545612e-06 -5.6274812e-06    0.000136504  8.3992682e-06  1.0745632e-05 -1.1503319e-05  3.8432765e-05


# ext. ||   Name    ||   type  ||     Value     ||  Error +/- 

   0   ||Targeted q || limited ||      2.532989735562 ||0.05060261992292
   1   ||Nontargeted q || limited ||                   2 ||22.06548931833
   2   ||     sigma || limited ||      5.044137402071 ||0.5640879906762
   3   ||  Biomass1 || limited ||      0.706039059469 ||0.1573691749332
   4   ||  Biomass2 || limited ||     0.6327256962895 ||0.07612264591217
   5   ||   vm_mean || limited ||    -0.7058463476167 ||0.008917908670365
   6   ||  vm_sigma || limited ||      39.88235267432 ||2.938140435081
   7   ||Recruit year 1 || limited ||       2.95431412189 ||0.0599115044236
   8   ||Recruit year 2 || limited ||      9.079935361901 ||0.1141401733719
   9   ||Recruit year 3 || limited ||      5.243200278337 ||0.1016638291604
  10   ||Recruit year 4 || limited ||      5.038609105908 ||0.09579258573323





