# Minimum negative log likelihood

Minuit did successfully converge.
# of function calls: 1212
minimum function Value: 858.1306564343
minimum edm: 8.959226980305e-05
minimum internal state vector: LAVector parameters:
     -1.258395079781
    -0.9095446022857
     -1.287002217587
    -0.7759337208149
     -1.446050701892
     -1.444918786754
     -1.570670116745
     -1.278233329182
     -1.041872624825
      -1.12676203986
     -1.078880175161
      -1.15735837202

minimum internal covariance matrix: LASymMatrix parameters:
     0.21207468   -0.028800117              0 -0.00050628033   0.0058319373   0.0051429426  -0.0014263867 -0.00070547017    0.023263173    0.021395836    0.020848982    0.017434117
   -0.028800117   0.0041164593              0  6.2965592e-05 -0.00084058318 -0.00074413427  0.00021570142  3.5354503e-05  -0.0032494191  -0.0028310464  -0.0028291366  -0.0023259071
              0              0              2              0              0              0              0              0              0              0              0              0
 -0.00050628033  6.2965592e-05              0  0.00083329044  -1.565542e-05 -1.3209695e-05 -1.3893343e-06  2.2331246e-06 -6.1385872e-05 -4.2929137e-05 -7.2215734e-05 -2.9744626e-05
   0.0058319373 -0.00084058318              0  -1.565542e-05  0.00032261144  0.00027361138 -8.4017656e-05 -2.3665533e-05  0.00070862894   0.0005620227  0.00056930238  0.00044793495
   0.0051429426 -0.00074413427              0 -1.3209695e-05  0.00027361138  0.00023403795 -6.9638667e-05 -1.6437672e-05  0.00061538181  0.00049618098  0.00050044982  0.00039707673
  -0.0014263867  0.00021570142              0 -1.3893343e-06 -8.4017656e-05 -6.9638667e-05   0.0027939043  3.8067191e-06 -0.00020319739 -0.00014822022 -0.00013293749 -0.00010819773
 -0.00070547017  3.5354503e-05              0  2.2331246e-06 -2.3665533e-05 -1.6437672e-05  3.8067191e-06  6.6717606e-05 -3.5781392e-05 -0.00010481862 -6.5479818e-05 -6.6031067e-05
    0.023263173  -0.0032494191              0 -6.1385872e-05  0.00070862894  0.00061538181 -0.00020319739 -3.5781392e-05   0.0028680083   0.0022467663    0.002313217   0.0018868128
    0.021395836  -0.0028310464              0 -4.2929137e-05   0.0005620227  0.00049618098 -0.00014822022 -0.00010481862   0.0022467663   0.0023414891   0.0020480975   0.0018040416
    0.020848982  -0.0028291366              0 -7.2215734e-05  0.00056930238  0.00050044982 -0.00013293749 -6.5479818e-05    0.002313217   0.0020480975   0.0022123321   0.0016438673
    0.017434117  -0.0023259071              0 -2.9744626e-05  0.00044793495  0.00039707673 -0.00010819773 -6.6031067e-05   0.0018868128   0.0018040416   0.0016438673   0.0016264647


# ext. ||   Name    ||   type  ||     Value     ||  Error +/- 

   0   ||Natural mortality || limited ||   0.007260254418045 ||0.01474835632716
   1   ||Targeted q || limited ||      10.53879202891 ||1.392549748019
   2   ||Nontargeted q || limited ||                   2 ||22.06548931833
   3   ||     sigma || limited ||      14.98085799893 ||0.7284164506301
   4   ||  Biomass1 || limited ||      3.885325362247 ||0.7900991120963
   5   ||  Biomass2 || limited ||      3.956060930656 ||0.6790322637063
   6   ||   vm_mean || limited ||     -3.141592628569* ||0.002194071881879
   7   ||  vm_sigma || limited ||      1.700665389311 ||0.06662904148588
   8   ||Recruit year 1 || limited ||       6.84178299319 ||0.9551003841297
   9   ||Recruit year 2 || limited ||      4.858217967591 ||0.7347219840318
  10   ||Recruit year 3 || limited ||      5.937934707499 ||0.7852158454536
  11   ||Recruit year 4 || limited ||      4.222328489562 ||0.5727191654077

* Parameter is at Lower limit




