# Minimum negative log likelihood

Minuit did successfully converge.
# of function calls: 1376
minimum function Value: 577.9366880227
minimum edm: 3.981940051467e-05
minimum internal state vector: LAVector parameters:
     -1.232846532062
      -1.30526954394
     -1.287002217587
     -1.173495837875
     -1.405985718929
     -1.408414072038
     -0.724947778703
    -0.1607608680176
     -1.209401005515
     -1.169554633346
     -1.243136637467
     -1.007103259726

minimum internal covariance matrix: LASymMatrix parameters:
   0.0040797798  -0.0014460714              0 -4.4682658e-05  0.00083132648  0.00085441923 -1.5395401e-05   0.0012346517   0.0018887159   0.0019829493   0.0017289505   0.0030992306
  -0.0014460714  0.00052761202              0  1.4704304e-05 -0.00030841613 -0.00031559102  1.1118341e-05 -0.00065146125 -0.00068927575 -0.00070519231 -0.00061261564  -0.0011135002
              0              0              2              0              0              0              0              0              0              0              0              0
 -4.4682658e-05  1.4704304e-05              0  0.00018841294 -7.9526286e-06 -7.9165548e-06 -4.4316433e-07    2.97846e-05 -2.5533371e-05 -2.1624528e-05 -1.8930839e-05  -3.339589e-05
  0.00083132648 -0.00030841613              0 -7.9526286e-06  0.00020444418   0.0002024515 -9.2536788e-06  0.00044116498  0.00046372087  0.00040968496  0.00035229299  0.00064639246
  0.00085441923 -0.00031559102              0 -7.9165548e-06   0.0002024515  0.00020322643 -8.0906946e-06  0.00044757303   0.0004404195  0.00041970102  0.00036197789  0.00066245078
 -1.5395401e-05  1.1118341e-05              0 -4.4316433e-07 -9.2536788e-06 -8.0906946e-06  2.2196792e-05 -0.00033277365 -2.5355492e-05 -8.6798643e-06 -5.6921451e-06 -1.6072969e-05
   0.0012346517 -0.00065146125              0    2.97846e-05  0.00044116498  0.00044757303 -0.00033277365     0.02354291  0.00057643915  0.00059433325   0.0005351466   0.0010295184
   0.0018887159 -0.00068927575              0 -2.5533371e-05  0.00046372087   0.0004404195 -2.5355492e-05  0.00057643915   0.0013442116  0.00092943619  0.00080241557    0.001461059
   0.0019829493 -0.00070519231              0 -2.1624528e-05  0.00040968496  0.00041970102 -8.6798643e-06  0.00059433325  0.00092943619  0.00097542128  0.00083626028   0.0015100076
   0.0017289505 -0.00061261564              0 -1.8930839e-05  0.00035229299  0.00036197789 -5.6921451e-06   0.0005351466  0.00080241557  0.00083626028  0.00074450595   0.0013113915
   0.0030992306  -0.0011135002              0  -3.339589e-05  0.00064639246  0.00066245078 -1.6072969e-05   0.0010295184    0.001461059   0.0015100076   0.0013113915   0.0023808927


# ext. ||   Name    ||   type  ||     Value     ||  Error +/- 

   0   ||Natural mortality || limited ||   0.008484539897544 ||0.002245435824626
   1   ||Targeted q || limited ||      1.752280116542 ||0.2131013753387
   2   ||Nontargeted q || limited ||                   2 ||22.06548931833
   3   ||     sigma || limited ||      3.894556209686 ||0.1877744629136
   4   ||  Biomass1 || limited ||      6.775277122739 ||0.829377550688
   5   ||  Biomass2 || limited ||      6.577527072481 ||0.8148282088416
   6   ||   vm_mean || limited ||     -2.083178634815 ||0.007834129421669
   7   ||  vm_sigma || limited ||        33.597807631 ||4.275441283054
   8   ||Recruit year 1 || limited ||       3.23945816965 ||0.4582306596316
   9   ||Recruit year 2 || limited ||      3.980765589946 ||0.4311834236185
  10   ||Recruit year 3 || limited ||      2.669828318948 ||0.3104149939186
  11   ||Recruit year 4 || limited ||      7.744844864348 ||0.9214883882551





