# Minimum negative log likelihood

Minuit did successfully converge.
# of function calls: 904
minimum function Value: 552.6872360603
minimum edm: 8.122439061008e-06
minimum internal state vector: LAVector parameters:
    -0.2123875573399
    -0.9128600056942
     -1.287002217587
     -1.197184344593
     -1.535403712312
     -1.537265304613
    -0.1948875070545
    -0.8387633670712
     -1.098541103112
     -1.420814099542
     -1.425863810699
     -1.075338900977

minimum internal covariance matrix: LASymMatrix parameters:
     0.04575824  -0.0034013424              0  2.4849796e-05  0.00022302121  0.00019377699  8.3388135e-05 -0.00028697696   0.0023594533  0.00075501806  0.00063897742   0.0028060737
  -0.0034013424  0.00027108122              0 -3.2181883e-06 -1.7014034e-05 -1.4813308e-05  6.2264612e-07 -6.0573447e-06 -0.00017604589 -5.5665232e-05 -4.7543132e-05 -0.00021092492
              0              0              2              0              0              0              0              0              0              0              0              0
  2.4849796e-05 -3.2181883e-06              0  0.00019172641  3.0524478e-06  2.2898282e-06 -1.0150302e-06   4.115976e-06  2.3113299e-06  4.8722585e-06  3.4857139e-07 -1.7320854e-06
  0.00022302121 -1.7014034e-05              0  3.0524478e-06  6.1452314e-06  4.8870982e-06  2.1147598e-07 -2.1969937e-06  1.1499518e-05  4.7109676e-06  2.8790583e-06  1.3157176e-05
  0.00019377699 -1.4813308e-05              0  2.2898282e-06  4.8870982e-06  3.9571783e-06  1.8312834e-07 -1.5101837e-06  9.9241989e-06  4.0582822e-06  2.5526625e-06  1.1507672e-05
  8.3388135e-05  6.2264612e-07              0 -1.0150302e-06  2.1147598e-07  1.8312834e-07  4.9412944e-06 -1.6517506e-05  4.3133311e-06   1.333744e-06  1.1203993e-06  4.0978915e-06
 -0.00028697696 -6.0573447e-06              0   4.115976e-06 -2.1969937e-06 -1.5101837e-06 -1.6517506e-05  0.00014877567 -1.2778318e-05 -6.4957981e-06 -2.2507611e-06 -1.5386938e-05
   0.0023594533 -0.00017604589              0  2.3113299e-06  1.1499518e-05  9.9241989e-06  4.3133311e-06 -1.2778318e-05  0.00012795826  3.8152942e-05  3.2237244e-05  0.00014403796
  0.00075501806 -5.5665232e-05              0  4.8722585e-06  4.7109676e-06  4.0582822e-06   1.333744e-06 -6.4957981e-06  3.8152942e-05  1.9505226e-05  1.0301559e-05  4.5544112e-05
  0.00063897742 -4.7543132e-05              0  3.4857139e-07  2.8790583e-06  2.5526625e-06  1.1203993e-06 -2.2507611e-06  3.2237244e-05  1.0301559e-05  1.5774832e-05  3.9437854e-05
   0.0028060737 -0.00021092492              0 -1.7320854e-06  1.3157176e-05  1.1507672e-05  4.0978915e-06 -1.5386938e-05  0.00014403796  4.5544112e-05  3.9437854e-05  0.00017904861


# ext. ||   Name    ||   type  ||     Value     ||  Error +/- 

   0   ||Natural mortality || limited ||    0.03973013979096 ||0.003682414210269
   1   ||Targeted q || limited ||      10.43720876439 ||0.3559433657233
   2   ||Nontargeted q || limited ||                   2 ||22.06548931833
   3   ||     sigma || limited ||      3.449244090828 ||0.1786729639733
   4   ||  Biomass1 || limited ||     0.3131266017766 ||0.03101314987969
   5   ||  Biomass2 || limited ||      0.281056027356 ||0.02357833210728
   6   ||   vm_mean || limited ||    -0.6083888097737 ||0.004844565333014
   7   ||  vm_sigma || limited ||      10.24818613676 ||0.2305821229704
   8   ||Recruit year 1 || limited ||      5.482219627692 ||0.1819085245402
   9   ||Recruit year 2 || limited ||     0.5712571833705 ||0.02332903205638
  10   ||Recruit year 3 || limited ||     0.5341648516454 ||0.02027858800936
  11   ||Recruit year 4 || limited ||      6.021832454597 ||0.2248955782604





