# Minimum negative log likelihood

Minuit did successfully converge.
# of function calls: 1141
minimum function Value: 657.0686810804
minimum edm: 3.676632729586e-05
minimum internal state vector: LAVector parameters:
     0.5414432032818
     -1.131062590542
     -1.287002217587
     -1.088767181518
     -1.416720346573
     -1.425177969408
     0.1224029434504
    -0.9188938804722
    -0.9576176758037
     -1.017208030018
     -0.958680665626
    0.03762938595492
     0.0312332529639
     0.1042216292989
    0.09669174618342

minimum internal covariance matrix: LASymMatrix parameters:
     0.01446837  -0.0010961674              0 -3.2354343e-05  0.00042569106  0.00038798607  -0.0037294027   0.0022893859   0.0021457299   0.0019753302   0.0022816789    4.66176e-05  4.8015141e-05   4.419601e-05  5.1396563e-05
  -0.0010961674  9.8481908e-05              0  3.9422957e-06 -3.8751981e-05 -3.5137409e-05  0.00019049058 -0.00018095622 -0.00017319109 -0.00015871517 -0.00019118131 -2.6269844e-06 -2.6119525e-06 -1.9838328e-06 -3.3243652e-06
              0              0              2              0              0              0              0              0              0              0              0              0              0              0              0
 -3.2354343e-05  3.9422957e-06              0  0.00029434619  -2.974209e-07 -3.0713613e-07   6.483312e-05 -8.6121079e-07 -1.0322198e-05 -4.9623644e-06 -1.1101322e-05 -2.3209587e-07 -3.4017127e-07  -3.488454e-07 -3.6150804e-07
  0.00042569106 -3.8751981e-05              0  -2.974209e-07   2.739086e-05  2.3722998e-05 -7.8588492e-05  7.0338888e-05  6.7609406e-05  6.2608834e-05  7.5407521e-05  9.7587981e-07   1.019204e-06  7.1891137e-07  1.3289272e-06
  0.00038798607 -3.5137409e-05              0 -3.0713613e-07  2.3722998e-05  2.0705379e-05 -7.1565322e-05  6.3979244e-05  6.1490485e-05  5.6912428e-05  6.8458404e-05  9.0943004e-07  9.3566286e-07   6.729277e-07  1.2130606e-06
  -0.0037294027  0.00019049058              0   6.483312e-05 -7.8588492e-05 -7.1565322e-05   0.0071030915 -0.00050559426 -0.00052164621 -0.00043402031 -0.00051898537 -4.1078078e-05 -4.0780685e-05  -4.597276e-05 -4.3185841e-05
   0.0022893859 -0.00018095622              0 -8.6121079e-07  7.0338888e-05  6.3979244e-05 -0.00050559426  0.00039494377  0.00034074299  0.00031583579  0.00036522258  6.7544216e-06  7.1345727e-06  6.3451282e-06   7.648924e-06
   0.0021457299 -0.00017319109              0 -1.0322198e-05  6.7609406e-05  6.1490485e-05 -0.00052164621  0.00034074299  0.00035254878   0.0003003109  0.00035400007  6.4757217e-06  6.5434365e-06  5.6442408e-06  7.3953482e-06
   0.0019753302 -0.00015871517              0 -4.9623644e-06  6.2608834e-05  5.6912428e-05 -0.00043402031  0.00031583579   0.0003003109  0.00029832992    0.000323574  5.7828272e-06  5.8355344e-06  4.5057665e-06  6.6789488e-06
   0.0022816789 -0.00019118131              0 -1.1101322e-05  7.5407521e-05  6.8458404e-05 -0.00051898537  0.00036522258  0.00035400007    0.000323574  0.00042506341   6.440407e-06  6.4407569e-06  5.3516773e-06  8.4392333e-06
    4.66176e-05 -2.6269844e-06              0 -2.3209587e-07  9.7587981e-07  9.0943004e-07 -4.1078078e-05  6.7544216e-06  6.4757217e-06  5.7828272e-06   6.440407e-06  7.6294447e-07  3.1431546e-07  3.2266973e-07  3.2356024e-07
  4.8015141e-05 -2.6119525e-06              0 -3.4017127e-07   1.019204e-06  9.3566286e-07 -4.0780685e-05  7.1345727e-06  6.5434365e-06  5.8355344e-06  6.4407569e-06  3.1431546e-07  8.2478902e-07  3.5530115e-07  3.1452662e-07
   4.419601e-05 -1.9838328e-06              0  -3.488454e-07  7.1891137e-07   6.729277e-07  -4.597276e-05  6.3451282e-06  5.6442408e-06  4.5057665e-06  5.3516773e-06  3.2266973e-07  3.5530115e-07  1.5857318e-06  3.2161372e-07
  5.1396563e-05 -3.3243652e-06              0 -3.6150804e-07  1.3289272e-06  1.2130606e-06 -4.3185841e-05   7.648924e-06  7.3953482e-06  6.6789488e-06  8.4392333e-06  3.2356024e-07  3.1452662e-07  3.2161372e-07  1.3081417e-06


# ext. ||   Name    ||   type  ||     Value     ||  Error +/- 

   0   ||Natural mortality || limited ||    0.05788433259442 ||0.001820013231398
   1   ||Targeted q || limited ||      4.756747830756 ||0.1493591512843
   2   ||Nontargeted q || limited ||                   2 ||22.06548931833
   3   ||     sigma || limited ||      5.697195984014 ||0.2811877802643
   4   ||  Biomass1 || limited ||      5.923120384598 ||0.2839697686638
   5   ||  Biomass2 || limited ||      5.291815629926 ||0.23344041462
   6   ||  vm_sigma || limited ||      44.88433984663 ||2.364528807458
   7   ||Recruit year 1 || limited ||      10.26242345722 ||0.4262248627793
   8   ||Recruit year 2 || limited ||      9.117942394341 ||0.3819715940158
   9   ||Recruit year 3 || limited ||      7.477079182798 ||0.3210130250728
  10   ||Recruit year 4 || limited ||      9.087382624519 ||0.4187828434497
  11   ||Mean Rec dist 1 || limited ||     0.3762050623237 ||0.006171971240565
  12   ||Mean Rec dist 2 || limited ||     0.3122817512145 ||0.006418662541142
  13   ||Mean Rec dist 3 || limited ||      1.040330532845 ||0.008855984501029
  14   ||Mean Rec dist 4 || limited ||     0.9654115000886 ||0.008049687193092





