# Minimum negative log likelihood

Minuit did successfully converge.
# of function calls: 1352
minimum function Value: 456.934061482
minimum edm: 6.674482270396e-05
minimum internal state vector: LAVector parameters:
     -0.740913256817
    -0.9793717852294
     -1.287002217587
     -1.274637218372
     -1.528058874004
     -1.531054889446
    -0.1152794227189
     -1.044589065307
    -0.9592513419847
      -1.05873663198
    -0.9319029220977
    0.04206745169104
     0.0955645786354
    0.05211968643196
    0.04405217704416

minimum internal covariance matrix: LASymMatrix parameters:
   0.0021739677 -0.00011205398              0 -1.0911097e-05  1.1200817e-05  1.0037324e-05 -0.00041356317  0.00016207312  0.00018164561   0.0001623146   0.0001972857  5.6243227e-06    7.07009e-06  7.6375432e-06  5.8786273e-06
 -0.00011205398  7.5780425e-06              0 -1.2006704e-06 -6.5590412e-07 -5.8395114e-07   1.323309e-05 -7.8770727e-06 -9.3619378e-06 -8.3514839e-06 -1.0454945e-05 -1.5578014e-07 -2.4743814e-07  -1.787659e-07 -1.4399033e-07
              0              0              2              0              0              0              0              0              0              0              0              0              0              0              0
 -1.0911097e-05 -1.2006704e-06              0  0.00016574864  2.0837011e-06  1.6449626e-06 -6.5672791e-07  2.8668297e-06 -3.9183392e-06 -1.3275211e-07 -7.3671059e-07 -8.0965212e-07 -1.8066648e-07  8.6314317e-08 -2.6258381e-07
  1.1200817e-05 -6.5590412e-07              0  2.0837011e-06  1.3485897e-06  1.0896208e-06 -5.7368182e-06  9.1643134e-07  8.6430393e-07  7.8885927e-07  1.0847526e-06  2.1750498e-09  6.4904016e-08  5.1155895e-08  2.4579743e-08
  1.0037324e-05 -5.8395114e-07              0  1.6449626e-06  1.0896208e-06  9.0294253e-07  -5.060204e-06  7.4878411e-07  7.8492994e-07  7.0030307e-07  9.3351837e-07  8.4442115e-09  5.2675048e-08  5.1655975e-08   2.631834e-08
 -0.00041356317   1.323309e-05              0 -6.5672791e-07 -5.7368182e-06  -5.060204e-06  0.00048742235 -3.2914322e-05 -3.5105094e-05 -3.0010593e-05 -3.6955546e-05 -4.1210354e-06 -5.3577456e-06  -3.379046e-06 -4.6028246e-06
  0.00016207312 -7.8770727e-06              0  2.8668297e-06  9.1643134e-07  7.4878411e-07 -3.2914322e-05  1.5349616e-05  1.3262616e-05   1.242101e-05  1.4964924e-05  4.5828896e-07  5.1575168e-07   6.626915e-07  4.8878644e-07
  0.00018164561 -9.3619378e-06              0 -3.9183392e-06  8.6430393e-07  7.8492994e-07 -3.5105094e-05  1.3262616e-05  1.8403418e-05  1.3166869e-05  1.6960247e-05   4.909266e-07  5.6770351e-07  6.0841305e-07  4.7476391e-07
   0.0001623146 -8.3514839e-06              0 -1.3275211e-07  7.8885927e-07  7.0030307e-07 -3.0010593e-05   1.242101e-05  1.3166869e-05  1.4355421e-05  1.4523015e-05  4.4153418e-07  4.9211865e-07  5.9722763e-07  5.1773149e-07
   0.0001972857 -1.0454945e-05              0 -7.3671059e-07  1.0847526e-06  9.3351837e-07 -3.6955546e-05  1.4964924e-05  1.6960247e-05  1.4523015e-05  2.1383533e-05  3.2354669e-07  5.9845756e-07  5.9876971e-07  5.6118314e-07
  5.6243227e-06 -1.5578014e-07              0 -8.0965212e-07  2.1750498e-09  8.4442115e-09 -4.1210354e-06  4.5828896e-07   4.909266e-07  4.4153418e-07  3.2354669e-07  1.7272706e-07  4.6630085e-08  5.1571793e-08  3.7165197e-08
    7.07009e-06 -2.4743814e-07              0 -1.8066648e-07  6.4904016e-08  5.2675048e-08 -5.3577456e-06  5.1575168e-07  5.6770351e-07  4.9211865e-07  5.9845756e-07  4.6630085e-08  2.3262707e-07  5.4572586e-08  7.5711271e-08
  7.6375432e-06  -1.787659e-07              0  8.6314317e-08  5.1155895e-08  5.1655975e-08  -3.379046e-06   6.626915e-07  6.0841305e-07  5.9722763e-07  5.9876971e-07  5.1571793e-08  5.4572586e-08  1.8540502e-07  4.4083684e-08
  5.8786273e-06 -1.4399033e-07              0 -2.6258381e-07  2.4579743e-08   2.631834e-08 -4.6028246e-06  4.8878644e-07  4.7476391e-07  5.1773149e-07  5.6118314e-07  3.7165197e-08  7.5711271e-08  4.4083684e-08  1.5268131e-07


# ext. ||   Name    ||   type  ||     Value     ||  Error +/- 

   0   ||Natural mortality || limited ||    0.02812594895528 ||0.0006080543454173
   1   ||Targeted q || limited ||      8.492636157796 ||0.05426409033796
   2   ||Nontargeted q || limited ||                   2 ||22.06548931833
   3   ||     sigma || limited ||      2.176774967997 ||0.1328408813725
   4   ||  Biomass1 || limited ||       0.45655297064 ||0.01754168439952
   5   ||  Biomass2 || limited ||     0.3947934957289 ||0.01334794085489
   6   ||  vm_sigma || limited ||      35.39958707285 ||0.6202724371884
   7   ||Recruit year 1 || limited ||       6.77341279029 ||0.06956423962472
   8   ||Recruit year 2 || limited ||      9.070995388204 ||0.08707084386483
   9   ||Recruit year 3 || limited ||      6.422500637174 ||0.06562840843944
  10   ||Recruit year 4 || limited ||      9.871207764838 ||0.09748118288197
  11   ||Mean Rec dist 1 || limited ||     0.4205504520088 ||0.002936167297555
  12   ||Mean Rec dist 2 || limited ||     0.9541918637667 ||0.00339491554903
  13   ||Mean Rec dist 3 || limited ||     0.5209609278129 ||0.003040574187805
  14   ||Mean Rec dist 4 || limited ||     0.4403793052593 ||0.002760300722718





