# Minimum negative log likelihood

Minuit did successfully converge.
# of function calls: 1030
minimum function Value: 732.1829494628
minimum edm: 1.702082372199e-06
minimum internal state vector: LAVector parameters:
      3.058014315065
    -0.9738122329085
     -1.287002217587
     -0.990843858508
      -1.50869237366
     -1.512794831227
     0.1054048924923
      3.470906122357
     -1.097594416008
      -1.27902810672
     -1.002778255243
     -1.054141279766

minimum internal covariance matrix: LASymMatrix parameters:
     0.21869983    0.015347388              0 -0.00016679276  -0.0016900058  -0.0015667189  0.00030778639   0.0080129949    -0.01032059  -0.0094932003   -0.016502692   -0.014470154
    0.015347388   0.0011194133              0   -1.08267e-05 -0.00012246581 -0.00011357325  3.6634067e-05  0.00078493529 -0.00072767706 -0.00066997177  -0.0011668814  -0.0010262803
              0              0              2              0              0              0              0              0              0              0              0              0
 -0.00016679276   -1.08267e-05              0  0.00044203991 -4.8382835e-06 -3.3335029e-06  2.3386426e-06  1.5850641e-05  7.6099927e-06  6.8459684e-06  1.2060561e-05  1.4065204e-05
  -0.0016900058 -0.00012246581              0 -4.8382835e-06  4.0797949e-05  3.4189858e-05 -4.2284511e-06 -7.7388492e-05  8.1004642e-05  7.3635926e-05  0.00012845451  0.00011282714
  -0.0015667189 -0.00011357325              0 -3.3335029e-06  3.4189858e-05  2.8964906e-05  -4.019112e-06 -7.5139112e-05  7.4852554e-05  6.8307213e-05  0.00011914193  0.00010461679
  0.00030778639  3.6634067e-05              0  2.3386426e-06 -4.2284511e-06  -4.019112e-06  1.3109346e-05  0.00017764072 -1.6184028e-05 -1.4961039e-05 -2.7149717e-05 -2.4515651e-05
   0.0080129949  0.00078493529              0  1.5850641e-05 -7.7388492e-05 -7.5139112e-05  0.00017764072   0.0045901485 -0.00040266252 -0.00037541046 -0.00067976692 -0.00060031264
    -0.01032059 -0.00072767706              0  7.6099927e-06  8.1004642e-05  7.4852554e-05 -1.6184028e-05 -0.00040266252  0.00051780717  0.00044767728  0.00077913645  0.00068576792
  -0.0094932003 -0.00066997177              0  6.8459684e-06  7.3635926e-05  6.8307213e-05 -1.4961039e-05 -0.00037541046  0.00044767728  0.00044195153  0.00071859432  0.00062897838
   -0.016502692  -0.0011668814              0  1.2060561e-05  0.00012845451  0.00011914193 -2.7149717e-05 -0.00067976692  0.00077913645  0.00071859432   0.0012840135    0.001096471
   -0.014470154  -0.0010262803              0  1.4065204e-05  0.00011282714  0.00010461679 -2.4515651e-05 -0.00060031264  0.00068576792  0.00062897838    0.001096471  0.00099601908


# ext. ||   Name    ||   type  ||     Value     ||  Error +/- 

   0   ||Natural mortality || limited ||    0.04708702671678 ||0.008088845810115
   1   ||Targeted q || limited ||      8.648261623991 ||0.6649095067614
   2   ||Nontargeted q || limited ||                   2 ||22.06548931833
   3   ||     sigma || limited ||      8.175565125659 ||0.4073219061346
   4   ||  Biomass1 || limited ||     0.9639153784705 ||0.1401563353352
   5   ||  Biomass2 || limited ||     0.8408076138239 ||0.1103025813188
   6   ||   vm_mean || limited ||     0.3305264063915 ||0.007998487640453
   7   ||  vm_sigma || limited ||      27.06492311814 ||1.812589188882
   8   ||Recruit year 1 || limited ||      5.503769622497 ||0.3666002482236
   9   ||Recruit year 2 || limited ||      2.122951119357 ||0.2137674051403
  10   ||Recruit year 3 || limited ||       7.86077319111 ||0.6813995311738
  11   ||Recruit year 4 || limited ||       6.53552926243 ||0.5510790850363





