# Minimum negative log likelihood

Minuit did successfully converge.
# of function calls: 949
minimum function Value: 228.5175014647
minimum edm: 6.670635669818e-05
minimum internal state vector: LAVector parameters:
     -1.030424694766
     -1.287002217587
     -1.400194663542
     -1.460193260658
     -1.461430121116
    -0.2357816583294
     -1.271871327646
     -1.220733964162
      -1.29764369147
     -1.489512825393
     -1.303029775151

minimum internal covariance matrix: LASymMatrix parameters:
  2.4799603e-05              0 -5.9538193e-08 -4.4995364e-06 -4.4927059e-06  4.9837081e-06 -4.9610837e-06 -2.3133627e-07 -2.0551864e-07  3.3916831e-06 -2.8196042e-06
              0              2              0              0              0              0              0              0              0              0              0
 -5.9538193e-08              0  3.7414277e-05 -1.2356832e-07 -9.4143038e-08  4.9976538e-08  2.4710991e-08 -5.5139331e-08  7.5572411e-08  1.5151815e-08  1.2452649e-07
 -4.4995364e-06              0 -1.2356832e-07  1.1109995e-06  1.0058327e-06 -9.0107613e-07  9.3443808e-07  2.5598432e-07 -1.8881346e-09 -5.9907994e-07   5.159289e-07
 -4.4927059e-06              0 -9.4143038e-08  1.0058327e-06  9.5348156e-07 -9.0689455e-07  8.7913672e-07  7.5547832e-08  1.4671554e-08 -6.1878903e-07    5.28954e-07
  4.9837081e-06              0  4.9976538e-08 -9.0107613e-07 -9.0689455e-07   1.097015e-06 -1.0112635e-06 -6.8488291e-08 -1.8283094e-08  7.2273028e-07 -5.9686194e-07
 -4.9610837e-06              0  2.4710991e-08  9.3443808e-07  8.7913672e-07 -1.0112635e-06  1.5092596e-06  4.0480965e-07   6.841076e-08 -5.8506349e-07  4.6730479e-07
 -2.3133627e-07              0 -5.5139331e-08  2.5598432e-07  7.5547832e-08 -6.8488291e-08  4.0480965e-07  1.3589621e-06 -8.6620351e-08  8.9966385e-08  -7.076514e-08
 -2.0551864e-07              0  7.5572411e-08 -1.8881346e-09  1.4671554e-08 -1.8283094e-08   6.841076e-08 -8.6620351e-08  3.8443205e-07 -6.3349872e-08  1.7628665e-08
  3.3916831e-06              0  1.5151815e-08 -5.9907994e-07 -6.1878903e-07  7.2273028e-07 -5.8506349e-07  8.9966385e-08 -6.3349872e-08  1.0148493e-06 -4.1592453e-07
 -2.8196042e-06              0  1.2452649e-07   5.159289e-07    5.28954e-07 -5.9686194e-07  4.6730479e-07  -7.076514e-08  1.7628665e-08 -4.1592453e-07   6.948027e-07


# ext. ||   Name    ||   type  ||     Value     ||  Error +/- 

   0   ||Targeted q || limited ||      7.124122363139 ||0.0905781860366
   1   ||Nontargeted q || limited ||                   2 ||22.06548931833
   2   ||     sigma || limited ||     0.7258601138508 ||0.03671528134113
   3   ||  Biomass1 || limited ||      3.055143180186 ||0.04113327179658
   4   ||  Biomass2 || limited ||      2.987262408996 ||0.03768149773734
   5   ||   vm_mean || limited ||     -2.336030882381 ||0.007201215978243
   6   ||  vm_sigma || limited ||      1.774832965538 ||0.01023284805621
   7   ||Recruit year 1 || limited ||      3.042130406106 ||0.01413364250802
   8   ||Recruit year 2 || limited ||       1.86355456096 ||0.005913064688124
   9   ||Recruit year 3 || limited ||     0.1750677587901 ||0.002891587780412
  10   ||Recruit year 4 || limited ||      1.791610672355 ||0.007796441460022





