# Minimum negative log likelihood

Minuit did successfully converge.
# of function calls: 1705
minimum function Value: 538.6858992527
minimum edm: 1.438699031992e-05
minimum internal state vector: LAVector parameters:
    -0.4060335841361
     -1.317240553593
     -1.287002217587
     -1.209694149459
     -1.363984305502
     -1.368622491532
      2.579591100918
     -1.075168953172
     -1.034492606418
     -1.045835380284
     -1.017922881075
    0.04290867705433
    0.04085656436236
    0.04511420501831
    0.04775941014202

minimum internal covariance matrix: LASymMatrix parameters:
   0.0055282371  -0.0006491696              0   1.921056e-05  0.00054603439  0.00052740652   0.0061783112   0.0016256089   0.0017500843   0.0017160545   0.0017711889  3.0256269e-05   3.130218e-05  3.8090846e-05   3.700749e-05
  -0.0006491696  8.5518937e-05              0   -3.02592e-06 -7.2176344e-05 -6.9556891e-05 -0.00053756555 -0.00020167363 -0.00021648698 -0.00021174244 -0.00022410333 -2.7422322e-06 -2.8884029e-06 -4.0970676e-06 -4.3908967e-06
              0              0              2              0              0              0              0              0              0              0              0              0              0              0              0
   1.921056e-05   -3.02592e-06              0  0.00016195595   1.036447e-06  1.0279779e-06  9.0251802e-05   4.583193e-06  6.9924855e-06  7.5307789e-06  6.2339257e-06  1.4991352e-08 -8.8702386e-07  6.1886314e-07  4.9213281e-07
  0.00054603439 -7.2176344e-05              0   1.036447e-06  6.8708609e-05  6.5502025e-05  0.00046046874  0.00017118934  0.00018246026  0.00017871463  0.00018880276  2.1114198e-06   2.388904e-06  3.4257654e-06  3.6611952e-06
  0.00052740652 -6.9556891e-05              0  1.0279779e-06  6.5502025e-05  6.2536518e-05  0.00044267291  0.00016494388  0.00017604401  0.00017242037  0.00018208531   2.099415e-06  2.3359698e-06  3.3018277e-06       3.53e-06
   0.0061783112 -0.00053756555              0  9.0251802e-05  0.00046046874  0.00044267291    0.049509562   0.0016056568   0.0017358735   0.0017047707   0.0017400983  9.4273562e-05  9.4959965e-05   0.0001053773  9.6529439e-05
   0.0016256089 -0.00020167363              0   4.583193e-06  0.00017118934  0.00016494388   0.0016056568  0.00049958644  0.00052686923  0.00051674001   0.0005389189   7.540214e-06   8.638608e-06  1.0699616e-05  1.0870637e-05
   0.0017500843 -0.00021648698              0  6.9924855e-06  0.00018246026  0.00017604401   0.0017358735  0.00052686923  0.00057479996  0.00055482287  0.00058054206  8.5373938e-06  8.7743414e-06    1.18048e-05  1.1767234e-05
   0.0017160545 -0.00021174244              0  7.5307789e-06  0.00017871463  0.00017242037   0.0017047707  0.00051674001  0.00055482287  0.00055195742  0.00056713898  8.4975742e-06  8.8550349e-06  1.1089407e-05  1.1691656e-05
   0.0017711889 -0.00022410333              0  6.2339257e-06  0.00018880276  0.00018208531   0.0017400983   0.0005389189  0.00058054206  0.00056713898  0.00061670282   8.416802e-06  8.7081219e-06  1.1568737e-05  1.2716387e-05
  3.0256269e-05 -2.7422322e-06              0  1.4991352e-08  2.1114198e-06   2.099415e-06  9.4273562e-05   7.540214e-06  8.5373938e-06  8.4975742e-06   8.416802e-06  1.4789684e-06  3.1454906e-07  2.8533808e-07  2.2436414e-07
   3.130218e-05 -2.8884029e-06              0 -8.8702386e-07   2.388904e-06  2.3359698e-06  9.4959965e-05   8.638608e-06  8.7743414e-06  8.8550349e-06  8.7081219e-06  3.1454906e-07  1.3884889e-06  2.4180631e-07  1.9545462e-07
  3.8090846e-05 -4.0970676e-06              0  6.1886314e-07  3.4257654e-06  3.3018277e-06   0.0001053773  1.0699616e-05    1.18048e-05  1.1089407e-05  1.1568737e-05  2.8533808e-07  2.4180631e-07  1.4353803e-06  3.8524672e-07
   3.700749e-05 -4.3908967e-06              0  4.9213281e-07  3.6611952e-06       3.53e-06  9.6529439e-05  1.0870637e-05  1.1767234e-05  1.1691656e-05  1.2716387e-05  2.2436414e-07  1.9545462e-07  3.8524672e-07  1.3787455e-06


# ext. ||   Name    ||   type  ||     Value     ||  Error +/- 

   0   ||Natural mortality || limited ||    0.03512578701514 ||0.001206950444218
   1   ||Targeted q || limited ||      1.598670701538 ||0.08201495381425
   2   ||Nontargeted q || limited ||                   2 ||22.06548931833
   3   ||     sigma || limited ||      3.224600669036 ||0.1589637318578
   4   ||  Biomass1 || limited ||      10.65474532067 ||0.6017742056602
   5   ||  Biomass2 || limited ||      10.18380594808 ||0.5614123003895
   6   ||  vm_sigma || limited ||      61.31547189941 ||5.3034541149
   7   ||Recruit year 1 || limited ||      6.025872635025 ||0.3757731182735
   8   ||Recruit year 2 || limited ||      7.029137605178 ||0.4330498312834
   9   ||Recruit year 3 || limited ||      6.742150963596 ||0.4162338866506
  10   ||Recruit year 4 || limited ||      7.458300533832 ||0.4609968751898
  11   ||Mean Rec dist 1 || limited ||     0.4289551134861 ||0.008591410634705
  12   ||Mean Rec dist 2 || limited ||     0.4084519861407 ||0.00832517913474
  13   ||Mean Rec dist 3 || limited ||     0.4509890314929 ||0.008463038694718
  14   ||Mean Rec dist 4 || limited ||     0.4774125598522 ||0.008293379160701





