# Minimum negative log likelihood

Minuit did successfully converge.
# of function calls: 1210
minimum function Value: 346.4966563552
minimum edm: 7.50862873547e-05
minimum internal state vector: LAVector parameters:
     -0.776982515408
    -0.9307623109345
     -1.287002217587
     -1.343998087172
     -1.532322034976
     -1.532829027586
     0.3906637070717
     -1.116124748825
     -1.067685192738
     -1.314826946794
     -1.138973014005
     -1.180628242869

minimum internal covariance matrix: LASymMatrix parameters:
     0.02285924   -0.001047856              0 -1.0728945e-05  6.4611049e-05  5.8218029e-05 -2.3098341e-06 -1.8402831e-05  0.00082316518  0.00036867761  0.00071287828  0.00064821452
   -0.001047856  5.0869527e-05              0  3.9896006e-08 -3.1025542e-06 -2.7970547e-06  1.6084941e-06 -1.4558767e-06 -3.7623958e-05 -1.6827379e-05 -3.2577469e-05 -2.9867273e-05
              0              0              2              0              0              0              0              0              0              0              0              0
 -1.0728945e-05  3.9896006e-08              0   6.533704e-05  4.8827193e-07  3.8887958e-07  3.3069233e-08 -7.1690503e-07 -9.2770546e-07  9.1352825e-08 -5.4622433e-07 -6.2720343e-07
  6.4611049e-05 -3.1025542e-06              0  4.8827193e-07  7.9396724e-07  6.5796394e-07 -5.4359046e-08 -8.6976162e-08  2.2843552e-06  1.0505929e-06  1.9781064e-06  1.8330685e-06
  5.8218029e-05 -2.7970547e-06              0  3.8887958e-07  6.5796394e-07  5.5299581e-07 -5.3115911e-08 -4.9886471e-08   2.060144e-06  9.4692766e-07    1.78518e-06  1.6514602e-06
 -2.3098341e-06  1.6084941e-06              0  3.3069233e-08 -5.4359046e-08 -5.3115911e-08  1.1924627e-06 -1.5692965e-06 -3.0161053e-08 -5.4277987e-09 -3.0720723e-09 -1.1800455e-07
 -1.8402831e-05 -1.4558767e-06              0 -7.1690503e-07 -8.6976162e-08 -4.9886471e-08 -1.5692965e-06  4.1997412e-06  -7.101901e-07 -3.6421911e-07 -7.3064004e-07  -3.794401e-07
  0.00082316518 -3.7623958e-05              0 -9.2770546e-07  2.2843552e-06   2.060144e-06 -3.0161053e-08  -7.101901e-07  3.0333086e-05  1.3220733e-05  2.5730107e-05  2.3376619e-05
  0.00036867761 -1.6827379e-05              0  9.1352825e-08  1.0505929e-06  9.4692766e-07 -5.4277987e-09 -3.6421911e-07  1.3220733e-05  6.6048678e-06  1.1450572e-05  1.0423461e-05
  0.00071287828 -3.2577469e-05              0 -5.4622433e-07  1.9781064e-06    1.78518e-06 -3.0720723e-09 -7.3064004e-07  2.5730107e-05  1.1450572e-05  2.2909796e-05  2.0201869e-05
  0.00064821452 -2.9867273e-05              0 -6.2720343e-07  1.8330685e-06  1.6514602e-06 -1.1800455e-07  -3.794401e-07  2.3376619e-05  1.0423461e-05  2.0201869e-05  1.9137822e-05


# ext. ||   Name    ||   type  ||     Value     ||  Error +/- 

   0   ||Natural mortality || limited ||    0.02747172374859 ||0.00190211852259
   1   ||Targeted q || limited ||      9.896227834825 ||0.1505977007777
   2   ||Nontargeted q || limited ||                   2 ||22.06548931833
   3   ||     sigma || limited ||        1.2804333747 ||0.06426025992861
   4   ||  Biomass1 || limited ||       0.37002213493 ||0.01211768762902
   5   ||  Biomass2 || limited ||     0.3603356633904 ||0.009979786823433
   6   ||   vm_mean || limited ||      1.196325394066 ||0.002243043368193
   7   ||  vm_sigma || limited ||      4.064736849159 ||0.02545544267748
   8   ||Recruit year 1 || limited ||      6.205042431301 ||0.09387589566829
   9   ||Recruit year 2 || limited ||       1.63892112074 ||0.02300268312527
  10   ||Recruit year 3 || limited ||      4.599333354959 ||0.07081826585701
  11   ||Recruit year 4 || limited ||      3.767367064169 ||0.05882115665028





