# Minimum negative log likelihood

Minuit did successfully converge.
# of function calls: 1974
minimum function Value: 446.8451861321
minimum edm: 2.486068812913e-05
minimum internal state vector: LAVector parameters:
     -1.168184476879
      -1.33823783558
     -1.287002217587
     -1.281818922649
     -1.317916255887
      -1.32029755726
    -0.2843731553969
    -0.2118481576847
     -1.081516936087
     -1.041476427386
      -1.26046741418
     -1.287206006848

minimum internal covariance matrix: LASymMatrix parameters:
   0.0012651672 -0.00057011554              0 -6.6024027e-06  0.00063321634  0.00062481809  2.9011814e-05 -0.00023566506   0.0012611734   0.0012994321  0.00076748074  0.00060984429
 -0.00057011554  0.00026198589              0  2.8165738e-06 -0.00029035436 -0.00028655514 -1.1878436e-05 -2.3822843e-06 -0.00057279136  -0.0005897083 -0.00034445349 -0.00027595203
              0              0              2              0              0              0              0              0              0              0              0              0
 -6.6024027e-06  2.8165738e-06              0  9.8289775e-05 -2.3798475e-06 -2.4321937e-06 -1.5839955e-07 -4.3594123e-05 -6.7798251e-06 -6.3706107e-06 -4.9240025e-06 -2.0024671e-06
  0.00063321634 -0.00029035436              0 -2.3798475e-06  0.00032576146  0.00032100209  1.2917232e-05 -5.5304662e-07  0.00063952507  0.00065482244  0.00038271488  0.00030675737
  0.00062481809 -0.00028655514              0 -2.4321937e-06  0.00032100209  0.00031639711  1.2882634e-05  2.3322789e-06  0.00063026287  0.00064615705  0.00037763306  0.00030264927
  2.9011814e-05 -1.1878436e-05              0 -1.5839955e-07  1.2917232e-05  1.2882634e-05  7.4432408e-06 -6.1728053e-05  2.6787727e-05  2.8488536e-05  1.7461314e-05  1.3521433e-05
 -0.00023566506 -2.3822843e-06              0 -4.3594123e-05 -5.5304662e-07  2.3322789e-06 -6.1728053e-05    0.014226639 -0.00018518755 -0.00016131716   -0.000160842 -9.8284629e-05
   0.0012611734 -0.00057279136              0 -6.7798251e-06  0.00063952507  0.00063026287  2.6787727e-05 -0.00018518755   0.0012724204   0.0012983948  0.00076401751  0.00060940258
   0.0012994321  -0.0005897083              0 -6.3706107e-06  0.00065482244  0.00064615705  2.8488536e-05 -0.00016131716   0.0012983948    0.001340788  0.00078562753  0.00062759151
  0.00076748074 -0.00034445349              0 -4.9240025e-06  0.00038271488  0.00037763306  1.7461314e-05   -0.000160842  0.00076401751  0.00078562753  0.00047053691  0.00036761061
  0.00060984429 -0.00027595203              0 -2.0024671e-06  0.00030675737  0.00030264927  1.3521433e-05 -9.8284629e-05  0.00060940258  0.00062759151  0.00036761061  0.00029937454


# ext. ||   Name    ||   type  ||     Value     ||  Error +/- 

   0   ||Natural mortality || limited ||    0.01199388730979 ||0.001478066628574
   1   ||Targeted q || limited ||        1.3460034799 ||0.1318848478272
   2   ||Nontargeted q || limited ||                   2 ||22.06548931833
   3   ||     sigma || limited ||      2.073210599869 ||0.09988679640991
   4   ||  Biomass1 || limited ||      15.90206835928 ||1.596500404513
   5   ||  Biomass2 || limited ||      15.60554818028 ||1.558884356302
   6   ||   vm_mean || limited ||    -0.8813921575993 ||0.005817192650445
   7   ||  vm_sigma || limited ||       31.5899212075 ||3.294249197205
   8   ||Recruit year 1 || limited ||      5.875825014793 ||0.5926105924122
   9   ||Recruit year 2 || limited ||      6.851781529801 ||0.6535644299644
  10   ||Recruit year 3 || limited ||      2.398102128882 ||0.2341641454357
  11   ||Recruit year 4 || limited ||      2.006948232283 ||0.1711443795781





