# Minimum negative log likelihood

Minuit did successfully converge.
# of function calls: 435
minimum function Value: 363.7198054298
minimum edm: 5.075937413991e-07
minimum internal state vector: LAVector parameters:
   -0.02590734013008
     -1.163829807297
     -1.287002217587
     -1.334401171104
     -1.509358384692
     -1.510430972349
     0.3017875524627
    -0.9198216616276
     -1.253264704064
     -1.293028077289
     -1.290924463396
     -1.264334020278

minimum internal covariance matrix: LASymMatrix parameters:
    0.010873254   -0.001149066              0  1.5211309e-05  0.00019088447  0.00017878991  3.9472048e-05 -8.5386077e-05   0.0010234227  0.00079137821   0.0008127731  0.00086211989
   -0.001149066  0.00012697985              0 -1.8509974e-06 -2.1089497e-05 -1.9738127e-05 -1.7507044e-06 -3.6599807e-06 -0.00011010996 -8.4743997e-05  -8.721458e-05 -9.3091676e-05
              0              0              2              0              0              0              0              0              0              0              0              0
  1.5211309e-05 -1.8509974e-06              0   6.694414e-05  3.6847071e-07  3.4233843e-07   2.732953e-09  1.6712466e-07  1.1675785e-06  1.1327703e-06  1.4727574e-06  1.3373515e-06
  0.00019088447 -2.1089497e-05              0  3.6847071e-07  4.7339927e-06  4.3241616e-06   2.813464e-07 -4.3814707e-08  1.8388607e-05  1.4094826e-05  1.4510154e-05  1.5489362e-05
  0.00017878991 -1.9738127e-05              0  3.4233843e-07  4.3241616e-06  3.9626648e-06  2.7307597e-07  4.2045248e-08  1.7204919e-05  1.3197691e-05  1.3585217e-05  1.4499241e-05
  3.9472048e-05 -1.7507044e-06              0   2.732953e-09   2.813464e-07  2.7307597e-07  2.7907337e-06 -1.0253767e-05  2.9027191e-06  2.3580465e-06  2.3443467e-06  2.4630248e-06
 -8.5386077e-05 -3.6599807e-06              0  1.6712466e-07 -4.3814707e-08  4.2045248e-08 -1.0253767e-05  8.9771387e-05 -3.7339778e-06 -3.5972061e-06 -3.1798452e-06 -3.3936434e-06
   0.0010234227 -0.00011010996              0  1.1675785e-06  1.8388607e-05  1.7204919e-05  2.9027191e-06 -3.7339778e-06  9.8030557e-05  7.4844367e-05  7.7078167e-05  8.1876823e-05
  0.00079137821 -8.4743997e-05              0  1.1327703e-06  1.4094826e-05  1.3197691e-05  2.3580465e-06 -3.5972061e-06  7.4844367e-05  5.8770727e-05  5.9394258e-05  6.3129932e-05
   0.0008127731  -8.721458e-05              0  1.4727574e-06  1.4510154e-05  1.3585217e-05  2.3443467e-06 -3.1798452e-06  7.7078167e-05  5.9394258e-05  6.2023829e-05  6.4873417e-05
  0.00086211989 -9.3091676e-05              0  1.3373515e-06  1.5489362e-05  1.4499241e-05  2.4630248e-06 -3.3936434e-06  8.1876823e-05  6.3129932e-05  6.4873417e-05  7.0461456e-05


# ext. ||   Name    ||   type  ||     Value     ||  Error +/- 

   0   ||Natural mortality || limited ||    0.04435238894746 ||0.001841049357511
   1   ||Targeted q || limited ||      4.083711254252 ||0.1576962985815
   2   ||Nontargeted q || limited ||                   2 ||22.06548931833
   3   ||     sigma || limited ||      1.390572862899 ||0.06774776251924
   4   ||  Biomass1 || limited ||     0.9433583914328 ||0.04723153229558
   5   ||  Biomass2 || limited ||     0.9107174012414 ||0.04245926742197
   6   ||   vm_mean || limited ||     0.9337675661444 ||0.003543312331807
   7   ||  vm_sigma || limited ||      8.181155090609 ||0.162386790488
   8   ||Recruit year 1 || limited ||      2.509300322398 ||0.1092830998809
   9   ||Recruit year 2 || limited ||      1.926318284721 ||0.07431448399012
  10   ||Recruit year 3 || limited ||      1.955263369482 ||0.07690656064142
  11   ||Recruit year 4 || limited ||      2.339426422437 ||0.08952460058785





