# Minimum negative log likelihood

Minuit did successfully converge.
# of function calls: 1298
minimum function Value: 222.8647970214
minimum edm: 4.228197519049e-05
minimum internal state vector: LAVector parameters:
    -0.4594523744594
     -1.086865086479
     -1.287002217587
    -0.5206182479003
     -1.335328844188
     -1.307224492871
    -0.2956782299077
    -0.2967862436533
    -0.7292173708143
     -1.256779443529
     -1.092206057684
    -0.9547797222198

minimum internal covariance matrix: LASymMatrix parameters:
      0.4953461     -0.0368973              0 -0.00063485801    0.015085808    0.030497322   0.0078205554    -0.37458387     0.15604847    0.061209617    0.069050334    0.092777545
     -0.0368973   0.0028453323              0  3.7868388e-05  -0.0012285899  -0.0023077999 -0.00056545604     0.02677332   -0.011763922  -0.0045179762  -0.0051466294  -0.0069219132
              0              0              2              0              0              0              0              0              0              0              0              0
 -0.00063485801  3.7868388e-05              0   0.0073511044 -5.4138845e-07 -2.7184643e-05 -8.2417754e-06  0.00035601217 -0.00034673398 -4.5616963e-05 -8.4679088e-05 -0.00011094486
    0.015085808  -0.0012285899              0 -5.4138845e-07   0.0011423712   0.0010989898  9.4414999e-05  -0.0027687206   0.0047506052   0.0018241595   0.0020948366   0.0028272698
    0.030497322  -0.0023077999              0 -2.7184643e-05   0.0010989898   0.0020224631  0.00051623716   -0.025051411   0.0099896776   0.0037269213   0.0042658184   0.0057465785
   0.0078205554 -0.00056545604              0 -8.2417754e-06  9.4414999e-05  0.00051623716  0.00020956803   -0.011000529   0.0026584102  0.00098127371   0.0010976155   0.0014793899
    -0.37458387     0.02677332              0  0.00035601217  -0.0027687206   -0.025051411   -0.011000529     0.61573756    -0.11651738   -0.046143417   -0.053461844   -0.071220697
     0.15604847   -0.011763922              0 -0.00034673398   0.0047506052   0.0099896776   0.0026584102    -0.11651738    0.067243969     0.01644118    0.021607161    0.028950353
    0.061209617  -0.0045179762              0 -4.5616963e-05   0.0018241595   0.0037269213  0.00098127371   -0.046143417     0.01644118   0.0088256035   0.0084313167    0.011523758
    0.069050334  -0.0051466294              0 -8.4679088e-05   0.0020948366   0.0042658184   0.0010976155   -0.053461844    0.021607161   0.0084313167   0.0099027265    0.012940646
    0.092777545  -0.0069219132              0 -0.00011094486   0.0028272698   0.0057465785   0.0014793899   -0.071220697    0.028950353    0.011523758    0.012940646    0.017684141


# ext. ||   Name    ||   type  ||     Value     ||  Error +/- 

   0   ||Natural mortality || limited ||    0.08348139912179 ||0.06418067693806
   1   ||Targeted q || limited ||      5.741364577302 ||0.8772364191559
   2   ||Nontargeted q || limited ||                   2 ||22.06548931833
   3   ||     sigma || limited ||      25.12917148831 ||2.62809237064
   4   ||  Biomass1 || limited ||      13.79730748792 ||2.787581326998
   5   ||  Biomass2 || limited ||       17.2672167717 ||4.141722517229
   6   ||   vm_mean || limited ||      -2.91388715033 ||0.09792023650341
   7   ||  vm_sigma || limited ||      28.30270753855 ||20.15141255244
   8   ||Recruit year 1 || limited ||      16.69401965138 ||6.797727260266
   9   ||Recruit year 2 || limited ||      2.454730245463 ||1.025076628728
  10   ||Recruit year 3 || limited ||      5.627186947584 ||1.618776286365
  11   ||Recruit year 4 || limited ||      9.199756619081 ||2.712266140859





