# Minimum negative log likelihood

Minuit did successfully converge.
# of function calls: 449
minimum function Value: 128.943298698
minimum edm: 6.234836410659e-05
minimum internal state vector: LAVector parameters:
     -1.107669351767
     -1.287002217587
     -38.89074751283
     -1.469645164036
     -1.474342994607
    0.07636506961826
     -1.303342704711
     -1.281876959033
    -0.9742292127527
     -1.079929031876
     -1.280071614953

minimum internal covariance matrix: LASymMatrix parameters:
  0.00022235437              0  3.0826022e-05 -6.2447464e-05 -4.6239307e-05  2.9020423e-05 -2.0161551e-05  -2.399923e-05 -6.6310608e-05 -2.8493937e-05 -8.6039557e-06
              0              2              0              0              0              0              0              0              0              0              0
  3.0826022e-05              0  0.00093120435 -9.3515599e-06 -7.3441982e-06  1.8515072e-06  1.9706715e-06 -7.8530678e-06 -1.5830567e-05 -3.8432602e-06  1.1181346e-06
 -6.2447464e-05              0 -9.3515599e-06  3.4789608e-05  2.1759121e-05 -8.3186311e-06   5.412508e-06  9.5582165e-06  1.8367459e-05  8.5000903e-06   2.758683e-06
 -4.6239307e-05              0 -7.3441982e-06  2.1759121e-05  1.4797664e-05 -5.9306264e-06  4.0674734e-06  5.8346195e-06   1.369724e-05  6.2469566e-06  1.9960358e-06
  2.9020423e-05              0  1.8515072e-06 -8.3186311e-06 -5.9306264e-06  5.0893686e-06 -2.8606632e-06 -2.9773758e-06 -8.2294592e-06 -3.7307549e-06 -1.1893324e-06
 -2.0161551e-05              0  1.9706715e-06   5.412508e-06  4.0674734e-06 -2.8606632e-06  5.8485485e-06   1.674643e-06  5.9334329e-06  2.3844257e-06  4.8505251e-07
  -2.399923e-05              0 -7.8530678e-06  9.5582165e-06  5.8346195e-06 -2.9773758e-06   1.674643e-06  1.2682756e-05  6.8203354e-06   3.280199e-06  1.0692907e-06
 -6.6310608e-05              0 -1.5830567e-05  1.8367459e-05   1.369724e-05 -8.2294592e-06  5.9334329e-06  6.8203354e-06  2.7589518e-05  7.9217805e-06  2.4944119e-06
 -2.8493937e-05              0 -3.8432602e-06  8.5000903e-06  6.2469566e-06 -3.7307549e-06  2.3844257e-06   3.280199e-06  7.9217805e-06  1.1321411e-05  5.6558126e-07
 -8.6039557e-06              0  1.1181346e-06   2.758683e-06  1.9960358e-06 -1.1893324e-06  4.8505251e-07  1.0692907e-06  2.4944119e-06  5.6558126e-07  9.0080655e-06


# ext. ||   Name    ||   type  ||     Value     ||  Error +/- 

   0   ||Targeted q || limited ||      5.267004782057 ||0.2355224323064
   1   ||Nontargeted q || limited ||                   2 ||22.06548931833
   2   ||     sigma || limited ||      3.551218104787 ||0.3993106047549
   3   ||  Biomass1 || limited ||      2.555709242772 ||0.2105758487102
   4   ||  Biomass2 || limited ||      2.324008748828 ||0.1309768951522
   5   ||   vm_mean || limited ||      0.762908691967 ||0.01590556931745
   6   ||  vm_sigma || limited ||      1.423103419131 ||0.01807681300776
   7   ||Recruit year 1 || limited ||      2.082176504462 ||0.03587035003918
   8   ||Recruit year 2 || limited ||      8.645681287674 ||0.1043203186033
   9   ||Recruit year 3 || limited ||      5.913191853075 ||0.05607156558813
  10   ||Recruit year 4 || limited ||      2.107970635512 ||0.03041401888735





