# Minimum negative log likelihood

Minuit did successfully converge.
# of function calls: 834
minimum function Value: 470.6038807049
minimum edm: 4.576216859608e-06
minimum internal state vector: LAVector parameters:
     -1.250574102622
     -1.287002217587
     -1.264656044276
     -1.455897493701
      -1.40978327926
     -0.656710716645
      1.103568983049
     -1.162932614613
      -1.14171618366
    -0.9414401324998
     -1.056798386404

minimum internal covariance matrix: LASymMatrix parameters:
  2.7750696e-06              0  -7.999503e-08 -7.1138045e-07 -2.1499215e-06     2.5736e-07 -0.00013623533 -7.1632602e-06 -1.2704428e-06 -2.2288195e-06 -1.6659124e-06
              0              2              0              0              0              0              0              0              0              0              0
  -7.999503e-08              0  0.00011598437 -5.3031254e-07 -4.3849152e-07 -4.1166252e-08  2.9198361e-05 -1.6589882e-06  6.7204984e-07   4.766411e-07 -8.0364959e-07
 -7.1138045e-07              0 -5.3031254e-07  9.8597211e-06  3.1193219e-06 -6.3719254e-08  6.8596596e-06 -2.1147724e-05  1.6443243e-06  8.7404504e-07  4.1261062e-07
 -2.1499215e-06              0 -4.3849152e-07  3.1193219e-06  4.2866914e-06 -3.6966189e-07  0.00024331912  9.0240526e-06  7.7300993e-07  1.3817977e-06  1.6436195e-06
     2.5736e-07              0 -4.1166252e-08 -6.3719254e-08 -3.6966189e-07  1.3969557e-07   -4.18574e-05 -7.2051733e-07 -1.5895294e-07 -2.4735895e-07 -8.6835118e-08
 -0.00013623533              0  2.9198361e-05  6.8596596e-06  0.00024331912   -4.18574e-05    0.050840655   6.833419e-05  5.3065502e-05 -4.7977663e-05  0.00020444505
 -7.1632602e-06              0 -1.6589882e-06 -2.1147724e-05  9.0240526e-06 -7.2051733e-07   6.833419e-05  0.00015695482 -4.0072807e-06  6.6512917e-06  3.4792677e-06
 -1.2704428e-06              0  6.7204984e-07  1.6443243e-06  7.7300993e-07 -1.5895294e-07  5.3065502e-05 -4.0072807e-06  4.7130278e-06  9.7402728e-07  4.3170895e-07
 -2.2288195e-06              0   4.766411e-07  8.7404504e-07  1.3817977e-06 -2.4735895e-07 -4.7977663e-05  6.6512917e-06  9.7402728e-07  6.4976634e-06  2.0295359e-07
 -1.6659124e-06              0 -8.0364959e-07  4.1261062e-07  1.6436195e-06 -8.6835118e-08  0.00020444505  3.4792677e-06  4.3170895e-07  2.0295359e-07  5.5862531e-06


# ext. ||   Name    ||   type  ||     Value     ||  Error +/- 

   0   ||Targeted q || limited ||      2.541725482458 ||0.01853939363107
   1   ||Nontargeted q || limited ||                   2 ||22.06548931833
   2   ||     sigma || limited ||      2.324804326663 ||0.1147534874695
   3   ||  Biomass1 || limited ||      3.296806100984 ||0.127276020751
   4   ||  Biomass2 || limited ||      6.467310045893 ||0.1173542644824
   5   ||   vm_mean || limited ||     -6.105150315909 ||0.002093167843814
   6   ||  vm_sigma || limited ||      75.71287589211 ||2.860316254128
   7   ||Recruit year 1 || limited ||      4.111076167493 ||0.1756708880964
   8   ||Recruit year 2 || limited ||      4.542105417355 ||0.03192940011142
   9   ||Recruit year 3 || limited ||      9.588710253969 ||0.05304301765175
  10   ||Recruit year 4 || limited ||       6.47006220151 ||0.0410807892338





