# Minimum negative log likelihood

Minuit did successfully converge.
# of function calls: 1141
minimum function Value: 541.7751355656
minimum edm: 6.239565163194e-06
minimum internal state vector: LAVector parameters:
     -1.258715434158
     -1.075388984843
     -1.287002217587
     -1.206947490225
     -1.386991811681
     -1.385189480261
       0.64653376721
     0.3697984794105
     -1.336369837215
     -1.152159114949
     -1.199724517203
     -1.126280721613

minimum internal covariance matrix: LASymMatrix parameters:
   0.0087784973  -0.0015516504              0  6.6741165e-06  0.00067622286   0.0006340878  2.3528753e-05 -0.00041912038  0.00063986281   0.0014195501   0.0012340132   0.0012732363
  -0.0015516504  0.00027878927              0 -2.7021385e-06  -0.0001220229 -0.00011432208 -2.7898818e-06 -8.1996817e-06 -0.00011211894 -0.00025047345 -0.00021721769 -0.00022647081
              0              0              2              0              0              0              0              0              0              0              0              0
  6.6741165e-06 -2.7021385e-06              0  0.00018139997 -1.6654371e-06 -1.3705759e-06 -2.8648357e-06  0.00010992332 -9.0401894e-07  6.0041456e-07 -5.2196394e-08  4.3703092e-07
  0.00067622286  -0.0001220229              0 -1.6654371e-06  5.9281678e-05  5.5249724e-05  1.1467723e-06  5.9068135e-06  4.9787356e-05  0.00010905882  9.4685237e-05  9.8223693e-05
   0.0006340878 -0.00011432208              0 -1.3705759e-06  5.5249724e-05  5.1523635e-05  1.1039693e-06  4.6730385e-06  4.6601669e-05  0.00010226533  8.8769466e-05  9.2096942e-05
  2.3528753e-05 -2.7898818e-06              0 -2.8648357e-06  1.1467723e-06  1.1039693e-06  3.0725373e-06   -0.000116062  1.8861096e-06  3.9946374e-06  3.3476921e-06  3.7504361e-06
 -0.00041912038 -8.1996817e-06              0  0.00010992332  5.9068135e-06  4.6730385e-06   -0.000116062    0.011094114 -4.8212327e-05 -7.8950475e-05 -7.1123619e-05 -6.4094096e-05
  0.00063986281 -0.00011211894              0 -9.0401894e-07  4.9787356e-05  4.6601669e-05  1.8861096e-06 -4.8212327e-05  5.0911721e-05  0.00010353245  9.0602605e-05   9.219117e-05
   0.0014195501 -0.00025047345              0  6.0041456e-07  0.00010905882  0.00010226533  3.9946374e-06 -7.8950475e-05  0.00010353245  0.00023272774  0.00019953834  0.00020594759
   0.0012340132 -0.00021721769              0 -5.2196394e-08  9.4685237e-05  8.8769466e-05  3.3476921e-06 -7.1123619e-05  9.0602605e-05  0.00019953834  0.00017730917  0.00017831655
   0.0012732363 -0.00022647081              0  4.3703092e-07  9.8223693e-05  9.2096942e-05  3.7504361e-06 -6.4094096e-05   9.219117e-05  0.00020594759  0.00017831655  0.00019219226


# ext. ||   Name    ||   type  ||     Value     ||  Error +/- 

   0   ||Natural mortality || limited ||   0.007245492867353 ||0.003049039864222
   1   ||Targeted q || limited ||      6.011243174204 ||0.2806293201091
   2   ||Nontargeted q || limited ||                   2 ||22.06548931833
   3   ||     sigma || limited ||      3.273297544588 ||0.1694583496887
   4   ||  Biomass1 || limited ||      8.422273259946 ||0.4975321463547
   5   ||  Biomass2 || limited ||      8.587778834289 ||0.4683321216265
   6   ||   vm_mean || limited ||      1.892568814415 ||0.003108009987216
   7   ||  vm_sigma || limited ||      54.45742094492 ||2.775151176889
   8   ||Recruit year 1 || limited ||      1.377477275247 ||0.05859224782778
   9   ||Recruit year 2 || limited ||      4.327379050671 ||0.2192323208031
  10   ||Recruit year 3 || limited ||       3.41269833243 ||0.1706930850826
  11   ||Recruit year 4 || limited ||      4.868560542297 ||0.2107472128882





