# Minimum negative log likelihood

Minuit did successfully converge.
# of function calls: 762
minimum function Value: 492.7518311524
minimum edm: 8.727342788004e-05
minimum internal state vector: LAVector parameters:
     0.7289756333804
     -1.217750545746
     -1.287002217587
     -1.247752818424
     -1.413917174035
     -1.421665628036
     0.1926807607233
    -0.5062721137986
     -1.465065837192
    -0.9527007845394
     -1.038238847403
     -0.972832323169

minimum internal covariance matrix: LASymMatrix parameters:
    0.049762323  -0.0043134666              0 -2.3083671e-05   0.0019630788   0.0018815223  5.1031935e-05 -0.00073583317   0.0011622073   0.0075168857   0.0066602963   0.0078048591
  -0.0043134666  0.00038120086              0  1.9533429e-06  -0.0001731989 -0.00016593821 -2.2682831e-06  3.8261859e-05 -0.00010104798 -0.00065756396  -0.0005822662 -0.00068424019
              0              0              2              0              0              0              0              0              0              0              0              0
 -2.3083671e-05  1.9533429e-06              0  0.00012433825 -1.6403357e-07 -2.7359994e-07  -2.275794e-07  4.8497257e-07  9.2710695e-08 -3.3766448e-06 -3.2082137e-06  -4.780155e-06
   0.0019630788  -0.0001731989              0 -1.6403357e-07  8.2091292e-05  7.8244326e-05  1.0481504e-06 -1.7461125e-05  4.6992885e-05  0.00029905474  0.00026472145  0.00031148021
   0.0018815223 -0.00016593821              0 -2.7359994e-07  7.8244326e-05  7.4645992e-05   1.030817e-06 -1.7087846e-05  4.4798331e-05  0.00028657314   0.0002536863  0.00029840623
  5.1031935e-05 -2.2682831e-06              0  -2.275794e-07  1.0481504e-06   1.030817e-06  1.9690649e-06 -1.8291803e-05  9.1922981e-07   6.100656e-06  5.3116645e-06  5.9730431e-06
 -0.00073583317  3.8261859e-05              0  4.8497257e-07 -1.7461125e-05 -1.7087846e-05 -1.8291803e-05  0.00045295027 -1.4039168e-05 -9.2778196e-05 -8.0081346e-05 -9.2539422e-05
   0.0011622073 -0.00010104798              0  9.2710695e-08  4.6992885e-05  4.4798331e-05  9.1922981e-07 -1.4039168e-05  3.4088955e-05  0.00017542626  0.00015561231  0.00018278991
   0.0075168857 -0.00065756396              0 -3.3766448e-06  0.00029905474  0.00028657314   6.100656e-06 -9.2778196e-05  0.00017542626   0.0011447723   0.0010099628   0.0011851573
   0.0066602963  -0.0005822662              0 -3.2082137e-06  0.00026472145   0.0002536863  5.3116645e-06 -8.0081346e-05  0.00015561231   0.0010099628  0.00089895047   0.0010495992
   0.0078048591 -0.00068424019              0  -4.780155e-06  0.00031148021  0.00029840623  5.9730431e-06 -9.2539422e-05  0.00018278991   0.0011851573   0.0010495992   0.0012381812


# ext. ||   Name    ||   type  ||     Value     ||  Error +/- 

   0   ||Natural mortality || limited ||    0.06165264883679 ||0.002929061730285
   1   ||Targeted q || limited ||      3.083801717815 ||0.2386654491573
   2   ||Nontargeted q || limited ||                   2 ||22.06548931833
   3   ||     sigma || limited ||      2.586318137665 ||0.1251508584741
   4   ||  Biomass1 || limited ||      6.140158642367 ||0.500475641276
   5   ||  Biomass2 || limited ||      5.549694462945 ||0.453849254385
   6   ||   vm_mean || limited ||     0.6015858756008 ||0.003059515498
   7   ||  vm_sigma || limited ||      20.60392765689 ||0.5264258430941
   8   ||Recruit year 1 || limited ||     0.2891852351824 ||0.02178251247517
   9   ||Recruit year 2 || limited ||      9.259898070015 ||0.6930606355127
  10   ||Recruit year 3 || limited ||      6.933739599694 ||0.5381295551944
  11   ||Recruit year 4 || limited ||      8.684956741548 ||0.7002241891489





