# Minimum negative log likelihood

Minuit did successfully converge.
# of function calls: 1313
minimum function Value: 298.298411817
minimum edm: 4.242762365804e-05
minimum internal state vector: LAVector parameters:
    -0.1802619378618
      -1.25925352673
     -1.287002217587
     -1.368937598596
     -1.477935675022
     -1.480763228207
    -0.5956697297054
     -1.178579949133
     -1.187212318271
    -0.9466091745945
     -1.138560358503
     0.0945046297615
    0.06522305774533
    0.07435858960373
    0.09703755142679

minimum internal covariance matrix: LASymMatrix parameters:
   0.0013842073  -0.0001276619              0 -2.7166014e-05  4.0367856e-05  3.8421637e-05 -0.00026726358  0.00022831753  0.00022479532  0.00037530959  0.00024702713   1.197464e-05  1.5152656e-05    1.19351e-05  1.1294171e-05
  -0.0001276619  1.2676151e-05              0  2.6083024e-06 -4.0136455e-06 -3.8167322e-06  2.0037752e-05 -2.1696669e-05 -2.1245162e-05 -3.5478114e-05 -2.3776852e-05  -9.466666e-07 -1.3584952e-06 -9.6076108e-07 -1.0393158e-06
              0              0              2              0              0              0              0              0              0              0              0              0              0              0              0
 -2.7166014e-05  2.6083024e-06              0  5.5689906e-05 -1.6304184e-06 -1.4971545e-06 -5.5005197e-06 -4.5775242e-06 -4.2135337e-06 -7.6322606e-06 -5.2236051e-06 -4.7211957e-07 -1.2096909e-07  3.2255501e-07  1.4180011e-07
  4.0367856e-05 -4.0136455e-06              0 -1.6304184e-06   2.101114e-06  1.9271207e-06 -5.0776664e-06  6.9267174e-06  6.6871034e-06  1.1168406e-05  7.5661217e-06  2.6796401e-07  3.6163931e-07  2.6609296e-07  2.4569931e-07
  3.8421637e-05 -3.8167322e-06              0 -1.4971545e-06  1.9271207e-06  1.7747775e-06 -4.8505028e-06  6.5798902e-06   6.367876e-06  1.0631963e-05  7.1988338e-06  2.5813595e-07  3.4475506e-07  2.5525269e-07  2.3771179e-07
 -0.00026726358  2.0037752e-05              0 -5.5005197e-06 -5.0776664e-06 -4.8505028e-06  0.00022599585  -4.074626e-05 -4.1082897e-05 -6.7366174e-05 -4.3993315e-05 -4.3573354e-06 -4.8141047e-06 -5.3271649e-06 -4.6931726e-06
  0.00022831753 -2.1696669e-05              0 -4.5775242e-06  6.9267174e-06  6.5798902e-06  -4.074626e-05   3.883855e-05  3.7373265e-05  6.2500426e-05   4.153788e-05  1.8112563e-06   2.487481e-06  1.8836422e-06  1.8830776e-06
  0.00022479532 -2.1245162e-05              0 -4.2135337e-06  6.6871034e-06   6.367876e-06 -4.1082897e-05  3.7373265e-05  3.7711452e-05  6.1451555e-05  4.0713373e-05  1.8534396e-06  2.3544822e-06  1.8972834e-06  1.8695488e-06
  0.00037530959 -3.5478114e-05              0 -7.6322606e-06  1.1168406e-05  1.0631963e-05 -6.7366174e-05  6.2500426e-05  6.1451555e-05  0.00010335824  6.7887156e-05  3.1155649e-06  4.0440473e-06  3.0679757e-06  3.0708043e-06
  0.00024702713 -2.3776852e-05              0 -5.2236051e-06  7.5661217e-06  7.1988338e-06 -4.3993315e-05   4.153788e-05  4.0713373e-05  6.7887156e-05  4.7356063e-05  1.9537416e-06  2.5952081e-06  2.0111383e-06  2.1348665e-06
   1.197464e-05  -9.466666e-07              0 -4.7211957e-07  2.6796401e-07  2.5813595e-07 -4.3573354e-06  1.8112563e-06  1.8534396e-06  3.1155649e-06  1.9537416e-06  4.2250149e-07  1.4996231e-07   1.414368e-07  9.1918862e-08
  1.5152656e-05 -1.3584952e-06              0 -1.2096909e-07  3.6163931e-07  3.4475506e-07 -4.8141047e-06   2.487481e-06  2.3544822e-06  4.0440473e-06  2.5952081e-06  1.4996231e-07   4.721572e-07  1.4938825e-07  1.5841027e-07
    1.19351e-05 -9.6076108e-07              0  3.2255501e-07  2.6609296e-07  2.5525269e-07 -5.3271649e-06  1.8836422e-06  1.8972834e-06  3.0679757e-06  2.0111383e-06   1.414368e-07  1.4938825e-07  2.5392637e-07  1.4208912e-07
  1.1294171e-05 -1.0393158e-06              0  1.4180011e-07  2.4569931e-07  2.3771179e-07 -4.6931726e-06  1.8830776e-06  1.8695488e-06  3.0708043e-06  2.1348665e-06  9.1918862e-08  1.5841027e-07  1.4208912e-07  5.0716283e-07


# ext. ||   Name    ||   type  ||     Value     ||  Error +/- 

   0   ||Natural mortality || limited ||    0.04051781817014 ||0.0006469651291238
   1   ||Targeted q || limited ||      2.406910389947 ||0.03858493168679
   2   ||Nontargeted q || limited ||                   2 ||22.06548931833
   3   ||     sigma || limited ||      1.015219361728 ||0.05289752926468
   4   ||  Biomass1 || limited ||      2.154226484955 ||0.04752117061091
   5   ||  Biomass2 || limited ||       2.02512119332 ||0.04234890735763
   6   ||  vm_sigma || limited ||      17.55824995552 ||0.3519596188186
   7   ||Recruit year 1 || limited ||      3.806412935319 ||0.08421217496871
   8   ||Recruit year 2 || limited ||      3.643172051361 ||0.08124646850003
   9   ||Recruit year 3 || limited ||      9.437134863567 ||0.210048092414
  10   ||Recruit year 4 || limited ||      4.607971739596 ||0.1019084682156
  11   ||Mean Rec dist 1 || limited ||     0.9436402045518 ||0.004575692646321
  12   ||Mean Rec dist 2 || limited ||     0.6517682391877 ||0.004848460724097
  13   ||Mean Rec dist 3 || limited ||      0.742900846283 ||0.003553343075172
  14   ||Mean Rec dist 4 || limited ||     0.9688533421476 ||0.005011996445289





