# Minimum negative log likelihood

Minuit did successfully converge.
# of function calls: 1542
minimum function Value: 717.8095218709
minimum edm: 4.059637951957e-05
minimum internal state vector: LAVector parameters:
      4.245271864532
    -0.9429111419672
     -1.287002217587
     -1.011108415733
     -1.473486321174
     -1.443042572745
     -1.232597638253
      2.612831466703
     -1.234082845202
    -0.9868563214816
     -1.071676478503
     -1.407911144693

minimum internal covariance matrix: LASymMatrix parameters:
      1.4838856    0.049380975              0 -0.00048088933   -0.006822853  -0.0092839098  -0.0011570521    -0.02957786   -0.016195855   -0.045841356   -0.043325842   -0.018441195
    0.049380975   0.0016649582              0 -1.3614817e-05 -0.00023130692  -0.0003158898 -2.9999271e-05 -0.00080055759 -0.00056058964  -0.0015263336  -0.0014443233 -0.00061349765
              0              0              2              0              0              0              0              0              0              0              0              0
 -0.00048088933 -1.3614817e-05              0  0.00037045767 -1.0723838e-06  2.3464797e-06  3.9103393e-06 -0.00010065742  1.3169093e-05  3.3781771e-06  1.1915356e-05  7.9453859e-06
   -0.006822853 -0.00023130692              0 -1.0723838e-06  5.8165009e-05   5.311954e-05  1.5775931e-06  0.00013487258  3.5771237e-05  0.00021360406  0.00019931243  8.2698248e-05
  -0.0092839098  -0.0003158898              0  2.3464797e-06   5.311954e-05  7.0505189e-05  7.9252608e-07 -5.8817427e-05  0.00013713266  0.00028448006   0.0002719924  0.00011992802
  -0.0011570521 -2.9999271e-05              0  3.9103393e-06  1.5775931e-06  7.9252608e-07  3.3533876e-05  0.00040673967  1.3558172e-05  3.0654318e-05  3.5324583e-05  2.7554052e-05
    -0.02957786 -0.00080055759              0 -0.00010065742  0.00013487258 -5.8817427e-05  0.00040673967    0.025702562  5.6672764e-05   0.0011159506   0.0008014405 -0.00035927973
   -0.016195855 -0.00056058964              0  1.3169093e-05  3.5771237e-05  0.00013713266  1.3558172e-05  5.6672764e-05    0.000644272  0.00047736885  0.00047592855  0.00020879829
   -0.045841356  -0.0015263336              0  3.3781771e-06  0.00021360406  0.00028448006  3.0654318e-05   0.0011159506  0.00047736885   0.0014473802   0.0013364967  0.00055742815
   -0.043325842  -0.0014443233              0  1.1915356e-05  0.00019931243   0.0002719924  3.5324583e-05   0.0008014405  0.00047592855   0.0013364967   0.0012933629  0.00053556956
   -0.018441195 -0.00061349765              0  7.9453859e-06  8.2698248e-05  0.00011992802  2.7554052e-05 -0.00035927973  0.00020879829  0.00055742815  0.00053556956  0.00031479457


# ext. ||   Name    ||   type  ||     Value     ||  Error +/- 

   0   ||Natural mortality || limited ||    0.02267824499598 ||0.008541669057767
   1   ||Targeted q || limited ||      9.536418363586 ||0.8473365554004
   2   ||Nontargeted q || limited ||                   2 ||22.06548931833
   3   ||     sigma || limited ||      7.628957645691 ||0.3612779135591
   4   ||  Biomass1 || limited ||      2.365441836918 ||0.2619724821498
   5   ||  Biomass2 || limited ||      4.074708941923 ||0.3782288627404
   6   ||   vm_mean || limited ||     -2.963633524378 ||0.004268120584089
   7   ||  vm_sigma || limited ||      60.17881164215 ||3.906840175765
   8   ||Recruit year 1 || limited ||      2.817440048704 ||0.2964460889135
   9   ||Recruit year 2 || limited ||       8.29432419403 ||0.7413965966455
  10   ||Recruit year 3 || limited ||      6.109180564682 ||0.6084791523576
  11   ||Recruit year 4 || limited ||     0.6717581674681 ||0.101712249113





