# Minimum negative log likelihood

Minuit did successfully converge.
# of function calls: 841
minimum function Value: 702.9368590982
minimum edm: 2.001433425905e-05
minimum internal state vector: LAVector parameters:
    -0.6294050316511
     -1.098890347912
     -1.287002217587
     -1.031245820257
     -1.454649201449
     -1.430824914647
     -1.196295068531
     0.1674500451583
     -1.227920391576
     -1.061901620594
     -1.089911308653
     -1.398607779914

minimum internal covariance matrix: LASymMatrix parameters:
     0.23664917   -0.017671199              0 -0.00020039709   0.0044324688   0.0050187004  0.00018919893  -0.0072602486    0.013485114    0.019540408    0.019343435   0.0050485495
   -0.017671199   0.0013415711              0  1.2139156e-05 -0.00033675525 -0.00038445457 -2.7876407e-07  0.00032250714  -0.0010408126  -0.0014612547  -0.0014480595 -0.00037729958
              0              0              2              0              0              0              0              0              0              0              0              0
 -0.00020039709  1.2139156e-05              0  0.00038449561  2.7086285e-06  5.7146911e-08 -5.0931188e-06  0.00013818396 -2.7361891e-05 -1.8372967e-05 -1.4181918e-05 -4.0225662e-06
   0.0044324688 -0.00033675525              0  2.7086285e-06  0.00012009492  0.00011200786 -5.9765859e-08 -0.00013676611  0.00016546575   0.0003721501  0.00036211792  9.1355063e-05
   0.0050187004 -0.00038445457              0  5.7146911e-08  0.00011200786  0.00012197675 -1.1152801e-05  8.2680384e-05  0.00028749966     0.00041598  0.00041151328  0.00010859093
  0.00018919893 -2.7876407e-07              0 -5.0931188e-06 -5.9765859e-08 -1.1152801e-05  7.8479749e-05 -0.00060227525  4.9558634e-06  9.1392421e-06  1.7121622e-05  2.1245234e-05
  -0.0072602486  0.00032250714              0  0.00013818396 -0.00013676611  8.2680384e-05 -0.00060227525    0.026081143 -0.00090776594  -0.0007838333 -0.00046234147  0.00069107679
    0.013485114  -0.0010408126              0 -2.7361891e-05  0.00016546575  0.00028749966  4.9558634e-06 -0.00090776594   0.0015907828   0.0010938614   0.0011053957  0.00026089658
    0.019540408  -0.0014612547              0 -1.8372967e-05   0.0003721501     0.00041598  9.1392421e-06  -0.0007838333   0.0010938614    0.001642366   0.0015913567  0.00040534867
    0.019343435  -0.0014480595              0 -1.4181918e-05  0.00036211792  0.00041151328  1.7121622e-05 -0.00046234147   0.0011053957   0.0015913567   0.0016127916  0.00041496275
   0.0050485495 -0.00037729958              0 -4.0225662e-06  9.1355063e-05  0.00010859093  2.1245234e-05  0.00069107679  0.00026089658  0.00040534867  0.00041496275  0.00019180038


# ext. ||   Name    ||   type  ||     Value     ||  Error +/- 

   0   ||Natural mortality || limited ||    0.03028340242742 ||0.006815430138947
   1   ||Targeted q || limited ||      5.464826120143 ||0.588610739391
   2   ||Nontargeted q || limited ||                   2 ||22.06548931833
   3   ||     sigma || limited ||      7.103015226225 ||0.3561549316383
   4   ||  Biomass1 || limited ||      3.368749046902 ||0.4489981566372
   5   ||  Biomass2 || limited ||      4.890007477068 ||0.5447652913791
   6   ||   vm_mean || limited ||     -2.923849437198 ||0.007198873011815
   7   ||  vm_sigma || limited ||      46.66716087002 ||4.494083999245
   8   ||Recruit year 1 || limited ||      2.920124917592 ||0.4739726576203
   9   ||Recruit year 2 || limited ||      6.345188732017 ||0.6979195329406
  10   ||Recruit year 3 || limited ||      5.680138303842 ||0.656620074256
  11   ||Recruit year 4 || limited ||     0.7493188928329 ||0.08388521918986





