# Minimum negative log likelihood

Minuit did successfully converge.
# of function calls: 830
minimum function Value: 640.6169460773
minimum edm: 8.706789476324e-05
minimum internal state vector: LAVector parameters:
    -0.9838658188948
     -1.080096495004
     -1.287002217587
     -1.107862015598
     -1.456399622678
     -1.457871014837
     0.2281502996414
    -0.6369284437033
    -0.9776815683699
     -1.446127324767
     -1.027225711206
     -1.337746514627

minimum internal covariance matrix: LASymMatrix parameters:
   0.0027931172 -0.00075393186              0 -1.2245166e-05  0.00016793541  0.00015770556  4.4021774e-07 -1.0318338e-05  0.00078885683  0.00021506899   0.0010310227  0.00040274248
 -0.00075393186  0.00021455506              0  3.3368824e-06 -4.7336169e-05 -4.4413839e-05  5.4229033e-06 -4.0140422e-05  -0.0002126683 -5.7074646e-05 -0.00027939687 -0.00010922835
              0              0              2              0              0              0              0              0              0              0              0              0
 -1.2245166e-05  3.3368824e-06              0  0.00028724949  1.5070351e-06  1.0295426e-06  7.3342035e-07   -6.77388e-06 -3.4162505e-06 -4.4395237e-06  -4.005419e-06  1.8065009e-06
  0.00016793541 -4.7336169e-05              0  1.5070351e-06  2.0742591e-05  1.8641451e-05 -1.2745285e-06  1.7989129e-06  4.8277411e-05  1.2352396e-05  6.2394585e-05  2.4943717e-05
  0.00015770556 -4.4413839e-05              0  1.0295426e-06  1.8641451e-05   1.685306e-05  -1.141597e-06  3.0905833e-06  4.5183786e-05  1.1671806e-05  5.8573757e-05  2.3344381e-05
  4.4021774e-07  5.4229033e-06              0  7.3342035e-07 -1.2745285e-06  -1.141597e-06  8.6015953e-06 -5.5824835e-05  4.0238185e-08   2.190427e-07 -4.1030643e-07   5.481693e-08
 -1.0318338e-05 -4.0140422e-05              0   -6.77388e-06  1.7989129e-06  3.0905833e-06 -5.5824835e-05   0.0010231469 -6.3523173e-06  2.2555069e-06  1.6114706e-07 -4.3228628e-06
  0.00078885683  -0.0002126683              0 -3.4162505e-06  4.8277411e-05  4.5183786e-05  4.0238185e-08 -6.3523173e-06  0.00023403554  6.0000268e-05  0.00029141049  0.00011324662
  0.00021506899 -5.7074646e-05              0 -4.4395237e-06  1.2352396e-05  1.1671806e-05   2.190427e-07  2.2555069e-06  6.0000268e-05  2.9162237e-05   7.897692e-05  3.0726412e-05
   0.0010310227 -0.00027939687              0  -4.005419e-06  6.2394585e-05  5.8573757e-05 -4.1030643e-07  1.6114706e-07  0.00029141049   7.897692e-05   0.0003913929  0.00014817656
  0.00040274248 -0.00010922835              0  1.8065009e-06  2.4943717e-05  2.3344381e-05   5.481693e-08 -4.3228628e-06  0.00011324662  3.0726412e-05  0.00014817656  7.4963452e-05


# ext. ||   Name    ||   type  ||     Value     ||  Error +/- 

   0   ||Natural mortality || limited ||    0.02510332384271 ||0.003103693673607
   1   ||Targeted q || limited ||      5.899835819437 ||0.2440404262375
   2   ||Nontargeted q || limited ||                   2 ||22.06548931833
   3   ||     sigma || limited ||      5.262702004545 ||0.2675895348991
   4   ||  Biomass1 || limited ||      3.268085133071 ||0.1838025864171
   5   ||  Biomass2 || limited ||      3.184645111593 ||0.1635541808631
   6   ||   vm_mean || limited ||     0.7105533107807 ||0.006346313981717
   7   ||  vm_sigma || limited ||      16.21163953027 ||0.72725675991
   8   ||Recruit year 1 || limited ||      8.548959971349 ||0.3022833653094
   9   ||Recruit year 2 || limited ||     0.3980171963944 ||0.02373853104149
  10   ||Recruit year 3 || limited ||      7.215907552518 ||0.3617082493468
  11   ||Recruit year 4 || limited ||      1.361535870222 ||0.07068772680073





