# Minimum negative log likelihood

Minuit did successfully converge.
# of function calls: 1272
minimum function Value: 586.1632394319
minimum edm: 1.079285748791e-05
minimum internal state vector: LAVector parameters:
     0.1928768558401
      -1.04533500509
     -1.287002217587
     -1.165449607001
     -1.504036445167
     -1.508232276806
    -0.1310130791233
     -1.392140623283
    -0.9603167896272
     -1.023251328217
     -1.438055309976
    0.04914446882502
    0.02648519399959
    0.07912400709224
    0.04250611749331

minimum internal covariance matrix: LASymMatrix parameters:
   0.0081800062 -0.00065654109              0  3.8377593e-05  9.0720645e-05   8.019572e-05  -0.0016348074  0.00032470926   0.0010562049   0.0010357495  0.00022687194  3.3035201e-05  3.1589742e-05  3.3917731e-05  4.7278594e-05
 -0.00065654109  6.1953879e-05              0 -3.2134591e-06 -8.5774868e-06 -7.5488612e-06  9.3376072e-05 -2.6428641e-05  -8.736696e-05 -8.6090985e-05 -1.9075021e-05 -1.9186361e-06  -1.889667e-06 -1.9589243e-06 -3.6405776e-06
              0              0              2              0              0              0              0              0              0              0              0              0              0              0              0
  3.8377593e-05 -3.2134591e-06              0  0.00021541974  1.8050533e-06  1.5731491e-06 -1.1671077e-05  1.6743324e-07  2.5972992e-06  3.7547628e-06  8.8686743e-08 -2.9965652e-07  4.3047362e-07  3.8684734e-07 -6.4119129e-07
  9.0720645e-05 -8.5774868e-06              0  1.8050533e-06  6.6895081e-06  5.4577384e-06  -1.393567e-05   3.817992e-06  1.1403635e-05  1.1956996e-05  2.3148959e-06  3.5287558e-08  2.8664929e-07  3.0055226e-07  6.3550008e-07
   8.019572e-05 -7.5488612e-06              0  1.5731491e-06  5.4577384e-06  4.5117991e-06   -1.23272e-05  3.3248263e-06  1.0111227e-05  1.0569284e-05  2.0808542e-06  6.8241036e-08  2.5568668e-07  2.6683563e-07  5.5502952e-07
  -0.0016348074  9.3376072e-05              0 -1.1671077e-05  -1.393567e-05   -1.23272e-05   0.0020060661 -6.1787697e-05  -0.0002024716 -0.00019106728 -5.1055807e-05  -1.723828e-05 -1.9814685e-05 -1.8324238e-05 -1.6073741e-05
  0.00032470926 -2.6428641e-05              0  1.6743324e-07   3.817992e-06  3.3248263e-06 -6.1787697e-05  2.3789297e-05  4.1891331e-05  4.0582765e-05  9.3118133e-06  1.4392034e-06  1.2246262e-06  1.2429346e-06  1.9060044e-06
   0.0010562049  -8.736696e-05              0  2.5972992e-06  1.1403635e-05  1.0111227e-05  -0.0002024716  4.1891331e-05   0.0001483151  0.00013395645  2.9669035e-05  4.3054151e-06  3.9749707e-06  4.0777409e-06  6.5665394e-06
   0.0010357495 -8.6090985e-05              0  3.7547628e-06  1.1956996e-05  1.0569284e-05 -0.00019106728  4.0582765e-05  0.00013395645  0.00014310842  2.8440302e-05  3.2496193e-06  3.8059938e-06  3.9210924e-06  6.8231538e-06
  0.00022687194 -1.9075021e-05              0  8.8686743e-08  2.3148959e-06  2.0808542e-06 -5.1055807e-05  9.3118133e-06  2.9669035e-05  2.8440302e-05  2.2525785e-05  9.6194987e-07   9.086299e-07  1.0519041e-06  1.6085226e-06
  3.3035201e-05 -1.9186361e-06              0 -2.9965652e-07  3.5287558e-08  6.8241036e-08  -1.723828e-05  1.4392034e-06  4.3054151e-06  3.2496193e-06  9.6194987e-07  3.7586865e-06  2.4105437e-07  2.4308178e-07  1.5388011e-07
  3.1589742e-05  -1.889667e-06              0  4.3047362e-07  2.8664929e-07  2.5568668e-07 -1.9814685e-05  1.2246262e-06  3.9749707e-06  3.8059938e-06   9.086299e-07  2.4105437e-07  4.7323403e-07  2.2388826e-07  2.6838955e-07
  3.3917731e-05 -1.9589243e-06              0  3.8684734e-07  3.0055226e-07  2.6683563e-07 -1.8324238e-05  1.2429346e-06  4.0777409e-06  3.9210924e-06  1.0519041e-06  2.4308178e-07  2.2388826e-07  6.8631383e-07  3.1363459e-07
  4.7278594e-05 -3.6405776e-06              0 -6.4119129e-07  6.3550008e-07  5.5502952e-07 -1.6073741e-05  1.9060044e-06  6.5665394e-06  6.8231538e-06  1.6085226e-06  1.5388011e-07  2.6838955e-07  3.1363459e-07  8.2840421e-06


# ext. ||   Name    ||   type  ||     Value     ||  Error +/- 

   0   ||Natural mortality || limited ||    0.04979207985431 ||0.001568111552101
   1   ||Targeted q || limited ||      6.745368544229 ||0.1395902413539
   2   ||Nontargeted q || limited ||                   2 ||22.06548931833
   3   ||     sigma || limited ||      4.051713608983 ||0.2046246426294
   4   ||  Biomass1 || limited ||       1.11380668114 ||0.06100209745444
   5   ||  Biomass2 || limited ||     0.9782459328562 ||0.04695385069728
   6   ||  vm_sigma || limited ||      34.77502105618 ||1.255745587725
   7   ||Recruit year 1 || limited ||     0.8057467886469 ||0.03064119156328
   8   ||Recruit year 2 || limited ||      9.040436247297 ||0.2468032498959
   9   ||Recruit year 3 || limited ||      7.319011547467 ||0.2201593169904
  10   ||Recruit year 4 || limited ||     0.4498140187652 ||0.02220648029452
  11   ||Mean Rec dist 1 || limited ||     0.4912468910041 ||0.01369235831816
  12   ||Mean Rec dist 2 || limited ||     0.2648209769988 ||0.004862623348259
  13   ||Mean Rec dist 3 || limited ||     0.7904147219387 ||0.005839631704247
  14   ||Mean Rec dist 4 || limited ||     0.4249331885309 ||0.02033355889115





