# Minimum negative log likelihood

Minuit did successfully converge.
# of function calls: 1089
minimum function Value: 569.2979835525
minimum edm: 1.201175865846e-05
minimum internal state vector: LAVector parameters:
     0.5546824279641
     -1.103423788454
     -1.287002217587
     -1.181759690982
     -1.474743759593
     -1.480902221273
     0.5067403621031
     -1.439270124578
     -1.071743255515
     -1.378911336355
     -1.053671676146
    0.03912861669544
    0.04698211575369
    0.04487206116717
     0.1086007652494

minimum internal covariance matrix: LASymMatrix parameters:
    0.017336108  -0.0013690987              0  3.8121868e-05  0.00029537593  0.00026904281  -0.0063414514  0.00052075497   0.0019773534  0.00074106507   0.0021921942  3.0656506e-05  4.4211947e-05  5.0336709e-05  4.7893939e-05
  -0.0013690987  0.00012792432              0 -5.1186009e-06 -2.7451845e-05 -2.4980157e-05   0.0003803468  -4.315057e-05  -0.0001641237 -6.0902382e-05 -0.00019077491 -1.1173494e-06 -2.3740158e-06  -3.419125e-06 -3.1607674e-06
              0              0              2              0              0              0              0              0              0              0              0              0              0              0              0
  3.8121868e-05 -5.1186009e-06              0  0.00018834617  1.2594065e-06  1.1074671e-06  8.9147482e-06  2.0063599e-06  5.5601139e-06  2.4976678e-07  3.3233194e-06  9.6701776e-07  1.9618573e-07  4.8361195e-07  4.2159221e-07
  0.00029537593 -2.7451845e-05              0  1.2594065e-06  1.0619115e-05   9.228285e-06 -8.7911121e-05  9.6136611e-06  3.5411815e-05  1.3063669e-05  4.1201355e-05  -4.001164e-08   5.171553e-07  7.3403487e-07  6.8176796e-07
  0.00026904281 -2.4980157e-05              0  1.1074671e-06   9.228285e-06  8.0855751e-06 -7.9242938e-05  8.7020612e-06   3.220587e-05  1.1868664e-05  3.7524459e-05  1.3500168e-08   4.714786e-07  6.6667064e-07  6.2342576e-07
  -0.0063414514   0.0003803468              0  8.9147482e-06 -8.7911121e-05 -7.9242938e-05     0.01668854 -0.00017807694 -0.00066718865 -0.00024345966 -0.00069922922 -4.7032394e-05 -6.1088872e-05 -5.0002833e-05 -6.2016145e-05
  0.00052075497  -4.315057e-05              0  2.0063599e-06  9.6136611e-06  8.7020612e-06 -0.00017807694   2.618568e-05  5.9874248e-05  2.3069318e-05  6.6845015e-05  7.8844341e-07  1.1923226e-06  1.3559938e-06  1.3744556e-06
   0.0019773534  -0.0001641237              0  5.5601139e-06  3.5411815e-05   3.220587e-05 -0.00066718865  5.9874248e-05  0.00023889185  8.4879279e-05  0.00025634196  2.8962349e-06  4.5629936e-06  5.3522203e-06  5.2158181e-06
  0.00074106507 -6.0902382e-05              0  2.4976678e-07  1.3063669e-05  1.1868664e-05 -0.00024345966  2.3069318e-05  8.4879279e-05  4.2312576e-05  9.5727779e-05  1.2234326e-06  1.7207845e-06  1.9257124e-06  1.8448651e-06
   0.0021921942 -0.00019077491              0  3.3233194e-06  4.1201355e-05  3.7524459e-05 -0.00069922922  6.6845015e-05  0.00025634196  9.5727779e-05  0.00031339269  1.5665435e-06  4.4143566e-06  5.7769389e-06  6.0226834e-06
  3.0656506e-05 -1.1173494e-06              0  9.6701776e-07  -4.001164e-08  1.3500168e-08 -4.7032394e-05  7.8844341e-07  2.8962349e-06  1.2234326e-06  1.5665435e-06  4.9278049e-06  2.6718588e-07   2.462441e-07  1.6318736e-07
  4.4211947e-05 -2.3740158e-06              0  1.9618573e-07   5.171553e-07   4.714786e-07 -6.1088872e-05  1.1923226e-06  4.5629936e-06  1.7207845e-06  4.4143566e-06  2.6718588e-07  5.8702824e-07  2.3687768e-07  2.4518124e-07
  5.0336709e-05  -3.419125e-06              0  4.8361195e-07  7.3403487e-07  6.6667064e-07 -5.0002833e-05  1.3559938e-06  5.3522203e-06  1.9257124e-06  5.7769389e-06   2.462441e-07  2.3687768e-07  2.6517812e-06   2.592072e-07
  4.7893939e-05 -3.1607674e-06              0  4.2159221e-07  6.8176796e-07  6.2342576e-07 -6.2016145e-05  1.3744556e-06  5.2158181e-06  1.8448651e-06  6.0226834e-06  1.6318736e-07  2.4518124e-07   2.592072e-07  8.4115142e-07


# ext. ||   Name    ||   type  ||     Value     ||  Error +/- 

   0   ||Natural mortality || limited ||    0.05816683422558 ||0.00197572617355
   1   ||Targeted q || limited ||      5.362242465825 ||0.1801616626538
   2   ||Nontargeted q || limited ||                   2 ||22.06548931833
   3   ||     sigma || limited ||      3.736255474306 ||0.1840374662203
   4   ||  Biomass1 || limited ||      2.304751110924 ||0.1104942696899
   5   ||  Biomass2 || limited ||      2.018877465061 ||0.09025189116907
   6   ||  vm_sigma || limited ||      59.41345042915 ||3.190219316348
   7   ||Recruit year 1 || limited ||     0.4418122616156 ||0.02372476721129
   8   ||Recruit year 2 || limited ||      6.107582671667 ||0.2614996638925
   9   ||Recruit year 3 || limited ||     0.9275835577737 ||0.04385482590654
  10   ||Recruit year 4 || limited ||      6.547131507085 ||0.3093912426224
  11   ||Mean Rec dist 1 || limited ||     0.3911863282384 ||0.01568480160027
  12   ||Mean Rec dist 2 || limited ||     0.4696483357347 ||0.005411715879442
  13   ||Mean Rec dist 3 || limited ||     0.4485700435322 ||0.01150313917257
  14   ||Mean Rec dist 4 || limited ||      1.083874159131 ||0.006446974487601





