# Minimum negative log likelihood

Minuit did successfully converge.
# of function calls: 1899
minimum function Value: 688.8576280474
minimum edm: 2.426283280943e-05
minimum internal state vector: LAVector parameters:
    -0.9529814240864
     -1.005756775694
     -1.287002217587
     -1.049631471862
     -1.401678654402
     -1.412290277548
    -0.9208582425973
     -1.103028607783
     -1.023287876716
      -1.06123248279
     -1.326604565236
    0.07567861031458
    0.05640415576844
    0.03379382467098
    0.03350638994049

minimum internal covariance matrix: LASymMatrix parameters:
    0.069622474   -0.002706923              0  7.6235598e-05  0.00084041785  0.00076755918  -0.0032770322   0.0040135248   0.0046843791   0.0042429065   0.0019326409  0.00040110687  0.00041675652  0.00038134643  0.00036485624
   -0.002706923   0.0001236365              0 -3.2931876e-06 -3.7810627e-05 -3.4682589e-05   0.0001029368 -0.00015751224 -0.00018397144 -0.00016824891  -7.851811e-05 -1.3490076e-05  -1.383311e-05 -1.2423154e-05 -1.5525042e-05
              0              0              2              0              0              0              0              0              0              0              0              0              0              0              0
  7.6235598e-05 -3.2931876e-06              0  0.00034889852 -2.4188467e-06 -1.7974582e-06 -1.1808318e-05  5.2975785e-06   2.946821e-06   4.477956e-06  4.5555221e-06  1.8014999e-06 -3.1915712e-07  4.5987997e-07  1.6893228e-06
  0.00084041785 -3.7810627e-05              0 -2.4188467e-06   2.339541e-05  2.0092383e-05 -3.3955786e-05  4.8852996e-05   5.706717e-05  5.2381378e-05  2.3691775e-05  3.8062195e-06  4.7063477e-06   3.878835e-06  4.7326785e-06
  0.00076755918 -3.4682589e-05              0 -1.7974582e-06  2.0092383e-05  1.7478877e-05 -3.0828337e-05    4.46757e-05  5.2199855e-05  4.8006695e-05  2.1893084e-05  3.5547934e-06  4.2132818e-06   3.609313e-06  4.4652452e-06
  -0.0032770322   0.0001029368              0 -1.1808318e-05 -3.3955786e-05 -3.0828337e-05  0.00035137438 -0.00018843998 -0.00021826351 -0.00019426787 -9.4754376e-05 -2.9432494e-05 -2.8529529e-05  -2.695303e-05 -2.5212712e-05
   0.0040135248 -0.00015751224              0  5.2975785e-06  4.8852996e-05    4.46757e-05 -0.00018843998  0.00024787364   0.0002706875  0.00024558425  0.00011288395  2.2011147e-05  2.4097992e-05  2.2274788e-05  2.0378865e-05
   0.0046843791 -0.00018397144              0   2.946821e-06   5.706717e-05  5.2199855e-05 -0.00021826351   0.0002706875  0.00033223277  0.00028617925   0.0001314912   2.678594e-05  2.7487165e-05  2.5730899e-05  2.3789517e-05
   0.0042429065 -0.00016824891              0   4.477956e-06  5.2381378e-05  4.8006695e-05 -0.00019426787  0.00024558425  0.00028617925  0.00027766155  0.00012041118   2.416676e-05  2.5917844e-05  2.2016745e-05  2.2546188e-05
   0.0019326409  -7.851811e-05              0  4.5555221e-06  2.3691775e-05  2.1893084e-05 -9.4754376e-05  0.00011288395   0.0001314912  0.00012041118  7.8657369e-05  1.0757806e-05  1.1628128e-05  1.1042713e-05  9.1103856e-06
  0.00040110687 -1.3490076e-05              0  1.8014999e-06  3.8062195e-06  3.5547934e-06 -2.9432494e-05  2.2011147e-05   2.678594e-05   2.416676e-05  1.0757806e-05  6.8293859e-06  2.4984701e-06  2.3377358e-06  1.5402304e-06
  0.00041675652  -1.383311e-05              0 -3.1915712e-07  4.7063477e-06  4.2132818e-06 -2.8529529e-05  2.4097992e-05  2.7487165e-05  2.5917844e-05  1.1628128e-05  2.4984701e-06   5.268538e-06  2.3001489e-06  2.1039865e-06
  0.00038134643 -1.2423154e-05              0  4.5987997e-07   3.878835e-06   3.609313e-06  -2.695303e-05  2.2274788e-05  2.5730899e-05  2.2016745e-05  1.1042713e-05  2.3377358e-06  2.3001489e-06  4.7251044e-06   1.895427e-06
  0.00036485624 -1.5525042e-05              0  1.6893228e-06  4.7326785e-06  4.4652452e-06 -2.5212712e-05  2.0378865e-05  2.3789517e-05  2.2546188e-05  9.1103856e-06  1.5402304e-06  2.1039865e-06   1.895427e-06  1.7137642e-05


# ext. ||   Name    ||   type  ||     Value     ||  Error +/- 

   0   ||Natural mortality || limited ||     0.0246213467246 ||0.002686254489564
   1   ||Targeted q || limited ||      7.771628826113 ||0.2104951899703
   2   ||Nontargeted q || limited ||                   2 ||22.06548931833
   3   ||     sigma || limited ||      6.638010111869 ||0.3287955592437
   4   ||  Biomass1 || limited ||      7.133171246201 ||0.2878301680286
   5   ||  Biomass2 || limited ||       6.26790242437 ||0.2333119064474
   6   ||  vm_sigma || limited ||      8.156047355634 ||0.320823137143
   7   ||Recruit year 1 || limited ||      5.380611113988 ||0.2509534256655
   8   ||Recruit year 2 || limited ||      7.318060326988 ||0.3354229942077
   9   ||Recruit year 3 || limited ||      6.361497483733 ||0.2873413454489
  10   ||Recruit year 4 || limited ||      1.493199093946 ||0.07580270360118
  11   ||Mean Rec dist 1 || limited ||     0.7560639258535 ||0.01842598593494
  12   ||Mean Rec dist 2 || limited ||     0.5637425289137 ||0.0162046129973
  13   ||Mean Rec dist 3 || limited ||     0.3378739281975 ||0.01536181391125
  14   ||Mean Rec dist 4 || limited ||     0.3350012081034 ||0.02925607612391





