# Minimum negative log likelihood

Minuit did successfully converge.
# of function calls: 1011
minimum function Value: 281.7863965415
minimum edm: 4.840775376437e-05
minimum internal state vector: LAVector parameters:
     0.1490151146514
     -1.135833920579
     -1.287002217587
     -1.764794350551
     -1.506323364046
     -1.509690743073
   0.008927477518104
     -1.208358939955
    -0.9506896747427
     -1.138695455287
     -1.238537821275
     -1.096590518643

minimum internal covariance matrix: LASymMatrix parameters:
  0.00030963076 -4.8198967e-05              0 -8.7982341e-06  9.1091176e-06  7.8773588e-06  2.5539332e-05 -1.8111786e-05   9.470979e-05  6.4483199e-05  4.8898301e-05  6.9970202e-05
 -4.8198967e-05  1.0815984e-05              0  2.6576158e-06  -1.659703e-06 -1.5622675e-06 -3.0620921e-06  7.6330628e-07 -1.6753843e-05 -1.1271476e-05 -8.6658756e-06 -1.2710114e-05
              0              0              2              0              0              0              0              0              0              0              0              0
 -8.7982341e-06  2.6576158e-06              0  4.9833371e-05  7.6991915e-08 -1.1615267e-07 -3.6991889e-07 -1.6139713e-06 -3.4748648e-06 -2.3738708e-06 -1.6254684e-06 -2.6556038e-06
  9.1091176e-06  -1.659703e-06              0  7.6991915e-08   8.604997e-07  6.8423843e-07  6.3882742e-07 -6.9636235e-07  3.0801336e-06  1.9560943e-06  1.5081294e-06   2.172249e-06
  7.8773588e-06 -1.5622675e-06              0 -1.1615267e-07  6.8423843e-07  5.6284279e-07  5.3140344e-07 -4.3885693e-07  2.6839835e-06  1.7657819e-06  1.3712978e-06  1.9672671e-06
  2.5539332e-05 -3.0620921e-06              0 -3.6991889e-07  6.3882742e-07  5.3140344e-07  2.7078397e-06 -2.1507556e-06  7.1967501e-06  5.0224184e-06  3.8084215e-06  5.3870519e-06
 -1.8111786e-05  7.6330628e-07              0 -1.6139713e-06 -6.9636235e-07 -4.3885693e-07 -2.1507556e-06  3.6345123e-06 -4.3281113e-06 -2.9553219e-06 -2.2302431e-06 -3.0442143e-06
   9.470979e-05 -1.6753843e-05              0 -3.4748648e-06  3.0801336e-06  2.6839835e-06  7.1967501e-06 -4.3281113e-06  3.2562969e-05   1.965623e-05  1.4462706e-05   2.174888e-05
  6.4483199e-05 -1.1271476e-05              0 -2.3738708e-06  1.9560943e-06  1.7657819e-06  5.0224184e-06 -2.9553219e-06   1.965623e-05  1.4895324e-05   1.111344e-05  1.5628814e-05
  4.8898301e-05 -8.6658756e-06              0 -1.6254684e-06  1.5081294e-06  1.3712978e-06  3.8084215e-06 -2.2302431e-06  1.4462706e-05   1.111344e-05  9.4474215e-06  1.2141406e-05
  6.9970202e-05 -1.2710114e-05              0 -2.6556038e-06   2.172249e-06  1.9672671e-06  5.3870519e-06 -3.0442143e-06   2.174888e-05  1.5628814e-05  1.2141406e-05  1.7918225e-05


# ext. ||   Name    ||   type  ||     Value     ||  Error +/- 

   0   ||Natural mortality || limited ||    0.05742321170029 ||0.0006152137503116
   1   ||Targeted q || limited ||      4.655705796485 ||0.04899567423402
   2   ||Nontargeted q || limited ||                   2 ||22.06548931833
   3   ||     sigma || limited ||     0.9379336741276 ||0.04811528767759
   4   ||  Biomass1 || limited ||      1.038830808833 ||0.02113036731693
   5   ||  Biomass2 || limited ||     0.9331826693115 ||0.01619791574292
   6   ||   vm_mean || limited ||    0.02804612523715 ||0.003655349849705
   7   ||  vm_sigma || limited ||       2.59955088028 ||0.01911812489683
   8   ||Recruit year 1 || limited ||      9.318244910339 ||0.1172302472872
   9   ||Recruit year 2 || limited ||      4.605142819998 ||0.05713752508786
  10   ||Recruit year 3 || limited ||      2.744322621667 ||0.035442444258
  11   ||Recruit year 4 || limited ||      5.526665498524 ||0.06833210451586





