# Minimum negative log likelihood

Minuit did successfully converge.
# of function calls: 1308
minimum function Value: 595.8968145746
minimum edm: 6.214203564661e-05
minimum internal state vector: LAVector parameters:
     0.1231723381772
     -1.333813414739
     -1.287002217587
     -1.155723900012
     -1.518568657558
     -1.520368537954
     0.5431529516618
     0.1792877151473
     -0.949708226064
      -1.27699809422
    -0.9517320514127
     -1.317584929193

minimum internal covariance matrix: LASymMatrix parameters:
      0.1184951   -0.019395753              0  0.00014587088   0.0040865305   0.0040226019   0.0001166023  -0.0032676548    0.052864381    0.026915189     0.05181719    0.020666927
   -0.019395753   0.0032056409              0 -2.1006331e-05 -0.00067510177 -0.00066445942  -1.110746e-05  0.00020244052  -0.0087117672  -0.0044278057  -0.0085374764  -0.0034017176
              0              0              2              0              0              0              0              0              0              0              0              0
  0.00014587088 -2.1006331e-05              0  0.00022797075  3.7060681e-06  3.8514374e-06  8.2651138e-07 -0.00013705204  5.9311934e-05  3.0302036e-05  5.9387519e-05  2.3193592e-05
   0.0040865305 -0.00067510177              0  3.7060681e-06  0.00015189259  0.00014839662  2.4067878e-06  -5.993098e-05   0.0018347861  0.00093356424   0.0017985901  0.00071743409
   0.0040226019 -0.00066445942              0  3.8514374e-06  0.00014839662  0.00014514246  2.3859745e-06 -5.6967919e-05   0.0018059301  0.00091882987   0.0017702831  0.00070608763
   0.0001166023  -1.110746e-05              0  8.2651138e-07  2.4067878e-06  2.3859745e-06  1.1633695e-05 -0.00025323628  3.7268872e-05  2.0400875e-05  3.6713376e-05  1.5190652e-05
  -0.0032676548  0.00020244052              0 -0.00013705204  -5.993098e-05 -5.6967919e-05 -0.00025323628     0.02946194 -0.00086791185 -0.00046887594 -0.00085155863 -0.00037846251
    0.052864381  -0.0087117672              0  5.9311934e-05   0.0018347861   0.0018059301  3.7268872e-05 -0.00086791185    0.023710403    0.012049753    0.023227141    0.009256714
    0.026915189  -0.0044278057              0  3.0302036e-05  0.00093356424  0.00091882987  2.0400875e-05 -0.00046887594    0.012049753   0.0061456355    0.011811108   0.0047097478
     0.05181719  -0.0085374764              0  5.9387519e-05   0.0017985901   0.0017702831  3.6713376e-05 -0.00085155863    0.023227141    0.011811108    0.022773905   0.0090709159
    0.020666927  -0.0034017176              0  2.3193592e-05  0.00071743409  0.00070608763  1.5190652e-05 -0.00037846251    0.009256714   0.0047097478   0.0090709159   0.0036482546


# ext. ||   Name    ||   type  ||     Value     ||  Error +/- 

   0   ||Natural mortality || limited ||    0.04807152810923 ||0.005979645314107
   1   ||Targeted q || limited ||      1.397463873076 ||0.4698300080512
   2   ||Nontargeted q || limited ||                   2 ||22.06548931833
   3   ||     sigma || limited ||      4.245644182762 ||0.2152620071818
   4   ||  Biomass1 || limited ||      0.681777361986 ||0.2274683605603
   5   ||  Biomass2 || limited ||     0.6356057612847 ||0.2147003931381
   6   ||   vm_mean || limited ||      1.623693664823 ||0.006486483970397
   7   ||  vm_sigma || limited ||      47.13356088002 ||4.765250477284
   8   ||Recruit year 1 || limited ||       9.34677871858 ||3.161448976471
   9   ||Recruit year 2 || limited ||      2.152243104772 ||0.8021503449546
  10   ||Recruit year 3 || limited ||      9.287982650012 ||3.089857254873
  11   ||Recruit year 4 || limited ||      1.604194846271 ||0.5347545870236





