# Minimum negative log likelihood

Minuit did successfully converge.
# of function calls: 1361
minimum function Value: 627.1375319583
minimum edm: 3.490968432084e-06
minimum internal state vector: LAVector parameters:
    -0.5072434509886
     -1.091361694898
     -1.287002217587
     -1.122810423905
      -1.54410087029
     -1.525623574964
    -0.8911157998028
    -0.5954717942848
      -1.01006882511
    -0.9169032989698
     -1.178349442425
     -1.132047626042

minimum internal covariance matrix: LASymMatrix parameters:
   0.0032252602   -0.001488171              0 -9.1089826e-07  0.00011244972  0.00014883046  5.2099626e-05 -0.00038789978   0.0017848427    0.002090036   0.0011874375   0.0015825996
   -0.001488171  0.00070890559              0  3.2834394e-06 -6.2328749e-05 -7.0714656e-05 -1.4673852e-05  0.00011802235 -0.00083822427  -0.0009770866 -0.00055486416 -0.00073913722
              0              0      2.5032511              0              0              0              0              0              0              0              0              0
 -9.1089826e-07  3.2834394e-06              0  0.00024287357  6.5057006e-06  1.5163786e-07  8.9462723e-07  -4.207905e-06   9.250367e-07 -9.4416266e-08 -2.2110088e-06  3.1690505e-07
  0.00011244972 -6.2328749e-05              0  6.5057006e-06  0.00021333305  3.1301851e-05 -4.8611722e-06 -1.8083876e-05  0.00021031061  7.9270368e-05  4.6699079e-05  5.8835279e-05
  0.00014883046 -7.0714656e-05              0  1.5163786e-07  3.1301851e-05  2.2702251e-05  2.6250728e-06 -1.4380574e-05  7.6640526e-05    9.75547e-05  5.5590257e-05     7.3994e-05
  5.2099626e-05 -1.4673852e-05              0  8.9462723e-07 -4.8611722e-06  2.6250728e-06  1.1085492e-05 -4.7435965e-05   1.659502e-05  2.8392216e-05  1.6389818e-05  2.2464501e-05
 -0.00038789978  0.00011802235              0  -4.207905e-06 -1.8083876e-05 -1.4380574e-05 -4.7435965e-05  0.00084633141  -0.0002557196 -0.00022023804  -0.0001211992 -0.00017184036
   0.0017848427 -0.00083822427              0   9.250367e-07  0.00021031061  7.6640526e-05   1.659502e-05  -0.0002557196   0.0011689409    0.001166436  0.00066231111  0.00088139403
    0.002090036  -0.0009770866              0 -9.4416266e-08  7.9270368e-05    9.75547e-05  2.8392216e-05 -0.00022023804    0.001166436   0.0013776556  0.00077327177    0.001030225
   0.0011874375 -0.00055486416              0 -2.2110088e-06  4.6699079e-05  5.5590257e-05  1.6389818e-05  -0.0001211992  0.00066231111  0.00077327177  0.00045468149  0.00058590734
   0.0015825996 -0.00073913722              0  3.1690505e-07  5.8835279e-05     7.3994e-05  2.2464501e-05 -0.00017184036  0.00088139403    0.001030225  0.00058590734   0.0007975778


# ext. ||   Name    ||   type  ||     Value     ||  Error +/- 

   0   ||Natural mortality || limited ||    0.07713455517024 ||0.005263765178255
   1   ||Targeted q || limited ||      5.637207188912 ||0.4341961193414
   2   ||Nontargeted q || limited ||                   2 ||57.21993913244
   3   ||     sigma || limited ||      4.933933089251 ||0.2386578526978
   4   ||  Biomass1 || limited ||     0.1781512692023 ||0.1378358292313
   5   ||  Biomass2 || limited ||     0.5100576338016 ||0.07607071240204
   6   ||   vm_mean || limited ||     -2.443447706856 ||0.004648876847779
   7   ||  vm_sigma || limited ||      17.56480413645 ||0.6811592105005
   8   ||Recruit year 1 || limited ||      7.665811942995 ||0.6427112014127
   9   ||Recruit year 2 || limited ||      10.32288038877 ||0.7980613826463
  10   ||Recruit year 3 || limited ||       3.81081913664 ||0.2882862316519
  11   ||Recruit year 4 || limited ||       4.74532979438 ||0.4240928188563





