# Minimum negative log likelihood

Minuit did successfully converge.
# of function calls: 1128
minimum function Value: 412.7632822618
minimum edm: 1.007646524922e-05
minimum internal state vector: LAVector parameters:
     -0.949786316168
     -1.234034978069
     -1.287002217587
     -1.304662621897
     -1.343355313239
     -1.347466807011
     0.4469276551022
      0.115495103601
    -0.9061898097381
    -0.9258378317797
     -1.370101767729
      -1.19587963269

minimum internal covariance matrix: LASymMatrix parameters:
  0.00059303406 -0.00027332223              0 -1.2637582e-05  0.00020449213  0.00019711359  7.1749195e-06  7.2684255e-05  0.00056810168  0.00056322595  0.00019451807   0.0003034369
 -0.00027332223  0.00012742234              0  6.1879412e-06 -9.5396502e-05 -9.1923555e-05 -2.8038117e-06 -5.1570025e-05 -0.00026294099  -0.0002604807 -8.9038851e-05 -0.00014086169
              0              0              2              0              0              0              0              0              0              0              0              0
 -1.2637582e-05  6.1879412e-06              0  9.4775883e-05 -4.9896145e-06 -4.7532875e-06 -1.9642055e-07 -7.4528463e-07 -1.1720048e-05  -1.098894e-05 -3.9512377e-06 -6.7195517e-06
  0.00020449213 -9.5396502e-05              0 -4.9896145e-06  7.3695293e-05  7.0809985e-05  1.9638899e-06  3.9908706e-05  0.00019698999  0.00019485709  6.6599141e-05  0.00010539004
  0.00019711359 -9.1923555e-05              0 -4.7532875e-06  7.0809985e-05   6.806125e-05  1.9130738e-06  3.8609349e-05  0.00018982536  0.00018782013   6.420624e-05   0.0001015691
  7.1749195e-06 -2.8038117e-06              0 -1.9642055e-07  1.9638899e-06  1.9130738e-06  1.5639733e-06 -3.8431587e-05  6.4743467e-06  6.4273743e-06  2.4332759e-06  3.6691362e-06
  7.2684255e-05 -5.1570025e-05              0 -7.4528463e-07  3.9908706e-05  3.8609349e-05 -3.8431587e-05   0.0034417528  7.6819408e-05  7.5712453e-05  1.7090838e-05  3.3963159e-05
  0.00056810168 -0.00026294099              0 -1.1720048e-05  0.00019698999  0.00018982536  6.4743467e-06  7.6819408e-05  0.00054678871  0.00054024527  0.00018586568    0.000291397
  0.00056322595  -0.0002604807              0  -1.098894e-05  0.00019485709  0.00018782013  6.4273743e-06  7.5712453e-05  0.00054024527  0.00053742926  0.00018398125  0.00028888394
  0.00019451807 -8.9038851e-05              0 -3.9512377e-06  6.6599141e-05   6.420624e-05  2.4332759e-06  1.7090838e-05  0.00018586568  0.00018398125  6.6924559e-05  9.8923917e-05
   0.0003034369 -0.00014086169              0 -6.7195517e-06  0.00010539004   0.0001015691  3.6691362e-06  3.3963159e-05    0.000291397  0.00028888394  9.8923917e-05   0.0001597784


# ext. ||   Name    ||   type  ||     Value     ||  Error +/- 

   0   ||Natural mortality || limited ||    0.02800632150778 ||0.001502833255921
   1   ||Targeted q || limited ||      2.808511608574 || 0.131872852
   2   ||Nontargeted q || limited ||                   2 ||22.06548931833
   3   ||     sigma || limited ||      1.760252354272 ||0.09052355027665
   4   ||  Biomass1 || limited ||      12.87670111078 ||0.6843688256786
   5   ||  Biomass2 || limited ||      12.41727921179 ||0.6459999192643
   6   ||   vm_mean || limited ||      1.357786924875 ||0.002505242116961
   7   ||  vm_sigma || limited ||      44.60998268653 ||1.647789821308
   8   ||Recruit year 1 || limited ||      10.65095947528 ||0.5098123179349
   9   ||Recruit year 2 || limited ||      10.05275967426 ||0.4926592728194
  10   ||Recruit year 3 || limited ||        1.0134819483 ||0.05765249997337
  11   ||Recruit year 4 || limited ||      3.482746123437 ||0.1636353964293





