# Minimum negative log likelihood

Minuit did successfully converge.
# of function calls: 1731
minimum function Value: 414.3293669496
minimum edm: 2.713598833558e-05
minimum internal state vector: LAVector parameters:
     0.3933991733555
    -0.9713026163713
     -1.287002217587
     -1.303642542892
     -1.513274919091
     -1.518131671545
    -0.2335223728346
     -1.107686239196
       -1.1448498116
     -1.010041670744
     -1.106616598202
     0.0721183796563
     0.0521051485374
     0.1139060739888
    0.08456880829459

minimum internal covariance matrix: LASymMatrix parameters:
   0.0028490061 -0.00017512642              0  0.00013307074  1.0472685e-05  9.7737303e-06 -0.00045431893  0.00023778674  0.00021283043  0.00028949936  0.00024216138  8.8356625e-06  1.3588769e-05  9.1601122e-06  1.1509316e-05
 -0.00017512642  1.2871519e-05              0 -7.0122251e-06 -1.1427593e-06 -9.7976233e-07  2.3226881e-05  -1.533482e-05  -1.293966e-05 -1.8283155e-05 -1.5714177e-05 -4.1805088e-07 -6.9231429e-07  -4.636694e-07 -6.5572191e-07
              0              0              2              0              0              0              0              0              0              0              0              0              0              0              0
  0.00013307074 -7.0122251e-06              0  0.00015263867  2.2314769e-06   1.992922e-06 -5.8502101e-05  9.6009267e-06  6.7650967e-06  1.5863714e-05  1.3388576e-05  1.0055421e-07  1.1229983e-06   1.490959e-06   1.000963e-06
  1.0472685e-05 -1.1427593e-06              0  2.2314769e-06  1.6968431e-06  1.3024949e-06 -4.1456768e-06  8.4652676e-07  1.8587849e-07   1.656695e-06  1.1159712e-06  7.4658214e-08 -4.2054321e-08  1.5642992e-07 -4.2957714e-08
  9.7737303e-06 -9.7976233e-07              0   1.992922e-06  1.3024949e-06  1.0274008e-06 -3.9404598e-06  8.0553775e-07  2.3533156e-07  1.4404127e-06  9.7601802e-07  7.8068122e-08 -2.9642272e-08  1.4928094e-07 -2.2742116e-08
 -0.00045431893  2.3226881e-05              0 -5.8502101e-05 -4.1456768e-06 -3.9404598e-06  0.00044510163 -3.5227711e-05 -2.8098802e-05 -4.3056559e-05  -4.024813e-05 -4.3346397e-06 -5.1204522e-06 -6.3279038e-06 -4.3831027e-06
  0.00023778674  -1.533482e-05              0  9.6009267e-06  8.4652676e-07  8.0553775e-07 -3.5227711e-05   2.502734e-05  1.6429505e-05  2.3135949e-05   1.934434e-05  5.5959763e-07  1.0276702e-06  5.5769487e-07  8.3381277e-07
  0.00021283043  -1.293966e-05              0  6.7650967e-06  1.8587849e-07  2.3533156e-07 -2.8098802e-05  1.6429505e-05  1.9547848e-05  2.1728928e-05    1.81406e-05  6.6417351e-07  9.7758779e-07  4.3794887e-07  7.1289652e-07
  0.00028949936 -1.8283155e-05              0  1.5863714e-05   1.656695e-06  1.4404127e-06 -4.3056559e-05  2.3135949e-05  2.1728928e-05  3.2203098e-05  2.5232177e-05  9.3163684e-07  1.2989475e-06  9.9149277e-07  1.1635981e-06
  0.00024216138 -1.5714177e-05              0  1.3388576e-05  1.1159712e-06  9.7601802e-07  -4.024813e-05   1.934434e-05    1.81406e-05  2.5232177e-05  2.3997518e-05  6.8528885e-07  1.2528999e-06  8.5284677e-07  1.2183529e-06
  8.8356625e-06 -4.1805088e-07              0  1.0055421e-07  7.4658214e-08  7.8068122e-08 -4.3346397e-06  5.5959763e-07  6.6417351e-07  9.3163684e-07  6.8528885e-07  1.7106286e-07  4.3140595e-08  8.9757341e-08  3.5114926e-08
  1.3588769e-05 -6.9231429e-07              0  1.1229983e-06 -4.2054321e-08 -2.9642272e-08 -5.1204522e-06  1.0276702e-06  9.7758779e-07  1.2989475e-06  1.2528999e-06  4.3140595e-08  2.1142767e-07  7.8558604e-08  1.3256007e-07
  9.1601122e-06  -4.636694e-07              0   1.490959e-06  1.5642992e-07  1.4928094e-07 -6.3279038e-06  5.5769487e-07  4.3794887e-07  9.9149277e-07  8.5284677e-07  8.9757341e-08  7.8558604e-08  2.4219652e-07   1.048579e-07
  1.1509316e-05 -6.5572191e-07              0   1.000963e-06 -4.2957714e-08 -2.2742116e-08 -4.3831027e-06  8.3381277e-07  7.1289652e-07  1.1635981e-06  1.2183529e-06  3.5114926e-08  1.3256007e-07   1.048579e-07  2.7648617e-07


# ext. ||   Name    ||   type  ||     Value     ||  Error +/- 

   0   ||Natural mortality || limited ||    0.05458325347207 ||0.0008712802402965
   1   ||Targeted q || limited ||      8.718930914133 ||0.07156841685653
   2   ||Nontargeted q || limited ||                   2 ||22.06548931833
   3   ||     sigma || limited ||      1.773691653794 ||0.1153094056948
   4   ||  Biomass1 || limited ||     0.8269500366763 ||0.02647681748608
   5   ||  Biomass2 || limited ||     0.6932312290369 ||0.0188644169902
   6   ||  vm_sigma || limited ||      30.74438697353 ||0.5804999735283
   7   ||Recruit year 1 || limited ||      5.276100904541 ||0.07900704357121
   8   ||Recruit year 2 || limited ||       4.47715038871 ||0.06458069254441
   9   ||Recruit year 3 || limited ||      7.666533924292 ||0.106691135527
  10   ||Recruit year 4 || limited ||      5.300016282165 ||0.07753017335428
  11   ||Mean Rec dist 1 || limited ||     0.7205588056675 ||0.002916973531134
  12   ||Mean Rec dist 2 || limited ||     0.5208157462258 ||0.003246953741429
  13   ||Mean Rec dist 3 || limited ||      1.136599195593 ||0.003457366570337
  14   ||Mean Rec dist 4 || limited ||     0.8446803996037 ||0.003704817586405





