# Minimum negative log likelihood

Minuit did successfully converge.
# of function calls: 1012
minimum function Value: 519.2659666859
minimum edm: 8.02353026473e-05
minimum internal state vector: LAVector parameters:
    -0.6928617980253
     -1.146340181477
     -1.287002217587
     -1.226307385393
     -1.513506244062
     -1.515468967437
    -0.3186186311338
    -0.4515394887416
     -1.125714574938
     -1.129265698181
     -1.309325026519
     -1.182797779725

minimum internal covariance matrix: LASymMatrix parameters:
    0.045714518  -0.0038548879              0 -0.00010121755  0.00051648274  0.00049733242 -8.0103247e-05  0.00083426499   0.0035250665    0.004347597   0.0026394718    0.003280191
  -0.0038548879  0.00033092452              0  8.9581712e-06 -4.4172721e-05 -4.2606042e-05  9.1638287e-06 -0.00011103138 -0.00029859936 -0.00036763941  -0.0002228384 -0.00027820507
              0              0              2              0              0              0              0              0              0              0              0              0
 -0.00010121755  8.9581712e-06              0  0.00013558749 -4.4515783e-07 -5.4911959e-07  6.0295427e-07 -1.4793151e-05 -8.0103325e-06 -8.5508794e-06   -5.31867e-06 -7.5773065e-06
  0.00051648274 -4.4172721e-05              0 -4.4515783e-07  9.8676809e-06  8.9478387e-06 -1.2797283e-06  6.6350024e-06  4.0495147e-05  4.9123668e-05   2.986855e-05  3.7229609e-05
  0.00049733242 -4.2606042e-05              0 -5.4911959e-07  8.9478387e-06  8.2187121e-06 -1.2139216e-06   9.569838e-06  3.8816383e-05  4.7295891e-05  2.8752401e-05  3.5885027e-05
 -8.0103247e-05  9.1638287e-06              0  6.0295427e-07 -1.2797283e-06 -1.2139216e-06  3.3770305e-06 -3.6529715e-05 -6.6290329e-06 -7.9509913e-06  -4.854652e-06 -6.2618907e-06
  0.00083426499 -0.00011103138              0 -1.4793151e-05  6.6350024e-06   9.569838e-06 -3.6529715e-05   0.0013671044  6.8943045e-05  8.6172491e-05  4.8363548e-05  6.7827587e-05
   0.0035250665 -0.00029859936              0 -8.0103325e-06  4.0495147e-05  3.8816383e-05 -6.6290329e-06  6.8943045e-05  0.00027678697  0.00033535895  0.00020316114  0.00025320225
    0.004347597 -0.00036763941              0 -8.5508794e-06  4.9123668e-05  4.7295891e-05 -7.9509913e-06  8.6172491e-05  0.00033535895  0.00041720117  0.00025070352  0.00031236687
   0.0026394718  -0.0002228384              0   -5.31867e-06   2.986855e-05  2.8752401e-05  -4.854652e-06  4.8363548e-05  0.00020316114  0.00025070352  0.00015669653  0.00018964598
    0.003280191 -0.00027820507              0 -7.5773065e-06  3.7229609e-05  3.5885027e-05 -6.2618907e-06  6.7827587e-05  0.00025320225  0.00031236687  0.00018964598  0.00023976131


# ext. ||   Name    ||   type  ||     Value     ||  Error +/- 

   0   ||Natural mortality || limited ||    0.02903145692626 ||0.002897080175151
   1   ||Targeted q || limited ||      4.436857960104 ||0.2648624981542
   2   ||Nontargeted q || limited ||                   2 ||22.06548931833
   3   ||     sigma || limited ||      2.937591598827 ||0.139030840681
   4   ||  Biomass1 || limited ||     0.8203139916823 ||0.0635922294544
   5   ||  Biomass2 || limited ||     0.7650839758919 ||0.05604991283925
   6   ||   vm_mean || limited ||    -0.9841196590239 ||0.003876810066686
   7   ||  vm_sigma || limited ||       22.5466683236 ||0.940861142906
   8   ||Recruit year 1 || limited ||      4.880739294916 ||0.2532091980575
   9   ||Recruit year 2 || limited ||      4.804588067997 ||0.3085505488141
  10   ||Recruit year 3 || limited ||       1.70929557344 ||0.114393068946
  11   ||Recruit year 4 || limited ||      3.726221537656 ||0.2070955114855





