# Minimum negative log likelihood

Minuit did successfully converge.
# of function calls: 1820
minimum function Value: 842.8864843972
minimum edm: 2.407879124167e-05
minimum internal state vector: LAVector parameters:
     -1.556326686848
    -0.9735379332041
     -1.287002217587
    -0.8061600033559
     -1.407211413037
     -1.418957704782
      1.566109851728
     -1.181928854768
      -1.30031166836
     -1.269500698426
     -1.133081395826
    -0.3195787269828
    0.04756333159588
    0.04161232206749
    0.07906934536756

minimum internal covariance matrix: LASymMatrix parameters:
    0.032664375 -0.00055539113              0    0.001614027  0.00059422628   0.0004882017     0.13905011  0.00030591329  0.00023090055  0.00023576835  0.00055892189 -1.3817456e-08  1.3104586e-05  2.2274791e-05  2.0749816e-05
 -0.00055539113  8.8451784e-05              0  1.1358943e-05 -2.7484181e-05 -2.3503791e-05   0.0001091985  4.6195509e-07  2.8883308e-06  2.7063023e-06 -3.5459881e-05   1.979082e-10  3.2464674e-06  3.3862764e-06  1.3926235e-06
              0              0              2              0              0              0              0              0              0              0              0              0              0              0              0
    0.001614027  1.1358943e-05              0  0.00091118481  5.1315424e-06  3.7029584e-06 -0.00014063389  7.5628328e-06 -5.9805945e-06 -7.5385264e-06  7.9852279e-06 -1.9114574e-09  5.2179579e-06  7.3106866e-06  1.2680267e-06
  0.00059422628 -2.7484181e-05              0  5.1315424e-06  5.2894978e-05  4.2867267e-05   3.053775e-05  2.8139668e-06 -1.7050166e-06 -1.3929821e-06  1.0658994e-05  -5.215805e-10 -7.8910834e-07 -5.9405235e-07 -2.7747596e-07
   0.0004882017 -2.3503791e-05              0  3.7029584e-06  4.2867267e-05  3.5207088e-05 -2.9499249e-07  1.9844219e-06 -1.4113429e-06 -1.1304642e-06  9.3203083e-06 -4.2417446e-10 -6.8344356e-07 -5.8955356e-07 -1.9673094e-07
     0.13905011   0.0001091985              0 -0.00014063389   3.053775e-05 -2.9499249e-07      1.2037467  0.00024038999  5.8470222e-05 -6.1907654e-05  0.00040887528 -4.2435852e-08   2.802413e-05  9.3588319e-05  0.00010489377
  0.00030591329  4.6195509e-07              0  7.5628328e-06  2.8139668e-06  1.9844219e-06  0.00024038999  8.0053018e-05 -8.2701097e-07  3.3463412e-06 -1.4436443e-05 -5.7618461e-11  1.0011413e-06 -4.2967417e-07 -6.1878532e-07
  0.00023090055  2.8883308e-06              0 -5.9805945e-06 -1.7050166e-06 -1.4113429e-06  5.8470222e-05 -8.2701097e-07  6.3211294e-05  4.9188509e-06  1.4420961e-06 -3.0565313e-11 -1.1162654e-06 -1.0582167e-07 -1.6914879e-07
  0.00023576835  2.7063023e-06              0 -7.5385264e-06 -1.3929821e-06 -1.1304642e-06 -6.1907654e-05  3.3463412e-06  4.9188509e-06  6.3655436e-05 -1.2731419e-06  -4.900189e-12 -1.1781462e-07 -7.1000484e-07 -4.3056524e-07
  0.00055892189 -3.5459881e-05              0  7.9852279e-06  1.0658994e-05  9.3203083e-06  0.00040887528 -1.4436443e-05  1.4420961e-06 -1.2731419e-06  0.00012990839 -1.4313825e-10 -7.5840125e-07 -4.0602437e-07  2.3675548e-06
 -1.3817456e-08   1.979082e-10              0 -1.9114574e-09  -5.215805e-10 -4.2417446e-10 -4.2435852e-08 -5.7618461e-11 -3.0565313e-11  -4.900189e-12 -1.4313825e-10  9.6801314e-14  5.5566366e-11  6.1614718e-11  2.1377079e-11
  1.3104586e-05  3.2464674e-06              0  5.2179579e-06 -7.8910834e-07 -6.8344356e-07   2.802413e-05  1.0011413e-06 -1.1162654e-06 -1.1781462e-07 -7.5840125e-07  5.5566366e-11  7.0780971e-06  5.6022353e-07  2.6268358e-07
  2.2274791e-05  3.3862764e-06              0  7.3106866e-06 -5.9405235e-07 -5.8955356e-07  9.3588319e-05 -4.2967417e-07 -1.0582167e-07 -7.1000484e-07 -4.0602437e-07  6.1614718e-11  5.6022353e-07  5.1257711e-06  3.4006324e-07
  2.0749816e-05  1.3926235e-06              0  1.2680267e-06 -2.7747596e-07 -1.9673094e-07  0.00010489377 -6.1878532e-07 -1.6914879e-07 -4.3056524e-07  2.3675548e-06  2.1377079e-11  2.6268358e-07  3.4006324e-07  4.0200697e-06


# ext. ||   Name    ||   type  ||     Value     ||  Error +/- 

   0   ||Natural mortality || limited ||    0.02000261708534 ||0.0002038532970791
   1   ||Targeted q || limited ||      8.655973069116 ||0.18699634823
   2   ||Nontargeted q || limited ||                   2 ||22.06548931833
   3   ||     sigma || limited ||      13.91829154001 ||0.7387604967572
   4   ||  Biomass1 || limited ||      6.675100576684 ||0.4187596965196
   5   ||  Biomass2 || limited ||      5.752676717082 ||0.3173079705184
   6   ||  vm_sigma || limited ||      79.99956074532 ||11.44542952404
   7   ||Recruit year 1 || limited ||      3.742674663834 ||0.1199217406485
   8   ||Recruit year 2 || limited ||      1.827742730632 ||0.07510012366687
   9   ||Recruit year 3 || limited ||      2.262134612503 ||0.08370069093131
  10   ||Recruit year 4 || limited ||      4.723398545216 ||0.1707886910248
  11   ||Mean Rec dist 1 || limited ||     -3.141666454461 ||2.088623452856e-06
  12   ||Mean Rec dist 2 || limited ||     0.4754540010387 ||0.01879107273976
  13   ||Mean Rec dist 3 || limited ||     0.4160031389266 ||0.01599514948794
  14   ||Mean Rec dist 4 || limited ||     0.7898698136971 ||0.01413326935108





