# Minimum negative log likelihood

Minuit did successfully converge.
# of function calls: 643
minimum function Value: 344.8961234894
minimum edm: 9.507363155161e-05
minimum internal state vector: LAVector parameters:
     0.4920467977126
     -1.211245235905
     -1.287002217587
     -1.344900451673
     -1.542414757823
      -1.54261932066
     -0.848112337281
   0.003047324145744
     -1.268433276117
     -1.140143386735
      -1.33155541678
     -1.072885381767

minimum internal covariance matrix: LASymMatrix parameters:
   0.0060205715 -0.00063049045              0 -5.6327416e-05  4.7729847e-05  5.0131456e-05  4.6437056e-06 -8.8283775e-06  0.00055670374  0.00079690888  0.00044259505  0.00079656872
 -0.00063049045  6.8119442e-05              0  5.0806478e-06 -5.6304797e-06 -5.6267458e-06  4.1670748e-07 -1.5152562e-05 -5.9605898e-05 -8.4736101e-05 -4.7082298e-05 -8.4666789e-05
              0              0              2              0              0              0              0              0              0              0              0              0
 -5.6327416e-05  5.0806478e-06              0   6.990007e-05 -1.2370582e-06 -1.2003944e-06 -1.5191896e-06  1.3238103e-05 -5.2026701e-06 -6.4361039e-06 -3.2957118e-06 -6.3394795e-06
  4.7729847e-05 -5.6304797e-06              0 -1.2370582e-06   5.265821e-06   2.805848e-06 -3.0712343e-07 -3.0569679e-06  8.2753802e-06  6.8247656e-06  3.8064457e-06  6.7441258e-06
  5.0131456e-05 -5.6267458e-06              0 -1.2003944e-06   2.805848e-06  2.1560912e-06 -3.3124315e-08  1.1520576e-06  5.2652826e-06  6.9059525e-06  3.8259782e-06  6.8654576e-06
  4.6437056e-06  4.1670748e-07              0 -1.5191896e-06 -3.0712343e-07 -3.3124315e-08  1.6188141e-06 -1.8875718e-05 -4.2709656e-07 -7.0363358e-09  1.8382852e-08 -1.3457213e-08
 -8.8283775e-06 -1.5152562e-05              0  1.3238103e-05 -3.0569679e-06  1.1520576e-06 -1.8875718e-05  0.00093067769 -3.2158345e-06   8.404431e-06  3.8638864e-06  8.8803059e-06
  0.00055670374 -5.9605898e-05              0 -5.2026701e-06  8.2753802e-06  5.2652826e-06 -4.2709656e-07 -3.2158345e-06   5.903611e-05  7.4692493e-05  4.1541365e-05  7.4579149e-05
  0.00079690888 -8.4736101e-05              0 -6.4361039e-06  6.8247656e-06  6.9059525e-06 -7.0363358e-09   8.404431e-06  7.4692493e-05   0.0001073128  5.9107436e-05  0.00010638445
  0.00044259505 -4.7082298e-05              0 -3.2957118e-06  3.8064457e-06  3.8259782e-06  1.8382852e-08  3.8638864e-06  4.1541365e-05  5.9107436e-05  3.3770294e-05  5.9042668e-05
  0.00079656872 -8.4666789e-05              0 -6.3394795e-06  6.7441258e-06  6.8654576e-06 -1.3457213e-08  8.8803059e-06  7.4579149e-05  0.00010638445  5.9042668e-05  0.00010710006


# ext. ||   Name    ||   type  ||     Value     ||  Error +/- 

   0   ||Natural mortality || limited ||    0.05681077144929 ||0.001208323175468
   1   ||Targeted q || limited ||      3.197256575773 ||0.1026716771338
   2   ||Nontargeted q || limited ||                   2 ||22.06548931833
   3   ||     sigma || limited ||      1.270307976241 ||0.06620635562998
   4   ||  Biomass1 || limited ||     0.2013648469412 ||0.02302321434031
   5   ||  Biomass2 || limited ||     0.1984727868063 ||0.01462601021668
   6   ||   vm_mean || limited ||     -2.356298922366 ||0.001869379941582
   7   ||  vm_sigma || limited ||      40.12239125352 ||0.862786850474
   8   ||Recruit year 1 || limited ||      2.277998515032 ||0.08088337982652
   9   ||Recruit year 2 || limited ||      4.574875252452 ||0.1528807170578
  10   ||Recruit year 3 || limited ||      1.433950957321 ||0.04868132487412
  11   ||Recruit year 4 || limited ||       6.08028328515 ||0.1747265277325





