# Minimum negative log likelihood

Minuit did successfully converge.
# of function calls: 1723
minimum function Value: 530.4156425724
minimum edm: 4.079718680446e-05
minimum internal state vector: LAVector parameters:
    -0.1299482936209
    -0.9378705993738
     -1.287002217587
     -1.216877491217
     -1.422569217611
     -1.435322508035
      2.851491267492
      -1.20222496184
     -1.362863438631
     -1.359272999879
     -1.121571796907
    0.07036303619791
    0.03605086508005
     0.1012727927042
    0.05092438070464

minimum internal covariance matrix: LASymMatrix parameters:
   0.0080231926 -0.00060520505              0  -0.0002626491  0.00017360498  0.00014779344   0.0023538511  0.00053842927  0.00026842577  0.00031415584   0.0006294741  2.4593269e-05  2.3531945e-05  3.5031314e-05  1.9906529e-05
 -0.00060520505  6.0711356e-05              0  1.4634559e-05 -1.6585552e-05 -1.4061312e-05 -0.00012193425 -4.0982041e-05 -2.0350987e-05 -2.5523791e-05 -5.2219001e-05 -9.4133033e-07 -1.3293451e-06 -1.6434853e-06 -1.1787243e-06
              0              0              2              0              0              0              0              0              0              0              0              0              0              0              0
  -0.0002626491  1.4634559e-05              0  0.00020443343 -7.1146844e-06 -5.7283308e-06 -0.00012327252 -1.7412585e-05 -9.8453934e-06  -6.899931e-06 -2.0845062e-05 -5.1174699e-07 -1.2454454e-06 -2.0752203e-06 -1.2769265e-06
  0.00017360498 -1.6585552e-05              0 -7.1146844e-06  7.6067765e-06  6.2580462e-06  3.4102334e-05  1.1278751e-05  5.9176282e-06   7.471168e-06  1.4555905e-05  2.0204447e-07  2.7668788e-07  4.7435533e-07  3.6245517e-07
  0.00014779344 -1.4061312e-05              0 -5.7283308e-06  6.2580462e-06  5.1964811e-06  2.8514704e-05  9.6196849e-06  4.9889021e-06   6.346531e-06  1.2362585e-05  1.7626179e-07  2.4119324e-07  4.0468652e-07  2.9339004e-07
   0.0023538511 -0.00012193425              0 -0.00012327252  3.4102334e-05  2.8514704e-05   0.0044821125   0.0001490003    7.75147e-05  8.8110225e-05  0.00017535907  2.2717958e-05  2.4332028e-05  3.0917441e-05  2.1332525e-05
  0.00053842927 -4.0982041e-05              0 -1.7412585e-05  1.1278751e-05  9.6196849e-06   0.0001490003  4.1939117e-05  1.7732817e-05  2.0884889e-05  4.1716733e-05  1.5187114e-06  1.5943919e-06  2.3345555e-06  1.2597052e-06
  0.00026842577 -2.0350987e-05              0 -9.8453934e-06  5.9176282e-06  4.9889021e-06    7.75147e-05  1.7732817e-05  1.5086879e-05  1.0282933e-05  2.0278757e-05  7.6686836e-07  8.1620006e-07  1.0813448e-06  6.4944644e-07
  0.00031415584 -2.5523791e-05              0  -6.899931e-06   7.471168e-06   6.346531e-06  8.8110225e-05  2.0884889e-05  1.0282933e-05  1.7964357e-05  2.4292862e-05  9.5908701e-07  7.7050244e-07  1.1883282e-06  7.9685369e-07
   0.0006294741 -5.2219001e-05              0 -2.0845062e-05  1.4555905e-05  1.2362585e-05  0.00017535907  4.1716733e-05  2.0278757e-05  2.4292862e-05  5.8142481e-05   1.678454e-06  1.6746042e-06  2.3859277e-06  1.6185739e-06
  2.4593269e-05 -9.4133033e-07              0 -5.1174699e-07  2.0204447e-07  1.7626179e-07  2.2717958e-05  1.5187114e-06  7.6686836e-07  9.5908701e-07   1.678454e-06  5.6238931e-07  1.5902921e-07  2.0150292e-07  9.5811078e-08
  2.3531945e-05 -1.3293451e-06              0 -1.2454454e-06  2.7668788e-07  2.4119324e-07  2.4332028e-05  1.5943919e-06  8.1620006e-07  7.7050244e-07  1.6746042e-06  1.5902921e-07  9.7232336e-07  1.2622004e-07  9.2594625e-08
  3.5031314e-05 -1.6434853e-06              0 -2.0752203e-06  4.7435533e-07  4.0468652e-07  3.0917441e-05  2.3345555e-06  1.0813448e-06  1.1883282e-06  2.3859277e-06  2.0150292e-07  1.2622004e-07  1.5635111e-06  1.7888569e-07
  1.9906529e-05 -1.1787243e-06              0 -1.2769265e-06  3.6245517e-07  2.9339004e-07  2.1332525e-05  1.2597052e-06  6.4944644e-07  7.9685369e-07  1.6185739e-06  9.5811078e-08  9.2594625e-08  1.7888569e-07  3.0019274e-07


# ext. ||   Name    ||   type  ||     Value     ||  Error +/- 

   0   ||Natural mortality || limited ||    0.04176042819072 ||0.001569029012697
   1   ||Targeted q || limited ||      9.684981225461 ||0.1629472939129
   2   ||Nontargeted q || limited ||                   2 ||22.06548931833
   3   ||     sigma || limited ||      3.098912846631 ||0.1751953468801
   4   ||  Biomass1 || limited ||      5.482769316785 ||0.1440095187431
   5   ||  Biomass2 || limited ||      4.581275719048 ||0.1088517979758
   6   ||  vm_sigma || limited ||      51.44233202499 ||1.813767539518
   7   ||Recruit year 1 || limited ||      3.367513691538 ||0.08248283840094
   8   ||Recruit year 2 || limited ||      1.086905558416 ||0.02834652721346
   9   ||Recruit year 3 || limited ||      1.124277186221 ||0.03145803908203
  10   ||Recruit year 4 || limited ||      4.970297203334 ||0.1170612650486
  11   ||Mean Rec dist 1 || limited ||     0.7030498984287 ||0.005289657300311
  12   ||Mean Rec dist 2 || limited ||     0.3604305658033 ||0.006967998488537
  13   ||Mean Rec dist 3 || limited ||       1.01099769482 ||0.008796390646194
  14   ||Mean Rec dist 4 || limited ||     0.5090237325558 ||0.003869204742299





