# Minimum negative log likelihood

Minuit did successfully converge.
# of function calls: 1811
minimum function Value: 643.8970081991
minimum edm: 6.553039320306e-05
minimum internal state vector: LAVector parameters:
      3.857280255957
     -0.968065024758
     -1.287002217587
     -1.104102287613
     -1.423580263684
     -1.433549868174
      0.141994346427
    -0.9630885382073
     -1.357950448338
     -1.080508085519
     -1.150969173377
    0.09446916151677
     0.1048940806587
    0.07022125314187
     0.1063239828712

minimum internal covariance matrix: LASymMatrix parameters:
     0.02950354   0.0013668589              0  0.00040139878  -0.0003509844 -0.00031181699   0.0068378761  -0.0025686008 -0.00089290191  -0.0020794574  -0.0017739213   -8.98956e-05 -0.00015227148 -0.00011058387 -6.5040036e-05
   0.0013668589  7.3606757e-05              0  1.1619479e-05 -1.9635759e-05 -1.7137875e-05  0.00023872495 -0.00012029569 -4.1856376e-05 -9.8600826e-05 -8.5582723e-05 -3.2238908e-06 -5.7504921e-06  -4.169918e-06 -2.8241396e-06
              0              0              2              0              0              0              0              0              0              0              0              0              0              0              0
  0.00040139878  1.1619479e-05              0  0.00033083662  3.8405734e-06  2.3335041e-06  0.00013049869 -3.5040881e-05 -1.5590157e-05 -2.2283704e-05 -1.6975701e-05 -2.3273581e-06 -4.8247449e-06 -1.3824847e-06   8.550406e-07
  -0.0003509844 -1.9635759e-05              0  3.8405734e-06  1.3043135e-05  1.0750968e-05 -4.7995056e-05  3.0030969e-05  1.1022701e-05  2.5569105e-05  2.3032672e-05  5.2937388e-07  1.3412357e-06  1.2430865e-06  9.0472835e-07
 -0.00031181699 -1.7137875e-05              0  2.3335041e-06  1.0750968e-05  8.9945596e-06 -4.6927678e-05  2.6657988e-05  9.6994614e-06  2.2464855e-05  2.0449806e-05  5.3147219e-07  1.2814983e-06  1.1310017e-06  8.0656832e-07
   0.0068378761  0.00023872495              0  0.00013049869 -4.7995056e-05 -4.6927678e-05   0.0095804631 -0.00062617337 -0.00018015632 -0.00041677382 -0.00045757611 -6.9438766e-05  -6.771732e-05 -6.2742637e-05 -5.1357796e-05
  -0.0025686008 -0.00012029569              0 -3.5040881e-05  3.0030969e-05  2.6657988e-05 -0.00062617337  0.00023979939  7.8039939e-05  0.00018286389  0.00015496581  8.1981019e-06  1.2153664e-05  9.0926643e-06  6.2450663e-06
 -0.00089290191 -4.1856376e-05              0 -1.5590157e-05  1.1022701e-05  9.6994614e-06 -0.00018015632  7.8039939e-05  3.8536381e-05  6.4699939e-05  5.2549717e-05  2.4630699e-06  3.7315724e-06  3.0744095e-06  1.9388989e-06
  -0.0020794574 -9.8600826e-05              0 -2.2283704e-05  2.5569105e-05  2.2464855e-05 -0.00041677382  0.00018286389  6.4699939e-05   0.0001619922  0.00012320938  5.7431163e-06  9.1418877e-06  7.0497353e-06  4.8200041e-06
  -0.0017739213 -8.5582723e-05              0 -1.6975701e-05  2.3032672e-05  2.0449806e-05 -0.00045757611  0.00015496581  5.2549717e-05  0.00012320938  0.00012822346  5.5589883e-06  9.1659662e-06  6.9822227e-06    4.64156e-06
   -8.98956e-05 -3.2238908e-06              0 -2.3273581e-06  5.2937388e-07  5.3147219e-07 -6.9438766e-05  8.1981019e-06  2.4630699e-06  5.7431163e-06  5.5589883e-06   1.043919e-06  6.9620306e-07  5.4700808e-07  3.9177456e-07
 -0.00015227148 -5.7504921e-06              0 -4.8247449e-06  1.3412357e-06  1.2814983e-06  -6.771732e-05  1.2153664e-05  3.7315724e-06  9.1418877e-06  9.1659662e-06  6.9620306e-07  5.6921286e-06  9.1869378e-07  2.9717827e-07
 -0.00011058387  -4.169918e-06              0 -1.3824847e-06  1.2430865e-06  1.1310017e-06 -6.2742637e-05  9.0926643e-06  3.0744095e-06  7.0497353e-06  6.9822227e-06  5.4700808e-07  9.1869378e-07  1.2395154e-06  3.7339247e-07
 -6.5040036e-05 -2.8241396e-06              0   8.550406e-07  9.0472835e-07  8.0656832e-07 -5.1357796e-05  6.2450663e-06  1.9388989e-06  4.8200041e-06    4.64156e-06  3.9177456e-07  2.9717827e-07  3.7339247e-07  1.5317906e-06


# ext. ||   Name    ||   type  ||     Value     ||  Error +/- 

   0   ||Natural mortality || limited ||    0.02859658836077 ||0.002285782476903
   1   ||Targeted q || limited ||      8.810483540746 ||0.1719544852276
   2   ||Nontargeted q || limited ||                   2 ||22.06548931833
   3   ||     sigma || limited ||      5.346968117798 ||0.2893349384969
   4   ||  Biomass1 || limited ||      5.408363953867 ||0.1872970227731
   5   ||  Biomass2 || limited ||      4.701760217054 ||0.1450712944089
   6   ||  vm_sigma || limited ||      45.66113602351 ||2.738375697956
   7   ||Recruit year 1 || limited ||      8.961154959213 ||0.3125742977758
   8   ||Recruit year 2 || limited ||      1.138201996447 ||0.04635822060495
   9   ||Recruit year 3 || limited ||      5.899552578246 ||0.2118669395063
  10   ||Recruit year 4 || limited ||      4.351595463391 ||0.1631652419629
  11   ||Mean Rec dist 1 || limited ||     0.9432871041892 ||0.007192461720417
  12   ||Mean Rec dist 2 || limited ||       1.04701832244 ||0.01677754962523
  13   ||Mean Rec dist 3 || limited ||     0.7016355691676 ||0.00785306653658
  14   ||Mean Rec dist 4 || limited ||      1.061237677029 ||0.008702122634522





