# Minimum negative log likelihood

Minuit did successfully converge.
# of function calls: 623
minimum function Value: 493.0257973506
minimum edm: 1.30164243754e-05
minimum internal state vector: LAVector parameters:
    -0.3601488023772
      -1.09362403392
     -1.287002217587
     -1.247553759115
     -1.447414739782
     -1.453823726933
    -0.1150231688945
      1.570796096766
     -1.052152617518
     -1.274902403852
    -0.9477454904423
     -1.384111013226

minimum internal covariance matrix: LASymMatrix parameters:
  0.00066236419 -0.00013461321              0 -3.9446578e-05  3.6745671e-05  3.3437699e-05  -1.063023e-06 -4.2114736e-08  0.00013487552   7.131256e-05  0.00016328845  4.2289851e-05
 -0.00013461321  2.9387984e-05              0  8.4180226e-06 -8.0121269e-06 -7.2809918e-06  4.9506996e-07 -2.7276517e-08  -2.732902e-05 -1.4614074e-05  -3.384558e-05 -8.5331591e-06
              0              0              2              0              0              0              0              0              0              0              0              0
 -3.9446578e-05  8.4180226e-06              0  0.00018037381 -1.7842339e-06 -2.1339578e-06 -9.9870229e-07  3.3696038e-07 -6.8196775e-06  -2.380629e-07 -1.0040879e-05 -5.8536374e-06
  3.6745671e-05 -8.0121269e-06              0 -1.7842339e-06  4.5104216e-06  3.8796493e-06 -2.9020328e-07 -4.7250939e-08  7.5504474e-06   3.945181e-06  9.0026769e-06  2.2488193e-06
  3.3437699e-05 -7.2809918e-06              0 -2.1339578e-06  3.8796493e-06  3.3698896e-06 -2.2668465e-07  -3.965629e-08  6.8003396e-06  3.5506269e-06  8.2172993e-06  2.0837322e-06
  -1.063023e-06  4.9506996e-07              0 -9.9870229e-07 -2.9020328e-07 -2.2668465e-07  4.9757636e-07  3.0177879e-08 -3.0445076e-07 -3.2493644e-07 -3.5508685e-07  1.2499892e-07
 -4.2114736e-08 -2.7276517e-08              0  3.3696038e-07 -4.7250939e-08  -3.965629e-08  3.0177879e-08    0.019894859  6.2856391e-08  2.1428534e-08  2.6250724e-09  1.1292566e-08
  0.00013487552  -2.732902e-05              0 -6.8196775e-06  7.5504474e-06  6.8003396e-06 -3.0445076e-07  6.2856391e-08   3.425143e-05  1.4199179e-05  3.0874355e-05  9.2204013e-06
   7.131256e-05 -1.4614074e-05              0  -2.380629e-07   3.945181e-06  3.5506269e-06 -3.2493644e-07  2.1428534e-08  1.4199179e-05  1.1199055e-05  1.8284796e-05  4.0526003e-06
  0.00016328845  -3.384558e-05              0 -1.0040879e-05  9.0026769e-06  8.2172993e-06 -3.5508685e-07  2.6250724e-09  3.0874355e-05  1.8284796e-05  4.5696407e-05  9.6753546e-06
  4.2289851e-05 -8.5331591e-06              0 -5.8536374e-06  2.2488193e-06  2.0837322e-06  1.2499892e-07  1.1292566e-08  9.2204013e-06  4.0526003e-06  9.6753546e-06  6.8272051e-06


# ext. ||   Name    ||   type  ||     Value     ||  Error +/- 

   0   ||Natural mortality || limited ||    0.03237932534766 ||0.0008514969551271
   1   ||Targeted q || limited ||      5.585142443357 ||0.08802501987477
   2   ||Nontargeted q || limited ||                   2 ||22.06548931833
   3   ||     sigma || limited ||      2.589478686774 ||0.1508253431917
   4   ||  Biomass1 || limited ||      3.800928531471 ||0.09240837351623
   5   ||  Biomass2 || limited ||      3.416748782094 ||0.0757453599213
   6   ||   vm_mean || limited ||     -0.360559659638 ||0.001556630149816
   7   ||  vm_sigma || limited ||                  80** ||0.1987812459076
   8   ||Recruit year 1 || limited ||      6.584727701207 ||0.102558331358
   9   ||Recruit year 2 || limited ||      2.182689657113 ||0.03449705330487
  10   ||Recruit year 3 || limited ||      9.403959080301 ||0.139445118627
  11   ||Recruit year 4 || limited ||     0.8786707602198 ||0.01714420650616

** Parameter is at Upper limit




