# Minimum negative log likelihood

Minuit did successfully converge.
# of function calls: 1346
minimum function Value: 562.1570805902
minimum edm: 1.07776580778e-05
minimum internal state vector: LAVector parameters:
     0.6418077330243
    -0.9750941337074
     -1.287002217587
     -1.188469173222
     -1.401340185342
     -1.414199489816
      1.104748050393
      3.467846360086
     -1.073494168672
     -1.005976538744
     -1.066796042089
     -1.337522596824

minimum internal covariance matrix: LASymMatrix parameters:
     0.19701285   -0.011376676              0 -0.00014245103   0.0029463805   0.0029688907 -0.00026325487 -0.00092087063   0.0092836554   0.0091642723   0.0096414472   0.0049992905
   -0.011376676  0.00066688213              0   6.459163e-06 -0.00017328136 -0.00017395672  2.0006753e-05   8.309245e-05 -0.00053800687 -0.00053059147 -0.00055763994 -0.00028925979
              0              0              2              0              0              0              0              0              0              0              0              0
 -0.00014245103   6.459163e-06              0  0.00019458209 -9.7393719e-07 -1.0454292e-06 -1.2346741e-06 -1.7851034e-05 -2.7645489e-06 -5.5018095e-06 -5.1884818e-06 -1.2621081e-05
   0.0029463805 -0.00017328136              0 -9.7393719e-07  4.8939465e-05  4.8080455e-05 -5.7390362e-06 -2.5138783e-05   0.0001394364  0.00013745263  0.00014416009  7.5373346e-05
   0.0029688907 -0.00017395672              0 -1.0454292e-06  4.8080455e-05  4.7590917e-05 -5.2636896e-06 -2.1443412e-05  0.00014045552  0.00013842322  0.00014535904  7.5651759e-05
 -0.00026325487  2.0006753e-05              0 -1.2346741e-06 -5.7390362e-06 -5.2636896e-06  8.3302268e-06  4.6758809e-05 -1.4165722e-05  -1.240781e-05 -1.1916165e-05 -5.1493008e-06
 -0.00092087063   8.309245e-05              0 -1.7851034e-05 -2.5138783e-05 -2.1443412e-05  4.6758809e-05  0.00057422831 -6.0373122e-05 -4.3618639e-05 -3.5487161e-05 -1.2050487e-05
   0.0092836554 -0.00053800687              0 -2.7645489e-06   0.0001394364  0.00014045552 -1.4165722e-05 -6.0373122e-05  0.00044600962  0.00043144284  0.00045447793  0.00023384837
   0.0091642723 -0.00053059147              0 -5.5018095e-06  0.00013745263  0.00013842322  -1.240781e-05 -4.3618639e-05  0.00043144284  0.00043394704  0.00044852157  0.00023216662
   0.0096414472 -0.00055763994              0 -5.1884818e-06  0.00014416009  0.00014535904 -1.1916165e-05 -3.5487161e-05  0.00045447793  0.00044852157  0.00048031667  0.00024367104
   0.0049992905 -0.00028925979              0 -1.2621081e-05  7.5373346e-05  7.5651759e-05 -5.1493008e-06 -1.2050487e-05  0.00023384837  0.00023216662  0.00024367104  0.00016782302


# ext. ||   Name    ||   type  ||     Value     ||  Error +/- 

   0   ||Natural mortality || limited ||     0.0599661109944 ||0.006182429520179
   1   ||Targeted q || limited ||      8.612264533533 ||0.5122571689548
   2   ||Nontargeted q || limited ||                   2 ||22.06548931833
   3   ||     sigma || limited ||      3.610053359873 ||0.1839933269446
   4   ||  Biomass1 || limited ||      7.161683793781 ||0.4171187133953
   5   ||  Biomass2 || limited ||      6.118124315832 ||0.3803836560405
   6   ||   vm_mean || limited ||      2.806544949828 ||0.002881090759198
   7   ||  vm_sigma || limited ||      27.18079582926 ||0.6419859790199
   8   ||Recruit year 1 || limited ||      6.065755316828 ||0.356153410245
   9   ||Recruit year 2 || limited ||      7.774969673565 ||0.3941685297685
  10   ||Recruit year 3 || limited ||      6.226492953283 ||0.3741487082043
  11   ||Recruit year 4 || limited ||      1.364122476693 ||0.1058646877711





