# Minimum negative log likelihood

Minuit did successfully converge.
# of function calls: 1105
minimum function Value: 584.296991707
minimum edm: 2.997639986482e-06
minimum internal state vector: LAVector parameters:
      2.623741763628
    -0.9644470546124
     -1.287002217587
     -1.167265713657
     -1.424745659989
     -1.431302573229
     0.7953715677429
    -0.3409809673543
     -1.102718720016
     -0.922964047009
     -1.347683521087
    -0.9603686066322

minimum internal covariance matrix: LASymMatrix parameters:
     0.11137356   0.0070509384              0 -0.00013071977   -0.001642201  -0.0015294162  0.00040862283  -0.0039292151  -0.0052544319  -0.0060698345  -0.0026208081  -0.0069967446
   0.0070509384  0.00045960583              0 -8.6743773e-06 -0.00010772141 -9.9956857e-05   3.024811e-05 -0.00029154272 -0.00033462732  -0.0003864384 -0.00016656057 -0.00044928792
              0              0              2              0              0              0              0              0              0              0              0              0
 -0.00013071977 -8.6743773e-06              0  0.00018360467  4.4419317e-06  3.8210445e-06  -1.865551e-06  2.1833256e-05  5.1474441e-06  7.2653705e-06  1.7003467e-06  7.4778116e-06
   -0.001642201 -0.00010772141              0  4.4419317e-06  3.0225042e-05  2.7385077e-05  -7.053824e-06  6.7644681e-05  7.8178485e-05  9.0206773e-05  3.8857216e-05  0.00010502907
  -0.0015294162 -9.9956857e-05              0  3.8210445e-06  2.7385077e-05  2.4951652e-05 -6.4823056e-06   6.210123e-05  7.2721775e-05  8.3927118e-05  3.6167898e-05  9.7609889e-05
  0.00040862283   3.024811e-05              0  -1.865551e-06  -7.053824e-06 -6.4823056e-06  5.0834358e-06 -4.1928213e-05 -1.9921133e-05  -2.280593e-05 -9.9455384e-06 -2.6892746e-05
  -0.0039292151 -0.00029154272              0  2.1833256e-05  6.7644681e-05   6.210123e-05 -4.1928213e-05  0.00066741107  0.00019174019   0.0002195846  9.5341914e-05  0.00026090429
  -0.0052544319 -0.00033462732              0  5.1474441e-06  7.8178485e-05  7.2721775e-05 -1.9921133e-05  0.00019174019  0.00025553192  0.00028692269  0.00012373468    0.000331143
  -0.0060698345  -0.0003864384              0  7.2653705e-06  9.0206773e-05  8.3927118e-05  -2.280593e-05   0.0002195846  0.00028692269  0.00033885886  0.00014295689   0.0003824848
  -0.0026208081 -0.00016656057              0  1.7003467e-06  3.8857216e-05  3.6167898e-05 -9.9455384e-06  9.5341914e-05  0.00012373468  0.00014295689  6.9042682e-05  0.00016480482
  -0.0069967446 -0.00044928792              0  7.4778116e-06  0.00010502907  9.7609889e-05 -2.6892746e-05  0.00026090429    0.000331143   0.0003824848  0.00016480482  0.00045490906


# ext. ||   Name    ||   type  ||     Value     ||  Error +/- 

   0   ||Natural mortality || limited ||    0.05737534882265 ||0.005078554584372
   1   ||Targeted q || limited ||      8.913303283984 ||0.4319246096281
   2   ||Nontargeted q || limited ||                   2 ||22.06548931833
   3   ||     sigma || limited ||      4.015981463419 ||0.1881115829013
   4   ||  Biomass1 || limited ||      5.323226828718 ||0.2828758308932
   5   ||  Biomass2 || limited ||      4.856743737582 ||0.2455552065503
   6   ||   vm_mean || limited ||      2.243485954651 ||0.003506093404793
   7   ||  vm_sigma || limited ||      26.62419748244 ||0.6885886582657
   8   ||Recruit year 1 || limited ||      5.387598899011 ||0.2549567807786
   9   ||Recruit year 2 || limited ||       10.1392968728 ||0.3926962191534
  10   ||Recruit year 3 || limited ||       1.24920526673 ||0.06499549484076
  11   ||Recruit year 4 || limited ||      9.038951218846 ||0.4321924891043





