# Minimum negative log likelihood

Minuit did successfully converge.
# of function calls: 1273
minimum function Value: 662.1868492492
minimum edm: 9.692593004746e-05
minimum internal state vector: LAVector parameters:
    -0.9917790281349
     -1.224047273059
     -1.287002217587
     -1.082632372563
     -1.453957328037
     -1.456179185395
    -0.6456099083363
    -0.6414932900132
    -0.9506443403898
     -1.066198120743
     -1.135158502766
     -1.018407145222

minimum internal covariance matrix: LASymMatrix parameters:
    0.010822813  -0.0042689215              0 -0.00010660722   0.0017111697   0.0015907892   0.0001364964   -0.000663143   0.0084248759   0.0062973287   0.0053776171   0.0072811443
  -0.0042689215   0.0016984154              0  4.0000295e-05 -0.00068563421 -0.00063697225 -4.5784736e-05  0.00016242515  -0.0033351404  -0.0024872697  -0.0021245043  -0.0028800905
              0              0              2              0              0              0              0              0              0              0              0              0
 -0.00010660722  4.0000295e-05              0  0.00029729795 -7.3010252e-06 -8.0821471e-06 -1.5975579e-06 -3.4629214e-05 -7.5165139e-05 -5.9559169e-05 -5.1702539e-05 -7.3159651e-05
   0.0017111697 -0.00068563421              0 -7.3010252e-06  0.00050787967  0.00042704574  7.6680023e-06 -0.00018376376   0.0015789818   0.0010026686  0.00085303653   0.0011596214
   0.0015907892 -0.00063697225              0 -8.0821471e-06  0.00042704574  0.00036534135  9.7282396e-06 -0.00012896034   0.0014125915    0.000931155  0.00079297106   0.0010770521
   0.0001364964 -4.5784736e-05              0 -1.5975579e-06  7.6680023e-06  9.7282396e-06  2.2491309e-05 -0.00010964754  8.7484488e-05  7.6346728e-05  6.6718968e-05  8.7013365e-05
   -0.000663143  0.00016242515              0 -3.4629214e-05 -0.00018376376 -0.00012896034 -0.00010964754   0.0033890027 -0.00066898453 -0.00037361568 -0.00030891983  -0.0004024714
   0.0084248759  -0.0033351404              0 -7.5165139e-05   0.0015789818   0.0014125915  8.7484488e-05 -0.00066898453   0.0068808915   0.0049059798   0.0041883628   0.0056780164
   0.0062973287  -0.0024872697              0 -5.9559169e-05   0.0010026686    0.000931155  7.6346728e-05 -0.00037361568   0.0049059798   0.0036865855   0.0031276455   0.0042356077
   0.0053776171  -0.0021245043              0 -5.1702539e-05  0.00085303653  0.00079297106  6.6718968e-05 -0.00030891983   0.0041883628   0.0031276455   0.0026917788   0.0036171073
   0.0072811443  -0.0028800905              0 -7.3159651e-05   0.0011596214   0.0010770521  8.7013365e-05  -0.0004024714   0.0056780164   0.0042356077   0.0036171073   0.0049267283


# ext. ||   Name    ||   type  ||     Value     ||  Error +/- 

   0   ||Natural mortality || limited ||    0.02444988153018 ||0.006032564866425
   1   ||Targeted q || limited ||      2.975875535854 ||0.4950997810728
   2   ||Nontargeted q || limited ||                   2 ||22.06548931833
   3   ||     sigma || limited ||      5.840226920247 ||0.285902372379
   4   ||  Biomass1 || limited ||      3.408957186454 ||0.9287873676739
   5   ||  Biomass2 || limited ||      3.280678368338 ||0.7728397659207
   6   ||   vm_mean || limited ||     -1.890251388317 ||0.008414784993884
   7   ||  vm_sigma || limited ||      16.06509773008 ||1.318850217392
   8   ||Recruit year 1 || limited ||      9.319562059822 ||1.703255232201
   9   ||Recruit year 2 || limited ||      6.240937110014 ||1.03740190379
  10   ||Recruit year 3 || limited ||      4.679479396789 ||0.7738106369554
  11   ||Recruit year 4 || limited ||      7.445591598088 ||1.30149441868





