# Minimum negative log likelihood

Minuit did successfully converge.
# of function calls: 1909
minimum function Value: 398.1351870175
minimum edm: 1.14065389311e-05
minimum internal state vector: LAVector parameters:
    -0.5069012725422
    -0.9378494915766
     -1.287002217587
     -1.313914598052
      -1.47747753124
     -1.484630470739
    -0.3303226787581
     -1.161244171825
    -0.9901095453606
     -1.272282558892
     -1.033708245843
    0.04612323564061
     0.0485718612438
    0.03308390879592
    0.03653877123088

minimum internal covariance matrix: LASymMatrix parameters:
   0.0011360157 -7.9671843e-05              0  5.6257491e-06  1.2296892e-05  1.0698292e-05 -0.00013211836  7.2024654e-05  0.00010553411   5.024434e-05  9.3823893e-05  3.7185454e-06  3.7666855e-06  3.4404667e-06  3.4247689e-06
 -7.9671843e-05  7.3249557e-06              0 -7.1879053e-07 -1.1075559e-06 -9.4843034e-07  5.0691368e-06 -5.1872232e-06 -7.5315304e-06 -3.3692648e-06 -7.2354396e-06 -1.4923373e-07 -1.0361187e-07 -1.2432794e-07 -1.9407658e-07
              0              0              2              0              0              0              0              0              0              0              0              0              0              0              0
  5.6257491e-06 -7.1879053e-07              0  9.5151288e-05 -2.5749681e-07 -2.2644731e-07  3.3460887e-06  9.2247229e-07  3.2084272e-07 -1.9662663e-07  7.7500812e-07 -1.1144318e-07 -8.6011032e-08  1.9522211e-09  9.6803229e-08
  1.2296892e-05 -1.1075559e-06              0 -2.5749681e-07  7.9935663e-07  6.2955532e-07 -1.0281915e-06   7.968646e-07  1.1550929e-06  5.2523151e-07  1.1106985e-06  2.3579165e-08  1.9832412e-08  2.4904187e-08  3.1729158e-08
  1.0698292e-05 -9.4843034e-07              0 -2.2644731e-07  6.2955532e-07  5.0673679e-07 -9.6119976e-07  6.8670555e-07  1.0024434e-06  4.6146405e-07  9.5674068e-07  2.3294582e-08  1.9749101e-08  2.2627619e-08  2.5135817e-08
 -0.00013211836  5.0691368e-06              0  3.3460887e-06 -1.0281915e-06 -9.6119976e-07  0.00012652133 -7.8056399e-06 -1.0633601e-05 -5.4382608e-06 -1.0516155e-05 -1.8097985e-06 -1.6892959e-06 -1.7794464e-06 -1.3832424e-06
  7.2024654e-05 -5.1872232e-06              0  9.2247229e-07   7.968646e-07  6.8670555e-07 -7.8056399e-06   5.704218e-06    6.68344e-06   3.123636e-06  6.0713888e-06   2.106188e-07   2.149272e-07  2.0938469e-07  2.3190575e-07
  0.00010553411 -7.5315304e-06              0  3.2084272e-07  1.1550929e-06  1.0024434e-06 -1.0633601e-05    6.68344e-06  1.1023066e-05  4.6987734e-06  8.7439479e-06  3.1533445e-07  3.1997773e-07  2.7193968e-07  2.9573287e-07
   5.024434e-05 -3.3692648e-06              0 -1.9662663e-07  5.2523151e-07  4.6146405e-07 -5.4382608e-06   3.123636e-06  4.6987734e-06  3.3944716e-06  4.0042483e-06  1.5950918e-07  1.8166418e-07  1.3929916e-07  1.2208756e-07
  9.3823893e-05 -7.2354396e-06              0  7.7500812e-07  1.1106985e-06  9.5674068e-07 -1.0516155e-05  6.0713888e-06  8.7439479e-06  4.0042483e-06  9.5406331e-06  2.6948175e-07  2.3371274e-07  2.4902336e-07  3.0770058e-07
  3.7185454e-06 -1.4923373e-07              0 -1.1144318e-07  2.3579165e-08  2.3294582e-08 -1.8097985e-06   2.106188e-07  3.1533445e-07  1.5950918e-07  2.6948175e-07  9.6565492e-08  3.4798847e-08  3.1498519e-08  2.3219632e-08
  3.7666855e-06 -1.0361187e-07              0 -8.6011032e-08  1.9832412e-08  1.9749101e-08 -1.6892959e-06   2.149272e-07  3.1997773e-07  1.8166418e-07  2.3371274e-07  3.4798847e-08  7.7015029e-08    2.48743e-08  1.6444401e-08
  3.4404667e-06 -1.2432794e-07              0  1.9522211e-09  2.4904187e-08  2.2627619e-08 -1.7794464e-06  2.0938469e-07  2.7193968e-07  1.3929916e-07  2.4902336e-07  3.1498519e-08    2.48743e-08  1.5454961e-07  3.3401856e-08
  3.4247689e-06 -1.9407658e-07              0  9.6803229e-08  3.1729158e-08  2.5135817e-08 -1.3832424e-06  2.3190575e-07  2.9573287e-07  1.2208756e-07  3.0770058e-07  2.3219632e-08  1.6444401e-08  3.3401856e-08  7.6801332e-08


# ext. ||   Name    ||   type  ||     Value     ||  Error +/- 

   0   ||Natural mortality || limited ||    0.03286323724807 ||0.000520850659218
   1   ||Targeted q || limited ||      9.685605504195 ||0.05660165271596
   2   ||Nontargeted q || limited ||                   2 ||22.06548931833
   3   ||     sigma || limited ||      1.640653733371 ||0.0876203887711
   4   ||  Biomass1 || limited ||      2.175519938909 ||0.02945532880222
   5   ||  Biomass2 || limited ||      1.854990554708 ||0.02165927297729
   6   ||  vm_sigma || limited ||      27.02673100261 ||0.3009396450092
   7   ||Recruit year 1 || limited ||       4.14462419394 ||0.03362088270148
   8   ||Recruit year 2 || limited ||       8.20487642976 ||0.06438976289996
   9   ||Recruit year 3 || limited ||      2.221046599929 ||0.01915546095771
  10   ||Recruit year 4 || limited ||      7.049187747572 ||0.05586774244334
  11   ||Mean Rec dist 1 || limited ||     0.4610688398041 ||0.002194996667555
  12   ||Mean Rec dist 2 || limited ||     0.4855276483265 ||0.001960018813103
  13   ||Mean Rec dist 3 || limited ||      0.330778738216 ||0.002778313415175
  14   ||Mean Rec dist 4 || limited ||     0.3653064139884 ||0.001958300806473





