# Minimum negative log likelihood

Minuit did successfully converge.
# of function calls: 965
minimum function Value: 584.2096448988
minimum edm: 2.405189531778e-05
minimum internal state vector: LAVector parameters:
      0.711049579299
     -1.279129586079
     -1.287002217587
     -1.167356150434
     -1.381207942892
     -1.386613995391
     0.8658560195704
     0.1666626508811
     -1.053335658129
     -1.020816390287
     -1.178718748948
     -1.071281811355

minimum internal covariance matrix: LASymMatrix parameters:
     0.16440626   -0.018015483              0 -6.5270827e-06    0.011778112    0.011533227  0.00057877933   -0.015578654    0.033201922    0.037812207    0.023336073    0.031941254
   -0.018015483   0.0019931896              0  3.1946515e-06  -0.0013025941  -0.0012751396 -5.7917482e-05   0.0015167272  -0.0036592113  -0.0041669718  -0.0025713664  -0.0035257549
              0              0              2              0              0              0              0              0              0              0              0              0
 -6.5270827e-06  3.1946515e-06              0  0.00020463922 -3.5127667e-06 -3.2945429e-06  1.7393968e-06  -2.079037e-05 -4.4410939e-06 -4.9262807e-06 -2.9356179e-06 -5.9370992e-06
    0.011778112  -0.0013025941              0 -3.5127667e-06  0.00086231992   0.0008427803  3.7729595e-05 -0.00099195104    0.002393135   0.0027239555   0.0016810076    0.002304171
    0.011533227  -0.0012751396              0 -3.2945429e-06   0.0008427803  0.00082390992  3.7081865e-05 -0.00097469483   0.0023428434   0.0026668761   0.0016457687   0.0022558553
  0.00057877933 -5.7917482e-05              0  1.7393968e-06  3.7729595e-05  3.7081865e-05  1.3244756e-05 -0.00025902175  0.00011023918  0.00012556776  7.7570603e-05   0.0001094709
   -0.015578654   0.0015167272              0  -2.079037e-05 -0.00099195104 -0.00097469483 -0.00025902175    0.018731888  -0.0029202933   -0.003332159  -0.0020656294  -0.0028527846
    0.033201922  -0.0036592113              0 -4.4410939e-06    0.002393135   0.0023428434  0.00011023918  -0.0029202933   0.0067390504   0.0076644728   0.0047297117   0.0064810267
    0.037812207  -0.0041669718              0 -4.9262807e-06   0.0027239555   0.0026668761  0.00012556776   -0.003332159   0.0076644728   0.0087388288   0.0053863103   0.0073813692
    0.023336073  -0.0025713664              0 -2.9356179e-06   0.0016810076   0.0016457687  7.7570603e-05  -0.0020656294   0.0047297117   0.0053863103   0.0033328089   0.0045545093
    0.031941254  -0.0035257549              0 -5.9370992e-06    0.002304171   0.0022558553   0.0001094709  -0.0028527846   0.0064810267   0.0073813692   0.0045545093   0.0062807023


# ext. ||   Name    ||   type  ||     Value     ||  Error +/- 

   0   ||Natural mortality || limited ||    0.06131573431915 ||0.005356757909895
   1   ||Targeted q || limited ||      2.111703174757 ||0.4538047053384
   2   ||Nontargeted q || limited ||                   2 ||22.06548931833
   3   ||     sigma || limited ||      4.014206070869 ||0.1985524941954
   4   ||  Biomass1 || limited ||      8.959055356574 ||1.9564326886
   5   ||  Biomass2 || limited ||      8.456835334732 ||1.858466767063
   6   ||   vm_mean || limited ||      2.392794777676 ||0.005238700625479
   7   ||  vm_sigma || limited ||      46.63610395601 ||3.811469845049
   8   ||Recruit year 1 || limited ||      6.555439206154 ||1.434785051155
   9   ||Recruit year 2 || limited ||      7.382512234089 ||1.726034822974
  10   ||Recruit year 3 || limited ||      3.803760921407 ||0.7796211416433
  11   ||Recruit year 4 || limited ||      6.118628468216 ||1.341292037325





