# Minimum negative log likelihood

Minuit did successfully converge.
# of function calls: 768
minimum function Value: 720.44457151
minimum edm: 2.775535578426e-05
minimum internal state vector: LAVector parameters:
   -0.04950377551431
      -1.13936209922
     -1.287002217587
     -1.007459217222
     -1.415488065309
     -1.422724287423
    0.04509725303388
     -1.079551109864
     -1.158298270185
    -0.9834165992925
     -1.002581926023
     0.1170152630512
      0.119943826925
    0.06254814890991
    0.09759337314822

minimum internal covariance matrix: LASymMatrix parameters:
    0.037011788  -0.0028446613              0 -5.0403991e-05   0.0010947011   0.0010114834   -0.015835893   0.0051832092   0.0042946203   0.0064850957   0.0059011901  0.00017177086  0.00014110162    0.000227368  0.00018853341
  -0.0028446613  0.00024421678              0  7.1873401e-06  -9.462517e-05 -8.7020956e-05   0.0010654058 -0.00040916919 -0.00033855908 -0.00051353112 -0.00047667857 -1.0073657e-05 -6.5763027e-06 -1.5243298e-05 -1.3456057e-05
              0              0              2              0              0              0              0              0              0              0              0              0              0              0              0
 -5.0403991e-05  7.1873401e-06              0  0.00042320096  3.8612617e-06  3.5335348e-06  4.8101763e-05 -1.0873242e-05 -1.3718397e-05 -2.2058337e-05 -7.0238178e-06  6.6998576e-07  5.4313965e-06 -5.6032851e-07  5.8895859e-08
   0.0010947011  -9.462517e-05              0  3.8612617e-06  6.1044754e-05  5.4043403e-05 -0.00040795789  0.00015794861  0.00013025546  0.00019586748   0.0001844586  3.5317028e-06  3.0126149e-06  5.8589128e-06  4.8428324e-06
   0.0010114834 -8.7020956e-05              0  3.5335348e-06  5.4043403e-05  4.8109689e-05 -0.00037498475  0.00014545434  0.00012022828  0.00018080568  0.00017010644  3.3880188e-06  2.8967353e-06  5.4309501e-06  4.4958755e-06
   -0.015835893   0.0010654058              0  4.8101763e-05 -0.00040795789 -0.00037498475    0.022887219  -0.0021509991  -0.0017529312  -0.0027373593  -0.0023983048 -0.00016220217 -0.00010199836 -0.00018997245 -0.00018121226
   0.0051832092 -0.00040916919              0 -1.0873242e-05  0.00015794861  0.00014545434  -0.0021509991  0.00078043171  0.00059822015  0.00091486589  0.00083104502   1.849244e-05  1.6645863e-05  3.1082571e-05  2.6230765e-05
   0.0042946203 -0.00033855908              0 -1.3718397e-05  0.00013025546  0.00012022828  -0.0017529312  0.00059822015  0.00053811373   0.0007611187  0.00069156316  1.9648147e-05  1.1658464e-05  2.5553623e-05  2.0753082e-05
   0.0064850957 -0.00051353112              0 -2.2058337e-05  0.00019586748  0.00018080568  -0.0027373593  0.00091486589   0.0007611187   0.0011924031    0.001038791  2.8391208e-05  1.7280762e-05  3.8353484e-05  3.3447213e-05
   0.0059011901 -0.00047667857              0 -7.0238178e-06   0.0001844586  0.00017010644  -0.0023983048  0.00083104502  0.00069156316    0.001038791   0.0010359116  2.5216766e-05   2.173985e-05  3.4215554e-05  3.0604979e-05
  0.00017177086 -1.0073657e-05              0  6.6998576e-07  3.5317028e-06  3.3880188e-06 -0.00016220217   1.849244e-05  1.9648147e-05  2.8391208e-05  2.5216766e-05  5.7962814e-06  1.6134008e-06  1.6277544e-06  1.4013963e-06
  0.00014110162 -6.5763027e-06              0  5.4313965e-06  3.0126149e-06  2.8967353e-06 -0.00010199836  1.6645863e-05  1.1658464e-05  1.7280762e-05   2.173985e-05  1.6134008e-06  9.5168172e-06   1.358071e-06  9.5742297e-07
    0.000227368 -1.5243298e-05              0 -5.6032851e-07  5.8589128e-06  5.4309501e-06 -0.00018997245  3.1082571e-05  2.5553623e-05  3.8353484e-05  3.4215554e-05  1.6277544e-06   1.358071e-06  3.5298982e-06  1.7130412e-06
  0.00018853341 -1.3456057e-05              0  5.8895859e-08  4.8428324e-06  4.4958755e-06 -0.00018121226  2.6230765e-05  2.0753082e-05  3.3447213e-05  3.0604979e-05  1.4013963e-06  9.5742297e-07  1.7130412e-06  4.0882612e-06


# ext. ||   Name    ||   type  ||     Value     ||  Error +/- 

   0   ||Natural mortality || limited ||    0.04376291102992 ||0.003386275990725
   1   ||Targeted q || limited ||      4.581653629754 ||0.2310420275839
   2   ||Nontargeted q || limited ||                   2 ||22.06548931833
   3   ||     sigma || limited ||      7.726111494084 ||0.3883854074189
   4   ||  Biomass1 || limited ||      6.018052803415 ||0.427291460579
   5   ||  Biomass2 || limited ||       5.47132452656 ||0.3617882246244
   6   ||  vm_sigma || limited ||      41.80375619528 ||4.266440230845
   7   ||Recruit year 1 || limited ||      5.922101561695 ||0.465842339897
   8   ||Recruit year 2 || limited ||      4.203469929132 ||0.3287488316281
   9   ||Recruit year 3 || limited ||       8.38937985957 ||0.6764446050174
  10   ||Recruit year 4 || limited ||      7.866054362167 ||0.6122389227868
  11   ||Mean Rec dist 1 || limited ||      1.167484058333 ||0.01690750048279
  12   ||Mean Rec dist 2 || limited ||      1.196564379861 ||0.02165703553255
  13   ||Mean Rec dist 3 || limited ||     0.6250737266964 ||0.01325915566996
  14   ||Mean Rec dist 4 || limited ||     0.9743852610649 ||0.01422927162738





