# Minimum negative log likelihood

Minuit did successfully converge.
# of function calls: 839
minimum function Value: 700.3737647214
minimum edm: 3.291224037121e-05
minimum internal state vector: LAVector parameters:
    -0.6848435914833
     -1.196302817317
     -1.287002217587
      -1.03461492411
     -1.405461458116
      -1.40759392258
     0.0410862746195
    -0.1787243847268
     -1.216024136762
    -0.9614324691629
     -1.093363398164
     -1.074180502595

minimum internal covariance matrix: LASymMatrix parameters:
     0.06462616  -0.0063724743              0  0.00022507663   0.0030297181   0.0028710974  1.7649044e-05  -0.0010843682   0.0061030643    0.010892882   0.0078999227   0.0072566676
  -0.0063724743  0.00066568707              0 -1.7169589e-05 -0.00031720144 -0.00030028658  8.4631388e-06 -0.00025968874 -0.00061320978  -0.0010966866 -0.00078499608 -0.00073355512
              0              0              2              0              0              0              0              0              0              0              0              0
  0.00022507663 -1.7169589e-05              0  0.00037858462  4.7049525e-06  4.5428808e-06  3.1919165e-06 -1.1817248e-05  2.0986618e-05  3.2979393e-05  2.9364318e-05  1.9159685e-05
   0.0030297181 -0.00031720144              0  4.7049525e-06  0.00018380623  0.00017193973 -5.4774774e-06  0.00013351005  0.00029943831  0.00052296571  0.00037151324  0.00035023863
   0.0028710974 -0.00030028658              0  4.5428808e-06  0.00017193973  0.00016105951  -4.988401e-06  0.00012380678  0.00028268747   0.0004953446  0.00035208602  0.00033173804
  1.7649044e-05  8.4631388e-06              0  3.1919165e-06 -5.4774774e-06  -4.988401e-06   1.162497e-05 -0.00019120471 -1.5734762e-06   -3.33354e-06   6.104023e-07  -3.211926e-06
  -0.0010843682 -0.00025968874              0 -1.1817248e-05  0.00013351005  0.00012380678 -0.00019120471    0.016051499  2.5613103e-05  6.1435427e-05 -9.0229214e-05  3.2390824e-05
   0.0061030643 -0.00061320978              0  2.0986618e-05  0.00029943831  0.00028268747 -1.5734762e-06  2.5613103e-05  0.00060727197   0.0010354827  0.00074731559  0.00069124776
    0.010892882  -0.0010966866              0  3.2979393e-05  0.00052296571   0.0004953446   -3.33354e-06  6.1435427e-05   0.0010354827   0.0018744961    0.001332076   0.0012352014
   0.0078999227 -0.00078499608              0  2.9364318e-05  0.00037151324  0.00035208602   6.104023e-07 -9.0229214e-05  0.00074731559    0.001332076  0.00099407485  0.00088693599
   0.0072566676 -0.00073355512              0  1.9159685e-05  0.00035023863  0.00033173804  -3.211926e-06  3.2390824e-05  0.00069124776   0.0012352014  0.00088693599  0.00085053032


# ext. ||   Name    ||   type  ||     Value     ||  Error +/- 

   0   ||Natural mortality || limited ||    0.02918620304891 ||0.003461937903789
   1   ||Targeted q || limited ||      3.465349194203 ||0.3336653329042
   2   ||Nontargeted q || limited ||                   2 ||22.06548931833
   3   ||     sigma || limited ||       7.01671492508 ||0.3514164935246
   4   ||  Biomass1 || limited ||      6.818351460354 ||0.7888828254089
   5   ||  Biomass2 || limited ||      6.643989623029 ||0.7290197518316
   6   ||   vm_mean || limited ||     0.1290400263332 ||0.007567696399397
   7   ||  vm_sigma || limited ||      32.88961200452 ||3.521622747522
   8   ||Recruit year 1 || limited ||      3.123406176363 ||0.3026090857005
   9   ||Recruit year 2 || limited ||       9.00848619953 ||0.8758799979274
  10   ||Recruit year 3 || limited ||      5.600569937346 ||0.5121194810157
  11   ||Recruit year 4 || limited ||      6.049396310826 ||0.4911856512501





