# Minimum negative log likelihood

Minuit did successfully converge.
# of function calls: 786
minimum function Value: 655.7396494824
minimum edm: 4.964728152883e-06
minimum internal state vector: LAVector parameters:
    -0.1261230354394
     -1.029978420148
     -1.287002217587
     -1.090323281422
     -1.537884255965
     -1.538309991234
    -0.4268229881085
    0.05199199694756
    -0.9653373055261
     -1.222748408637
    -0.9912676659585
    -0.9442473714694

minimum internal covariance matrix: LASymMatrix parameters:
    0.076508402  -0.0061711739              0 -9.3334243e-05  0.00036862269  0.00034526896  0.00010026687  -0.0018003314   0.0068158683    0.004173496   0.0078233553    0.007219507
  -0.0061711739  0.00050717028              0  6.7089577e-06 -3.0109368e-05 -2.8296626e-05 -5.5422261e-06  8.3933708e-05 -0.00055163819 -0.00033712954  -0.0006326337 -0.00058417633
              0              0              2              0              0              0              0              0              0              0              0              0
 -9.3334243e-05  6.7089577e-06              0  0.00030135875 -3.3536519e-06 -2.3833044e-06  5.2857555e-08  4.9898657e-06  -7.754552e-06 -6.4400011e-06  -1.038616e-05 -9.4625356e-06
  0.00036862269 -3.0109368e-05              0 -3.3536519e-06  2.4892697e-05  1.9513142e-05  2.6221488e-07 -2.7146269e-05  3.4734359e-05  2.0228652e-05   3.837895e-05   3.503898e-05
  0.00034526896 -2.8296626e-05              0 -2.3833044e-06  1.9513142e-05  1.5664972e-05  2.6177933e-07 -1.7761313e-05   3.214303e-05  1.8833626e-05  3.5849495e-05  3.2769014e-05
  0.00010026687 -5.5422261e-06              0  5.2857555e-08  2.6221488e-07  2.6177933e-07  2.9022724e-06 -6.0110094e-05  8.3304666e-06  5.4338838e-06  9.7506125e-06  8.9127829e-06
  -0.0018003314  8.3933708e-05              0  4.9898657e-06 -2.7146269e-05 -1.7761313e-05 -6.0110094e-05   0.0032137319 -0.00015397092 -9.5518501e-05 -0.00017093013 -0.00015883058
   0.0068158683 -0.00055163819              0  -7.754552e-06  3.4734359e-05   3.214303e-05  8.3304666e-06 -0.00015397092  0.00062355656  0.00037131301  0.00069690086  0.00064316724
    0.004173496 -0.00033712954              0 -6.4400011e-06  2.0228652e-05  1.8833626e-05  5.4338838e-06 -9.5518501e-05  0.00037131301  0.00024298354  0.00042678584  0.00039372702
   0.0078233553  -0.0006326337              0  -1.038616e-05   3.837895e-05  3.5849495e-05  9.7506125e-06 -0.00017093013  0.00069690086  0.00042678584  0.00081573149  0.00073828266
    0.007219507 -0.00058417633              0 -9.4625356e-06   3.503898e-05  3.2769014e-05  8.9127829e-06 -0.00015883058  0.00064316724  0.00039372702  0.00073828266  0.00069732564


# ext. ||   Name    ||   type  ||     Value     ||  Error +/- 

   0   ||Natural mortality || limited ||    0.04185527680816 ||0.004819963438519
   1   ||Targeted q || limited ||      7.135606036282 ||0.4099053540142
   2   ||Nontargeted q || limited ||                   2 ||22.06548931833
   3   ||     sigma || limited ||      5.661180947847 ||0.2836708666317
   4   ||  Biomass1 || limited ||     0.2707766580413 ||0.05804527597456
   5   ||  Biomass2 || limited ||     0.2638172964191 ||0.04545101489634
   6   ||   vm_mean || limited ||     -1.300559380777 ||0.003444938829585
   7   ||  vm_sigma || limited ||      42.07921706631 ||1.600813797354
   8   ||Recruit year 1 || limited ||      8.897064349642 ||0.502395463602
   9   ||Recruit year 2 || limited ||      3.007685841002 ||0.1879430867299
  10   ||Recruit year 3 || limited ||      8.173140497557 ||0.5528949122959
  11   ||Recruit year 4 || limited ||      9.506257405576 ||0.5473474455167





