# Minimum negative log likelihood

Minuit did successfully converge.
# of function calls: 991
minimum function Value: 497.9048538562
minimum edm: 6.925819507767e-05
minimum internal state vector: LAVector parameters:
    -0.5548921296125
     -1.228986285446
     -1.287002217587
     -1.897855977962
     -1.510003050863
     -1.513042465064
    -0.3689735857952
    -0.2886465231773
     -1.070647792161
     -1.305509917793
     -1.330949198273
     -1.049934826513

minimum internal covariance matrix: LASymMatrix parameters:
   0.0024754499  -0.0016298097              0  1.0816737e-06  0.00027035654  0.00025929425 -4.6102601e-06  0.00013977081   0.0023397599   0.0012521861   0.0012128137   0.0025143475
  -0.0016298097   0.0010906957              0  3.1409199e-06 -0.00018054935 -0.00017318181  7.6505186e-06 -0.00016742825  -0.0015565163 -0.00083128927 -0.00080588289  -0.0016732034
              0              0      3.1320226              0              0              0              0              0              0              0              0              0
  1.0816737e-06  3.1409199e-06              0  0.00010945706 -1.6467313e-06 -1.5573185e-06  1.7942672e-06 -1.7993023e-05 -2.5155464e-06 -2.6573293e-06 -1.9260785e-06 -2.5281865e-06
  0.00027035654 -0.00018054935              0 -1.6467313e-06  3.4619709e-05  3.2371482e-05 -1.3360172e-06  1.2689662e-05  0.00025849532  0.00013768011  0.00013334006  0.00027701425
  0.00025929425 -0.00017318181              0 -1.5573185e-06  3.2371482e-05  3.0465383e-05 -1.1509044e-06  1.6921273e-05  0.00024776248  0.00013208283  0.00012787734  0.00026577476
 -4.6102601e-06  7.6505186e-06              0  1.7942672e-06 -1.3360172e-06 -1.1509044e-06  4.1536377e-06 -4.3403185e-05  -8.645076e-06 -4.1220242e-06 -4.2726915e-06 -9.2155871e-06
  0.00013977081 -0.00016742825              0 -1.7993023e-05  1.2689662e-05  1.6921273e-05 -4.3403185e-05   0.0018672964  0.00019183933    9.87366e-05  0.00010450549  0.00021286393
   0.0023397599  -0.0015565163              0 -2.5155464e-06  0.00025849532  0.00024776248  -8.645076e-06  0.00019183933   0.0022321645   0.0011908647   0.0011534918   0.0023941246
   0.0012521861 -0.00083128927              0 -2.6573293e-06  0.00013768011  0.00013208283 -4.1220242e-06    9.87366e-05   0.0011908647  0.00064102653  0.00061621808   0.0012799054
   0.0012128137 -0.00080588289              0 -1.9260785e-06  0.00013334006  0.00012787734 -4.2726915e-06  0.00010450549   0.0011534918  0.00061621808  0.00060232802   0.0012399702
   0.0025143475  -0.0016732034              0 -2.5281865e-06  0.00027701425  0.00026577476 -9.2155871e-06  0.00021286393   0.0023941246   0.0012799054   0.0012399702   0.0025781442


# ext. ||   Name    ||   type  ||     Value     ||  Error +/- 

   0   ||Natural mortality || limited ||    0.07097225729282 ||0.004484467025449
   1   ||Targeted q || limited ||      2.892525195878 ||0.3913471992618
   2   ||Nontargeted q || limited ||                   2 ||59.81825756666
   3   ||     sigma || limited ||      2.650447393864 ||0.1188309320045
   4   ||  Biomass1 || limited ||     0.9236710700512 ||0.1263873068844
   5   ||  Biomass2 || limited ||     0.8336453782762 ||0.1126410762768
   6   ||   vm_mean || limited ||     -1.133041426832 ||0.004222698639746
   7   ||  vm_sigma || limited ||      28.61444221922 ||1.171465873017
   8   ||Recruit year 1 || limited ||       6.13382051105 ||0.800816686176
   9   ||Recruit year 2 || limited ||      1.758952680892 ||0.234657979479
  10   ||Recruit year 3 || limited ||      1.441141798821 ||0.2060956866873
  11   ||Recruit year 4 || limited ||      6.639797188408 ||0.8930511041891





