# Minimum negative log likelihood

Minuit did successfully converge.
# of function calls: 1055
minimum function Value: 250.8534498526
minimum edm: 1.344705630411e-05
minimum internal state vector: LAVector parameters:
    -0.9680262940759
     -1.080589960077
     -1.287002217587
      -1.39073859983
     -1.528746994744
     -1.530528609305
     0.7630223453693
    -0.2452680489647
     -1.205445206354
     -1.092280034917
     -1.085904019045
    -0.9763105307875

minimum internal covariance matrix: LASymMatrix parameters:
  0.00034722068  -0.0001003451              0  1.6021973e-05  7.7025073e-06  7.8408839e-06 -3.8771728e-06  4.3008032e-05  8.1572101e-05  9.3860684e-05   8.839949e-05  0.00011193413
  -0.0001003451   2.930151e-05              0 -4.7405082e-06 -2.2591694e-06 -2.2961544e-06  1.2396884e-06 -1.4142003e-05 -2.3635657e-05 -2.7189729e-05  -2.560381e-05 -3.2529304e-05
              0              0              2              0              0              0              0              0              0              0              0              0
  1.6021973e-05 -4.7405082e-06              0  4.3796417e-05  6.5390045e-08  1.1863355e-07 -1.3510482e-07   1.392623e-06  3.9813012e-06  4.6478238e-06  4.2834968e-06  5.6056866e-06
  7.7025073e-06 -2.2591694e-06              0  6.5390045e-08  3.7000206e-07  3.4206292e-07 -1.0241695e-07  1.1773634e-06  1.8204213e-06  2.0930818e-06  1.9726727e-06  2.4965315e-06
  7.8408839e-06 -2.2961544e-06              0  1.1863355e-07  3.4206292e-07  3.2037657e-07 -1.0182149e-07  1.1686858e-06  1.8514324e-06   2.131717e-06  2.0067099e-06  2.5399652e-06
 -3.8771728e-06  1.2396884e-06              0 -1.3510482e-07 -1.0241695e-07 -1.0182149e-07  2.0518178e-07 -2.0603148e-06 -9.2848324e-07 -1.0564601e-06 -1.0064704e-06 -1.2605437e-06
  4.3008032e-05 -1.4142003e-05              0   1.392623e-06  1.1773634e-06  1.1686858e-06 -2.0603148e-06  6.1763814e-05  1.0499202e-05   1.185972e-05  1.1235367e-05  1.4057998e-05
  8.1572101e-05 -2.3635657e-05              0  3.9813012e-06  1.8204213e-06  1.8514324e-06 -9.2848324e-07  1.0499202e-05  1.9448499e-05  2.2108877e-05  2.0816654e-05  2.6368583e-05
  9.3860684e-05 -2.7189729e-05              0  4.6478238e-06  2.0930818e-06   2.131717e-06 -1.0564601e-06   1.185972e-05  2.2108877e-05  2.5748831e-05  2.3971614e-05  3.0353515e-05
   8.839949e-05  -2.560381e-05              0  4.2834968e-06  1.9726727e-06  2.0067099e-06 -1.0064704e-06  1.1235367e-05  2.0816654e-05  2.3971614e-05  2.2825659e-05  2.8573375e-05
  0.00011193413 -3.2529304e-05              0  5.6056866e-06  2.4965315e-06  2.5399652e-06 -1.2605437e-06  1.4057998e-05  2.6368583e-05  3.0353515e-05  2.8573375e-05  3.6734484e-05


# ext. ||   Name    ||   type  ||     Value     ||  Error +/- 

   0   ||Natural mortality || limited ||    0.02643474414713 ||0.001120451997856
   1   ||Targeted q || limited ||      5.888214084848 ||0.09010372450572
   2   ||Nontargeted q || limited ||                   2 ||22.06548931833
   3   ||     sigma || limited ||     0.8083321842549 ||0.04190204716056
   4   ||  Biomass1 || limited ||      0.441971453201 ||0.009040410993699
   5   ||  Biomass2 || limited ||     0.4053174953663 ||0.008056102948351
   6   ||   vm_mean || limited ||      2.171182957347 ||0.0007272650061823
   7   ||  vm_sigma || limited ||      30.28796699309 ||0.2156296478059
   8   ||Recruit year 1 || limited ||      3.309751422271 ||0.05570052542944
   9   ||Recruit year 2 || limited ||      5.625483808929 ||0.08260071061227
  10   ||Recruit year 3 || limited ||      5.773166075474 ||0.07872518810458
  11   ||Recruit year 4 || limited ||       8.58731192389 ||0.1200050396654





