# Minimum negative log likelihood

Minuit did successfully converge.
# of function calls: 334
minimum function Value: 444.073327098
minimum edm: 5.135514577828e-05
minimum internal state vector: LAVector parameters:
      -1.15315589938
     -1.287002217587
     -1.283725532518
      -1.48345979233
     -1.487857350301
    -0.2140566748095
      1.570794596764
     -1.358653489074
     -1.060564995255
     -1.217667997506
     -1.155903784811

minimum internal covariance matrix: LASymMatrix parameters:
    3.10183e-06              0 -1.0837833e-07 -5.4468161e-07 -5.0358634e-07  3.4450587e-07 -1.3615251e-07 -6.2858678e-07  -1.303639e-06 -7.2161682e-07 -1.5107165e-06
              0              2              0              0              0              0              0              0              0              0              0
 -1.0837833e-07              0  9.9126804e-05  1.9943071e-06  1.6133062e-06 -2.9652139e-08  2.4231539e-07  1.4010705e-06  2.8707794e-07 -5.8539524e-08 -2.8389249e-08
 -5.4468161e-07              0  1.9943071e-06  1.8446254e-06   1.530897e-06 -7.3742098e-08  1.6568529e-07  4.4081982e-07  2.3861238e-07   1.119671e-07  3.2511985e-07
 -5.0358634e-07              0  1.6133062e-06   1.530897e-06   1.286284e-06 -6.1937905e-08  1.5133855e-07  2.9810042e-07    2.25634e-07  1.0956332e-07  2.9662158e-07
  3.4450587e-07              0 -2.9652139e-08 -7.3742098e-08 -6.1937905e-08  3.3836871e-07  2.3700856e-08 -1.1860644e-07 -7.5855291e-08   1.968122e-07 -2.4527772e-07
 -1.3615251e-07              0  2.4231539e-07  1.6568529e-07  1.5133855e-07  2.3700856e-08    0.019403259 -8.1446309e-08  5.4291669e-08   2.629191e-08 -5.1194861e-08
 -6.2858678e-07              0  1.4010705e-06  4.4081982e-07  2.9810042e-07 -1.1860644e-07 -8.1446309e-08  4.4691916e-06  9.0746992e-08  1.8896452e-07 -2.2406981e-08
  -1.303639e-06              0  2.8707794e-07  2.3861238e-07    2.25634e-07 -7.5855291e-08  5.4291669e-08  9.0746992e-08  4.3297955e-06  1.5242413e-08 -3.8013619e-07
 -7.2161682e-07              0 -5.8539524e-08   1.119671e-07  1.0956332e-07   1.968122e-07   2.629191e-08  1.8896452e-07  1.5242413e-08  4.2820775e-06  1.8220526e-07
 -1.5107165e-06              0 -2.8389249e-08  3.2511985e-07  2.9662158e-07 -2.4527772e-07 -5.1194861e-08 -2.2406981e-08 -3.8013619e-07  1.8220526e-07  4.3875485e-06


# ext. ||   Name    ||   type  ||     Value     ||  Error +/- 

   0   ||Targeted q || limited ||      4.297573102097 ||0.02525614124839
   1   ||Nontargeted q || limited ||                   2 ||22.06548931833
   2   ||     sigma || limited ||      2.046131188604 ||0.09966771491758
   3   ||  Biomass1 || limited ||      1.905705759694 ||0.04188444287245
   4   ||  Biomass2 || limited ||      1.718732870936 ||0.03321880793358
   5   ||   vm_mean || limited ||    -0.6673551035946 ||0.001262709050616
   6   ||  vm_sigma || limited ||      79.99999999994** ||0.1938733525352
   7   ||Recruit year 1 || limited ||       1.13078921528 ||0.01573590895582
   8   ||Recruit year 2 || limited ||      6.377785482759 ||0.03592544883193
   9   ||Recruit year 3 || limited ||      3.094920437731 ||0.02529923349606
  10   ||Recruit year 4 || limited ||      4.251593738159 ||0.02984874819946

** Parameter is at Upper limit




