# Minimum negative log likelihood

Minuit did successfully converge.
# of function calls: 944
minimum function Value: 334.5665584711
minimum edm: 1.15648963103e-05
minimum internal state vector: LAVector parameters:
     0.9639441987741
     -1.283203622927
     -1.287002217587
     -1.350471099991
      -1.55469269012
     -1.553031637438
    -0.4776878478582
     -1.165642832261
     -1.228412980141
     -1.307478077744
     -1.035029018452
     -1.218780476569

minimum internal covariance matrix: LASymMatrix parameters:
    0.050197088  -0.0033242118              0 -4.1069127e-05  0.00015080913  0.00019927724  0.00035569217 -0.00020334201   0.0039621054   0.0033827037   0.0068245282   0.0047006623
  -0.0033242118   0.0002337031              0  3.1684407e-06 -1.0775121e-05 -1.4264764e-05 -1.6279261e-05 -5.4524474e-07 -0.00027147086 -0.00023199804 -0.00046857777   -0.000322273
              0              0              2              0              0              0              0              0              0              0              0              0
 -4.1069127e-05  3.1684407e-06              0  6.3156951e-05  8.4751664e-07  1.7790524e-07 -3.6271577e-07 -1.3479548e-06 -3.1235558e-06 -3.1859886e-06 -5.9943753e-06 -3.8762186e-06
  0.00015080913 -1.0775121e-05              0  8.4751664e-07  3.1896504e-06  2.3731941e-06  2.6656658e-07  1.1071197e-08  1.2947126e-05   1.053116e-05  2.1418583e-05  1.4750746e-05
  0.00019927724 -1.4264764e-05              0  1.7790524e-07  2.3731941e-06  2.1228239e-06  7.2734543e-07  3.5320019e-07  1.6578693e-05  1.3991118e-05   2.836472e-05  1.9524762e-05
  0.00035569217 -1.6279261e-05              0 -3.6271577e-07  2.6656658e-07  7.2734543e-07  9.2864895e-06 -9.5207708e-06  2.2925275e-05  1.9693218e-05  3.9320404e-05  2.7331364e-05
 -0.00020334201 -5.4524474e-07              0 -1.3479548e-06  1.1071197e-08  3.5320019e-07 -9.5207708e-06  2.2572714e-05 -7.3195882e-06 -5.3772524e-06 -1.0393853e-05 -7.6861814e-06
   0.0039621054 -0.00027147086              0 -3.1235558e-06  1.2947126e-05  1.6578693e-05  2.2925275e-05 -7.3195882e-06  0.00032030332  0.00027224073  0.00054988655  0.00037842402
   0.0033827037 -0.00023199804              0 -3.1859886e-06   1.053116e-05  1.3991118e-05  1.9693218e-05 -5.3772524e-06  0.00027224073  0.00023362666  0.00046982831  0.00032329433
   0.0068245282 -0.00046857777              0 -5.9943753e-06  2.1418583e-05   2.836472e-05  3.9320404e-05 -1.0393853e-05  0.00054988655  0.00046982831  0.00094942154  0.00065280275
   0.0047006623   -0.000322273              0 -3.8762186e-06  1.4750746e-05  1.9524762e-05  2.7331364e-05 -7.6861814e-06  0.00037842402  0.00032329433  0.00065280275  0.00045019537


# ext. ||   Name    ||   type  ||     Value     ||  Error +/- 

   0   ||Natural mortality || limited ||    0.06553618168275 ||0.002249249374454
   1   ||Targeted q || limited ||      2.053526500642 ||0.1533039476706
   2   ||Nontargeted q || limited ||                   2 ||22.06548931833
   3   ||     sigma || limited ||      1.208678820127 ||0.06140562367235
   4   ||  Biomass1 || limited ||    0.06483037749727 ||0.01016790845873
   5   ||  Biomass2 || limited ||    0.07889397214872 ||0.009150539243608
   6   ||   vm_mean || limited ||     -1.444275204028 ||0.006011775568669
   7   ||  vm_sigma || limited ||      3.239283256449 ||0.05296671012522
   8   ||Recruit year 1 || limited ||      2.911851118225 ||0.2124099236002
   9   ||Recruit year 2 || limited ||      1.733247555245 ||0.1406419506032
  10   ||Recruit year 3 || limited ||       7.01544084669 ||0.5560365421753
  11   ||Recruit year 4 || limited ||      3.075714695298 ||0.2586136206611





