# Minimum negative log likelihood

Minuit did successfully converge.
# of function calls: 870
minimum function Value: 495.6434324055
minimum edm: 4.893308323237e-05
minimum internal state vector: LAVector parameters:
     0.4236004860429
    -0.9706888097992
     -1.287002217587
     -1.245474364439
     -1.544808487937
     -1.546617816832
    -0.2446510016225
    -0.7523577091812
     -1.118715786693
    -0.9796382760164
     -1.230402554166
     -1.417723534607

minimum internal covariance matrix: LASymMatrix parameters:
    0.035427392  -0.0024067905              0  9.2417516e-05  0.00011001455  0.00010318513  8.0818422e-05 -0.00032694766     0.00190837   0.0024535893   0.0012488411   0.0005250146
  -0.0024067905  0.00017035748              0 -7.0816631e-06 -7.4841933e-06  -7.090271e-06 -3.2927057e-06  1.0437775e-05 -0.00013069416 -0.00016790156 -8.5104114e-05 -3.5927836e-05
              0              0              2              0              0              0              0              0              0              0              0              0
  9.2417516e-05 -7.0816631e-06              0  0.00013294479  1.1240107e-06  9.4155767e-07  1.6138067e-07  1.8780242e-06  5.5167312e-06  6.4709331e-06  4.2404866e-06  1.6342214e-06
  0.00011001455 -7.4841933e-06              0  1.1240107e-06  4.2132251e-06  3.3748594e-06  2.2657255e-07 -2.0020465e-06  6.0932441e-06   7.575652e-06   3.734271e-06  1.5327422e-06
  0.00010318513  -7.090271e-06              0  9.4155767e-07  3.3748594e-06  2.7418937e-06  2.0282345e-07 -1.5575442e-06  5.6915869e-06  7.1261658e-06  3.5354262e-06  1.4564751e-06
  8.0818422e-05 -3.2927057e-06              0  1.6138067e-07  2.2657255e-07  2.0282345e-07  1.5782342e-06  -7.007546e-06  3.9739109e-06   5.225224e-06  2.6768569e-06  1.1235057e-06
 -0.00032694766  1.0437775e-05              0  1.8780242e-06 -2.0020465e-06 -1.5575442e-06  -7.007546e-06  7.3624771e-05 -1.5341851e-05 -2.0571902e-05 -1.0774323e-05 -4.7371495e-06
     0.00190837 -0.00013069416              0  5.5167312e-06  6.0932441e-06  5.6915869e-06  3.9739109e-06 -1.5341851e-05  0.00010658991  0.00013225635  6.7216557e-05  2.8396572e-05
   0.0024535893 -0.00016790156              0  6.4709331e-06   7.575652e-06  7.1261658e-06   5.225224e-06 -2.0571902e-05  0.00013225635  0.00017364272  8.6457385e-05  3.6448158e-05
   0.0012488411 -8.5104114e-05              0  4.2404866e-06   3.734271e-06  3.5354262e-06  2.6768569e-06 -1.0774323e-05  6.7216557e-05  8.6457385e-05  4.7096262e-05  1.8231336e-05
   0.0005250146 -3.5927836e-05              0  1.6342214e-06  1.5327422e-06  1.4564751e-06  1.1235057e-06 -4.7371495e-06  2.8396572e-05  3.6448158e-05  1.8231336e-05  1.1104407e-05


# ext. ||   Name    ||   type  ||     Value     ||  Error +/- 

   0   ||Natural mortality || limited ||    0.05527613417359 ||0.003024287655673
   1   ||Targeted q || limited ||       8.73625492615 ||0.2605980953984
   2   ||Nontargeted q || limited ||                   2 ||22.06548931833
   3   ||     sigma || limited ||      2.622606405442 ||0.1302901195428
   4   ||  Biomass1 || limited ||     0.1688324398074 ||0.01885747172672
   5   ||  Biomass2 || limited ||       0.14614296619 ||0.01415361672333
   6   ||   vm_mean || limited ||    -0.7609494526714 ||0.002707644419742
   7   ||  vm_sigma || limited ||      12.66636274316 ||0.1771818244348
   8   ||Recruit year 1 || limited ||      5.032488155416 ||0.1594359241471
   9   ||Recruit year 2 || limited ||      8.494360091694 ||0.2596213962613
  10   ||Recruit year 3 || limited ||      2.878549398741 ||0.08099631571977
  11   ||Recruit year 4 || limited ||     0.5945806199742 ||0.01796219994142





