# Minimum negative log likelihood

Minuit did successfully converge.
# of function calls: 868
minimum function Value: 503.2700814567
minimum edm: 8.684769020403e-05
minimum internal state vector: LAVector parameters:
     0.7916155167381
     -1.288511098648
     -1.287002217587
     -1.239389737392
     -1.397553405591
     -1.402232312214
     0.3532885440413
    -0.1791210484533
     -1.219793098872
     -1.420930900015
     -1.152675636667
     -1.185668598013

minimum internal covariance matrix: LASymMatrix parameters:
     0.10874766   -0.012787792              0  -6.532179e-05   0.0079454442   0.0076443567  3.9225514e-05  0.00070236849    0.016045142   0.0066739939    0.018874287    0.018437471
   -0.012787792   0.0015274442              0  7.2169698e-06 -0.00094971654  -0.0009134065   2.442944e-06 -0.00024544081  -0.0019057341 -0.00079109644  -0.0022431334  -0.0021940584
              0              0              2              0              0              0              0              0              0              0              0              0
  -6.532179e-05  7.2169698e-06              0  0.00013722275  -5.552436e-06 -5.1747923e-06 -2.4587743e-08  2.3341713e-06 -9.1904719e-06 -4.8429898e-06 -1.0534898e-05 -9.8811163e-06
   0.0079454442 -0.00094971654              0  -5.552436e-06  0.00059713286  0.00057363442 -1.9141076e-06  0.00015472949   0.0011855243  0.00049180588    0.001394607   0.0013643463
   0.0076443567  -0.0009134065              0 -5.1747923e-06  0.00057363442  0.00055115558 -1.6994763e-06  0.00014742796   0.0011402202  0.00047309032   0.0013414537   0.0013123093
  3.9225514e-05   2.442944e-06              0 -2.4587743e-08 -1.9141076e-06 -1.6994763e-06  9.0944519e-06 -0.00011190935  1.1592354e-07  3.1161946e-07  2.4769084e-07 -1.1989983e-06
  0.00070236849 -0.00024544081              0  2.3341713e-06  0.00015472949  0.00014742796 -0.00011190935   0.0070220771  0.00023214563  9.0203422e-05  0.00028646772  0.00029682247
    0.016045142  -0.0019057341              0 -9.1904719e-06   0.0011855243   0.0011402202  1.1592354e-07  0.00023214563   0.0023889641  0.00098959034   0.0028051113   0.0027421623
   0.0066739939 -0.00079109644              0 -4.8429898e-06  0.00049180588  0.00047309032  3.1161946e-07  9.0203422e-05  0.00098959034  0.00041650886    0.001165309    0.001138828
    0.018874287  -0.0022431334              0 -1.0534898e-05    0.001394607   0.0013414537  2.4769084e-07  0.00028646772   0.0028051113    0.001165309   0.0033061656   0.0032269906
    0.018437471  -0.0021940584              0 -9.8811163e-06   0.0013643463   0.0013123093 -1.1989983e-06  0.00029682247   0.0027421623    0.001138828   0.0032269906   0.0031628984


# ext. ||   Name    ||   type  ||     Value     ||  Error +/- 

   0   ||Natural mortality || limited ||    0.06278723547096 ||0.004059383610564
   1   ||Targeted q || limited ||       1.97893031447 ||0.3848463509323
   2   ||Nontargeted q || limited ||                   2 ||22.06548931833
   3   ||     sigma || limited ||      2.720719384013 ||0.1347550797364
   4   ||  Biomass1 || limited ||      7.484529810544 ||1.489188864434
   5   ||  Biomass2 || limited ||      7.086652975927 ||1.3924461812
   6   ||   vm_mean || limited ||      1.086944299584 ||0.006285455499056
   7   ||  vm_sigma || limited ||      32.87399894452 ||2.330846053085
   8   ||Recruit year 1 || limited ||      3.058283364843 ||0.5939998957807
   9   ||Recruit year 2 || limited ||      0.570384988229 ||0.1077167329815
  10   ||Recruit year 3 || limited ||      4.316887484168 ||0.8251388845981
  11   ||Recruit year 4 || limited ||      3.672110982166 ||0.7467150727246





