# Minimum negative log likelihood

Minuit did successfully converge.
# of function calls: 1479
minimum function Value: 299.8273319343
minimum edm: 7.994204964167e-05
minimum internal state vector: LAVector parameters:
     0.4950756284049
      -1.15091594743
     -1.287002217587
     -1.773386625889
     -1.453418673624
     -1.458918118119
     0.3088702720687
    -0.9685795153573
     -1.194070428894
    -0.9858968637498
     -1.131905070933
     -1.263420095764

minimum internal covariance matrix: LASymMatrix parameters:
     0.00491038 -0.00047948286              0  3.0269603e-05  0.00012711662  0.00012095643  9.3255748e-06 -1.4162536e-05  0.00043668754  0.00067359664   0.0005354834  0.00033885329
 -0.00047948286   4.964742e-05              0 -5.9975095e-06 -1.3068599e-05 -1.2436391e-05  5.7629499e-07 -3.6287748e-06 -4.3402686e-05 -6.6989153e-05 -5.3444271e-05 -3.4321245e-05
              0              0      3.7870023              0              0              0              0              0              0              0              0              0
  3.0269603e-05 -5.9975095e-06              0  5.9400148e-05  1.0977556e-06  1.1155748e-06 -1.6808765e-06  4.2646576e-06   2.969076e-06  4.5976922e-06  4.6411294e-06  3.8693197e-06
  0.00012711662 -1.3068599e-05              0  1.0977556e-06  3.8591003e-06  3.6179223e-06 -8.2012236e-08  6.7022391e-07  1.1542022e-05  1.7762357e-05  1.4115288e-05   9.033128e-06
  0.00012095643 -1.2436391e-05              0  1.1155748e-06  3.6179223e-06  3.4023041e-06 -7.7924162e-08  6.6004338e-07   1.097038e-05  1.6894785e-05  1.3432124e-05  8.5985664e-06
  9.3255748e-06  5.7629499e-07              0 -1.6808765e-06 -8.2012236e-08 -7.7924162e-08   1.259082e-06 -3.3875329e-06   4.480678e-07  6.8495252e-07  3.8062805e-07 -1.9466783e-08
 -1.4162536e-05 -3.6287748e-06              0  4.2646576e-06  6.7022391e-07  6.6004338e-07 -3.3875329e-06  1.7347606e-05  2.2984114e-07  2.9964799e-07  5.4775179e-07  1.0210936e-06
  0.00043668754 -4.3402686e-05              0   2.969076e-06  1.1542022e-05   1.097038e-05   4.480678e-07  2.2984114e-07  3.9744218e-05  6.0314781e-05  4.7937932e-05  3.0410695e-05
  0.00067359664 -6.6989153e-05              0  4.5976922e-06  1.7762357e-05  1.6894785e-05  6.8495252e-07  2.9964799e-07  6.0314781e-05  9.3719756e-05  7.3964397e-05  4.6954834e-05
   0.0005354834 -5.3444271e-05              0  4.6411294e-06  1.4115288e-05  1.3432124e-05  3.8062805e-07  5.4775179e-07  4.7937932e-05  7.3964397e-05  5.9532615e-05  3.7444113e-05
  0.00033885329 -3.4321245e-05              0  3.8693197e-06   9.033128e-06  8.5985664e-06 -1.9466783e-08  1.0210936e-06  3.0410695e-05  4.6954834e-05  3.7444113e-05  2.4729096e-05


# ext. ||   Name    ||   type  ||     Value     ||  Error +/- 

   0   ||Natural mortality || limited ||    0.05687745501356 ||0.001089567975958
   1   ||Targeted q || limited ||      4.343114482814 ||0.1015524263273
   2   ||Nontargeted q || limited ||                   2 ||62.48779811367
   3   ||     sigma || limited ||      1.022566126026 ||0.05482648595449
   4   ||  Biomass1 || limited ||      3.440425600908 ||0.08133652547143
   5   ||  Biomass2 || limited ||      3.125920826032 ||0.07280824857811
   6   ||   vm_mean || limited ||     0.9549893904084 ||0.002374694767904
   7   ||  vm_sigma || limited ||        7.0376367574 ||0.06673230978301
   8   ||Recruit year 1 || limited ||      3.515945001695 ||0.08198810770925
   9   ||Recruit year 2 || limited ||      8.320788932096 ||0.1889529799092
  10   ||Recruit year 3 || limited ||      4.748357872001 ||0.1159072203507
  11   ||Recruit year 4 || limited ||      2.353230936304 ||0.05318935394456





