# Minimum negative log likelihood

Minuit did successfully converge.
# of function calls: 710
minimum function Value: 647.7542319996
minimum edm: 5.022040446955e-05
minimum internal state vector: LAVector parameters:
    0.07445563957307
      -1.24025315392
     -1.287002217587
     -1.099616742796
      -1.49644539811
     -1.499168898887
    -0.4939363433982
   0.005474623425185
     -1.054271644087
    -0.8182158956188
     -1.115012806102
      -1.38598623932

minimum internal covariance matrix: LASymMatrix parameters:
     0.13058103   -0.014775587              0 -6.1117132e-05   0.0033466031   0.0032009773  0.00012686562  -0.0065951288    0.024378939    0.035503494    0.022526333    0.009126121
   -0.014775587   0.0016873073              0   6.491844e-06 -0.00038169692 -0.00036523049 -9.4028829e-06  0.00059292694  -0.0027697901  -0.0040345658  -0.0025572946  -0.0010351548
              0              0              2              0              0              0              0              0              0              0              0              0
 -6.1117132e-05   6.491844e-06              0  0.00028507996 -3.3239321e-06 -3.1447024e-06  3.8167686e-07 -8.4415785e-08 -1.1744269e-05 -1.5636838e-05 -9.9076984e-06 -4.0333245e-06
   0.0033466031 -0.00038169692              0 -3.3239321e-06  0.00011444317   0.0001041438  1.7927469e-06 -0.00017778478  0.00063707408  0.00091358796  0.00057913779  0.00023458633
   0.0032009773 -0.00036523049              0 -3.1447024e-06   0.0001041438  9.6090696e-05  1.9135308e-06 -0.00015356392  0.00060603998  0.00087393009  0.00055394211  0.00022433158
  0.00012686562 -9.4028829e-06              0  3.8167686e-07  1.7927469e-06  1.9135308e-06  8.8197884e-06   -0.000170439  1.9666336e-05  2.8907496e-05  1.8921288e-05  7.7499923e-06
  -0.0065951288  0.00059292694              0 -8.4415785e-08 -0.00017778478 -0.00015356392   -0.000170439    0.013418396   -0.001143365  -0.0016110822  -0.0010506021 -0.00043397322
    0.024378939  -0.0027697901              0 -1.1744269e-05  0.00063707408  0.00060603998  1.9666336e-05   -0.001143365    0.004584623    0.006641681   0.0042121563   0.0017058945
    0.035503494  -0.0040345658              0 -1.5636838e-05  0.00091358796  0.00087393009  2.8907496e-05  -0.0016110822    0.006641681   0.0096908688   0.0061347314   0.0024847065
    0.022526333  -0.0025572946              0 -9.9076984e-06  0.00057913779  0.00055394211  1.8921288e-05  -0.0010506021   0.0042121563   0.0061347314   0.0039080627   0.0015749334
    0.009126121  -0.0010351548              0 -4.0333245e-06  0.00023458633  0.00022433158  7.7499923e-06 -0.00043397322   0.0017058945   0.0024847065   0.0015749334  0.00065692625


# ext. ||   Name    ||   type  ||     Value     ||  Error +/- 

   0   ||Natural mortality || limited ||    0.04685967165167 ||0.006301209796963
   1   ||Targeted q || limited ||      2.706690370239 ||0.4712830314262
   2   ||Nontargeted q || limited ||                   2 ||22.06548931833
   3   ||     sigma || limited ||      5.448327468426 ||0.2709718899643
   4   ||  Biomass1 || limited ||      1.381378611095 ||0.2809519149503
   5   ||  Biomass2 || limited ||      1.282073827808 ||0.2480276704804
   6   ||   vm_mean || limited ||     -1.489414620094 ||0.00580871301726
   7   ||  vm_sigma || limited ||      40.21948110583 ||3.272635406618
   8   ||Recruit year 1 || limited ||      6.532310120987 ||1.18168672991
   9   ||Recruit year 2 || limited ||      13.51227399261 ||2.376819904519
  10   ||Recruit year 3 || limited ||      5.113668348434 ||0.9724501918958
  11   ||Recruit year 4 || limited ||     0.8613565230829 ||0.1664932976454





