# Minimum negative log likelihood

Minuit did successfully converge.
# of function calls: 1079
minimum function Value: 504.6561190048
minimum edm: 3.358888167085e-06
minimum internal state vector: LAVector parameters:
    -0.1723706398655
     -1.066523085595
     -1.287002217587
     -1.238320046375
     -1.479198828061
     -1.484664284659
    -0.9457622258618
     -0.976876830572
     -1.228721086638
    -0.9597515313485
    -0.9957773033872
    0.03054078485986
     0.1047023292343
     0.1192622197764
    0.05563175661643

minimum internal covariance matrix: LASymMatrix parameters:
   0.0050329161 -0.00032722032              0  3.0000749e-05  7.0081173e-05   6.282685e-05  -0.0003302227  0.00065273328  0.00038674146  0.00068932749  0.00064610383  4.7435422e-05  4.2987935e-05  4.4691633e-05  4.8028629e-05
 -0.00032722032  2.5029922e-05              0 -3.0495337e-06 -5.1452903e-06 -4.6230479e-06  1.5982794e-05 -4.3391857e-05 -2.5223629e-05 -4.5749967e-05 -4.4197056e-05 -2.5588256e-06 -2.3626235e-06 -2.2579009e-06 -2.8532507e-06
              0              0              2              0              0              0              0              0              0              0              0              0              0              0              0
  3.0000749e-05 -3.0495337e-06              0  0.00015686016  6.7967634e-07  5.8105789e-07 -3.4895162e-06  3.3384588e-06  2.7834859e-06   2.537113e-06  6.0296966e-06  3.2544038e-07 -7.1640309e-07  1.1535709e-07  1.2071407e-07
  7.0081173e-05 -5.1452903e-06              0  6.7967634e-07  3.5235749e-06  2.9286639e-06 -4.3104275e-06  9.2572022e-06   5.436098e-06  9.7599863e-06  9.3887846e-06  5.4524016e-07  5.1458177e-07  5.7234651e-07  6.5019697e-07
   6.282685e-05 -4.6230479e-06              0  5.8105789e-07  2.9286639e-06  2.4679403e-06 -3.6718961e-06  8.2937319e-06  4.8831824e-06  8.7234999e-06   8.402854e-06   4.938772e-07  4.6228764e-07  4.9540359e-07  5.7280913e-07
  -0.0003302227  1.5982794e-05              0 -3.4895162e-06 -4.3104275e-06 -3.6718961e-06  6.9298649e-05 -4.0593494e-05 -2.4983353e-05 -4.3119667e-05 -4.0782499e-05 -5.1661631e-06 -5.1035006e-06 -5.7423669e-06 -5.4466495e-06
  0.00065273328 -4.3391857e-05              0  3.3384588e-06  9.2572022e-06  8.2937319e-06 -4.0593494e-05  8.8946619e-05  5.0015489e-05  8.9550442e-05  8.4213265e-05  5.9267695e-06  5.4639227e-06  5.5188636e-06  6.0872329e-06
  0.00038674146 -2.5223629e-05              0  2.7834859e-06   5.436098e-06  4.8831824e-06 -2.4983353e-05  5.0015489e-05    3.35328e-05  5.3002166e-05  4.9732891e-05  3.6349493e-06  3.0040867e-06  3.4481191e-06   3.686107e-06
  0.00068932749 -4.5749967e-05              0   2.537113e-06  9.7599863e-06  8.7234999e-06 -4.3119667e-05  8.9550442e-05  5.3002166e-05  9.8876774e-05  8.8966358e-05  6.3453511e-06  5.7852746e-06  5.9262386e-06  6.5506746e-06
  0.00064610383 -4.4197056e-05              0  6.0296966e-06  9.3887846e-06   8.402854e-06 -4.0782499e-05  8.4213265e-05  4.9732891e-05  8.8966358e-05  9.0332902e-05  5.8741471e-06  5.2913292e-06  5.4494173e-06  6.3496199e-06
  4.7435422e-05 -2.5588256e-06              0  3.2544038e-07  5.4524016e-07   4.938772e-07 -5.1661631e-06  5.9267695e-06  3.6349493e-06  6.3453511e-06  5.8741471e-06  8.0880735e-07  5.4717879e-07   5.716607e-07  5.5212046e-07
  4.2987935e-05 -2.3626235e-06              0 -7.1640309e-07  5.1458177e-07  4.6228764e-07 -5.1035006e-06  5.4639227e-06  3.0040867e-06  5.7852746e-06  5.2913292e-06  5.4717879e-07  1.8756204e-06  5.3951262e-07  5.6664379e-07
  4.4691633e-05 -2.2579009e-06              0  1.1535709e-07  5.7234651e-07  4.9540359e-07 -5.7423669e-06  5.5188636e-06  3.4481191e-06  5.9262386e-06  5.4494173e-06   5.716607e-07  5.3951262e-07  1.0556145e-06  5.7688521e-07
  4.8028629e-05 -2.8532507e-06              0  1.2071407e-07  6.5019697e-07  5.7280913e-07 -5.4466495e-06  6.0872329e-06   3.686107e-06  6.5506746e-06  6.3496199e-06  5.5212046e-07  5.6664379e-07  5.7688521e-07  9.5958225e-07


# ext. ||   Name    ||   type  ||     Value     ||  Error +/- 

   0   ||Natural mortality || limited ||    0.04071204154947 ||0.001235004922876
   1   ||Targeted q || limited ||      6.223707270708 ||0.08546434183873
   2   ||Nontargeted q || limited ||                   2 ||22.06548931833
   3   ||     sigma || limited ||       2.73814888028 ||0.1445224921578
   4   ||  Biomass1 || limited ||      2.096059315977 ||0.06070476494369
   5   ||  Biomass2 || limited ||      1.853535838838 ||0.04778040949069
   6   ||  vm_sigma || limited ||      7.563178804753 ||0.1377679008386
   7   ||Recruit year 1 || limited ||      8.571461412174 ||0.1865783916005
   8   ||Recruit year 2 || limited ||      2.906681794021 ||0.06866948100093
   9   ||Recruit year 3 || limited ||      9.056643181315 ||0.2016776575794
  10   ||Recruit year 4 || limited ||      8.050098075889 ||0.1827304915109
  11   ||Mean Rec dist 1 || limited ||       0.30536037315 ||0.006356308149193
  12   ||Mean Rec dist 2 || limited ||      1.045111328273 ||0.009631025850249
  13   ||Mean Rec dist 3 || limited ||      1.189797001971 ||0.007213427887149
  14   ||Mean Rec dist 4 || limited ||     0.5560306534033 ||0.006915979152556





