# Minimum negative log likelihood

Minuit did successfully converge.
# of function calls: 978
minimum function Value: 473.0518913825
minimum edm: 6.169349539773e-05
minimum internal state vector: LAVector parameters:
    -0.1689465230565
     -1.104975198013
     -1.287002217587
     -1.262885226373
     -1.473732225929
     -1.479113164092
   -0.09969125053051
     -1.395910053979
     -1.458892333863
     -1.391297226975
     -1.426145519215
    0.04810904848869
    0.02286669586706
    0.03002596097667
     0.1043264061897

minimum internal covariance matrix: LASymMatrix parameters:
    0.017477663    -0.00146893              0  5.1881101e-05  0.00032406113  0.00029625983  -0.0042012163  0.00082858959  0.00049536673  0.00081139569  0.00069762777  8.4658167e-05  9.0422799e-05  7.7835829e-05  7.3888727e-05
    -0.00146893  0.00014816578              0 -2.4497029e-06 -3.2666139e-05  -2.975829e-05  0.00019553428 -7.1535944e-05  -4.235876e-05 -7.0570234e-05 -6.5267365e-05 -4.7909582e-06 -5.7700894e-06 -4.1238528e-06 -5.1566433e-06
              0              0              2              0              0              0              0              0              0              0              0              0              0              0              0
  5.1881101e-05 -2.4497029e-06              0  0.00012011776  7.7685976e-07  6.8101127e-07  -2.830113e-06  1.5176383e-06  1.2382599e-06  2.4952738e-06  1.9339665e-06  4.8417456e-07  2.0215489e-07  2.7710195e-07 -6.5467284e-07
  0.00032406113 -3.2666139e-05              0  7.7685976e-07  9.0535496e-06  8.0981721e-06 -4.8380505e-05  1.5680725e-05  9.3327298e-06  1.5567615e-05  1.4613109e-05  1.0376896e-06  1.2886485e-06  9.5573228e-07  1.2062528e-06
  0.00029625983  -2.975829e-05              0  6.8101127e-07  8.0981721e-06  7.2676498e-06 -4.3919133e-05  1.4302444e-05   8.538243e-06  1.4230511e-05  1.3327736e-05  9.6485099e-07  1.1851655e-06  8.7282506e-07  1.0946422e-06
  -0.0042012163  0.00019553428              0  -2.830113e-06 -4.8380505e-05 -4.3919133e-05   0.0087850864 -0.00018743406 -0.00010753218 -0.00017655056 -0.00013898247 -6.6853202e-05 -6.9843173e-05 -7.5003475e-05 -7.7027988e-05
  0.00082858959 -7.1535944e-05              0  1.5176383e-06  1.5680725e-05  1.4302444e-05 -0.00018743406  4.3335216e-05   2.339031e-05   3.833089e-05  3.3311055e-05  3.7403644e-06  4.2567692e-06  3.5644068e-06  3.5066782e-06
  0.00049536673  -4.235876e-05              0  1.2382599e-06  9.3327298e-06   8.538243e-06 -0.00010753218   2.339031e-05  1.7870164e-05  2.2739806e-05  1.9668095e-05  2.0911501e-06  2.5042143e-06  1.9982826e-06  2.0383496e-06
  0.00081139569 -7.0570234e-05              0  2.4952738e-06  1.5567615e-05  1.4230511e-05 -0.00017655056   3.833089e-05  2.2739806e-05  4.1582026e-05  3.2450927e-05  3.6391906e-06  3.9730085e-06  3.3494456e-06  3.4322159e-06
  0.00069762777 -6.5267365e-05              0  1.9339665e-06  1.4613109e-05  1.3327736e-05 -0.00013898247  3.3311055e-05  1.9668095e-05  3.2450927e-05  3.6932923e-05  2.9540284e-06  3.1115661e-06   2.564693e-06  3.2496747e-06
  8.4658167e-05 -4.7909582e-06              0  4.8417456e-07  1.0376896e-06  9.6485099e-07 -6.6853202e-05  3.7403644e-06  2.0911501e-06  3.6391906e-06  2.9540284e-06  2.3015486e-06  8.6889073e-07  7.8145322e-07  7.3230482e-07
  9.0422799e-05 -5.7700894e-06              0  2.0215489e-07  1.2886485e-06  1.1851655e-06 -6.9843173e-05  4.2567692e-06  2.5042143e-06  3.9730085e-06  3.1115661e-06  8.6889073e-07  3.9156293e-06  8.1934221e-07  7.3539898e-07
  7.7835829e-05 -4.1238528e-06              0  2.7710195e-07  9.5573228e-07  8.7282506e-07 -7.5003475e-05  3.5644068e-06  1.9982826e-06  3.3494456e-06   2.564693e-06  7.8145322e-07  8.1934221e-07  1.8007597e-06  7.2759205e-07
  7.3888727e-05 -5.1566433e-06              0 -6.5467284e-07  1.2062528e-06  1.0946422e-06 -7.7027988e-05  3.5066782e-06  2.0383496e-06  3.4322159e-06  3.2496747e-06  7.3230482e-07  7.3539898e-07  7.2759205e-07  4.0940851e-06


# ext. ||   Name    ||   type  ||     Value     ||  Error +/- 

   0   ||Natural mortality || limited ||    0.04079640088623 ||0.00230041526438
   1   ||Targeted q || limited ||      5.327347427564 ||0.1932953348328
   2   ||Nontargeted q || limited ||                   2 ||22.06548931833
   3   ||     sigma || limited ||      2.351563573726 ||0.1174343830502
   4   ||  Biomass1 || limited ||      2.353511259742 ||0.1030957103448
   5   ||  Biomass2 || limited ||      2.099978961686 ||0.08726351897473
   6   ||  vm_sigma || limited ||       36.0195015677 ||2.635924246556
   7   ||Recruit year 1 || limited ||     0.7726070634178 ||0.04049208316373
   8   ||Recruit year 2 || limited ||     0.3227047596311 ||0.01668837273294
   9   ||Recruit year 3 || limited ||     0.8132574009147 ||0.04069963372033
  10   ||Recruit year 4 || limited ||     0.5321327212671 ||0.03096865644718
  11   ||Mean Rec dist 1 || limited ||     0.4809049272669 ||0.01071500096993
  12   ||Mean Rec dist 2 || limited ||     0.2286470314081 ||0.0139885304646
  13   ||Mean Rec dist 3 || limited ||     0.3002144948749 ||0.009484556399868
  14   ||Mean Rec dist 4 || limited ||      1.041372610679 ||0.01422969385235





