# Minimum negative log likelihood

Minuit did successfully converge.
# of function calls: 786
minimum function Value: 400.4711537013
minimum edm: 2.941844986135e-05
minimum internal state vector: LAVector parameters:
    -0.1908202830218
     -1.008271755944
     -1.287002217587
     -1.312438792043
     -1.539403072034
     -1.541701031946
    -0.5246809538933
    -0.6677263074687
     -1.266920578266
     -1.259162346832
     -1.141100458381
     -1.030283942204

minimum internal covariance matrix: LASymMatrix parameters:
   0.0012061851 -0.00017276471              0  2.5408325e-05  1.0899179e-05  9.5447407e-06 -1.9487271e-05  8.6113894e-05  6.8737029e-05  6.4192893e-05  9.0338457e-05  0.00011235235
 -0.00017276471  2.9418241e-05              0 -4.3598874e-06 -1.7209957e-06 -1.6211939e-06  4.3037958e-06 -2.4423853e-05 -9.6828222e-06 -9.7122154e-06 -1.3100173e-05 -1.6595916e-05
              0              0              2              0              0              0              0              0              0              0              0              0
  2.5408325e-05 -4.3598874e-06              0  0.00010657668  4.9286369e-07  3.5697997e-07 -6.4667148e-07  1.1082653e-05  3.8711965e-06  5.5295515e-07  1.5590245e-06 -4.4953838e-08
  1.0899179e-05 -1.7209957e-06              0  4.9286369e-07   1.302568e-06  9.2400957e-07 -2.4478286e-07   7.811907e-07  8.3513472e-07  5.5932315e-07  8.5487941e-07  1.0568325e-06
  9.5447407e-06 -1.6211939e-06              0  3.5697997e-07  9.2400957e-07  7.0431801e-07 -2.2235055e-07  1.3039087e-06  6.4395467e-07  5.1316571e-07  7.4879135e-07  9.3688907e-07
 -1.9487271e-05  4.3037958e-06              0 -6.4667148e-07 -2.4478286e-07 -2.2235055e-07   1.252129e-06 -5.7866532e-06 -1.1878559e-06 -1.2391463e-06 -1.5010813e-06 -2.0358319e-06
  8.6113894e-05 -2.4423853e-05              0  1.1082653e-05   7.811907e-07  1.3039087e-06 -5.7866532e-06  7.3187758e-05  5.2646998e-06  5.5595688e-06  6.8930364e-06  8.4486975e-06
  6.8737029e-05 -9.6828222e-06              0  3.8711965e-06  8.3513472e-07  6.4395467e-07 -1.1878559e-06  5.2646998e-06  5.7979966e-06  3.4976627e-06  5.1516159e-06  6.3759529e-06
  6.4192893e-05 -9.7122154e-06              0  5.5295515e-07  5.5932315e-07  5.1316571e-07 -1.2391463e-06  5.5595688e-06  3.4976627e-06  4.9832759e-06  4.9960536e-06   6.023349e-06
  9.0338457e-05 -1.3100173e-05              0  1.5590245e-06  8.5487941e-07  7.4879135e-07 -1.5010813e-06  6.8930364e-06  5.1516159e-06  4.9960536e-06  8.0932961e-06  8.3594396e-06
  0.00011235235 -1.6595916e-05              0 -4.4953838e-08  1.0568325e-06  9.3688907e-07 -2.0358319e-06  8.4486975e-06  6.3759529e-06   6.023349e-06  8.3594396e-06  1.2341701e-05


# ext. ||   Name    ||   type  ||     Value     ||  Error +/- 

   0   ||Natural mortality || limited ||    0.04051678236253 ||0.001205488388974
   1   ||Targeted q || limited ||      7.704430236229 ||0.1022711122382
   2   ||Nontargeted q || limited ||                   2 ||22.06548931833
   3   ||     sigma || limited ||      1.659453984688 ||0.0932526443826
   4   ||  Biomass1 || limited ||     0.2463638767414 ||0.01266543653883
   5   ||  Biomass2 || limited ||     0.2116191163571 ||0.008631789958496
   6   ||   vm_mean || limited ||     -1.573739687888 ||0.002151385877788
   7   ||  vm_sigma || limited ||      15.23272104285 ||0.1900001268162
   8   ||Recruit year 1 || limited ||      2.300573182905 ||0.02547075762071
   9   ||Recruit year 2 || limited ||      2.418067214442 ||0.02419698731338
  10   ||Recruit year 3 || limited ||      4.554920901786 ||0.04189742774901
  11   ||Recruit year 4 || limited ||      7.137030554404 ||0.06390688571794





