# Minimum negative log likelihood

Minuit did successfully converge.
# of function calls: 556
minimum function Value: 602.9020391896
minimum edm: 5.884417289764e-05
minimum internal state vector: LAVector parameters:
   -0.07831620979095
     -1.103891966948
     -1.287002217587
     -1.148523061414
     -1.532290719255
     -1.530523520945
    -0.6922793762637
    -0.8937900295162
     -0.946172815949
     -1.102553238171
     -1.108927883009
     -1.032088291702

minimum internal covariance matrix: LASymMatrix parameters:
    0.062393981   -0.005849455              0 -4.1102929e-05  0.00048514921  0.00046150076 -3.5641942e-05 -0.00028134424    0.008418173   0.0057920608   0.0062785398   0.0065129829
   -0.005849455   0.0005620665              0  4.7958573e-06  -4.682231e-05 -4.4774266e-05  1.1253025e-05 -1.2665404e-05 -0.00079254928 -0.00054565928 -0.00059207136 -0.00061451313
              0              0              2              0              0              0              0              0              0              0              0              0
 -4.1102929e-05  4.7958573e-06              0  0.00022648481  3.9246281e-07  1.0134542e-06  2.8996242e-07  5.3074409e-06 -7.3617378e-06 -5.5498155e-06 -3.8925994e-06 -5.5394088e-06
  0.00048514921  -4.682231e-05              0  3.9246281e-07  1.7404348e-05  9.4254506e-06 -2.8724843e-06  9.8031623e-07  7.3208235e-05  4.5131602e-05  4.9451599e-05  5.1001217e-05
  0.00046150076 -4.4774266e-05              0  1.0134542e-06  9.4254506e-06  9.5688086e-06 -7.5829107e-07  5.3978863e-06  5.9478987e-05  4.3098087e-05  4.6896995e-05  4.8530702e-05
 -3.5641942e-05  1.1253025e-05              0  2.8996242e-07 -2.8724843e-06 -7.5829107e-07  9.6666308e-06 -2.9029785e-05 -9.7096308e-06 -4.8288266e-06 -5.5774969e-06 -5.9201502e-06
 -0.00028134424 -1.2665404e-05              0  5.3074409e-06  9.8031623e-07  5.3978863e-06 -2.9029785e-05  0.00029834445 -4.5608582e-05 -1.9753291e-05  -1.897016e-05 -1.9997344e-05
    0.008418173 -0.00079254928              0 -7.3617378e-06  7.3208235e-05  5.9478987e-05 -9.7096308e-06 -4.5608582e-05   0.0011626387  0.00078122254  0.00084817554   0.0008795481
   0.0057920608 -0.00054565928              0 -5.5498155e-06  4.5131602e-05  4.3098087e-05 -4.8288266e-06 -1.9753291e-05  0.00078122254  0.00054885253  0.00058312489   0.0006053488
   0.0062785398 -0.00059207136              0 -3.8925994e-06  4.9451599e-05  4.6896995e-05 -5.5774969e-06  -1.897016e-05  0.00084817554  0.00058312489  0.00064315442  0.00065611351
   0.0065129829 -0.00061451313              0 -5.5394088e-06  5.1001217e-05  4.8530702e-05 -5.9201502e-06 -1.9997344e-05   0.0008795481   0.0006053488  0.00065611351  0.00069145824


# ext. ||   Name    ||   type  ||     Value     ||  Error +/- 

   0   ||Natural mortality || limited ||     0.0430440955869 ||0.004379279578457
   1   ||Targeted q || limited ||      5.351700650727 ||0.3772774281784
   2   ||Nontargeted q || limited ||                   2 ||22.06548931833
   3   ||     sigma || limited ||       4.39201829556 ||0.2180597405699
   4   ||  Biomass1 || limited ||     0.3706246564104 ||0.05678059167755
   5   ||  Biomass2 || limited ||     0.4054199224631 ||0.04403298017325
   6   ||   vm_mean || limited ||     -2.005258129525 ||0.005316748381612
   7   ||  vm_sigma || limited ||      8.822823688786 ||0.3060432137518
   8   ||Recruit year 1 || limited ||      9.449888676585 ||0.7048443690471
   9   ||Recruit year 2 || limited ||       5.39133217124 ||0.3737690506763
  10   ||Recruit year 3 || limited ||      5.248404015696 ||0.3994957086794
  11   ||Recruit year 4 || limited ||       7.09068131078 ||0.4768811067103





