# Minimum negative log likelihood

Minuit did successfully converge.
# of function calls: 1278
minimum function Value: 496.8532027862
minimum edm: 1.932880103448e-05
minimum internal state vector: LAVector parameters:
     -0.348857161474
     -1.298090477576
     -1.287002217587
     -1.244543974257
     -1.482524373679
     -1.485042598903
    -0.8397007715422
    -0.5119546900865
     -1.374739023191
     -1.060750474785
     -1.463375611583
       -1.1753555761

minimum internal covariance matrix: LASymMatrix parameters:
    0.046373384  -0.0067496111              0  7.5317666e-05    0.002078883   0.0021054135   0.0002946451  -0.0019429466   0.0039695887    0.013552314   0.0029607406   0.0097504148
  -0.0067496111   0.0010006063              0 -1.1190393e-05  -0.0003093361 -0.00031245355 -3.3174724e-05  0.00020743883 -0.00059050473  -0.0019938396 -0.00042444643  -0.0014347909
              0              0              2              0              0              0              0              0              0              0              0              0
  7.5317666e-05 -1.1190393e-05              0  0.00013004148  2.2864021e-06  3.5617918e-06 -7.9535901e-07 -5.9266919e-06 -7.4602987e-06  2.1272662e-05  4.7637436e-06  1.6197017e-05
    0.002078883  -0.0003093361              0  2.2864021e-06  0.00010152911  0.00010052122  9.8342468e-06 -5.2822823e-05  0.00019900589  0.00061528746  0.00013008067  0.00044262969
   0.0021054135 -0.00031245355              0  3.5617918e-06  0.00010052122  0.00010179454  1.0549835e-05 -5.8205145e-05   0.0001746239  0.00062228752  0.00013183242  0.00044769523
   0.0002946451 -3.3174724e-05              0 -7.9535901e-07  9.8342468e-06  1.0549835e-05  1.8609537e-05 -0.00011024792   1.667091e-05  7.4853984e-05  2.0836688e-05  5.4016772e-05
  -0.0019429466  0.00020743883              0 -5.9266919e-06 -5.2822823e-05 -5.8205145e-05 -0.00011024792   0.0020429315 -0.00013138448 -0.00048076357 -0.00013142293 -0.00034914422
   0.0039695887 -0.00059050473              0 -7.4602987e-06  0.00019900589   0.0001746239   1.667091e-05 -0.00013138448  0.00066865726   0.0011738742   0.0002522296  0.00084483632
    0.013552314  -0.0019938396              0  2.1272662e-05  0.00061528746  0.00062228752  7.4853984e-05 -0.00048076357   0.0011738742   0.0039901692  0.00085619577   0.0028680814
   0.0029607406 -0.00042444643              0  4.7637436e-06  0.00013008067  0.00013183242  2.0836688e-05 -0.00013142293   0.0002522296  0.00085619577  0.00020366778  0.00061688572
   0.0097504148  -0.0014347909              0  1.6197017e-05  0.00044262969  0.00044769523  5.4016772e-05 -0.00034914422  0.00084483632   0.0028680814  0.00061688572   0.0020676462


# ext. ||   Name    ||   type  ||     Value     ||  Error +/- 

   0   ||Natural mortality || limited ||    0.03645439918908 ||0.003563679090244
   1   ||Targeted q || limited ||      1.847718299148 ||0.3011954996683
   2   ||Nontargeted q || limited ||                   2 ||22.06548931833
   3   ||     sigma || limited ||      2.637495189516 ||0.1292150043386
   4   ||  Biomass1 || limited ||      1.946719874091 ||0.3140546376325
   5   ||  Biomass2 || limited ||      1.837299135232 ||0.3055161481328
   6   ||   vm_mean || limited ||     -2.338737799476 ||0.006398438618449
   7   ||  vm_sigma || limited ||      20.40545461245 ||1.114304081851
   8   ||Recruit year 1 || limited ||     0.9677916522576 ||0.1780681882189
   9   ||Recruit year 2 || limited ||      6.373257469601 ||1.089873125365
  10   ||Recruit year 3 || limited ||     0.2981741349461 ||0.05409010894749
  11   ||Recruit year 4 || limited ||      3.868270622312 ||0.6191245222321





