# Minimum negative log likelihood

Minuit did successfully converge.
# of function calls: 1572
minimum function Value: 533.0934516447
minimum edm: 3.927564324039e-05
minimum internal state vector: LAVector parameters:
     0.7151473574723
    -0.9550849616395
     -1.287002217587
     -1.214573131753
     -1.530213383698
     -1.533785576753
   -0.07322449417306
    -0.9651784870652
     -1.127213093082
     -1.226106113965
     -1.001333779454
    0.04707206701561
     0.1119615432242
      0.107929463957
    0.02144667281531

minimum internal covariance matrix: LASymMatrix parameters:
    0.009307276 -0.00054051883              0  0.00019164681  3.2129499e-05  2.6913954e-05  -0.0010946237  0.00074794439  0.00058341984  0.00045738046  0.00059618831  2.2072369e-05  1.4203302e-05  2.0698508e-05  1.5479575e-05
 -0.00054051883  4.0539579e-05              0 -1.1545285e-05 -2.2479002e-06 -1.8829058e-06  2.7904115e-05 -4.5556508e-05 -3.5626445e-05 -2.7385173e-05 -3.8903638e-05 -8.8223535e-07 -4.9942422e-07 -4.7142488e-07 -3.6579505e-07
              0              0              2              0              0              0              0              0              0              0              0              0              0              0              0
  0.00019164681 -1.1545285e-05              0  0.00021992844   3.398408e-07  1.5618824e-07   1.518891e-05  1.7280863e-05  1.2084639e-05  1.2052622e-05  1.5472222e-05 -1.9182677e-07 -4.1721276e-07 -5.2524991e-07  1.1252288e-07
  3.2129499e-05 -2.2479002e-06              0   3.398408e-07  3.0612398e-06  2.3855955e-06 -3.4945056e-06  3.0190071e-06  2.2467675e-06  2.0304301e-06  1.7861073e-06 -4.0162872e-10  1.2017771e-09 -6.3397139e-08  2.5264775e-08
  2.6913954e-05 -1.8829058e-06              0  1.5618824e-07  2.3855955e-06  1.9022525e-06 -2.5563408e-06  2.5106605e-06  1.8679966e-06  1.6896188e-06  1.5150876e-06  3.5012714e-09  3.2927621e-09 -5.6268436e-08  1.5964006e-08
  -0.0010946237  2.7904115e-05              0   1.518891e-05 -3.4945056e-06 -2.5563408e-06   0.0011083415 -6.5033797e-05 -5.9537906e-05 -4.4918704e-05 -6.3159966e-05 -8.0970516e-06 -5.6140395e-06  -8.272148e-06  -8.889503e-06
  0.00074794439 -4.5556508e-05              0  1.7280863e-05  3.0190071e-06  2.5106605e-06 -6.5033797e-05  6.8821062e-05  4.7972833e-05  3.7207773e-05  4.6784217e-05  1.5807772e-06  1.0548243e-06  1.5813156e-06  1.0486426e-06
  0.00058341984 -3.5626445e-05              0  1.2084639e-05  2.2467675e-06  1.8679966e-06 -5.9537906e-05  4.7972833e-05  4.2868623e-05  2.8786053e-05  3.7247875e-05  1.2527493e-06    7.06794e-07  1.2744843e-06  8.2123217e-07
  0.00045738046 -2.7385173e-05              0  1.2052622e-05  2.0304301e-06  1.6896188e-06 -4.4918704e-05  3.7207773e-05  2.8786053e-05  2.8802806e-05  2.9963942e-05  9.4397147e-07  6.4037549e-07  9.0818743e-07   5.992337e-07
  0.00059618831 -3.8903638e-05              0  1.5472222e-05  1.7861073e-06  1.5150876e-06 -6.3159966e-05  4.6784217e-05  3.7247875e-05  2.9963942e-05  5.1919385e-05  1.2226947e-06  1.0877996e-06  1.1802564e-06  1.0470177e-06
  2.2072369e-05 -8.8223535e-07              0 -1.9182677e-07 -4.0162872e-10  3.5012714e-09 -8.0970516e-06  1.5807772e-06  1.2527493e-06  9.4397147e-07  1.2226947e-06  2.1486964e-07  8.9148964e-08  5.4789187e-08  8.8921715e-08
  1.4203302e-05 -4.9942422e-07              0 -4.1721276e-07  1.2017771e-09  3.2927621e-09 -5.6140395e-06  1.0548243e-06    7.06794e-07  6.4037549e-07  1.0877996e-06  8.9148964e-08  4.5629116e-07  4.9465057e-08  5.5519324e-08
  2.0698508e-05 -4.7142488e-07              0 -5.2524991e-07 -6.3397139e-08 -5.6268436e-08  -8.272148e-06  1.5813156e-06  1.2744843e-06  9.0818743e-07  1.1802564e-06  5.4789187e-08  4.9465057e-08  1.1944369e-06  6.9860603e-08
  1.5479575e-05 -3.6579505e-07              0  1.1252288e-07  2.5264775e-08  1.5964006e-08  -8.889503e-06  1.0486426e-06  8.2123217e-07   5.992337e-07  1.0470177e-06  8.8921715e-08  5.5519324e-08  6.9860603e-08  2.6935618e-07


# ext. ||   Name    ||   type  ||     Value     ||  Error +/- 

   0   ||Natural mortality || limited ||    0.06139321695525 ||0.001286602590368
   1   ||Targeted q || limited ||      9.181859395679 ||0.1300094065801
   2   ||Nontargeted q || limited ||                   2 ||22.06548931833
   3   ||     sigma || limited ||      3.138969167099 ||0.1828461453825
   4   ||  Biomass1 || limited ||     0.4116873097166 ||0.02509735148085
   5   ||  Biomass2 || limited ||     0.3424098160403 ||0.01804337416866
   6   ||  vm_sigma || limited ||       37.0741735579 ||0.9390114974803
   7   ||Recruit year 1 || limited ||      8.901583909581 ||0.1669506737692
   8   ||Recruit year 2 || limited ||      4.848535221437 ||0.09933857196173
   9   ||Recruit year 3 || limited ||      2.950697078884 ||0.06410954747291
  10   ||Recruit year 4 || limited ||      7.899666942689 ||0.1373434111791
  11   ||Mean Rec dist 1 || limited ||     0.4705468538795 ||0.003274094397973
  12   ||Mean Rec dist 2 || limited ||      1.117277762417 ||0.004746552426855
  13   ||Mean Rec dist 3 || limited ||      1.077200450654 ||0.0076830231973
  14   ||Mean Rec dist 4 || limited ||     0.2144502875199 ||0.003669007334958





