# Minimum negative log likelihood

Minuit did successfully converge.
# of function calls: 1071
minimum function Value: 427.9150581456
minimum edm: 8.294810861721e-06
minimum internal state vector: LAVector parameters:
     -0.644007943557
     -1.171420672949
     -1.287002217587
     -1.294726478261
     -1.441587000902
     -1.448107251301
     0.3530902315178
     -1.049614411675
    -0.9578251555251
     -1.039223699854
    -0.9220129191422
    0.05545760225638
    0.06824777215261
    0.08824105552993
    0.06314305356719

minimum internal covariance matrix: LASymMatrix parameters:
  6.6556478e-05 -2.8192902e-05              0 -9.2322018e-06  1.0016454e-05  9.2780347e-06 -0.00014224557   5.251681e-05  6.3750639e-05  5.5050836e-05  6.4598877e-05  1.4924813e-06  1.3190953e-06  1.5477138e-06  1.2578225e-06
 -2.8192902e-05  1.4344829e-05              0  3.2253341e-06 -5.1158884e-06 -4.6913782e-06  4.7826598e-05 -2.4063066e-05 -2.8596463e-05 -2.4539718e-05 -3.0702644e-05 -4.5772419e-07 -4.1437989e-07  -4.694171e-07 -4.6391338e-07
              0              0              2              0              0              0              0              0              0              0              0              0              0              0              0
 -9.2322018e-06  3.2253341e-06              0  0.00013429386 -1.5988802e-06 -1.5235985e-06   -6.14607e-06 -6.8574781e-06 -1.0709565e-05 -9.7448528e-06 -7.4383597e-06 -2.6200064e-07 -1.8928472e-07 -5.4764324e-07  1.3166053e-07
  1.0016454e-05 -5.1158884e-06              0 -1.5988802e-06  3.4013986e-06  2.9733892e-06 -1.7037604e-05  8.6164782e-06  1.0180719e-05  8.7359297e-06  1.0978098e-05  1.3488956e-07  1.4163761e-07  1.8857976e-07  1.7438867e-07
  9.2780347e-06 -4.6913782e-06              0 -1.5235985e-06  2.9733892e-06  2.6198589e-06 -1.5451151e-05  7.9153522e-06  9.4048666e-06  8.0812528e-06  1.0096842e-05  1.3471912e-07   1.339376e-07   1.769842e-07   1.596602e-07
 -0.00014224557  4.7826598e-05              0   -6.14607e-06 -1.7037604e-05 -1.5451151e-05   0.0021189788 -0.00010730991 -0.00012523709 -0.00010573538 -0.00013075725 -7.4453553e-06 -8.1892299e-06 -8.2761595e-06 -9.0268189e-06
   5.251681e-05 -2.4063066e-05              0 -6.8574781e-06  8.6164782e-06  7.9153522e-06 -0.00010730991  4.6255047e-05  5.1510243e-05  4.4179179e-05  5.3586202e-05  9.7948203e-07  9.5672957e-07  1.0274874e-06  9.5962609e-07
  6.3750639e-05 -2.8596463e-05              0 -1.0709565e-05  1.0180719e-05  9.4048666e-06 -0.00012523709  5.1510243e-05  6.5289369e-05   5.370374e-05  6.3945595e-05   1.296465e-06  1.1748169e-06  1.3891103e-06  1.1613148e-06
  5.5050836e-05 -2.4539718e-05              0 -9.7448528e-06  8.7359297e-06  8.0812528e-06 -0.00010573538  4.4179179e-05   5.370374e-05   4.930607e-05  5.4985153e-05  1.1567533e-06  1.0324463e-06  1.1763173e-06  9.9819981e-07
  6.4598877e-05 -3.0702644e-05              0 -7.4383597e-06  1.0978098e-05  1.0096842e-05 -0.00013075725  5.3586202e-05  6.3945595e-05  5.4985153e-05  7.3141649e-05  1.2302269e-06   1.131541e-06  1.2738478e-06  1.2710155e-06
  1.4924813e-06 -4.5772419e-07              0 -2.6200064e-07  1.3488956e-07  1.3471912e-07 -7.4453553e-06  9.7948203e-07   1.296465e-06  1.1567533e-06  1.2302269e-06  1.7671098e-07  4.5821871e-08  5.7224043e-08  3.3919827e-08
  1.3190953e-06 -4.1437989e-07              0 -1.8928472e-07  1.4163761e-07   1.339376e-07 -8.1892299e-06  9.5672957e-07  1.1748169e-06  1.0324463e-06   1.131541e-06  4.5821871e-08  1.4203971e-07  5.8895973e-08  5.4826424e-08
  1.5477138e-06  -4.694171e-07              0 -5.4764324e-07  1.8857976e-07   1.769842e-07 -8.2761595e-06  1.0274874e-06  1.3891103e-06  1.1763173e-06  1.2738478e-06  5.7224043e-08  5.8895973e-08  2.1995063e-07  5.8418558e-08
  1.2578225e-06 -4.6391338e-07              0  1.3166053e-07  1.7438867e-07   1.596602e-07 -9.0268189e-06  9.5962609e-07  1.1613148e-06  9.9819981e-07  1.2710155e-06  3.3919827e-08  5.4826424e-08  5.8418558e-08  1.4351057e-07


# ext. ||   Name    ||   type  ||     Value     ||  Error +/- 

   0   ||Natural mortality || limited ||    0.05993919139062 ||0.0006919804585483
   1   ||Targeted q || limited ||      3.934802684346 ||0.05206869482799
   2   ||Nontargeted q || limited ||                   2 ||22.06548931833
   3   ||     sigma || limited ||      1.893293359656 ||0.1116777172266
   4   ||  Biomass1 || limited ||      4.167958940528 ||0.08401723992216
   5   ||  Biomass2 || limited ||      3.758434240836 ||0.07003411799972
   6   ||  vm_sigma || limited ||      53.83228889024 ||1.221439246846
   7   ||Recruit year 1 || limited ||      6.647770980099 ||0.119711637187
   8   ||Recruit year 2 || limited ||      9.111973954319 ||0.1643330835377
   9   ||Recruit year 3 || limited ||      6.908760626796 ||0.1258268584999
  10   ||Recruit year 4 || limited ||      10.16801037853 ||0.182677292086
  11   ||Mean Rec dist 1 || limited ||     0.5542917956295 ||0.002967895263075
  12   ||Mean Rec dist 2 || limited ||     0.6819480421733 ||0.002658751038811
  13   ||Mean Rec dist 3 || limited ||     0.8812658551222 ||0.003303349959393
  14   ||Mean Rec dist 4 || limited ||     0.6310110289611 ||0.002673379342299





