# Minimum negative log likelihood

Minuit did successfully converge.
# of function calls: 1091
minimum function Value: 468.6563082706
minimum edm: 3.194634584423e-05
minimum internal state vector: LAVector parameters:
    -0.6810495374884
      -1.07267696411
     -1.287002217587
       -1.8755148397
     -1.400271917083
     -1.406004443427
     0.7196393731364
    0.02956830320479
    -0.9436771825554
     -1.057403209544
     -1.066085443494
     -1.152005592296

minimum internal covariance matrix: LASymMatrix parameters:
    0.027163939    -0.00204424              0 -3.9189657e-05  0.00067804353  0.00067026876  -9.141493e-06  0.00028090173   0.0025185655   0.0021249629   0.0018770634   0.0017553153
    -0.00204424  0.00015588511              0  3.2838419e-06 -5.1669194e-05 -5.1049303e-05  1.5286539e-06  -4.164841e-05 -0.00019008704  -0.0001600724 -0.00014119045 -0.00013278526
              0              0              2              0              0              0              0              0              0              0              0              0
 -3.9189657e-05  3.2838419e-06              0  0.00011707284 -9.7842746e-07 -1.0144869e-06  1.2521916e-07  1.1746666e-05 -3.5938048e-06 -3.9198001e-06 -2.5054668e-06  -2.213283e-06
  0.00067804353 -5.1669194e-05              0 -9.7842746e-07  1.9727564e-05  1.9142593e-05 -5.2473452e-07  9.9648516e-06  6.2977347e-05  5.3390942e-05   4.676002e-05  4.3923989e-05
  0.00067026876 -5.1049303e-05              0 -1.0144869e-06  1.9142593e-05   1.862825e-05 -5.0126058e-07  9.5838819e-06  6.2268388e-05  5.2732687e-05  4.6222018e-05   4.342489e-05
  -9.141493e-06  1.5286539e-06              0  1.2521916e-07 -5.2473452e-07 -5.0126058e-07  1.2782164e-06 -2.5303011e-05 -9.5817708e-07 -7.2149951e-07 -6.4022255e-07 -5.9358926e-07
  0.00028090173  -4.164841e-05              0  1.1746666e-05  9.9648516e-06  9.5838819e-06 -2.5303011e-05   0.0012468911  3.2549112e-05   2.218893e-05  1.6913569e-05  2.8510727e-05
   0.0025185655 -0.00019008704              0 -3.5938048e-06  6.2977347e-05  6.2268388e-05 -9.5817708e-07  3.2549112e-05  0.00023696848  0.00019654258  0.00017302648  0.00016392523
   0.0021249629  -0.0001600724              0 -3.9198001e-06  5.3390942e-05  5.2732687e-05 -7.2149951e-07   2.218893e-05  0.00019654258  0.00017033615  0.00014651054  0.00013642138
   0.0018770634 -0.00014119045              0 -2.5054668e-06   4.676002e-05  4.6222018e-05 -6.4022255e-07  1.6913569e-05  0.00017302648  0.00014651054  0.00013287158  0.00012045684
   0.0017553153 -0.00013278526              0  -2.213283e-06  4.3923989e-05   4.342489e-05 -5.9358926e-07  2.8510727e-05  0.00016392523  0.00013642138  0.00012045684  0.00011965442


# ext. ||   Name    ||   type  ||     Value     ||  Error +/- 

   0   ||Natural mortality || limited ||    0.02925978076825 ||0.002258446794664
   1   ||Targeted q || limited ||      6.075868249936 ||0.2108989627638
   2   ||Nontargeted q || limited ||                   2 ||22.06548931833
   3   ||     sigma || limited ||      2.303427828446 ||0.1147719612653
   4   ||  Biomass1 || limited ||       7.25204473699 ||0.2664837681899
   5   ||  Biomass2 || limited ||       6.77374118705 ||0.2503276113388
   6   ||   vm_mean || limited ||      2.070666153855 ||0.001888773867633
   7   ||  vm_sigma || limited ||      41.18304501299 ||0.9982028979952
   8   ||Recruit year 1 || limited ||      9.522978907316 ||0.3193369187572
   9   ||Recruit year 2 || limited ||      6.455203208677 ||0.2266002483532
  10   ||Recruit year 3 || limited ||      6.243660838721 ||0.1970462414278
  11   ||Recruit year 4 || limited ||      4.330499745546 ||0.1572529455437





