# Minimum negative log likelihood

Minuit did successfully converge.
# of function calls: 1958
minimum function Value: 663.6299681679
minimum edm: 3.341761177352e-05
minimum internal state vector: LAVector parameters:
     -2.792320754106
      -1.33181490484
     -1.287002217587
      -1.08093843463
     -1.362446277139
     -1.367625554528
      2.251524530278
    -0.9958348797622
     -1.270502024391
     -1.000480390942
    -0.9845590480372
    0.08525887208369
    0.07457990157853
    0.06050903530109
     0.0903026327088

minimum internal covariance matrix: LASymMatrix parameters:
    0.017950985   0.0019294875              0 -7.6579741e-05  -0.0016776402  -0.0016309774   -0.051318302  -0.0061377435  -0.0033587177  -0.0060568314  -0.0061800192 -0.00010030501 -0.00017786628 -0.00013035786 -9.8253949e-05
   0.0019294875  0.00024284504              0 -8.4159245e-06 -0.00020909522 -0.00020289866  -0.0047007715 -0.00071400387 -0.00037874654 -0.00070270184 -0.00073671328 -8.0972749e-06 -2.0270254e-05 -1.2353904e-05 -1.0750065e-05
              0              0              2              0              0              0              0              0              0              0              0              0              0              0              0
 -7.6579741e-05 -8.4159245e-06              0  0.00030748313   7.910671e-06  7.7155416e-06  0.00011603421  2.6825558e-05  1.3342002e-05  2.4120325e-05  2.5489521e-05  6.8304254e-07  6.9173074e-07  1.6486177e-06  7.0625304e-07
  -0.0016776402 -0.00020909522              0   7.910671e-06  0.00020503689  0.00019663829   0.0043892296  0.00062172395  0.00032820432  0.00060858567  0.00063494039  6.3550108e-06  1.6876561e-05   1.100448e-05  9.6519463e-06
  -0.0016309774 -0.00020289866              0  7.7155416e-06  0.00019663829  0.00018886105   0.0042349544  0.00060326341  0.00031899318  0.00059102093  0.00061681953  6.3337854e-06  1.6436561e-05  1.0697684e-05  9.3393178e-06
   -0.051318302  -0.0047007715              0  0.00011603421   0.0043892296   0.0042349544     0.80261088    0.016784895   0.0093134486    0.016671171    0.016896537  0.00074633795  0.00059350385  0.00084887827  0.00084682135
  -0.0061377435 -0.00071400387              0  2.6825558e-05  0.00062172395  0.00060326341    0.016784895   0.0022064909   0.0011739461   0.0021507674   0.0022267954  2.8854645e-05  6.4253417e-05  4.1993049e-05  3.4053899e-05
  -0.0033587177 -0.00037874654              0  1.3342002e-05  0.00032820432  0.00031899318   0.0093134486   0.0011739461  0.00066562954   0.0011574884   0.0011913421   1.673583e-05  2.6280031e-05  2.4000088e-05    1.87027e-05
  -0.0060568314 -0.00070270184              0  2.4120325e-05  0.00060858567  0.00059102093    0.016671171   0.0021507674   0.0011574884   0.0021425948   0.0021901267  3.0105836e-05  6.1030483e-05  4.1148936e-05  3.4523927e-05
  -0.0061800192 -0.00073671328              0  2.5489521e-05  0.00063494039  0.00061681953    0.016896537   0.0022267954   0.0011913421   0.0021901267   0.0023653646  2.9906691e-05  6.4363484e-05  4.1461107e-05  3.8610553e-05
 -0.00010030501 -8.0972749e-06              0  6.8304254e-07  6.3550108e-06  6.3337854e-06  0.00074633795  2.8854645e-05   1.673583e-05  3.0105836e-05  2.9906691e-05  5.7817052e-06  1.2533511e-06  1.0479349e-06  8.9148773e-07
 -0.00017786628 -2.0270254e-05              0  6.9173074e-07  1.6876561e-05  1.6436561e-05  0.00059350385  6.4253417e-05  2.6280031e-05  6.1030483e-05  6.4363484e-05  1.2533511e-06  3.7409034e-05  1.5650105e-06  2.1435569e-07
 -0.00013035786 -1.2353904e-05              0  1.6486177e-06   1.100448e-05  1.0697684e-05  0.00084887827  4.1993049e-05  2.4000088e-05  4.1148936e-05  4.1461107e-05  1.0479349e-06  1.5650105e-06  4.2551463e-06  1.2302733e-06
 -9.8253949e-05 -1.0750065e-05              0  7.0625304e-07  9.6519463e-06  9.3393178e-06  0.00084682135  3.4053899e-05    1.87027e-05  3.4523927e-05  3.8610553e-05  8.9148773e-07  2.1435569e-07  1.2302733e-06  6.0173735e-06


# ext. ||   Name    ||   type  ||     Value     ||  Error +/- 

   0   ||Natural mortality || limited ||    0.03644465602829 ||0.00222214570331
   1   ||Targeted q || limited ||      1.421020519766 ||0.1304166874025
   2   ||Nontargeted q || limited ||                   2 ||22.06548931833
   3   ||     sigma || limited ||      5.880013533661 ||0.2916853467193
   4   ||  Biomass1 || limited ||       10.8132341063 ||1.047153949639
   5   ||  Biomass2 || limited ||      10.28414149925 ||0.9803669256628
   6   ||  vm_sigma || limited ||       71.0846963769 ||14.901993349
   7   ||Recruit year 1 || limited ||      8.048532654246 ||0.9028673268454
   8   ||Recruit year 2 || limited ||      2.247302475029 ||0.2697763853783
   9   ||Recruit year 3 || limited ||      7.922686450422 ||0.8833153595566
  10   ||Recruit year 4 || limited ||      8.357753973719 ||0.9510013359882
  11   ||Mean Rec dist 1 || limited ||     0.8515561742604 ||0.01694074047097
  12   ||Mean Rec dist 2 || limited ||     0.7451078322477 ||0.04312836222035
  13   ||Mean Rec dist 3 || limited ||     0.6047211800105 ||0.01455950328205
  14   ||Mean Rec dist 4 || limited ||     0.9017995295101 ||0.0172748831113





