# Minimum negative log likelihood

Minuit did successfully converge.
# of function calls: 846
minimum function Value: 226.7964708187
minimum edm: 8.742674131578e-05
minimum internal state vector: LAVector parameters:
     -0.646636599394
     -1.149473757267
     -1.287002217587
     -1.400888505838
     -1.517838359648
       -1.5191758202
     0.3449108162386
    -0.3787710921028
     -1.028332357138
     -0.944412462557
     -1.042956996491
     -1.251644301111

minimum internal covariance matrix: LASymMatrix parameters:
  6.6366415e-05  -2.995925e-05              0 -7.6795489e-06  3.7427387e-06  3.4718389e-06  3.4462407e-07 -7.1942605e-06  4.2734468e-05  4.2423398e-05   3.773687e-05  2.4384355e-05
  -2.995925e-05  1.3929307e-05              0   3.116883e-06 -1.7663735e-06 -1.6345524e-06 -2.3827235e-08  1.2978742e-06 -1.9465228e-05  -1.938596e-05 -1.7252448e-05 -1.1163302e-05
              0              0              2              0              0              0              0              0              0              0              0              0
 -7.6795489e-06   3.116883e-06              0  4.6960077e-05 -4.5707863e-08 -5.9030327e-08 -2.6288909e-07  5.8042186e-06 -4.8405797e-06   -4.79054e-06 -4.1764938e-06 -2.6721525e-06
  3.7427387e-06 -1.7663735e-06              0 -4.5707863e-08  5.7889564e-07  5.1204224e-07  -1.887601e-08  2.5845989e-07  2.4584624e-06  2.4466458e-06  2.1817196e-06  1.4035399e-06
  3.4718389e-06 -1.6345524e-06              0 -5.9030327e-08  5.1204224e-07  4.5529748e-07 -1.6445961e-08  2.3222937e-07  2.2800546e-06  2.2682259e-06   2.020644e-06  1.3018738e-06
  3.4462407e-07 -2.3827235e-08              0 -2.6288909e-07  -1.887601e-08 -1.6445961e-08  1.3421149e-07 -1.6973335e-06  1.5040131e-07  1.3660476e-07  1.2923463e-07  7.6303908e-08
 -7.1942605e-06  1.2978742e-06              0  5.8042186e-06  2.5845989e-07  2.3222937e-07 -1.6973335e-06  4.5401821e-05 -3.6255262e-06 -3.1336856e-06 -2.6729061e-06 -1.5899258e-06
  4.2734468e-05 -1.9465228e-05              0 -4.8405797e-06  2.4584624e-06  2.2800546e-06  1.5040131e-07 -3.6255262e-06  2.8056915e-05   2.742449e-05  2.4423525e-05  1.5768198e-05
  4.2423398e-05  -1.938596e-05              0   -4.79054e-06  2.4466458e-06  2.2682259e-06  1.3660476e-07 -3.1336856e-06   2.742449e-05  2.7707131e-05  2.4207238e-05  1.5729785e-05
   3.773687e-05 -1.7252448e-05              0 -4.1764938e-06  2.1817196e-06   2.020644e-06  1.2923463e-07 -2.6729061e-06  2.4423525e-05  2.4207238e-05  2.2041715e-05  1.3963096e-05
  2.4384355e-05 -1.1163302e-05              0 -2.6721525e-06  1.4035399e-06  1.3018738e-06  7.6303908e-08 -1.5899258e-06  1.5768198e-05  1.5729785e-05  1.3963096e-05  9.4955139e-06


# ext. ||   Name    ||   type  ||     Value     ||  Error +/- 

   0   ||Natural mortality || limited ||    0.05962418415263 ||0.0006896256255104
   1   ||Targeted q || limited ||      4.372557483162 ||0.05396451609469
   2   ||Nontargeted q || limited ||                   2 ||22.06548931833
   3   ||     sigma || limited ||     0.7199821105364 ||0.04096750136929
   4   ||  Biomass1 || limited ||     0.7009727222363 ||0.01423912860238
   5   ||  Biomass2 || limited ||     0.6660212612963 ||0.01230926102389
   6   ||   vm_mean || limited ||      1.062212522859 ||0.0007658929720455
   7   ||  vm_sigma || limited ||      25.20952703703 ||0.177070516149
   8   ||Recruit year 1 || limited ||      7.187319020004 ||0.0966693338293
   9   ||Recruit year 2 || limited ||      9.501418361122 ||0.109085298143
  10   ||Recruit year 3 || limited ||      6.814452175152 ||0.08359451161454
  11   ||Recruit year 4 || limited ||      2.534656452323 ||0.0341798496376





