# Minimum negative log likelihood

Minuit did successfully converge.
# of function calls: 621
minimum function Value: 348.7618726686
minimum edm: 5.392997049617e-05
minimum internal state vector: LAVector parameters:
      0.527657885442
     -1.222589114377
     -1.287002217587
     -1.342789251653
     -1.422897028703
     -1.426219632345
     0.3121236124856
    -0.5397253881889
    -0.9841229008723
     -1.017944200857
    -0.9539195009078
     -1.429705973316

minimum internal covariance matrix: LASymMatrix parameters:
    0.006450531  -0.0006303583              0 -1.9828585e-05  0.00025649264  0.00024427059 -1.3546553e-05  0.00010408839   0.0010712146  0.00099816861   0.0011037826   0.0002480841
  -0.0006303583   6.304006e-05              0  1.5693887e-06 -2.5626169e-05 -2.4397499e-05  1.9045107e-06 -1.8177829e-05 -0.00010584299 -9.8652731e-05 -0.00010903085 -2.4448536e-05
              0              0              2              0              0              0              0              0              0              0              0              0
 -1.9828585e-05  1.5693887e-06              0  7.0636632e-05 -1.5386078e-06 -1.4000642e-06 -4.6606293e-07  6.1381857e-06 -3.7663526e-06 -2.0353314e-06 -2.9914607e-06  2.1220045e-07
  0.00025649264 -2.5626169e-05              0 -1.5386078e-06  1.1484149e-05  1.0838801e-05 -7.4840893e-07  6.4123616e-06  4.3191081e-05  4.0050099e-05  4.4352272e-05  9.8798671e-06
  0.00024427059 -2.4397499e-05              0 -1.4000642e-06  1.0838801e-05  1.0244498e-05 -7.0980207e-07   6.156923e-06  4.1111448e-05  3.8140899e-05  4.2231863e-05  9.4141234e-06
 -1.3546553e-05  1.9045107e-06              0 -4.6606293e-07 -7.4840893e-07 -7.0980207e-07  6.9056919e-07 -6.2190008e-06 -2.7450521e-06  -2.553212e-06 -2.8267228e-06 -6.0800836e-07
  0.00010408839 -1.8177829e-05              0  6.1381857e-06  6.4123616e-06   6.156923e-06 -6.2190008e-06  0.00015657015  2.3813026e-05   2.231046e-05  2.4308839e-05  4.8511585e-06
   0.0010712146 -0.00010584299              0 -3.7663526e-06  4.3191081e-05  4.1111448e-05 -2.7450521e-06  2.3813026e-05  0.00017989449  0.00016675199  0.00018437648   4.127771e-05
  0.00099816861 -9.8652731e-05              0 -2.0353314e-06  4.0050099e-05  3.8140899e-05  -2.553212e-06   2.231046e-05  0.00016675199   0.0001564079  0.00017174581  3.8541743e-05
   0.0011037826 -0.00010903085              0 -2.9914607e-06  4.4352272e-05  4.2231863e-05 -2.8267228e-06  2.4308839e-05  0.00018437648  0.00017174581  0.00019089879  4.2733004e-05
   0.0002480841 -2.4448536e-05              0  2.1220045e-07  9.8798671e-06  9.4141234e-06 -6.0800836e-07  4.8511585e-06   4.127771e-05  3.8541743e-05  4.2733004e-05   1.102514e-05


# ext. ||   Name    ||   type  ||     Value     ||  Error +/- 

   0   ||Natural mortality || limited ||    0.05758777908752 ||0.00122601938725
   1   ||Targeted q || limited ||      3.000702708169 ||0.09578264105527
   2   ||Nontargeted q || limited ||                   2 ||22.06548931833
   3   ||     sigma || limited ||      1.294059840022 ||0.06716550135736
   4   ||  Biomass1 || limited ||      5.458589510936 ||0.1765572914203
   5   ||  Biomass2 || limited ||      5.216509167809 ||0.1630362768567
   6   ||   vm_mean || limited ||     0.9647213229806 ||0.001756835235856
   7   ||  vm_sigma || limited ||      19.44473953679 ||0.3035985239278
   8   ||Recruit year 1 || limited ||      8.369821223615 ||0.2624854224395
   9   ||Recruit year 2 || limited ||      7.457740811557 ||0.2321619313273
  10   ||Recruit year 3 || limited ||      9.224620530072 ||0.2825546413672
  11   ||Recruit year 4 || limited ||     0.5067875011342 ||0.01650664115726





