# Minimum negative log likelihood

Minuit did successfully converge.
# of function calls: 1136
minimum function Value: 664.7160273132
minimum edm: 8.704617716724e-05
minimum internal state vector: LAVector parameters:
    -0.3310291426817
     -1.027286362695
     -1.287002217587
      -1.07966928158
     -1.462073842592
     -1.469480712738
     0.2480800597462
     -1.078227572926
     -1.272920474091
    -0.9125550258051
     -1.072754556179
     0.0358510077854
    0.03052982698057
     0.1158855894298
     0.1022260021009

minimum internal covariance matrix: LASymMatrix parameters:
    0.013534809 -0.00093430675              0   0.0002440952   0.0001979467  0.00017803704  -0.0051483389   0.0013764472  0.00080954928   0.0019369267   0.0014594156  6.1901912e-05  5.6076977e-05  4.7490901e-05  4.9193083e-05
 -0.00093430675  7.7408697e-05              0 -1.4416268e-05 -1.6188725e-05 -1.4480094e-05  0.00029578386 -9.7075904e-05 -5.5442552e-05 -0.00013716085 -0.00010882917 -3.7002284e-06 -3.8257598e-06 -2.4239914e-06 -3.2334086e-06
              0              0              2              0              0              0              0              0              0              0              0              0              0              0              0
   0.0002440952 -1.4416268e-05              0   0.0003168945 -2.0200311e-08  4.5928014e-07 -0.00012047456  2.6039304e-05   1.436663e-05  3.0891843e-05  2.9378637e-05  8.7726263e-07  1.2049876e-06  1.0939144e-06  1.9543545e-06
   0.0001979467 -1.6188725e-05              0 -2.0200311e-08  1.3685164e-05  1.1301756e-05 -7.3244669e-05  2.0406734e-05  1.1827435e-05  2.9069759e-05  2.2988903e-05  8.8916104e-07  8.9880774e-07  5.4125972e-07  5.5939715e-07
  0.00017803704 -1.4480094e-05              0  4.5928014e-07  1.1301756e-05  9.4615208e-06 -6.4254063e-05  1.8339975e-05  1.0659664e-05  2.6130707e-05  2.0461677e-05  7.8828875e-07  7.9133452e-07  5.1188476e-07    5.13112e-07
  -0.0051483389  0.00029578386              0 -0.00012047456 -7.3244669e-05 -6.4254063e-05   0.0090607496 -0.00049988859 -0.00029918819  -0.0006991978 -0.00053704963 -5.5543973e-05 -4.9861987e-05 -5.0331203e-05 -4.9796583e-05
   0.0013764472 -9.7075904e-05              0  2.6039304e-05  2.0406734e-05  1.8339975e-05 -0.00049988859  0.00015654736  8.2288884e-05  0.00019792846  0.00014994401  6.3916761e-06  5.8094095e-06  4.5349028e-06  4.9830614e-06
  0.00080954928 -5.5442552e-05              0   1.436663e-05  1.1827435e-05  1.0659664e-05 -0.00029918819  8.2288884e-05  6.4424295e-05  0.00011599823  8.6747107e-05  3.8242346e-06  3.0394541e-06  2.7359674e-06  2.9425869e-06
   0.0019369267 -0.00013716085              0  3.0891843e-05  2.9069759e-05  2.6130707e-05  -0.0006991978  0.00019792846  0.00011599823  0.00029689551  0.00020906414  9.1435111e-06  8.3985579e-06  6.2670328e-06  6.8604425e-06
   0.0014594156 -0.00010882917              0  2.9378637e-05  2.2988903e-05  2.0461677e-05 -0.00053704963  0.00014994401  8.6747107e-05  0.00020906414  0.00019293792  6.7791343e-06  6.3379133e-06  4.3487254e-06  6.0581869e-06
  6.1901912e-05 -3.7002284e-06              0  8.7726263e-07  8.8916104e-07  7.8828875e-07 -5.5543973e-05  6.3916761e-06  3.8242346e-06  9.1435111e-06  6.7791343e-06  1.1878766e-06  5.1015637e-07  2.9903885e-07  3.4242273e-07
  5.6076977e-05 -3.8257598e-06              0  1.2049876e-06  8.9880774e-07  7.9133452e-07 -4.9861987e-05  5.8094095e-06  3.0394541e-06  8.3985579e-06  6.3379133e-06  5.1015637e-07  1.9569995e-06   2.999711e-07  2.4234834e-07
  4.7490901e-05 -2.4239914e-06              0  1.0939144e-06  5.4125972e-07  5.1188476e-07 -5.0331203e-05  4.5349028e-06  2.7359674e-06  6.2670328e-06  4.3487254e-06  2.9903885e-07   2.999711e-07  1.0749579e-06   2.640383e-07
  4.9193083e-05 -3.2334086e-06              0  1.9543545e-06  5.5939715e-07    5.13112e-07 -4.9796583e-05  4.9830614e-06  2.9425869e-06  6.8604425e-06  6.0581869e-06  3.4242273e-07  2.4234834e-07   2.640383e-07  1.5137666e-06


# ext. ||   Name    ||   type  ||     Value     ||  Error +/- 

   0   ||Natural mortality || limited ||    0.03687458827063 ||0.00194275639766
   1   ||Targeted q || limited ||      7.205059860947 ||0.1608636887159
   2   ||Nontargeted q || limited ||                   2 ||22.06548931833
   3   ||     sigma || limited ||      5.909905915796 ||0.2968199727195
   4   ||  Biomass1 || limited ||      2.952234829613 ||0.1419197819004
   5   ||  Biomass2 || limited ||      2.564019013444 ||0.1099938159632
   6   ||  vm_sigma || limited ||      49.82210724638 ||2.607895835004
   7   ||Recruit year 1 || limited ||      5.953354263389 ||0.2091653191497
   8   ||Recruit year 2 || limited ||      2.211676717186 ||0.08327751999188
   9   ||Recruit year 3 || limited ||      10.45549048595 ||0.3726146907093
  10   ||Recruit year 4 || limited ||      6.083407405925 ||0.2345709312393
  11   ||Mean Rec dist 1 || limited ||     0.3584332842686 ||0.007701786464856
  12   ||Mean Rec dist 2 || limited ||     0.3052508454392 ||0.009887303311839
  13   ||Mean Rec dist 3 || limited ||      1.156263832032 ||0.00728212229542
  14   ||Mean Rec dist 4 || limited ||      1.020480488385 ||0.008654484731548





