# Minimum negative log likelihood

Minuit did successfully converge.
# of function calls: 742
minimum function Value: 571.1902542416
minimum edm: 2.533614543244e-05
minimum internal state vector: LAVector parameters:
     0.3156156120809
     -1.090774998694
     -1.287002217587
     -1.179930277289
       -1.4928137084
     -1.498274673032
     0.1324398578866
    -0.8579997430059
     -1.048092690078
     -1.236154769485
     -1.028349031579
       -1.0056831698

minimum internal covariance matrix: LASymMatrix parameters:
    0.049784636  -0.0039333334              0  9.5370509e-05  0.00065378795  0.00063617171  4.9998449e-05 -0.00021685661   0.0043781874   0.0027350541   0.0043028057   0.0053035191
  -0.0039333334  0.00032453516              0 -7.9191775e-06 -5.3329102e-05 -5.1936367e-05   1.653988e-06 -9.7084328e-06 -0.00035078662 -0.00021842419 -0.00034375981 -0.00042590413
              0              0              2              0              0              0              0              0              0              0              0              0
  9.5370509e-05 -7.9191775e-06              0  0.00020700661  6.3842285e-06  5.2315168e-06  2.5332163e-07 -1.7825677e-06  6.3239006e-06  3.4986182e-06  8.5948128e-06  9.2829262e-06
  0.00065378795 -5.3329102e-05              0  6.3842285e-06  1.5167797e-05  1.3740119e-05  2.9832419e-07  -2.040547e-06  5.8033175e-05  3.6137549e-05  5.7419242e-05  7.0488735e-05
  0.00063617171 -5.1936367e-05              0  5.2315168e-06  1.3740119e-05  1.2597204e-05  2.3311047e-07 -1.3114396e-06  5.6421872e-05   3.514464e-05    5.57845e-05  6.8600803e-05
  4.9998449e-05   1.653988e-06              0  2.5332163e-07  2.9832419e-07  2.3311047e-07  4.4661693e-06 -1.7001726e-05   2.218131e-06  1.6156606e-06  2.7634106e-06  2.5795628e-06
 -0.00021685661 -9.7084328e-06              0 -1.7825677e-06  -2.040547e-06 -1.3114396e-06 -1.7001726e-05  0.00016287608 -8.9906181e-06 -6.7286009e-06 -1.2137328e-05 -1.1088454e-05
   0.0043781874 -0.00035078662              0  6.3239006e-06  5.8033175e-05  5.6421872e-05   2.218131e-06 -8.9906181e-06  0.00039574196  0.00024089594   0.0003788339  0.00046888737
   0.0027350541 -0.00021842419              0  3.4986182e-06  3.6137549e-05   3.514464e-05  1.6156606e-06 -6.7286009e-06  0.00024089594  0.00015876953  0.00023628549  0.00029302666
   0.0043028057 -0.00034375981              0  8.5948128e-06  5.7419242e-05    5.57845e-05  2.7634106e-06 -1.2137328e-05   0.0003788339  0.00023628549  0.00038139176  0.00045968159
   0.0053035191 -0.00042590413              0  9.2829262e-06  7.0488735e-05  6.8600803e-05  2.5795628e-06 -1.1088454e-05  0.00046888737  0.00029302666  0.00045968159   0.0005773089


# ext. ||   Name    ||   type  ||     Value     ||  Error +/- 

   0   ||Natural mortality || limited ||    0.05276004335553 ||0.003733960545137
   1   ||Targeted q || limited ||      5.650746314763 ||0.2941211640974
   2   ||Nontargeted q || limited ||                   2 ||22.06548931833
   3   ||     sigma || limited ||      3.771027447543 ||0.1937993816242
   4   ||  Biomass1 || limited ||      1.519551889243 ||0.1072687601315
   5   ||  Biomass2 || limited ||      1.314271392424 ||0.09092400755545
   6   ||   vm_mean || limited ||     0.4148568115782 ||0.004653527501521
   7   ||  vm_sigma || limited ||      9.739438064703 ||0.2360522919382
   8   ||Recruit year 1 || limited ||      6.685701052933 ||0.3510744848441
   9   ||Recruit year 2 || limited ||      2.783317947148 ||0.1462962066658
  10   ||Recruit year 3 || limited ||      7.186888661815 ||0.3563933745076
  11   ||Recruit year 4 || limited ||      7.782822191471 ||0.4548450935264





