# Minimum negative log likelihood

Minuit did successfully converge.
# of function calls: 665
minimum function Value: 706.6912040789
minimum edm: 4.522282996081e-05
minimum internal state vector: LAVector parameters:
   -0.02488479347372
     -1.038773120054
     -1.287002217587
     -1.026198062117
     -1.555584339765
     -1.555832152347
   -0.04271297748853
   -0.04843658094483
     -1.118852084221
     -1.406322521269
      -1.04905172987
      -1.07736773504

minimum internal covariance matrix: LASymMatrix parameters:
     0.10496293  -0.0090931496              0 -1.9373706e-05  0.00029048068  0.00026867657  9.9769237e-05  -0.0014647053   0.0082321409   0.0032342598    0.009520054   0.0078978521
  -0.0090931496  0.00081942825              0  4.0037722e-06 -2.5856376e-05 -2.3937003e-05 -8.2700909e-07 -3.4455448e-05 -0.00071947915 -0.00027959928 -0.00083238432 -0.00069087754
              0              0              2              0              0              0              0              0              0              0              0              0
 -1.9373706e-05  4.0037722e-06              0  0.00038683676  5.3808758e-07  5.8516898e-07  9.0346235e-07 -3.3469377e-05 -1.5389668e-05  1.0001366e-05 -4.0213847e-06  7.6072115e-06
  0.00029048068 -2.5856376e-05              0  5.3808758e-07  3.4092123e-05  2.9268989e-05  1.5638342e-07 -1.7587306e-05  2.3174262e-05   8.945589e-06  2.6367604e-05  2.2321237e-05
  0.00026867657 -2.3937003e-05              0  5.8516898e-07  2.9268989e-05  2.5265474e-05   1.391681e-07  -1.396353e-05  2.1328391e-05   8.297706e-06  2.4398573e-05  2.0670495e-05
  9.9769237e-05 -8.2700909e-07              0  9.0346235e-07  1.5638342e-07   1.391681e-07  7.6528826e-06 -0.00015005175  6.1756883e-06  2.6267023e-06  7.4175951e-06  6.2771493e-06
  -0.0014647053 -3.4455448e-05              0 -3.3469377e-05 -1.7587306e-05  -1.396353e-05 -0.00015005175    0.006873839 -6.0705246e-05 -3.9826957e-05 -9.9162304e-05 -0.00011114957
   0.0082321409 -0.00071947915              0 -1.5389668e-05  2.3174262e-05  2.1328391e-05  6.1756883e-06 -6.0705246e-05  0.00068544464  0.00024248042  0.00074919384  0.00060929917
   0.0032342598 -0.00027959928              0  1.0001366e-05   8.945589e-06   8.297706e-06  2.6267023e-06 -3.9826957e-05  0.00024248042  0.00013242956  0.00029189278  0.00025039329
    0.009520054 -0.00083238432              0 -4.0213847e-06  2.6367604e-05  2.4398573e-05  7.4175951e-06 -9.9162304e-05  0.00074919384  0.00029189278  0.00089017023  0.00071725693
   0.0078978521 -0.00069087754              0  7.6072115e-06  2.2321237e-05  2.0670495e-05  6.2771493e-06 -0.00011114957  0.00060929917  0.00025039329  0.00071725693  0.00062904931


# ext. ||   Name    ||   type  ||     Value     ||  Error +/- 

   0   ||Natural mortality || limited ||    0.04437794436943 ||0.005675486522958
   1   ||Targeted q || limited ||       6.91087465715 ||0.5133656380722
   2   ||Nontargeted q || limited ||                   2 ||22.06548931833
   3   ||     sigma || limited ||      7.233225568586 ||0.3602442880308
   4   ||  Biomass1 || limited ||    0.05785002177444 ||0.03140147104796
   5   ||  Biomass2 || limited ||    0.05598058458584 ||0.02659220609555
   6   ||   vm_mean || limited ||    -0.1341459783216 ||0.006139752141873
   7   ||  vm_sigma || limited ||      38.06381846335 ||2.340888852501
   8   ||Recruit year 1 || limited ||      5.029511873832 ||0.4041768791588
   9   ||Recruit year 2 || limited ||      0.684700150678 ||0.06660949727395
  10   ||Recruit year 3 || limited ||      6.661784559922 ||0.5256396921697
  11   ||Recruit year 4 || limited ||      5.973698984527 ||0.4199398745065





