# Minimum negative log likelihood

Minuit did successfully converge.
# of function calls: 921
minimum function Value: 623.1767089866
minimum edm: 6.406855024791e-06
minimum internal state vector: LAVector parameters:
    -0.1150128638571
    -0.8982594964498
     -1.287002217587
     -1.127129503185
     -1.536885130038
     -1.540003276795
   -0.07647370625604
     0.2069874610924
     -1.080705386617
     -1.261239677414
     -1.214235777149
     -1.303016485932

minimum internal covariance matrix: LASymMatrix parameters:
    0.077622545  -0.0053094072              0  7.5191084e-07  0.00019879756  0.00020209752 -9.3808794e-05   0.0033725661   0.0032078916   0.0017051055   0.0029183552   0.0024609924
  -0.0053094072   0.0003853838              0 -2.5190536e-08  -1.390967e-05 -1.4364233e-05  1.0571148e-05 -0.00038257736 -0.00022063506 -0.00011630413 -0.00020109961 -0.00016861027
              0              0              2              0              0              0              0              0              0              0              0              0
  7.5191084e-07 -2.5190536e-08              0  0.00027283279  2.4430062e-06  2.0525746e-06  1.1371893e-07  4.9068892e-05  5.1956575e-07 -3.5877619e-06  1.9759587e-07 -2.1647214e-06
  0.00019879756  -1.390967e-05              0  2.4430062e-06  8.9426226e-06  7.0051377e-06 -5.2205627e-07  1.8133796e-05  7.5270665e-06  3.7755099e-06  7.5773909e-06  6.8412771e-06
  0.00020209752 -1.4364233e-05              0  2.0525746e-06  7.0051377e-06  5.6251052e-06 -5.2243274e-07  2.0226481e-05  7.9788407e-06  4.0611341e-06  7.6920701e-06  6.6118268e-06
 -9.3808794e-05  1.0571148e-05              0  1.1371893e-07 -5.2205627e-07 -5.2243274e-07  2.4818714e-06  -5.754777e-05  -4.169656e-06 -2.1174327e-06 -3.6440561e-06 -3.0106524e-06
   0.0033725661 -0.00038257736              0  4.9068892e-05  1.8133796e-05  2.0226481e-05  -5.754777e-05   0.0079610539   0.0001360643    8.34651e-05  0.00014773475  8.9485815e-05
   0.0032078916 -0.00022063506              0  5.1956575e-07  7.5270665e-06  7.9788407e-06  -4.169656e-06   0.0001360643  0.00014490001  7.0925551e-05  0.00011843495  0.00010149822
   0.0017051055 -0.00011630413              0 -3.5877619e-06  3.7755099e-06  4.0611341e-06 -2.1174327e-06    8.34651e-05  7.0925551e-05  4.8546478e-05  6.3875054e-05  5.3139151e-05
   0.0029183552 -0.00020109961              0  1.9759587e-07  7.5773909e-06  7.6920701e-06 -3.6440561e-06  0.00014773475  0.00011843495  6.3875054e-05  0.00012274072   9.117692e-05
   0.0024609924 -0.00016861027              0 -2.1647214e-06  6.8412771e-06  6.6118268e-06 -3.0106524e-06  8.9485815e-05  0.00010149822  5.3139151e-05   9.117692e-05  9.0644124e-05


# ext. ||   Name    ||   type  ||     Value     ||  Error +/- 

   0   ||Natural mortality || limited ||    0.04213101331818 ||0.004861018591409
   1   ||Targeted q || limited ||      10.88780953347 ||0.4323710436182
   2   ||Nontargeted q || limited ||                   2 ||22.06548931833
   3   ||     sigma || limited ||      4.840813031117 ||0.2506732109284
   4   ||  Biomass1 || limited ||      0.287464766821 ||0.03584652084604
   5   ||  Biomass2 || limited ||     0.2370342512991 ||0.02581690634773
   6   ||   vm_mean || limited ||    -0.2400151301925 ||0.003489420051094
   7   ||  vm_sigma || limited ||      48.22090133139 ||2.468118873433
   8   ||Recruit year 1 || limited ||      5.894908642301 ||0.2003043566136
   9   ||Recruit year 2 || limited ||      2.386326132559 ||0.07503613554182
  10   ||Recruit year 3 || limited ||      3.154539750284 ||0.1367077320507
  11   ||Recruit year 4 || limited ||      1.791786460939 ||0.08905396929031





