# Minimum negative log likelihood

Minuit did successfully converge.
# of function calls: 1195
minimum function Value: 424.3440213333
minimum edm: 6.459757586632e-05
minimum internal state vector: LAVector parameters:
    -0.2442270336071
     -1.120507003022
     -1.287002217587
      -1.29712656905
     -1.371497755425
     -1.380584291507
     0.3358266477771
     -1.468802126091
     -1.077869416395
    -0.9608865366808
     -1.450655456071
    0.09909678424425
    0.07576804292793
       0.11216764083
    0.04586703717797

minimum internal covariance matrix: LASymMatrix parameters:
   0.0032470254 -0.00022229634              0  2.9976637e-05  0.00010424924  9.6860864e-05  -0.0014506777   9.828749e-05  0.00042723235  0.00053723621  8.9080273e-05  1.6236169e-05  1.4232496e-05  1.3737628e-05  2.7374497e-05
 -0.00022229634  1.6817788e-05              0 -2.7208353e-06 -7.9579524e-06 -7.3628374e-06  8.8644347e-05 -6.7785901e-06 -2.9767908e-05 -3.6951203e-05 -6.3118017e-06 -1.2162582e-06 -9.1304041e-07 -8.6581462e-07 -2.3103464e-06
              0              0              2              0              0              0              0              0              0              0              0              0              0              0              0
  2.9976637e-05 -2.7208353e-06              0  0.00010749613  2.3825588e-06  2.0421814e-06  4.1193366e-05  1.5694361e-06  3.7720694e-06  4.4583006e-06  6.5399442e-07 -7.3661956e-07 -3.0817072e-08 -1.0115499e-07  2.4234289e-07
  0.00010424924 -7.9579524e-06              0  2.3825588e-06  5.2123444e-06  4.6649559e-06 -3.9993475e-05  3.4201374e-06  1.3919987e-05  1.7373589e-05  2.7756331e-06  2.7064639e-07  4.1563368e-07  4.0544125e-07  6.0241056e-07
  9.6860864e-05 -7.3628374e-06              0  2.0421814e-06  4.6649559e-06  4.1976244e-06 -3.7724079e-05  3.1301156e-06  1.2927195e-05  1.6137273e-05  2.5972875e-06  2.9737845e-07  3.9373972e-07  3.7853143e-07   6.490228e-07
  -0.0014506777  8.8644347e-05              0  4.1193366e-05 -3.9993475e-05 -3.7724079e-05   0.0039243183  -4.232962e-05 -0.00018032391  -0.0002303699 -4.0472344e-05 -7.9923798e-06 -2.0499794e-05 -1.9890731e-05   -1.20232e-05
   9.828749e-05 -6.7785901e-06              0  1.5694361e-06  3.4201374e-06  3.1301156e-06  -4.232962e-05  7.5095298e-06  1.1819701e-05  1.6552582e-05  3.4255789e-06 -1.3275804e-06  3.5210039e-07  3.9391748e-07  4.1903576e-07
  0.00042723235 -2.9767908e-05              0  3.7720694e-06  1.3919987e-05  1.2927195e-05 -0.00018032391  1.1819701e-05  5.9149203e-05  7.0132969e-05  1.2362402e-05  2.5437239e-06  1.7384311e-06  1.7228472e-06  3.7510551e-06
  0.00053723621 -3.6951203e-05              0  4.4583006e-06  1.7373589e-05  1.6137273e-05  -0.0002303699  1.6552582e-05  7.0132969e-05  9.1903568e-05  1.3478778e-05  2.6794039e-06  2.3108602e-06  2.1593597e-06  4.7356893e-06
  8.9080273e-05 -6.3118017e-06              0  6.5399442e-07  2.7756331e-06  2.5972875e-06 -4.0472344e-05  3.4255789e-06  1.2362402e-05  1.3478778e-05  8.0192865e-06  1.3701479e-07  2.3479232e-07  3.6029057e-07  7.6042412e-07
  1.6236169e-05 -1.2162582e-06              0 -7.3661956e-07  2.7064639e-07  2.9737845e-07 -7.9923798e-06 -1.3275804e-06  2.5437239e-06  2.6794039e-06  1.3701479e-07  1.4001931e-05  1.1245309e-07   4.501712e-08  3.6484995e-07
  1.4232496e-05 -9.1304041e-07              0 -3.0817072e-08  4.1563368e-07  3.9373972e-07 -2.0499794e-05  3.5210039e-07  1.7384311e-06  2.3108602e-06  2.3479232e-07  1.1245309e-07  2.8240656e-07  1.0785542e-07  1.7201398e-07
  1.3737628e-05 -8.6581462e-07              0 -1.0115499e-07  4.0544125e-07  3.7853143e-07 -1.9890731e-05  3.9391748e-07  1.7228472e-06  2.1593597e-06  3.6029057e-07   4.501712e-08  1.0785542e-07   3.001831e-07  1.1538125e-07
  2.7374497e-05 -2.3103464e-06              0  2.4234289e-07  6.0241056e-07   6.490228e-07   -1.20232e-05  4.1903576e-07  3.7510551e-06  4.7356893e-06  7.6042412e-07  3.6484995e-07  1.7201398e-07  1.1538125e-07  6.2936672e-06


# ext. ||   Name    ||   type  ||     Value     ||  Error +/- 

   0   ||Natural mortality || limited ||    0.03895484077866 ||0.000977163733238
   1   ||Targeted q || limited ||       4.98393906011 ||0.06310353631917
   2   ||Nontargeted q || limited ||                   2 ||22.06548931833
   3   ||     sigma || limited ||      1.860721539769 ||0.09906942631355
   4   ||  Biomass1 || limited ||      9.897155455564 ||0.1598073370072
   5   ||  Biomass2 || limited ||      9.017915853761 ||0.1369533398172
   6   ||  vm_sigma || limited ||      53.18232531058 ||1.67230395289
   7   ||Recruit year 1 || limited ||     0.2698190626718 ||0.009863701286362
   8   ||Recruit year 2 || limited ||      5.961824688684 ||0.1286573120355
   9   ||Recruit year 3 || limited ||      9.024113857536 ||0.1941210045878
  10   ||Recruit year 4 || limited ||     0.3703758559236 ||0.01199843670515
  11   ||Mean Rec dist 1 || limited ||     0.9893467260792 ||0.02632949525891
  12   ||Mean Rec dist 2 || limited ||     0.7569556891687 ||0.00374692144834
  13   ||Mean Rec dist 3 || limited ||      1.119325810654 ||0.003849818964518
  14   ||Mean Rec dist 4 || limited ||     0.4585095647135 ||0.01772065083778





