# Minimum negative log likelihood

Minuit did successfully converge.
# of function calls: 1133
minimum function Value: 513.8974852231
minimum edm: 1.791385247187e-05
minimum internal state vector: LAVector parameters:
    -0.4011050066775
     -1.123754668622
     -1.287002217587
     -1.230790323875
     -1.529222690723
     -1.531230320376
     0.0808268886207
     -1.247115081145
     -1.473318396366
     -1.033282261949
    -0.9861529585835
     0.1105085979409
     0.1185727021578
     0.0244411344087
    0.09430365484072

minimum internal covariance matrix: LASymMatrix parameters:
   0.0045642562 -0.00035772602              0  2.7979301e-05  3.8048997e-05  3.4862708e-05  -0.0014843141  0.00037619352  0.00011643547  0.00062787669  0.00072475049  1.8633899e-05    3.49921e-05  2.0303928e-05   2.157707e-05
 -0.00035772602  3.2842743e-05              0 -2.3553579e-06 -3.5391071e-06  -3.225612e-06  8.4567923e-05 -3.0140596e-05  -9.248451e-06 -5.0691441e-05 -6.1250569e-05 -9.7686669e-07 -2.5087105e-06  -1.209807e-06 -1.5202048e-06
              0              0              2              0              0              0              0              0              0              0              0              0              0              0              0
  2.7979301e-05 -2.3553579e-06              0  0.00014639843  1.5711769e-06  1.3154072e-06 -1.8321672e-05  2.1105666e-06  1.4315204e-06  4.2046598e-06  5.1198016e-06   2.561797e-07  2.7756879e-06  2.7775507e-07  2.4242135e-07
  3.8048997e-05 -3.5391071e-06              0  1.5711769e-06  3.1289847e-06  2.6691445e-06 -9.5326556e-06  3.2381753e-06  9.5386136e-07   5.335686e-06  6.5249991e-06  5.0557557e-08  5.1145629e-07  1.4209815e-07  1.5106453e-07
  3.4862708e-05  -3.225612e-06              0  1.3154072e-06  2.6691445e-06  2.2942226e-06 -8.6281083e-06  2.9499282e-06   8.817197e-07  4.8972618e-06  5.9654116e-06  4.8524207e-08  4.4185179e-07  1.2863122e-07  1.3974877e-07
  -0.0014843141  8.4567923e-05              0 -1.8321672e-05 -9.5326556e-06 -8.6281083e-06   0.0029614505 -0.00011683675 -3.5435838e-05 -0.00019264323  -0.0002114098 -2.1666248e-05 -2.1271635e-05 -1.9950445e-05 -1.8418625e-05
  0.00037619352 -3.0140596e-05              0  2.1105666e-06  3.2381753e-06  2.9499282e-06 -0.00011683675  3.4771475e-05  9.4789446e-06  5.1780263e-05  6.0328198e-05  1.3414959e-06  3.2321161e-06  1.5859626e-06  1.7338482e-06
  0.00011643547  -9.248451e-06              0  1.4315204e-06  9.5386136e-07   8.817197e-07 -3.5435838e-05  9.4789446e-06  7.2502205e-06  1.5978087e-05  1.8955854e-05  4.8134645e-07  -4.716118e-07  5.2814437e-07  5.3834432e-07
  0.00062787669 -5.0691441e-05              0  4.2046598e-06   5.335686e-06  4.8972618e-06 -0.00019264323  5.1780263e-05  1.5978087e-05  9.0954426e-05  0.00010088677  2.3733322e-06  4.7369393e-06  2.6706773e-06  2.9429768e-06
  0.00072475049 -6.1250569e-05              0  5.1198016e-06  6.5249991e-06  5.9654116e-06  -0.0002114098  6.0328198e-05  1.8955854e-05  0.00010088677  0.00012748489  2.4502246e-06    5.26122e-06  2.9182641e-06  3.5480722e-06
  1.8633899e-05 -9.7686669e-07              0   2.561797e-07  5.0557557e-08  4.8524207e-08 -2.1666248e-05  1.3414959e-06  4.8134645e-07  2.3733322e-06  2.4502246e-06  1.1528346e-06  2.0929398e-07  1.8147652e-07   1.353415e-07
    3.49921e-05 -2.5087105e-06              0  2.7756879e-06  5.1145629e-07  4.4185179e-07 -2.1271635e-05  3.2321161e-06  -4.716118e-07  4.7369393e-06    5.26122e-06  2.0929398e-07  2.0662043e-05  2.0390175e-07  1.8818857e-07
  2.0303928e-05  -1.209807e-06              0  2.7775507e-07  1.4209815e-07  1.2863122e-07 -1.9950445e-05  1.5859626e-06  5.2814437e-07  2.6706773e-06  2.9182641e-06  1.8147652e-07  2.0390175e-07  3.0828025e-07  1.6607367e-07
   2.157707e-05 -1.5202048e-06              0  2.4242135e-07  1.5106453e-07  1.3974877e-07 -1.8418625e-05  1.7338482e-06  5.3834432e-07  2.9429768e-06  3.5480722e-06   1.353415e-07  1.8818857e-07  1.6607367e-07  4.4152244e-07


# ext. ||   Name    ||   type  ||     Value     ||  Error +/- 

   0   ||Natural mortality || limited ||    0.03523910292743 ||0.001099081757544
   1   ||Targeted q || limited ||      4.913503152448 ||0.08759081494026
   2   ||Nontargeted q || limited ||                   2 ||22.06548931833
   3   ||     sigma || limited ||      2.862366819249 ||0.1426606888409
   4   ||  Biomass1 || limited ||     0.4320295732073 ||0.02599258726388
   5   ||  Biomass2 || limited ||     0.3913161625498 ||0.02118271405868
   6   ||  vm_sigma || limited ||      43.23001605225 ||1.533784870709
   7   ||Recruit year 1 || limited ||      2.606190749594 ||0.06630240400768
   8   ||Recruit year 2 || limited ||     0.2473368986154 ||0.009264142549999
   9   ||Recruit year 3 || limited ||      7.060087994749 ||0.1726203635749
  10   ||Recruit year 4 || limited ||      8.313721308928 ||0.2202917816035
  11   ||Mean Rec dist 1 || limited ||      1.102838106418 ||0.007545903012399
  12   ||Mean Rec dist 2 || limited ||      1.182950522088 ||0.03191616643553
  13   ||Mean Rec dist 3 || limited ||     0.2443870108516 ||0.003924895606331
  14   ||Mean Rec dist 4 || limited ||     0.9416394042835 ||0.004677646265458





