# Minimum negative log likelihood

Minuit did successfully converge.
# of function calls: 339
minimum function Value: 1078.588871298
minimum edm: 6.288594768481e-05
minimum internal state vector: LAVector parameters:
     -1.179679434104
     -1.287002217587
     -0.135846270008
     -1.500591989618
     -1.494419766865
      1.570921835091
     0.2866306861794
     -1.585656574077
     -1.027664695262
    -0.8697227940662
     -1.430562016851

minimum internal covariance matrix: LASymMatrix parameters:
  0.00034978878              0  0.00041142989   1.093404e-05  7.1857546e-06 -5.9907046e-05  -0.0062539323 -0.00021937853 -0.00014533085 -0.00011053865  0.00014776068
              0              2              0              0              0              0              0              0              0              0              0
  0.00041142989              0   0.0010008643  1.1991756e-05 -5.7477144e-06 -0.00013882415    0.008417347   -0.001698686 -0.00042241201 -0.00020752158  -0.0013990647
   1.093404e-05              0  1.1991756e-05  6.5788602e-06 -2.6906007e-06   -2.89658e-07 -0.00061060618 -0.00015354485 -1.0872019e-05 -2.7551113e-06  5.1643857e-05
  7.1857546e-06              0 -5.7477144e-06 -2.6906007e-06  3.9787042e-06  3.1699784e-06  -0.0013268694  0.00020639406 -7.3423829e-06 -1.0147716e-05  8.6361612e-05
 -5.9907046e-05              0 -0.00013882415   -2.89658e-07  3.1699784e-06  0.00015501669  -0.0046048559   0.0010292493   -0.000109766   7.785791e-05  0.00090782478
  -0.0062539323              0    0.008417347 -0.00061060618  -0.0013268694  -0.0046048559      1.6307182    -0.10509918    0.010744229   0.0084152846    -0.11945101
 -0.00021937853              0   -0.001698686 -0.00015354485  0.00020639406   0.0010292493    -0.10509918    0.033722081  -0.0023512967   0.0012658326    0.018372044
 -0.00014533085              0 -0.00042241201 -1.0872019e-05 -7.3423829e-06   -0.000109766    0.010744229  -0.0023512967   0.0012845148  6.4862337e-05  -0.0019370179
 -0.00011053865              0 -0.00020752158 -2.7551113e-06 -1.0147716e-05   7.785791e-05   0.0084152846   0.0012658326  6.4862337e-05  0.00050314671   0.0011281855
  0.00014776068              0  -0.0013990647  5.1643857e-05  8.6361612e-05  0.00090782478    -0.11945101    0.018372044  -0.0019370179   0.0011281855    0.019250062


# ext. ||   Name    ||   type  ||     Value     ||  Error +/- 

   0   ||Targeted q || limited ||      3.775807330254 ||0.252070679474
   1   ||Nontargeted q || limited ||                   2 ||22.06548931833
   2   ||     sigma || limited ||      43.22855836051 ||1.108119825299
   3   ||  Biomass1 || limited ||      1.231656248136 ||0.06361173384958
   4   ||  Biomass2 || limited ||      1.457635941405 ||0.05381005843408
   5   ||   vm_mean || limited ||      3.141592628846** ||0.0001217490392231
   6   ||  vm_sigma || limited ||      51.30923799011 ||30.12512764912
   7   ||Recruit year 1 || limited ||    0.01552002008322 ||0.4208455041384
   8   ||Recruit year 2 || limited ||      7.204560787425 ||0.6547470093374
   9   ||Recruit year 3 || limited ||        11.801312855 ||0.5114771703746
  10   ||Recruit year 4 || limited ||     0.5007872817841 ||0.6844798026068

** Parameter is at Upper limit




