# Minimum negative log likelihood

Minuit did successfully converge.
# of function calls: 801
minimum function Value: 497.3112372173
minimum edm: 7.988532733574e-05
minimum internal state vector: LAVector parameters:
    -0.7597990957818
     -1.056447556041
     -1.287002217587
     -1.244204014909
     -1.531546122548
     -1.534639550803
    -0.2375487444182
    -0.7734247253948
     -1.422236813523
     -1.011752578397
     -1.037249702755
     -1.277060354774

minimum internal covariance matrix: LASymMatrix parameters:
   0.0015425795 -0.00061590593              0 -1.1174732e-05  4.8129181e-05  4.5561272e-05  2.9191085e-05 -0.00015601421  0.00018404424  0.00072539686  0.00067886496  0.00038625963
 -0.00061590593  0.00025278334              0   4.316422e-06   -1.94204e-05 -1.8453108e-05 -9.0253879e-06   4.663667e-05 -7.3946936e-05 -0.00029144053 -0.00027264612 -0.00015533859
              0              0              2              0              0              0              0              0              0              0              0              0
 -1.1174732e-05   4.316422e-06              0  0.00013518742  1.1437739e-06  9.7648907e-07 -2.8423585e-07  9.9557148e-07 -2.8743633e-06 -5.7242257e-06 -4.3971423e-06 -1.6078705e-06
  4.8129181e-05   -1.94204e-05              0  1.1437739e-06  4.3985669e-06  3.7312284e-06  9.4694898e-07 -5.5665341e-06  5.8577398e-06  2.2757809e-05  2.1087249e-05  1.2132324e-05
  4.5561272e-05 -1.8453108e-05              0  9.7648907e-07  3.7312284e-06  3.2171345e-06  8.6255541e-07 -4.7723823e-06  5.4586008e-06  2.1564786e-05  1.9980678e-05  1.1500197e-05
  2.9191085e-05 -9.0253879e-06              0 -2.8423585e-07  9.4694898e-07  8.6255541e-07  3.0942601e-06 -1.5561062e-05  3.2223285e-06  1.3277607e-05  1.2055407e-05   6.766394e-06
 -0.00015601421   4.663667e-05              0  9.9557148e-07 -5.5665341e-06 -4.7723823e-06 -1.5561062e-05  0.00016801507 -1.8239851e-05 -6.9040921e-05 -6.4408139e-05 -3.6116589e-05
  0.00018404424 -7.3946936e-05              0 -2.8743633e-06  5.8577398e-06  5.4586008e-06  3.2223285e-06 -1.8239851e-05  2.5845408e-05  8.6698303e-05    8.10052e-05  4.6286555e-05
  0.00072539686 -0.00029144053              0 -5.7242257e-06  2.2757809e-05  2.1564786e-05  1.3277607e-05 -6.9040921e-05  8.6698303e-05  0.00034546696  0.00031919573   0.0001818022
  0.00067886496 -0.00027264612              0 -4.3971423e-06  2.1087249e-05  1.9980678e-05  1.2055407e-05 -6.4408139e-05    8.10052e-05  0.00031919573  0.00030319142  0.00016991624
  0.00038625963 -0.00015533859              0 -1.6078705e-06  1.2132324e-05  1.1500197e-05   6.766394e-06 -3.6116589e-05  4.6286555e-05   0.0001818022  0.00016991624  0.00010101828


# ext. ||   Name    ||   type  ||     Value     ||  Error +/- 

   0   ||Natural mortality || limited ||    0.04668362871057 ||0.0030197214761
   1   ||Targeted q || limited ||       6.46933545858 ||0.2765393434953
   2   ||Nontargeted q || limited ||                   2 ||22.06548931833
   3   ||     sigma || limited ||      2.642945695448 ||0.1318791348882
   4   ||  Biomass1 || limited ||     0.3850951904313 ||0.02909650673791
   5   ||  Biomass2 || limited ||     0.3267925085473 ||0.02292369201967
   6   ||   vm_mean || limited ||    -0.7392824642178 ||0.003797892545907
   7   ||  vm_sigma || limited ||      12.05725736168 ||0.2623196546785
   8   ||Recruit year 1 || limited ||     0.5606791437172 ||0.02660137919384
   9   ||Recruit year 2 || limited ||       7.62110525254 ||0.3484865363686
  10   ||Recruit year 3 || limited ||       6.95886948601 ||0.3130596187176
  11   ||Recruit year 4 || limited ||      2.151341786648 ||0.1028730868836





