# Minimum negative log likelihood

Minuit did successfully converge.
# of function calls: 1325
minimum function Value: 563.5626524115
minimum edm: 7.532917738511e-05
minimum internal state vector: LAVector parameters:
       2.68176890875
    -0.9488906926238
     -1.287002217587
     -1.187208981471
      -1.51557264823
     -1.520400645413
       2.45402362892
     -1.131885525578
     -1.210233250429
     -1.315450064612
     -1.114696330105
    0.03794996161689
    0.03885004184489
    0.06029690925768
     0.1083719482439

minimum internal covariance matrix: LASymMatrix parameters:
    0.013328563   0.0010781513              0  -0.0001266274 -0.00011616317 -9.8819863e-05  -0.0033744854 -0.00095138514 -0.00076557137 -0.00054283308   -0.001158294 -1.3548937e-05 -1.6441293e-05 -2.0533922e-05 -3.0269497e-05
   0.0010781513   0.0001055505              0 -1.3973128e-05 -1.1682998e-05 -1.0034265e-05 -0.00014826305 -7.9746485e-05 -6.4211338e-05 -4.6812346e-05 -0.00010220004  1.5925447e-08 -2.3291822e-07 -7.7237838e-07 -1.5778978e-06
              0              0              2              0              0              0              0              0              0              0              0              0              0              0              0
  -0.0001266274 -1.3973128e-05              0  0.00019911487  5.8928784e-06  4.4568849e-06  2.4347192e-05  1.1120487e-05  1.1903955e-05  8.1343935e-06  1.3568349e-05    1.50966e-07 -9.2614584e-07  3.4896869e-07  4.4930769e-07
 -0.00011616317 -1.1682998e-05              0  5.8928784e-06   5.999154e-06  4.8114393e-06  1.2614738e-05  9.2743256e-06  7.2512797e-06  5.1613653e-06  1.1988828e-05 -2.0733673e-08 -6.2487224e-08  3.9748315e-08  2.7676407e-07
 -9.8819863e-05 -1.0034265e-05              0  4.4568849e-06  4.8114393e-06  3.9283286e-06  9.8601082e-06  7.8838986e-06  6.1202117e-06  4.3349894e-06  1.0228666e-05 -3.3158708e-08 -3.4420466e-08   1.739119e-08  2.3274272e-07
  -0.0033744854 -0.00014826305              0  2.4347192e-05  1.2614738e-05  9.8601082e-06   0.0085624684   0.0002176681  0.00017648275  0.00010951207  0.00023026543  3.2606114e-05  3.1569055e-05   3.041733e-05   3.809677e-05
 -0.00095138514 -7.9746485e-05              0  1.1120487e-05  9.2743256e-06  7.8838986e-06   0.0002176681  7.7843997e-05  5.5205281e-05  3.7011633e-05   8.307909e-05  8.4590624e-07  8.6433307e-07  9.7591613e-07  2.0110288e-06
 -0.00076557137 -6.4211338e-05              0  1.1903955e-05  7.2512797e-06  6.1202117e-06  0.00017648275  5.5205281e-05  5.2845558e-05  3.1748211e-05  6.7933798e-05  6.9822127e-07  7.0871339e-07  9.4592973e-07  1.6212966e-06
 -0.00054283308 -4.6812346e-05              0  8.1343935e-06  5.1613653e-06  4.3349894e-06  0.00010951207  3.7011633e-05  3.1748211e-05  3.5020572e-05  5.0647235e-05  4.1599185e-07  2.5770534e-07  6.8984655e-07  9.2238988e-07
   -0.001158294 -0.00010220004              0  1.3568349e-05  1.1988828e-05  1.0228666e-05  0.00023026543   8.307909e-05  6.7933798e-05  5.0647235e-05  0.00011698446  3.1663853e-07  9.7157833e-07  1.1023749e-06  2.3282705e-06
 -1.3548937e-05  1.5925447e-08              0    1.50966e-07 -2.0733673e-08 -3.3158708e-08  3.2606114e-05  8.4590624e-07  6.9822127e-07  4.1599185e-07  3.1663853e-07  4.4077008e-07  1.6216231e-07  1.3823215e-07  1.7654751e-07
 -1.6441293e-05 -2.3291822e-07              0 -9.2614584e-07 -6.2487224e-08 -3.4420466e-08  3.1569055e-05  8.6433307e-07  7.0871339e-07  2.5770534e-07  9.7157833e-07  1.6216231e-07  5.6036522e-07  1.2148768e-07  2.0869895e-07
 -2.0533922e-05 -7.7237838e-07              0  3.4896869e-07  3.9748315e-08   1.739119e-08   3.041733e-05  9.7591613e-07  9.4592973e-07  6.8984655e-07  1.1023749e-06  1.3823215e-07  1.2148768e-07  1.1231681e-06  2.3013063e-07
 -3.0269497e-05 -1.5778978e-06              0  4.4930769e-07  2.7676407e-07  2.3274272e-07   3.809677e-05  2.0110288e-06  1.6212966e-06  9.2238988e-07  2.3282705e-06  1.7654751e-07  2.0869895e-07  2.3013063e-07  5.8696832e-07


# ext. ||   Name    ||   type  ||     Value     ||  Error +/- 

   0   ||Natural mortality || limited ||    0.05609475415484 ||0.001826861276396
   1   ||Targeted q || limited ||      9.361513044972 ||0.2116121911324
   2   ||Nontargeted q || limited ||                   2 ||22.06548931833
   3   ||     sigma || limited ||       3.63359784443 ||0.1867071280662
   4   ||  Biomass1 || limited ||     0.7622199300431 ||0.04779740985972
   5   ||  Biomass2 || limited ||     0.6347968076536 ||0.03529947464709
   6   ||  vm_sigma || limited ||      65.38659959699 ||2.021116087056
   7   ||Recruit year 1 || limited ||      4.748773115415 ||0.1325448920196
   8   ||Recruit year 2 || limited ||       3.22476259019 ||0.0906658860528
   9   ||Recruit year 3 || limited ||      1.631043147753 ||0.05284107869582
  10   ||Recruit year 4 || limited ||      5.120634998349 ||0.1684101145677
  11   ||Mean Rec dist 1 || limited ||     0.3794085301965 ||0.004691138217432
  12   ||Mean Rec dist 2 || limited ||     0.3884026968762 ||0.005289233511506
  13   ||Mean Rec dist 3 || limited ||     0.6026037881335 ||0.007480271615466
  14   ||Mean Rec dist 4 || limited ||      1.081599440948 ||0.005385636302814





