# Minimum negative log likelihood

Minuit did successfully converge.
# of function calls: 842
minimum function Value: 655.899757899
minimum edm: 8.084311322765e-05
minimum internal state vector: LAVector parameters:
    -0.1425497620597
     -1.065830911364
     -1.287002217587
     -1.090133756352
     -1.470088906601
      -1.47602824971
    -0.3845100876843
     -1.316747531048
     -1.181134213243
     -1.196890637743
     -1.056578807708
    0.02058354517806
    0.06115130725327
    0.06763224853825
     0.1160195226359

minimum internal covariance matrix: LASymMatrix parameters:
    0.021671099  -0.0016442617              0  0.00019430812   0.0003697751  0.00033381615  -0.0040711931   0.0011617959   0.0021166868    0.001957062   0.0027139888  0.00011920677  0.00011407328    0.000123873  0.00012685965
  -0.0016442617  0.00015261953              0 -2.3326893e-05 -3.3778375e-05  -3.036853e-05  0.00023809944 -9.6732532e-05 -0.00016274404 -0.00014719547  -0.0002271674 -7.0498315e-06 -6.5158268e-06   -7.41199e-06 -7.2771461e-06
              0              0              2              0              0              0              0              0              0              0              0              0              0              0              0
  0.00019430812 -2.3326893e-05              0  0.00031397922  9.3147257e-06  7.8316739e-06  -8.946732e-06  2.2209556e-05  1.2582046e-05  7.8801251e-06  3.1390561e-05  9.7706518e-07  1.5107741e-06  1.7539051e-06 -5.3079887e-07
   0.0003697751 -3.3778375e-05              0  9.3147257e-06  1.7848897e-05  1.5137957e-05 -6.2793459e-05  2.1719491e-05  3.6775541e-05  3.2189411e-05   5.079738e-05  1.3603705e-06  1.6036087e-06  1.9001124e-06  1.8876042e-06
  0.00033381615  -3.036853e-05              0  7.8316739e-06  1.5137957e-05  1.2968334e-05 -5.5166203e-05  1.9427881e-05  3.3207264e-05  2.9168696e-05  4.5709985e-05  1.3134417e-06  1.4395808e-06  1.6916573e-06  1.7040801e-06
  -0.0040711931  0.00023809944              0  -8.946732e-06 -6.2793459e-05 -5.5166203e-05   0.0037097351 -0.00024375938  -0.0003605602 -0.00033048045 -0.00046176691 -5.2458505e-05  -6.373168e-05 -6.0984596e-05 -5.0623202e-05
   0.0011617959 -9.6732532e-05              0  2.2209556e-05  2.1719491e-05  1.9427881e-05 -0.00024375938  9.6189458e-05  0.00010598606   9.277853e-05  0.00015699632  7.2173806e-06   7.478645e-06  7.9574147e-06  3.6392062e-06
   0.0021166868 -0.00016274404              0  1.2582046e-05  3.6775541e-05  3.3207264e-05  -0.0003605602  0.00010598606  0.00022543922  0.00019583266  0.00026232609  1.0349308e-05  1.0114347e-05  1.1020848e-05  1.3054742e-05
    0.001957062 -0.00014719547              0  7.8801251e-06  3.2189411e-05  2.9168696e-05 -0.00033048045   9.277853e-05  0.00019583266  0.00020332989  0.00023836983  9.7927013e-06  8.7986686e-06  9.4300963e-06  1.3116314e-05
   0.0027139888  -0.0002271674              0  3.1390561e-05   5.079738e-05  4.5709985e-05 -0.00046176691  0.00015699632  0.00026232609  0.00023836983  0.00038760471  1.3610894e-05  1.3285081e-05  1.4368778e-05  1.4194705e-05
  0.00011920677 -7.0498315e-06              0  9.7706518e-07  1.3603705e-06  1.3134417e-06 -5.2458505e-05  7.2173806e-06  1.0349308e-05  9.7927013e-06  1.3610894e-05  3.9814363e-06  1.2249254e-06  1.2349983e-06  8.9046197e-07
  0.00011407328 -6.5158268e-06              0  1.5107741e-06  1.6036087e-06  1.4395808e-06  -6.373168e-05   7.478645e-06  1.0114347e-05  8.7986686e-06  1.3285081e-05  1.2249254e-06  3.0017397e-06  1.4005004e-06  8.8417177e-07
    0.000123873   -7.41199e-06              0  1.7539051e-06  1.9001124e-06  1.6916573e-06 -6.0984596e-05  7.9574147e-06  1.1020848e-05  9.4300963e-06  1.4368778e-05  1.2349983e-06  1.4005004e-06  3.2785217e-06  9.1040011e-07
  0.00012685965 -7.2771461e-06              0 -5.3079887e-07  1.8876042e-06  1.7040801e-06 -5.0623202e-05  3.6392062e-06  1.3054742e-05  1.3116314e-05  1.4194705e-05  8.9046197e-07  8.8417177e-07  9.1040011e-07  3.2362146e-06


# ext. ||   Name    ||   type  ||     Value     ||  Error +/- 

   0   ||Natural mortality || limited ||    0.04144831316295 ||0.002571303523376
   1   ||Targeted q || limited ||      6.240439691269 ||0.211300203033
   2   ||Nontargeted q || limited ||                   2 ||22.06548931833
   3   ||     sigma || limited ||      5.665561656308 ||0.2896547875177
   4   ||  Biomass1 || limited ||      2.533353931311 ||0.1501713808582
   5   ||  Biomass2 || limited ||      2.243567233367 ||0.1204781896317
   6   ||  vm_sigma || limited ||      24.99648588334 ||1.596423794977
   7   ||Recruit year 1 || limited ||      1.614699774371 ||0.08713793496501
   8   ||Recruit year 2 || limited ||      3.757751808784 ||0.2016321928971
   9   ||Recruit year 3 || limited ||       3.46426050332 ||0.1841195334211
  10   ||Recruit year 4 || limited ||      6.475460641914 ||0.3423166495064
  11   ||Mean Rec dist 1 || limited ||     0.2058209172811 ||0.0141062876038
  12   ||Mean Rec dist 2 || limited ||     0.6111320200601 ||0.01222809720177
  13   ||Mean Rec dist 3 || limited ||     0.6758070064712 ||0.01277408782382
  14   ||Mean Rec dist 4 || limited ||      1.157594170519 ||0.01263496510321





