# Minimum negative log likelihood

Minuit did successfully converge.
# of function calls: 748
minimum function Value: 577.8507350415
minimum edm: 1.50672029155e-05
minimum internal state vector: LAVector parameters:
    -0.8296583067273
     -1.154035414753
     -1.287002217587
     -1.173590121071
     -1.389702782551
      -1.39315798915
     0.9389957663969
    -0.9459733380043
     -1.056171055833
      -1.01429427393
     -1.102066801514
     -1.093982532684

minimum internal covariance matrix: LASymMatrix parameters:
    0.035677746  -0.0023688491              0  7.5488709e-05  0.00097393522  0.00099259877  5.9650289e-05 -0.00018946726   0.0031582923   0.0035135959   0.0026136888   0.0027159633
  -0.0023688491  0.00016690332              0 -1.8306627e-06  -6.990405e-05 -7.0336028e-05  5.1778122e-06 -2.3056754e-05 -0.00021257647 -0.00023413058 -0.00017357289 -0.00018232088
              0              0              2              0              0              0              0              0              0              0              0              0
  7.5488709e-05 -1.8306627e-06              0  0.00020575096 -4.9579478e-07 -1.1284147e-07  4.8424924e-06 -1.7849933e-05  5.3898882e-06  6.3998068e-06  4.9831299e-06  8.3478855e-06
  0.00097393522  -6.990405e-05              0 -4.9579478e-07  3.5453143e-05   3.441711e-05 -3.4169765e-06  1.3218068e-05  8.8167172e-05  9.6277297e-05  7.1375329e-05  7.4936761e-05
  0.00099259877 -7.0336028e-05              0 -1.1284147e-07   3.441711e-05  3.3711709e-05  -2.258805e-06  9.2928009e-06  8.9476654e-05  9.8087903e-05  7.2691615e-05  7.6404017e-05
  5.9650289e-05  5.1778122e-06              0  4.8424924e-06 -3.4169765e-06  -2.258805e-06  2.4048983e-05 -5.1804702e-05  2.3922451e-06  5.7700509e-06  2.8241284e-06  9.1077473e-06
 -0.00018946726 -2.3056754e-05              0 -1.7849933e-05  1.3218068e-05  9.2928009e-06 -5.1804702e-05  0.00030154644 -4.9082334e-06 -2.0492512e-05 -1.1356383e-05  -2.079514e-05
   0.0031582923 -0.00021257647              0  5.3898882e-06  8.8167172e-05  8.9476654e-05  2.3922451e-06 -4.9082334e-06  0.00028784356  0.00031012708  0.00023147937  0.00024101461
   0.0035135959 -0.00023413058              0  6.3998068e-06  9.6277297e-05  9.8087903e-05  5.7700509e-06 -2.0492512e-05  0.00031012708  0.00035434749  0.00025634345  0.00026801964
   0.0026136888 -0.00017357289              0  4.9831299e-06  7.1375329e-05  7.2691615e-05  2.8241284e-06 -1.1356383e-05  0.00023147937  0.00025634345  0.00019933158  0.00019687035
   0.0027159633 -0.00018232088              0  8.3478855e-06  7.4936761e-05  7.6404017e-05  9.1077473e-06  -2.079514e-05  0.00024101461  0.00026801964  0.00019687035  0.00023124173


# ext. ||   Name    ||   type  ||     Value     ||  Error +/- 

   0   ||Natural mortality || limited ||    0.02655748181177 ||0.002247593458459
   1   ||Targeted q || limited ||       4.27975399715 ||0.1848939759831
   2   ||Nontargeted q || limited ||                   2 ||22.06548931833
   3   ||     sigma || limited ||      3.892732362338 ||0.1961796154645
   4   ||  Biomass1 || limited ||      8.176336095797 ||0.379147055951
   5   ||  Biomass2 || limited ||      7.868121934297 ||0.3627391297269
   6   ||   vm_mean || limited ||      2.535156598561 ||0.006433908019849
   7   ||  vm_sigma || limited ||      7.558238510312 ||0.2872944625416
   8   ||Recruit year 1 || limited ||      6.485490971153 ||0.2952083896376
   9   ||Recruit year 2 || limited ||      7.553846284069 ||0.3515019145686
  10   ||Recruit year 3 || limited ||      5.402313261052 ||0.2254725391686
  11   ||Recruit year 4 || limited ||      5.586355234863 ||0.2467188518277





