# Minimum negative log likelihood

Minuit did successfully converge.
# of function calls: 1011
minimum function Value: 557.1931852196
minimum edm: 2.600215433641e-06
minimum internal state vector: LAVector parameters:
    -0.2506462761474
     -1.196560731493
     -1.287002217587
      -1.19305981611
     -1.366919221349
     -1.373895281427
     -1.113492697263
     -1.296043961927
     -1.277290679083
     -1.149423610948
      -1.01269089098
     0.1130274979208
    0.06076242003723
    0.09331605194631
    0.09872541848728

minimum internal covariance matrix: LASymMatrix parameters:
    0.064022705   -0.004423248              0  7.7925671e-05   0.0024852811   0.0023675344  -0.0025122386   0.0054646316   0.0057817559   0.0082080003    0.010791995  0.00081553307  0.00095577064  0.00087247368  0.00081719429
   -0.004423248  0.00032797483              0 -6.5209927e-06 -0.00018497229 -0.00017560427  0.00013481774 -0.00038399975 -0.00040599889 -0.00057746834 -0.00076771347 -5.2041651e-05 -6.2945046e-05 -5.5454405e-05 -5.3675923e-05
              0              0              2              0              0              0              0              0              0              0              0              0              0              0              0
  7.7925671e-05 -6.5209927e-06              0  0.00018261775  2.3918516e-06  2.3194839e-06 -2.2610217e-06  6.6223055e-06  6.3207637e-06  9.7070976e-06  1.4088948e-05   1.189363e-06  4.2076557e-07  8.5827234e-07    6.45205e-07
   0.0024852811 -0.00018497229              0  2.3918516e-06  0.00011002199  0.00010383265 -7.5119973e-05  0.00021704613  0.00022840576   0.0003246623  0.00043242582  2.7958746e-05  3.5426086e-05  3.0963041e-05  3.0196428e-05
   0.0023675344 -0.00017560427              0  2.3194839e-06  0.00010383265  9.8105989e-05 -7.2508098e-05  0.00020635214  0.00021739987  0.00030903652  0.00041130808  2.6947952e-05  3.3810825e-05  2.9654122e-05  2.8841668e-05
  -0.0025122386  0.00013481774              0 -2.2610217e-06 -7.5119973e-05 -7.2508098e-05  0.00026123014 -0.00020264124 -0.00021358763 -0.00030103371 -0.00039190167 -4.2122014e-05 -4.6994972e-05 -4.9686821e-05  -4.630821e-05
   0.0054646316 -0.00038399975              0  6.6223055e-06  0.00021704613  0.00020635214 -0.00020264124  0.00047609306  0.00049536987  0.00070366464  0.00092737712  6.5470175e-05  8.1160802e-05  7.2851493e-05  6.8755843e-05
   0.0057817559 -0.00040599889              0  6.3207637e-06  0.00022840576  0.00021739987 -0.00021358763  0.00049536987  0.00053035302  0.00074430415  0.00098144987  7.1868776e-05  8.4444996e-05  7.7487141e-05  7.2877391e-05
   0.0082080003 -0.00057746834              0  9.7070976e-06   0.0003246623  0.00030903652 -0.00030103371  0.00070366464  0.00074430415    0.001063726    0.001393836  0.00010224033  0.00012089436  0.00010884387  0.00010353453
    0.010791995 -0.00076771347              0  1.4088948e-05  0.00043242582  0.00041130808 -0.00039190167  0.00092737712  0.00098144987    0.001393836   0.0018575051  0.00013341011  0.00015862947  0.00014269129   0.0001373684
  0.00081553307 -5.2041651e-05              0   1.189363e-06  2.7958746e-05  2.6947952e-05 -4.2122014e-05  6.5470175e-05  7.1868776e-05  0.00010224033  0.00013341011  2.5558267e-05  1.3331362e-05   1.203047e-05   1.121768e-05
  0.00095577064 -6.2945046e-05              0  4.2076557e-07  3.5426086e-05  3.3810825e-05 -4.6994972e-05  8.1160802e-05  8.4444996e-05  0.00012089436  0.00015862947  1.3331362e-05  2.0113906e-05  1.4075599e-05   1.298892e-05
  0.00087247368 -5.5454405e-05              0  8.5827234e-07  3.0963041e-05  2.9654122e-05 -4.9686821e-05  7.2851493e-05  7.7487141e-05  0.00010884387  0.00014269129   1.203047e-05  1.4075599e-05  1.6587769e-05  1.2422267e-05
  0.00081719429 -5.3675923e-05              0    6.45205e-07  3.0196428e-05  2.8841668e-05  -4.630821e-05  6.8755843e-05  7.2877391e-05  0.00010353453   0.0001373684   1.121768e-05   1.298892e-05  1.2422267e-05  1.4112573e-05


# ext. ||   Name    ||   type  ||     Value     ||  Error +/- 

   0   ||Natural mortality || limited ||    0.03879924768672 ||0.00431007913042
   1   ||Targeted q || limited ||      3.460633476369 ||0.2340579589142
   2   ||Nontargeted q || limited ||                   2 ||22.06548931833
   3   ||     sigma || limited ||      3.524908478643 ||0.1762103477386
   4   ||  Biomass1 || limited ||      10.35552415924 ||0.7508382918073
   5   ||  Biomass2 || limited ||      9.661230970915 ||0.6850737623834
   6   ||  vm_sigma || limited ||      4.111097130906 ||0.2018377382182
   7   ||Recruit year 1 || limited ||      1.885191828084 ||0.2092684825685
   8   ||Recruit year 2 || limited ||      2.148009097328 ||0.2355255031959
   9   ||Recruit year 3 || limited ||      4.383145593523 ||0.4715476533786
  10   ||Recruit year 4 || limited ||      7.596243489753 ||0.8067537343392
  11   ||Mean Rec dist 1 || limited ||      1.127869931607 ||0.03551973758098
  12   ||Mean Rec dist 2 || limited ||     0.6072503707046 ||0.03165412127714
  13   ||Mean Rec dist 3 || limited ||      0.931806799832 ||0.02867376709225
  14   ||Mean Rec dist 4 || limited ||     0.9856512198348 ||0.02643429122521





