# Minimum negative log likelihood

Minuit did successfully converge.
# of function calls: 733
minimum function Value: 144.6722907667
minimum edm: 2.459054437433e-06
minimum internal state vector: LAVector parameters:
     -1.076618860744
     -1.287002217587
     -1.123017530716
     -1.524655775662
     -1.529832046477
    0.04795480875537
    -0.2685789244943
    -0.9988367099076
     -1.062174967975
     -1.219713941074
     -1.227527710651

minimum internal covariance matrix: LASymMatrix parameters:
  1.3635717e-05              0  2.5568438e-07 -1.0910937e-06  -1.100384e-06  8.0499128e-07 -7.9429764e-05 -2.0163428e-06  -1.539912e-06 -1.0190161e-06 -1.4888892e-06
              0              2              0              0              0              0              0              0              0              0              0
  2.5568438e-07              0  0.00096795187 -2.9002425e-06 -9.7518609e-07  1.7948766e-06  0.00021580873  9.5889898e-07   5.633664e-07  8.1102507e-07 -1.0932399e-06
 -1.0910937e-06              0 -2.9002425e-06  2.3682481e-05  1.2295959e-05 -2.0685899e-07 -4.7756446e-05  2.7604788e-07 -2.9593216e-08 -3.4741252e-07 -4.1399085e-07
  -1.100384e-06              0 -9.7518609e-07  1.2295959e-05  7.1916595e-06 -9.8357944e-08 -7.0999126e-06  1.1687805e-07 -3.3923992e-08 -1.5023776e-07 -1.0840873e-07
  8.0499128e-07              0  1.7948766e-06 -2.0685899e-07 -9.8357944e-08  1.9091524e-07  1.0994435e-06 -9.1031646e-08 -1.4721165e-07 -4.1744614e-08 -3.6766902e-08
 -7.9429764e-05              0  0.00021580873 -4.7756446e-05 -7.0999126e-06  1.0994435e-06   0.0040308005  1.4605226e-05 -4.7784492e-06   1.066607e-05  1.1886118e-05
 -2.0163428e-06              0  9.5889898e-07  2.7604788e-07  1.1687805e-07 -9.1031646e-08  1.4605226e-05  1.2630579e-05  2.5100121e-08  1.8606762e-07  1.3366414e-07
  -1.539912e-06              0   5.633664e-07 -2.9593216e-08 -3.3923992e-08 -1.4721165e-07 -4.7784492e-06  2.5100121e-08  1.2767654e-05 -1.2149888e-07 -1.7694618e-07
 -1.0190161e-06              0  8.1102507e-07 -3.4741252e-07 -1.5023776e-07 -4.1744614e-08   1.066607e-05  1.8606762e-07 -1.2149888e-07  1.1936341e-05 -4.0150476e-08
 -1.4888892e-06              0 -1.0932399e-06 -4.1399085e-07 -1.0840873e-07 -3.6766902e-08  1.1886118e-05  1.3366414e-07 -1.7694618e-07 -4.0150476e-08  1.2874388e-05


# ext. ||   Name    ||   type  ||     Value     ||  Error +/- 

   0   ||Targeted q || limited ||      5.982042911233 ||0.06192323899187
   1   ||Nontargeted q || limited ||                   2 ||22.06548931833
   2   ||     sigma || limited ||      4.929448628994 ||0.4762105699741
   3   ||  Biomass1 || limited ||     0.5321431957855 ||0.07935904142864
   4   ||  Biomass2 || limited ||      0.419459403642 ||0.03882872801275
   5   ||   vm_mean || limited ||     0.4793643087996 ||0.003086069710714
   6   ||  vm_sigma || limited ||       29.3861696164 ||1.730746518427
   7   ||Recruit year 1 || limited ||      7.967109845802 ||0.0680057094605
   8   ||Recruit year 2 || limited ||      6.338532118654 ||0.06151373123912
   9   ||Recruit year 3 || limited ||       3.05964425686 ||0.04200462205472
  10   ||Recruit year 4 || limited ||      2.926728795182 ||0.04269192104058





