# Minimum negative log likelihood

Minuit did successfully converge.
# of function calls: 1174
minimum function Value: 596.9655300723
minimum edm: 1.318166227193e-06
minimum internal state vector: LAVector parameters:
       0.16997602157
     -1.186843276592
     -1.287002217587
     -1.154625877863
       -1.5143426707
     -1.516729474811
    0.04511944536627
    -0.9027072718162
    -0.9748182425657
    -0.9239122025579
     -0.950900401084
     0.1162370420117
    0.05379781592495
      0.024727416111
    0.05007064671419

minimum internal covariance matrix: LASymMatrix parameters:
   0.0049506141 -0.00044766981              0 -2.0607343e-05  6.9994391e-05  6.5407688e-05  -0.0016796622   0.0011022197   0.0010045753   0.0010648901     0.00102421  2.1838692e-05  2.8576977e-05   2.535092e-05  2.4590974e-05
 -0.00044766981  4.7173107e-05              0  1.5270843e-06 -7.4870775e-06 -6.9656763e-06  0.00010134177 -0.00010479672 -9.4848676e-05 -0.00010062236 -0.00010035337 -1.2682779e-06 -2.1863581e-06 -1.8426499e-06  -1.952257e-06
              0              0              2              0              0              0              0              0              0              0              0              0              0              0              0
 -2.0607343e-05  1.5270843e-06              0  0.00022262912 -1.5348062e-07 -1.3450365e-07 -2.7499022e-06 -4.9545771e-06 -3.7891524e-06  -4.553761e-06 -5.9226531e-06 -2.2828909e-07 -2.8428326e-07 -1.6655846e-07 -9.2790321e-08
  6.9994391e-05 -7.4870775e-06              0 -1.5348062e-07  9.0334053e-06  7.6772081e-06 -1.6854533e-05  1.6582469e-05  1.4953883e-05  1.5883792e-05   1.577639e-05   1.830449e-07   3.059151e-07   2.777301e-07  3.1530372e-07
  6.5407688e-05 -6.9656763e-06              0 -1.3450365e-07  7.6772081e-06  6.5806451e-06 -1.5545649e-05  1.5457196e-05  1.3962975e-05  1.4831779e-05  1.4696157e-05  1.7808171e-07  2.8687302e-07   2.611044e-07  2.9315061e-07
  -0.0016796622  0.00010134177              0 -2.7499022e-06 -1.6854533e-05 -1.5545649e-05   0.0043070792 -0.00032387141 -0.00030876062 -0.00032580346 -0.00030450161 -3.0892608e-05 -2.4316587e-05 -2.4735133e-05 -2.6734225e-05
   0.0011022197 -0.00010479672              0 -4.9545771e-06  1.6582469e-05  1.5457196e-05 -0.00032387141  0.00026173569  0.00022653632  0.00024015636  0.00023411527  4.0296973e-06  6.0862898e-06  5.2488732e-06  5.2213689e-06
   0.0010045753 -9.4848676e-05              0 -3.7891524e-06  1.4953883e-05  1.3962975e-05 -0.00030876062  0.00022653632  0.00021884416  0.00021815376  0.00021234562   3.967159e-06  5.4242596e-06  4.9305463e-06   4.809815e-06
   0.0010648901 -0.00010062236              0  -4.553761e-06  1.5883792e-05  1.4831779e-05 -0.00032580346  0.00024015636  0.00021815376  0.00024433601  0.00022556349  4.1938198e-06  5.9427259e-06  5.1482353e-06  5.1776413e-06
     0.00102421 -0.00010035337              0 -5.9226531e-06   1.577639e-05  1.4696157e-05 -0.00030450161  0.00023411527  0.00021234562  0.00022556349  0.00024370196  3.9560591e-06  5.4861567e-06  4.7741561e-06  5.4510052e-06
  2.1838692e-05 -1.2682779e-06              0 -2.2828909e-07   1.830449e-07  1.7808171e-07 -3.0892608e-05  4.0296973e-06   3.967159e-06  4.1938198e-06  3.9560591e-06  1.0209996e-06  2.2013132e-07  2.1703525e-07  2.4341295e-07
  2.8576977e-05 -2.1863581e-06              0 -2.8428326e-07   3.059151e-07  2.8687302e-07 -2.4316587e-05  6.0862898e-06  5.4242596e-06  5.9427259e-06  5.4861567e-06  2.2013132e-07   7.978813e-07  2.2981273e-07  2.0643065e-07
   2.535092e-05 -1.8426499e-06              0 -1.6655846e-07   2.777301e-07   2.611044e-07 -2.4735133e-05  5.2488732e-06  4.9305463e-06  5.1482353e-06  4.7741561e-06  2.1703525e-07  2.2981273e-07  5.4793081e-07  2.0757778e-07
  2.4590974e-05  -1.952257e-06              0 -9.2790321e-08  3.1530372e-07  2.9315061e-07 -2.6734225e-05  5.2213689e-06   4.809815e-06  5.1776413e-06  5.4510052e-06  2.4341295e-07  2.0643065e-07  2.0757778e-07  7.2761878e-07


# ext. ||   Name    ||   type  ||     Value     ||  Error +/- 

   0   ||Natural mortality || limited ||    0.04922896790608 ||0.001225380973637
   1   ||Targeted q || limited ||      3.640444188504 ||0.09096097736662
   2   ||Nontargeted q || limited ||                   2 ||22.06548931833
   3   ||     sigma || limited ||      4.267810972655 ||0.2132551407493
   4   ||  Biomass1 || limited ||     0.7965422385413 ||0.05995726214247
   5   ||  Biomass2 || limited ||     0.7306281123518 ||0.04901268310609
   6   ||  vm_sigma || limited ||      41.80464297452 ||1.85367201095
   7   ||Recruit year 1 || limited ||      10.75857982981 ||0.354295620114
   8   ||Recruit year 2 || limited ||      8.629144097874 ||0.2935489185679
   9   ||Recruit year 3 || limited ||      10.11070899346 ||0.3330426125134
  10   ||Recruit year 4 || limited ||      9.312123540818 ||0.3206057877182
  11   ||Mean Rec dist 1 || limited ||      1.159754713658 ||0.0070967128335
  12   ||Mean Rec dist 2 || limited ||     0.5377186936202 ||0.006307036508256
  13   ||Mean Rec dist 3 || limited ||     0.2472489627844 ||0.005232570102323
  14   ||Mean Rec dist 4 || limited ||     0.5004972757009 ||0.006024101692709





