# Minimum negative log likelihood

Minuit did successfully converge.
# of function calls: 1528
minimum function Value: 382.5352288077
minimum edm: 4.569510966188e-05
minimum internal state vector: LAVector parameters:
      1.582615129774
     -1.018469567455
     -1.287002217587
     -1.323414845346
     -1.524569846674
     -1.524639693923
     0.9489372148298
     -1.252782590091
     -1.490618840403
     -1.141719004943
     -1.110945717215
     -1.450095605016

minimum internal covariance matrix: LASymMatrix parameters:
      1.0968938   0.0017667406              0 -0.00019974349 -9.2130678e-05 -0.00010105205 -9.2574147e-05 -7.9861561e-05 -0.00027480945    -0.00137256  -0.0014660397  -0.0003286075
   0.0017667406  1.2389699e-05              0  -7.606649e-07 -1.1262148e-06 -9.9661399e-07  4.8288072e-06 -1.5887441e-06 -1.2967726e-06  -5.798709e-06 -3.0152912e-06 -1.8111322e-07
              0              0              2              0              0              0              0              0              0              0              0              0
 -0.00019974349  -7.606649e-07              0  7.8942179e-05  2.4290927e-07  1.8244526e-07 -8.1577612e-07   4.742485e-09 -8.3319805e-08  8.4141295e-07 -2.5928917e-07  3.0278426e-07
 -9.2130678e-05 -1.1262148e-06              0  2.4290927e-07  1.2938423e-06  1.0584326e-06 -4.4309244e-07  1.6554436e-07  2.0505353e-07  4.9030956e-07  2.7994286e-07  6.7379011e-08
 -0.00010105205 -9.9661399e-07              0  1.8244526e-07  1.0584326e-06  8.7992097e-07 -3.9088307e-07  1.5128874e-07  1.5467467e-07  4.3949134e-07  2.5445188e-07  6.2408305e-08
 -9.2574147e-05  4.8288072e-06              0 -8.1577612e-07 -4.4309244e-07 -3.9088307e-07  7.1870054e-06 -7.5816259e-07 -4.4026128e-07  -2.400319e-06  5.3300252e-09  4.5722631e-07
 -7.9861561e-05 -1.5887441e-06              0   4.742485e-09  1.6554436e-07  1.5128874e-07 -7.5816259e-07  1.4559223e-06  1.2592139e-07  8.6882976e-07 -3.8671788e-08 -1.1614027e-07
 -0.00027480945 -1.2967726e-06              0 -8.3319805e-08  2.0505353e-07  1.5467467e-07 -4.4026128e-07  1.2592139e-07  3.0677504e-06  3.9292416e-07  4.4018298e-07  8.5033736e-09
    -0.00137256  -5.798709e-06              0  8.4141295e-07  4.9030956e-07  4.3949134e-07  -2.400319e-06  8.6882976e-07  3.9292416e-07  4.6766408e-06  1.6720725e-06  2.8316908e-07
  -0.0014660397 -3.0152912e-06              0 -2.5928917e-07  2.7994286e-07  2.5445188e-07  5.3300252e-09 -3.8671788e-08  4.4018298e-07  1.6720725e-06  3.6108542e-06  2.8275856e-07
  -0.0003286075 -1.8111322e-07              0  3.0278426e-07  6.7379011e-08  6.2408305e-08  4.5722631e-07 -1.1614027e-07  8.5033736e-09  2.8316908e-07  2.8275856e-07  3.0588905e-06


# ext. ||   Name    ||   type  ||     Value     ||  Error +/- 

   0   ||Natural mortality || limited ||    0.06999825396903 ||0.006547474376605
   1   ||Targeted q || limited ||      7.434697596809 ||0.06529361339054
   2   ||Nontargeted q || limited ||                   2 ||22.06548931833
   3   ||     sigma || limited ||      1.522153445621 ||0.07691927617285
   4   ||  Biomass1 || limited ||     0.5341267418709 ||0.01858368262847
   5   ||  Biomass2 || limited ||     0.5325141388831 ||0.01530229993305
   6   ||   vm_mean || limited ||      2.553476585687 ||0.003469283218914
   7   ||  vm_sigma || limited ||      2.006640641009 ||0.01067110562846
   8   ||Recruit year 1 || limited ||     0.1706085959512 ||0.004959164386306
   9   ||Recruit year 2 || limited ||      4.542046735847 ||0.03180570957325
  10   ||Recruit year 3 || limited ||      5.203540138024 ||0.02981382196074
  11   ||Recruit year 4 || limited ||     0.3737382640423 ||0.007444718271006





