# Minimum negative log likelihood

Minuit did successfully converge.
# of function calls: 1533
minimum function Value: 332.652546631
minimum edm: 2.14300342721e-06
minimum internal state vector: LAVector parameters:
      2.493144199003
    -0.9865294517668
     -1.287002217587
     -1.351477972604
     -1.525549450452
     -1.528563974795
   0.007799377218756
   -0.05304480806779
     -1.278812022575
     -1.212802995712
     -1.239650549665
     -1.133421642769

minimum internal covariance matrix: LASymMatrix parameters:
    0.014595823  0.00084754154              0 -5.8472063e-06 -6.5734108e-05   -6.09827e-05 -2.4029144e-06  1.1931546e-05 -0.00044487977 -0.00049044652 -0.00051869475 -0.00059910925
  0.00084754154  5.0965303e-05              0  -5.221498e-07 -3.9809358e-06 -3.6837301e-06  2.5698164e-07 -7.4482432e-06 -2.6013256e-05 -2.8649121e-05  -3.036023e-05 -3.5098597e-05
              0              0              2              0              0              0              0              0              0              0              0              0
 -5.8472063e-06  -5.221498e-07              0  6.0937007e-05  4.1341505e-07  3.0651353e-07 -2.5716174e-08  1.1465559e-06  1.3561437e-07   1.878275e-07  3.1549653e-07  3.8467047e-07
 -6.5734108e-05 -3.9809358e-06              0  4.1341505e-07  8.5780941e-07  7.2260048e-07 -2.5413871e-08  5.0302113e-07  2.0201254e-06  2.2183558e-06  2.3588058e-06   2.741238e-06
   -6.09827e-05 -3.6837301e-06              0  3.0651353e-07  7.2260048e-07  6.1843652e-07  -2.171701e-08  4.9719986e-07  1.8722624e-06  2.0549087e-06  2.1839827e-06  2.5440297e-06
 -2.4029144e-06  2.5698164e-07              0 -2.5716174e-08 -2.5413871e-08  -2.171701e-08  2.6684571e-07 -5.1864806e-06  2.9816904e-08  4.2838646e-08  3.3060195e-08  1.0906163e-08
  1.1931546e-05 -7.4482432e-06              0  1.1465559e-06  5.0302113e-07  4.9719986e-07 -5.1864806e-06  0.00024197819  6.7725571e-07  3.5505045e-07  8.4668476e-07  1.5257187e-06
 -0.00044487977 -2.6013256e-05              0  1.3561437e-07  2.0201254e-06  1.8722624e-06  2.9816904e-08  6.7725571e-07  1.4306689e-05  1.4966469e-05  1.5850945e-05  1.8317452e-05
 -0.00049044652 -2.8649121e-05              0   1.878275e-07  2.2183558e-06  2.0549087e-06  4.2838646e-08  3.5505045e-07  1.4966469e-05  1.7200933e-05  1.7449783e-05   2.015302e-05
 -0.00051869475  -3.036023e-05              0  3.1549653e-07  2.3588058e-06  2.1839827e-06  3.3060195e-08  8.4668476e-07  1.5850945e-05  1.7449783e-05  1.9202034e-05  2.1330504e-05
 -0.00059910925 -3.5098597e-05              0  3.8467047e-07   2.741238e-06  2.5440297e-06  1.0906163e-08  1.5257187e-06  1.8317452e-05   2.015302e-05  2.1330504e-05  2.5422734e-05


# ext. ||   Name    ||   type  ||     Value     ||  Error +/- 

   0   ||Natural mortality || limited ||    0.06009876294087 ||0.001700126164117
   1   ||Targeted q || limited ||      8.294165352057 ||0.1392211743378
   2   ||Nontargeted q || limited ||                   2 ||22.06548931833
   3   ||     sigma || limited ||       1.19770110469 ||0.06004558874676
   4   ||  Biomass1 || limited ||     0.5117326407679 ||0.01481121834362
   5   ||  Biomass2 || limited ||     0.4458266193176 ||0.0117386650233
   6   ||   vm_mean || limited ||    0.02450221775844 ||0.001147497564295
   7   ||  vm_sigma || limited ||      37.87972908006 ||0.4393469701131
   8   ||Recruit year 1 || limited ||      2.126059715174 ||0.03849032242734
   9   ||Recruit year 2 || limited ||      3.179591176138 ||0.05137424620564
  10   ||Recruit year 3 || limited ||      2.726206275505 ||0.05036597212368
  11   ||Recruit year 4 || limited ||      4.716190848037 ||0.07549871035263





