# Minimum negative log likelihood

Minuit did successfully converge.
# of function calls: 1014
minimum function Value: 419.9812761701
minimum edm: 1.538734950024e-05
minimum internal state vector: LAVector parameters:
     -1.000283910249
     -1.287002217587
      -1.29996974579
     -1.432550693564
     -1.442280265509
      0.114490194529
      3.262129157534
     -1.040228369581
    -0.9921229662066
     -1.188759550687
     -1.129518711069

minimum internal covariance matrix: LASymMatrix parameters:
   1.139788e-06              0  1.5148418e-07 -2.9966784e-07 -2.4884858e-07  9.2267062e-08  5.9936777e-06 -1.8515511e-07 -2.0185256e-07 -1.3090534e-07 -5.0875954e-07
              0              2              0              0              0              0              0              0              0              0              0
  1.5148418e-07              0  8.4530201e-05 -4.9800622e-07 -3.7954087e-07 -1.8725841e-07 -4.6335922e-06  2.1391078e-08  1.1905931e-08 -8.0927721e-08 -7.4177557e-07
 -2.9966784e-07              0 -4.9800622e-07  1.0506182e-06  8.2875914e-07 -8.1351489e-09 -3.0981306e-06  8.2347875e-08  7.1833442e-08  4.3858435e-08  2.9855805e-07
 -2.4884858e-07              0 -3.7954087e-07  8.2875914e-07   6.641063e-07 -7.3445747e-09 -2.5710617e-06  6.5015681e-08  5.7976243e-08  3.5080832e-08  2.3963694e-07
  9.2267062e-08              0 -1.8725841e-07 -8.1351489e-09 -7.3445747e-09   5.371456e-08  2.7033291e-06 -2.0860145e-08 -2.5879682e-08 -1.9026625e-08  3.7555277e-09
  5.9936777e-06              0 -4.6335922e-06 -3.0981306e-06 -2.5710617e-06  2.7033291e-06  0.00042928263 -2.2067005e-06   -1.98872e-06 -1.7372881e-06 -4.3704284e-06
 -1.8515511e-07              0  2.1391078e-08  8.2347875e-08  6.5015681e-08 -2.0860145e-08 -2.2067005e-06  1.5094395e-06  1.3249788e-07  9.6145486e-09  1.3286725e-07
 -2.0185256e-07              0  1.1905931e-08  7.1833442e-08  5.7976243e-08 -2.5879682e-08   -1.98872e-06  1.3249788e-07  1.4789261e-06  8.5493652e-08  9.7330328e-08
 -1.3090534e-07              0 -8.0927721e-08  4.3858435e-08  3.5080832e-08 -1.9026625e-08 -1.7372881e-06  9.6145486e-09  8.5493652e-08  1.4463257e-06  8.3410201e-08
 -5.0875954e-07              0 -7.4177557e-07  2.9855805e-07  2.3963694e-07  3.7555277e-09 -4.3704284e-06  1.3286725e-07  9.7330328e-08  8.3410201e-08  2.9146947e-06


# ext. ||   Name    ||   type  ||     Value     ||  Error +/- 

   0   ||Targeted q || limited ||      7.918782587273 ||0.02038504760756
   1   ||Nontargeted q || limited ||                   2 ||22.06548931833
   2   ||     sigma || limited ||      1.822495399482 ||0.08696151735175
   3   ||  Biomass1 || limited ||      4.770358977047 ||0.04993954848237
   4   ||  Biomass2 || limited ||      4.123414489562 ||0.03692623544146
   5   ||   vm_mean || limited ||      1.142402354083 ||0.00162808997627
   6   ||  vm_sigma || limited ||      35.19076669107 ||0.581745555849
   7   ||Recruit year 1 || limited ||      6.883322095943 ||0.02197808700707
   8   ||Recruit year 2 || limited ||      8.149738755736 ||0.02351276033086
   9   ||Recruit year 3 || limited ||      3.614278141793 ||0.01585015475258
  10   ||Recruit year 4 || limited ||      4.799184133915 ||0.02577700948343





