# Minimum negative log likelihood

Minuit did successfully converge.
# of function calls: 1280
minimum function Value: 602.5946243764
minimum edm: 6.161323791593e-05
minimum internal state vector: LAVector parameters:
     -0.818612321832
     -1.063767665618
     -1.287002217587
     -1.148914018112
     -1.410252926582
     -1.419168775962
     0.1220593222035
    -0.9434601681541
     -1.149317153611
     -1.064286717214
     -1.005911565805
     0.0853144768035
     0.1166791204209
    0.04310334243975
    0.05584617503644

minimum internal covariance matrix: LASymMatrix parameters:
    0.010273769 -0.00049122883              0 -1.5971694e-05  0.00016338634   0.0001487582  -0.0025649707   0.0010889523  0.00069613501  0.00085102983  0.00093057622  3.4603526e-05  3.0053711e-05  3.5439485e-05  3.5544752e-05
 -0.00049122883   2.745303e-05              0 -1.6253425e-07 -9.0065484e-06 -8.1469606e-06  8.6069608e-05 -5.2472617e-05 -3.3651878e-05 -4.0958834e-05 -4.6871783e-05 -1.2635178e-06 -1.0234362e-06 -1.3606366e-06 -1.5333067e-06
              0              0              2              0              0              0              0              0              0              0              0              0              0              0              0
 -1.5971694e-05 -1.6253425e-07              0  0.00022692387  2.3906322e-06   1.757933e-06  2.8115222e-05 -1.9737531e-06 -8.4710714e-07 -2.2548187e-06 -1.3299707e-06 -5.4497079e-08  6.3473973e-08 -4.4260227e-07  1.5110698e-07
  0.00016338634 -9.0065484e-06              0  2.3906322e-06  8.2564974e-06  7.0669924e-06 -3.2175277e-05  1.7429749e-05  1.1324069e-05   1.356692e-05  1.5655649e-05  5.0128992e-07  4.3297894e-07  4.3800101e-07  5.7314516e-07
   0.0001487582 -8.1469606e-06              0   1.757933e-06  7.0669924e-06  6.1051935e-06 -2.9823849e-05  1.5861282e-05  1.0287617e-05  1.2354773e-05  1.4222747e-05   4.523558e-07  3.9057867e-07  4.0588867e-07  5.1705046e-07
  -0.0025649707  8.6069608e-05              0  2.8115222e-05 -3.2175277e-05 -2.9823849e-05   0.0051454315 -0.00026850372 -0.00016115871 -0.00020796137 -0.00022111536 -2.5411269e-05 -2.7908796e-05 -2.6263154e-05 -2.4854333e-05
   0.0010889523 -5.2472617e-05              0 -1.9737531e-06  1.7429749e-05  1.5861282e-05 -0.00026850372  0.00012294739  7.3722832e-05  9.0164903e-05  9.8689723e-05  3.5423191e-06  3.1524129e-06  3.7217152e-06  3.7387491e-06
  0.00069613501 -3.3651878e-05              0 -8.4710714e-07  1.1324069e-05  1.0287617e-05 -0.00016115871  7.3722832e-05  5.4219061e-05  5.7614662e-05  6.3233883e-05  2.3100032e-06  1.7547764e-06  2.3613223e-06  2.4013516e-06
  0.00085102983 -4.0958834e-05              0 -2.2548187e-06   1.356692e-05  1.2354773e-05 -0.00020796137  9.0164903e-05  5.7614662e-05  7.7920684e-05  7.7306671e-05  2.8132259e-06   2.460047e-06  2.8333114e-06  2.9362977e-06
  0.00093057622 -4.6871783e-05              0 -1.3299707e-06  1.5655649e-05  1.4222747e-05 -0.00022111536  9.8689723e-05  6.3233883e-05  7.7306671e-05  9.8688006e-05  2.9625472e-06  2.6962736e-06  3.0680045e-06  3.4496977e-06
  3.4603526e-05 -1.2635178e-06              0 -5.4497079e-08  5.0128992e-07   4.523558e-07 -2.5411269e-05  3.5423191e-06  2.3100032e-06  2.8132259e-06  2.9625472e-06  5.8401743e-07  2.0625791e-07  1.9942595e-07  2.0781649e-07
  3.0053711e-05 -1.0234362e-06              0  6.3473973e-08  4.3297894e-07  3.9057867e-07 -2.7908796e-05  3.1524129e-06  1.7547764e-06   2.460047e-06  2.6962736e-06  2.0625791e-07    1.46483e-06  1.9690539e-07  1.9236431e-07
  3.5439485e-05 -1.3606366e-06              0 -4.4260227e-07  4.3800101e-07  4.0588867e-07 -2.6263154e-05  3.7217152e-06  2.3613223e-06  2.8333114e-06  3.0680045e-06  1.9942595e-07  1.9690539e-07  5.5752058e-07  1.9056475e-07
  3.5544752e-05 -1.5333067e-06              0  1.5110698e-07  5.7314516e-07  5.1705046e-07 -2.4854333e-05  3.7387491e-06  2.4013516e-06  2.9362977e-06  3.4496977e-06  2.0781649e-07  1.9236431e-07  1.9056475e-07  5.6615914e-07


# ext. ||   Name    ||   type  ||     Value     ||  Error +/- 

   0   ||Natural mortality || limited ||    0.02674503943525 ||0.001223173965127
   1   ||Targeted q || limited ||      6.290440357337 ||0.08995216568395
   2   ||Nontargeted q || limited ||                   2 ||22.06548931833
   3   ||     sigma || limited ||       4.38401039259 ||0.2180810480885
   4   ||  Biomass1 || limited ||      6.429717961811 ||0.1623969568125
   5   ||  Biomass2 || limited ||      5.736724850952 ||0.1319523734911
   6   ||  vm_sigma || limited ||       44.8706977167 ||2.012894444425
   7   ||Recruit year 1 || limited ||      9.529346583718 ||0.2300899424464
   8   ||Recruit year 2 || limited ||      4.385322758627 ||0.1064943007043
   9   ||Recruit year 3 || limited ||      6.287216359094 ||0.1513880269363
  10   ||Recruit year 4 || limited ||      7.776708471299 ||0.1879976538288
  11   ||Mean Rec dist 1 || limited ||     0.8521102003913 ||0.005384128873272
  12   ||Mean Rec dist 2 || limited ||      1.164145553172 ||0.008499934563499
  13   ||Mean Rec dist 3 || limited ||     0.4308999674301 ||0.005274871335672
  14   ||Mean Rec dist 4 || limited ||     0.5581715076512 ||0.005312227327839





