# Minimum negative log likelihood

Minuit did successfully converge.
# of function calls: 1292
minimum function Value: 437.5624226629
minimum edm: 2.273491362131e-05
minimum internal state vector: LAVector parameters:
     -0.578641966302
     -1.091613104646
     -1.287002217587
     -1.288202396647
     -1.353895845063
     -1.358787183747
     0.9293171626153
    -0.2600389259895
    -0.9304049542404
     -1.636459243576
      -1.21239675214
    -0.9591818981229

minimum internal covariance matrix: LASymMatrix parameters:
   0.0008996513  -0.0004286392              0 -1.7672198e-06  0.00019024958  0.00017728024  1.4303037e-05 -0.00011036657  0.00062694111 -6.2230002e-05  0.00031646307  0.00058289806
  -0.0004286392  0.00021102242              0  -9.688254e-07 -9.4238896e-05   -8.75901e-05 -4.5283578e-06  3.0694106e-05 -0.00030237133  2.9131279e-05 -0.00015288798  -0.0002825703
              0              0              2              0              0              0              0              0              0              0              0              0
 -1.7672198e-06  -9.688254e-07              0  0.00010513233  -3.318037e-07 -3.0466611e-07 -1.2216217e-06  1.3604642e-05  4.7244574e-07  4.0361811e-07 -5.5164198e-08 -4.7685769e-07
  0.00019024958 -9.4238896e-05              0  -3.318037e-07  4.4267864e-05    4.08941e-05  1.8495132e-06 -1.2555209e-05  0.00013457192 -1.2547206e-05  6.7799167e-05  0.00012587026
  0.00017728024   -8.75901e-05              0 -3.0466611e-07    4.08941e-05  3.7830196e-05  1.8070849e-06 -1.2253028e-05  0.00012524382  -1.177323e-05  6.3144613e-05   0.0001171353
  1.4303037e-05 -4.5283578e-06              0 -1.2216217e-06  1.8495132e-06  1.8070849e-06  2.6238148e-06 -2.0451126e-05  8.7621533e-06 -1.1807022e-06   4.157625e-06  9.3683581e-06
 -0.00011036657  3.0694106e-05              0  1.3604642e-05 -1.2555209e-05 -1.2253028e-05 -2.0451126e-05  0.00038162948 -6.5450313e-05  8.1900987e-06 -3.0995083e-05 -6.6877778e-05
  0.00062694111 -0.00030237133              0  4.7244574e-07  0.00013457192  0.00012524382  8.7621533e-06 -6.5450313e-05  0.00044191909 -4.2769492e-05  0.00022117582  0.00040883167
 -6.2230002e-05  2.9131279e-05              0  4.0361811e-07 -1.2547206e-05  -1.177323e-05 -1.1807022e-06  8.1900987e-06 -4.2769492e-05  9.4339198e-06 -2.1623501e-05 -3.9893074e-05
  0.00031646307 -0.00015288798              0 -5.5164198e-08  6.7799167e-05  6.3144613e-05   4.157625e-06 -3.0995083e-05  0.00022117582 -2.1623501e-05  0.00011557465  0.00020629145
  0.00058289806  -0.0002825703              0 -4.7685769e-07  0.00012587026   0.0001171353  9.3683581e-06 -6.6877778e-05  0.00040883167 -3.9893074e-05  0.00020629145  0.00039115077


# ext. ||   Name    ||   type  ||     Value     ||  Error +/- 

   0   ||Natural mortality || limited ||    0.06796687690091 ||0.002663257734368
   1   ||Targeted q || limited ||      5.631410106442 ||0.2367903358043
   2   ||Nontargeted q || limited ||                   2 ||22.06548931833
   3   ||     sigma || limited ||      1.983232067504 ||0.1010849019186
   4   ||  Biomass1 || limited ||      11.71541638765 ||0.5062296258338
   5   ||  Biomass2 || limited ||       11.1949423695 ||0.4575822807797
   6   ||   vm_mean || limited ||      2.517080258624 ||0.00215317495564
   7   ||  vm_sigma || limited ||      29.71590178374 ||0.5339426742805
   8   ||Recruit year 1 || limited ||      9.915910782085 ||0.444029313307
   9   ||Recruit year 2 || limited ||     0.1177409671162 ||0.007124680007912
  10   ||Recruit year 3 || limited ||      3.186711623869 ||0.1333117703531
  11   ||Recruit year 4 || limited ||      9.072988788605 ||0.4014441373675





