# Minimum negative log likelihood

Minuit did successfully converge.
# of function calls: 1026
minimum function Value: 677.6253708481
minimum edm: 3.812032809466e-05
minimum internal state vector: LAVector parameters:
     -0.724935085683
     -1.074580136433
     -1.287002217587
     -1.063792510963
     -1.395293559018
     -1.404856887455
    -0.6400016918103
     -1.107154052332
    -0.9589605569552
     -1.025764519171
     -1.394985365084
    0.07232454209449
    0.08484662685664
     0.0759732567094
    0.02800667658686

minimum internal covariance matrix: LASymMatrix parameters:
    0.037704912  -0.0018904314              0  9.2407631e-06  0.00071021745  0.00064967581  -0.0042129287   0.0032707862   0.0043647475    0.003874651   0.0010798754  0.00023032363   0.0002332091  0.00024215717  0.00024241853
  -0.0018904314   0.0001060208              0   5.306058e-06  -3.796643e-05 -3.4793982e-05  0.00016257028  -0.0001662824 -0.00022051118 -0.00019561908 -5.5505098e-05 -9.1840576e-06  -9.647069e-06 -1.0266204e-05 -1.2982737e-05
              0              0              2              0              0              0              0              0              0              0              0              0              0              0              0
  9.2407631e-06   5.306058e-06              0  0.00038933704   7.292452e-06   5.657741e-06 -4.5224224e-05  7.2838495e-06 -5.4282056e-06 -1.0227611e-06 -1.4803867e-06 -3.3972089e-08  3.5066334e-06  2.2231087e-06  1.7084304e-06
  0.00071021745  -3.796643e-05              0   7.292452e-06   2.881855e-05  2.5034672e-05 -7.2894973e-05  6.2625384e-05  8.3115175e-05  7.3134183e-05  1.8842875e-05  3.9190338e-06  4.4292528e-06  4.0953351e-06  6.4073734e-06
  0.00064967581 -3.4793982e-05              0   5.657741e-06  2.5034672e-05  2.1913856e-05 -6.6343123e-05   5.712567e-05  7.6014767e-05  6.6894161e-05  1.7537614e-05  3.6268405e-06  3.9989927e-06   3.804881e-06  5.8475828e-06
  -0.0042129287  0.00016257028              0 -4.5224224e-05 -7.2894973e-05 -6.6343123e-05   0.0017358366 -0.00035575698  -0.0004731998 -0.00042022929 -0.00013319839 -5.3416621e-05 -5.5852636e-05 -5.4636567e-05  -2.202524e-05
   0.0032707862  -0.0001662824              0  7.2838495e-06  6.2625384e-05   5.712567e-05 -0.00035575698  0.00030213735  0.00037750604  0.00033595542  9.5235275e-05  1.8233515e-05   2.018751e-05  2.0193718e-05  2.0735422e-05
   0.0043647475 -0.00022051118              0 -5.4282056e-06  8.3115175e-05  7.6014767e-05  -0.0004731998  0.00037750604   0.0005244608  0.00044962377  0.00012311288  2.6610699e-05  2.6011623e-05   2.765468e-05  2.9294616e-05
    0.003874651 -0.00019561908              0 -1.0227611e-06  7.3134183e-05  6.6894161e-05 -0.00042022929  0.00033595542  0.00044962377  0.00041485954  0.00010916582  2.3185972e-05   2.343225e-05  2.4002079e-05  2.6123616e-05
   0.0010798754 -5.5505098e-05              0 -1.4803867e-06  1.8842875e-05  1.7537614e-05 -0.00013319839  9.5235275e-05  0.00012311288  0.00010916582  6.1082553e-05  6.4303052e-06  6.9548491e-06  7.3428302e-06  6.5351475e-06
  0.00023032363 -9.1840576e-06              0 -3.3972089e-08  3.9190338e-06  3.6268405e-06 -5.3416621e-05  1.8233515e-05  2.6610699e-05  2.3185972e-05  6.4303052e-06  4.6454203e-06  2.2134929e-06  2.3691157e-06  6.7559245e-07
   0.0002332091  -9.647069e-06              0  3.5066334e-06  4.4292528e-06  3.9989927e-06 -5.5852636e-05   2.018751e-05  2.6011623e-05   2.343225e-05  6.9548491e-06  2.2134929e-06  3.5607885e-06  2.2671087e-06  1.1264277e-06
  0.00024215717 -1.0266204e-05              0  2.2231087e-06  4.0953351e-06   3.804881e-06 -5.4636567e-05  2.0193718e-05   2.765468e-05  2.4002079e-05  7.3428302e-06  2.3691157e-06  2.2671087e-06  3.9288056e-06   1.400295e-06
  0.00024241853 -1.2982737e-05              0  1.7084304e-06  6.4073734e-06  5.8475828e-06  -2.202524e-05  2.0735422e-05  2.9294616e-05  2.6123616e-05  6.5351475e-06  6.7559245e-07  1.1264277e-06   1.400295e-06  2.3099964e-05


# ext. ||   Name    ||   type  ||     Value     ||  Error +/- 

   0   ||Natural mortality || limited ||    0.02842282867656 ||0.002561385661126
   1   ||Targeted q || limited ||      6.030483486314 ||0.1733190400435
   2   ||Nontargeted q || limited ||                   2 ||22.06548931833
   3   ||     sigma || limited ||      6.289837148355 ||0.3387246629928
   4   ||  Biomass1 || limited ||      7.680560754998 ||0.3313921653276
   5   ||  Biomass2 || limited ||      6.868192506147 ||0.2733809720427
   6   ||  vm_sigma || limited ||      16.11292666418 ||0.9450544672003
   7   ||Recruit year 1 || limited ||      5.287993314624 ||0.2747977769645
   8   ||Recruit year 2 || limited ||      9.079343749754 ||0.4649880054302
   9   ||Recruit year 3 || limited ||      7.253735518982 ||0.3732931640741
  10   ||Recruit year 4 || limited ||     0.7806719210885 ||0.04832527001165
  11   ||Mean Rec dist 1 || limited ||     0.7226150557284 ||0.01520059146787
  12   ||Mean Rec dist 2 || limited ||     0.8474486238808 ||0.01329513803704
  13   ||Mean Rec dist 3 || limited ||     0.7590019233951 ||0.01397528139845
  14   ||Mean Rec dist 4 || limited ||     0.2800301544594 ||0.03397187113378





