# Minimum negative log likelihood

Minuit did successfully converge.
# of function calls: 1537
minimum function Value: 579.7500330535
minimum edm: 3.811656787659e-06
minimum internal state vector: LAVector parameters:
     0.3057841512754
     -1.094694435074
     -1.287002217587
     -1.171734710765
     -1.432303233312
     -1.441018760947
    -0.9558869651689
     -1.008785330099
     -1.022888822966
     -1.122472471372
     -1.097162652918
     0.1095576260987
    0.06399145451991
     0.1042870028033
    0.03760427573989

minimum internal covariance matrix: LASymMatrix parameters:
    0.019086769  -0.0012075601              0  0.00012337048  0.00036424263  0.00033251804  -0.0011480152   0.0024421493   0.0024210884    0.001963398   0.0019483077  0.00016560357  0.00018357574  0.00016714425  0.00016716138
  -0.0012075601  8.5167292e-05              0 -8.5714976e-06 -2.6149754e-05 -2.3783966e-05  6.1048995e-05 -0.00015797604 -0.00015687059 -0.00012774282     -0.0001283 -9.0540478e-06 -1.0418742e-05  -9.442987e-06 -1.0015995e-05
              0              0              2              0              0              0              0              0              0              0              0              0              0              0              0
  0.00012337048 -8.5714976e-06              0  0.00024397558  2.3909816e-06  1.8900226e-06 -1.1699946e-05  1.5514234e-05  1.8939156e-05  1.3646637e-05  2.2329837e-05  1.1223511e-06  2.0537557e-06  1.4350444e-06  3.1031978e-06
  0.00036424263 -2.6149754e-05              0  2.3909816e-06  1.5388022e-05  1.3289682e-05 -1.8777403e-05  4.7651835e-05  4.7904253e-05   3.841019e-05  3.9760139e-05  2.5706751e-06  3.0820191e-06  2.7639973e-06  3.3909436e-06
  0.00033251804 -2.3783966e-05              0  1.8900226e-06  1.3289682e-05  1.1570795e-05 -1.7093298e-05   4.340981e-05  4.3642051e-05  3.5042641e-05  3.6145002e-05  2.3863088e-06  2.8175564e-06  2.5312567e-06  3.0721591e-06
  -0.0011480152  6.1048995e-05              0 -1.1699946e-05 -1.8777403e-05 -1.7093298e-05  0.00016970189  -0.0001395996 -0.00013806183 -0.00010955831 -0.00011594345 -1.5873568e-05 -1.6057791e-05 -1.5410874e-05 -1.4819388e-05
   0.0024421493 -0.00015797604              0  1.5514234e-05  4.7651835e-05   4.340981e-05  -0.0001395996  0.00032661934  0.00030927732  0.00025082629  0.00024891611  2.0047646e-05  2.3094773e-05  2.0969142e-05  2.1150003e-05
   0.0024210884 -0.00015687059              0  1.8939156e-05  4.7904253e-05  4.3642051e-05 -0.00013806183  0.00030927732  0.00031956311  0.00025235308  0.00024938944  2.0160205e-05  2.2536436e-05  2.0450129e-05   2.095705e-05
    0.001963398 -0.00012774282              0  1.3646637e-05   3.841019e-05  3.5042641e-05 -0.00010955831  0.00025082629  0.00025235308  0.00021583145  0.00019988817  1.6057137e-05   1.814593e-05  1.5597261e-05  1.6665156e-05
   0.0019483077     -0.0001283              0  2.2329837e-05  3.9760139e-05  3.6145002e-05 -0.00011594345  0.00024891611  0.00024938944  0.00019988817   0.0002228789  1.6642938e-05  1.8820509e-05  1.6882805e-05  1.8137951e-05
  0.00016560357 -9.0540478e-06              0  1.1223511e-06  2.5706751e-06  2.3863088e-06 -1.5873568e-05  2.0047646e-05  2.0160205e-05  1.6057137e-05  1.6642938e-05   3.148983e-06  1.8744116e-06  1.8323846e-06  1.7131302e-06
  0.00018357574 -1.0418742e-05              0  2.0537557e-06  3.0820191e-06  2.8175564e-06 -1.6057791e-05  2.3094773e-05  2.2536436e-05   1.814593e-05  1.8820509e-05  1.8744116e-06   3.007349e-06  1.8207657e-06  1.8495699e-06
  0.00016714425  -9.442987e-06              0  1.4350444e-06  2.7639973e-06  2.5312567e-06 -1.5410874e-05  2.0969142e-05  2.0450129e-05  1.5597261e-05  1.6882805e-05  1.8323846e-06  1.8207657e-06  3.7990537e-06  1.7654523e-06
  0.00016716138 -1.0015995e-05              0  3.1031978e-06  3.3909436e-06  3.0721591e-06 -1.4819388e-05  2.1150003e-05   2.095705e-05  1.6665156e-05  1.8137951e-05  1.7131302e-06  1.8495699e-06  1.7654523e-06  2.9082486e-06


# ext. ||   Name    ||   type  ||     Value     ||  Error +/- 

   0   ||Natural mortality || limited ||    0.05252602607782 ||0.002325260243683
   1   ||Targeted q || limited ||       5.56058777989 ||0.1495392946316
   2   ||Nontargeted q || limited ||                   2 ||22.06548931833
   3   ||     sigma || limited ||       3.92869938237 ||0.2145707842757
   4   ||  Biomass1 || limited ||      4.787424856416 ||0.1914629539986
   5   ||  Biomass2 || limited ||      4.204647877313 ||0.1556381426714
   6   ||  vm_sigma || limited ||      7.327878887748 ||0.2125522111122
   7   ||Recruit year 1 || limited ||      7.699971683433 ||0.3404531985437
   8   ||Recruit year 2 || limited ||      7.328449287831 ||0.3291808064477
   9   ||Recruit year 3 || limited ||      4.950760762137 ||0.2251157044855
  10   ||Recruit year 4 || limited ||      5.513611343335 ||0.2407242912206
  11   ||Mean Rec dist 1 || limited ||      1.093385898732 ||0.01247264110917
  12   ||Mean Rec dist 2 || limited ||     0.6394779029306 ||0.01223733932302
  13   ||Mean Rec dist 3 || limited ||      1.040980718394 ||0.0137074491617
  14   ||Mean Rec dist 4 || limited ||     0.3759541378105 ||0.01205017973377





