# Minimum negative log likelihood

Minuit did successfully converge.
# of function calls: 393
minimum function Value: 178.2432815908
minimum edm: 1.692625119385e-06
minimum internal state vector: LAVector parameters:
     -1.092839838157
     -1.287002217587
    -0.9299993641287
     -1.507092921612
     -1.511056445273
    0.05737433801097
      1.650931226007
     -1.100272110644
     -1.004570463277
    -0.9332339196635
     -1.047462246134

minimum internal covariance matrix: LASymMatrix parameters:
  2.8945277e-05              0  7.3960696e-06 -5.6947189e-06 -3.9083276e-06  7.8553284e-07 -0.00014385218 -5.0677274e-06 -5.6100791e-06 -6.1304876e-06 -7.5026181e-06
              0              2              0              0              0              0              0              0              0              0              0
  7.3960696e-06              0   0.0022041567  1.5994956e-05  9.2825123e-06  1.3501255e-07  0.00054216471  2.4554071e-06  1.2560253e-06  8.0236149e-07  -8.584901e-07
 -5.6947189e-06              0  1.5994956e-05    9.51269e-05  4.9945695e-05 -1.3984682e-07  9.3243722e-05  4.3663889e-06  1.4514843e-06  1.5899833e-06  1.2332368e-06
 -3.9083276e-06              0  9.2825123e-06  4.9945695e-05  2.9307456e-05 -9.2732731e-08  4.6030374e-05   1.635752e-06  9.6962165e-07  9.8635474e-07  6.6081276e-07
  7.8553284e-07              0  1.3501255e-07 -1.3984682e-07 -9.2732731e-08  1.3603606e-07  1.9173289e-05   -1.86118e-07 -1.2619643e-07 -1.9453512e-07 -1.5075951e-07
 -0.00014385218              0  0.00054216471  9.3243722e-05  4.6030374e-05  1.9173289e-05     0.18809155  3.3649899e-05  1.5602861e-05  2.7736561e-05  2.9223347e-05
 -5.0677274e-06              0  2.4554071e-06  4.3663889e-06   1.635752e-06   -1.86118e-07  3.3649899e-05  5.4053977e-05 -2.5487612e-07 -5.5721098e-07 -8.0324391e-07
 -5.6100791e-06              0  1.2560253e-06  1.4514843e-06  9.6962165e-07 -1.2619643e-07  1.5602861e-05 -2.5487612e-07  5.5407666e-05 -6.0096595e-07 -6.8468304e-07
 -6.1304876e-06              0  8.0236149e-07  1.5899833e-06  9.8635474e-07 -1.9453512e-07  2.7736561e-05 -5.5721098e-07 -6.0096595e-07  5.6349735e-05 -8.3963018e-07
 -7.5026181e-06              0  -8.584901e-07  1.2332368e-06  6.6081276e-07 -1.5075951e-07  2.9223347e-05 -8.0324391e-07 -6.8468304e-07 -8.3963018e-07   6.026065e-05


# ext. ||   Name    ||   type  ||     Value     ||  Error +/- 

   0   ||Targeted q || limited ||      5.603163945152 ||0.08749197021127
   1   ||Nontargeted q || limited ||                   2 ||22.06548931833
   2   ||     sigma || limited ||      9.919021963094 ||0.9921502254443
   3   ||  Biomass1 || limited ||      1.014187913355 ||0.2195189955114
   4   ||  Biomass2 || limited ||     0.8919480444006 ||0.114274416182
   5   ||   vm_mean || limited ||     0.5734286557698 ||0.002603735253857
   6   ||  vm_sigma || limited ||      79.87163827669 ||1.860208505501
   7   ||Recruit year 1 || limited ||      5.442918883867 ||0.1178312568598
   8   ||Recruit year 2 || limited ||      7.812638694461 ||0.1411641325643
   9   ||Recruit year 3 || limited ||      9.831563104318 ||0.1579597640323
  10   ||Recruit year 4 || limited ||      6.701444742953 ||0.1371504178791





