# Minimum negative log likelihood

Minuit did successfully converge.
# of function calls: 984
minimum function Value: 525.5186848988
minimum edm: 4.686384727595e-05
minimum internal state vector: LAVector parameters:
      0.544158247078
     -1.310933135669
     -1.287002217587
     -1.221056995073
      -1.42784112171
     -1.432792351571
    0.02023300222427
    -0.2158976834687
     -1.175248077103
     -1.077813917082
    -0.9647878787458
     -1.433807408116

minimum internal covariance matrix: LASymMatrix parameters:
    0.030050365  -0.0039570969              0 -0.00017928845   0.0022054759   0.0021260131 -4.8372794e-07 -0.00052719631   0.0063597919   0.0074475516   0.0096110685   0.0022781152
  -0.0039570969  0.00053903105              0  2.3591074e-05 -0.00030030607 -0.00028934199   5.059171e-06 -4.8387424e-05 -0.00085669156   -0.001002671  -0.0012944187 -0.00030289033
              0              0              2              0              0              0              0              0              0              0              0              0
 -0.00017928845  2.3591074e-05              0  0.00014697613 -1.5719093e-05 -1.4843733e-05  1.0999954e-06  1.3357102e-05 -3.7602705e-05  -4.328528e-05 -5.5542819e-05 -1.4307465e-05
   0.0022054759 -0.00030030607              0 -1.5719093e-05  0.00017476709  0.00016747542 -2.8961074e-06  1.7285211e-05  0.00047921138  0.00055896311  0.00072193144  0.00016926991
   0.0021260131 -0.00028934199              0 -1.4843733e-05  0.00016747542  0.00016064059 -2.6836131e-06  1.8288871e-05  0.00046142261  0.00053865407  0.00069565003  0.00016308042
 -4.8372794e-07   5.059171e-06              0  1.0999954e-06 -2.8961074e-06 -2.6836131e-06  6.0260021e-06  -5.964882e-05 -5.4452191e-06 -6.0498237e-06 -7.8507982e-06 -1.1359157e-06
 -0.00052719631 -4.8387424e-05              0  1.3357102e-05  1.7285211e-05  1.8288871e-05  -5.964882e-05   0.0058263923  3.6914053e-06  1.1876471e-05  1.3972666e-05 -1.0217804e-05
   0.0063597919 -0.00085669156              0 -3.7602705e-05  0.00047921138  0.00046142261 -5.4452191e-06  3.6914053e-06    0.001375678   0.0016002312   0.0020660761  0.00048566317
   0.0074475516   -0.001002671              0  -4.328528e-05  0.00055896311  0.00053865407 -6.0498237e-06  1.1876471e-05   0.0016002312   0.0018802793   0.0024187076  0.00056790992
   0.0096110685  -0.0012944187              0 -5.5542819e-05  0.00072193144  0.00069565003 -7.8507982e-06  1.3972666e-05   0.0020660761   0.0024187076   0.0031286261  0.00073232189
   0.0022781152 -0.00030289033              0 -1.4307465e-05  0.00016926991  0.00016308042 -1.1359157e-06 -1.0217804e-05  0.00048566317  0.00056790992  0.00073232189  0.00018819791


# ext. ||   Name    ||   type  ||     Value     ||  Error +/- 

   0   ||Natural mortality || limited ||     0.0579424525258 ||0.002615254525755
   1   ||Targeted q || limited ||      1.678743000423 ||0.210905644335
   2   ||Nontargeted q || limited ||                   2 ||22.06548931833
   3   ||     sigma || limited ||       3.02689682435 ||0.1468681236958
   4   ||  Biomass1 || limited ||      5.100352800766 ||0.6658834922693
   5   ||  Biomass2 || limited ||      4.753722512351 ||0.6164374621741
   6   ||   vm_mean || limited ||    0.06355951433458 ||0.005452057113013
   7   ||  vm_sigma || limited ||      31.43163280098 ||2.107789767873
   8   ||Recruit year 1 || limited ||      3.870341192946 ||0.5051672071922
   9   ||Recruit year 2 || limited ||      5.963137756642 ||0.7253542532833
  10   ||Recruit year 3 || limited ||      8.912704015837 ||1.12600020609
  11   ||Recruit year 4 || limited ||     0.4783690436291 ||0.06622750922027





