# Minimum negative log likelihood

Minuit did successfully converge.
# of function calls: 570
minimum function Value: 703.1554190674
minimum edm: 3.444482032722e-05
minimum internal state vector: LAVector parameters:
     0.2394476248837
     -1.204993397124
     -1.287002217587
     -1.030938177021
     -1.428206680759
     -1.432841915588
      0.436504141879
     0.1940239990446
     -0.956911160651
    -0.9622566168958
     -1.326801676612
     -1.239752334636

minimum internal covariance matrix: LASymMatrix parameters:
     0.19875738      -0.022982              0 -1.7489771e-05   0.0093770048    0.008950243  0.00053276883  -0.0071250493    0.041324566    0.040624335    0.015499812    0.020355165
      -0.022982   0.0026901587              0  2.5441191e-06  -0.0010986755  -0.0010481582 -5.3640751e-05  0.00052404524  -0.0048048109  -0.0047218654  -0.0017981296   -0.002372263
              0              0              2              0              0              0              0              0              0              0              0              0
 -1.7489771e-05  2.5441191e-06              0  0.00037163257 -3.8724932e-06 -3.4100336e-06  2.7458695e-07 -1.1309762e-06 -3.6290344e-06 -3.8035848e-06 -7.0569148e-07 -1.1427828e-06
   0.0093770048  -0.0010986755              0 -3.8724932e-06  0.00047729089  0.00045240147  2.1576624e-05 -0.00024163559   0.0019626838   0.0019283375  0.00073378822  0.00096916447
    0.008950243  -0.0010481582              0 -3.4100336e-06  0.00045240147  0.00042922431  2.0726586e-05 -0.00022718882   0.0018727998   0.0018402023  0.00070033822  0.00092471897
  0.00053276883 -5.3640751e-05              0  2.7458695e-07  2.1576624e-05  2.0726586e-05  1.4006026e-05 -0.00038859823  0.00010415012   0.0001027325  3.9680922e-05  5.1453567e-05
  -0.0071250493  0.00052404524              0 -1.1309762e-06 -0.00024163559 -0.00022718882 -0.00038859823     0.03540919  -0.0012384796  -0.0012231472 -0.00050123464 -0.00060660879
    0.041324566  -0.0048048109              0 -3.6290344e-06   0.0019626838   0.0018727998  0.00010415012  -0.0012384796   0.0086459488   0.0084704489    0.003226933   0.0042468735
    0.040624335  -0.0047218654              0 -3.8035848e-06   0.0019283375   0.0018402023   0.0001027325  -0.0012231472   0.0084704489   0.0083562323   0.0031719356   0.0041745648
    0.015499812  -0.0017981296              0 -7.0569148e-07  0.00073378822  0.00070033822  3.9680922e-05 -0.00050123464    0.003226933   0.0031719356   0.0012414018   0.0015910939
    0.020355165   -0.002372263              0 -1.1427828e-06  0.00096916447  0.00092471897  5.1453567e-05 -0.00060660879   0.0042468735   0.0041745648   0.0015910939   0.0021338215


# ext. ||   Name    ||   type  ||     Value     ||  Error +/- 

   0   ||Natural mortality || limited ||     0.0509291511816 ||0.007530059345632
   1   ||Targeted q || limited ||      3.308157254846 ||0.6557896867245
   2   ||Nontargeted q || limited ||                   2 ||22.06548931833
   3   ||     sigma || limited ||      7.110919847935 ||0.3503270419212
   4   ||  Biomass1 || limited ||      5.074345490729 ||1.097601345013
   5   ||  Biomass2 || limited ||      4.750313950391 ||1.007253545464
   6   ||   vm_mean || limited ||      1.328183646515 ||0.007534123659911
   7   ||  vm_sigma || limited ||      47.71276117004 ||5.207016071491
   8   ||Recruit year 1 || limited ||      9.138279475934 ||1.89218380558
   9   ||Recruit year 2 || limited ||      8.984917603413 ||1.846119068113
  10   ||Recruit year 3 || limited ||      1.490817472657 ||0.3008745046181
  11   ||Recruit year 4 || limited ||       2.72455203494 ||0.5306858669291





