# Minimum negative log likelihood

Minuit did successfully converge.
# of function calls: 1396
minimum function Value: 388.6992602079
minimum edm: 1.356122336445e-05
minimum internal state vector: LAVector parameters:
     -0.758458576526
     -0.987620210437
     -1.287002217587
     -1.319701290143
     -1.562098650698
     -1.562022186786
    -0.6243211416214
    -0.4888220289713
     -1.246860061244
    -0.9491093352265
     -1.206519413123
     -1.116062224995

minimum internal covariance matrix: LASymMatrix parameters:
    0.009903566 -0.00058002174              0 -7.3917285e-06  1.0135472e-05  9.3856529e-06 -5.5136833e-06  4.2723608e-05  0.00029328855  0.00058870651  0.00040330156  0.00047833694
 -0.00058002174  3.5089923e-05              0  2.3869592e-07 -5.3905422e-07  -5.679712e-07  9.0808023e-07 -8.7004314e-06 -1.7181647e-05 -3.4463159e-05 -2.3608004e-05  -2.801542e-05
              0              0              2              0              0              0              0              0              0              0              0              0
 -7.3917285e-06  2.3869592e-07              0  8.5966398e-05 -1.2604226e-06 -5.7590225e-07  2.5660923e-07  5.5758521e-06  5.2567585e-07 -1.7102721e-07 -6.1459881e-07 -9.7194238e-07
  1.0135472e-05 -5.3905422e-07              0 -1.2604226e-06  2.6618284e-06  1.4047379e-06 -7.9847921e-08 -2.5126078e-06  6.2111607e-07  6.0081341e-07  4.1681765e-07  5.9002995e-07
  9.3856529e-06  -5.679712e-07              0 -5.7590225e-07  1.4047379e-06  8.9952185e-07 -7.2763165e-08 -3.1207281e-07  3.9056707e-07  5.5138707e-07  3.9045199e-07  5.2258544e-07
 -5.5136833e-06  9.0808023e-07              0  2.5660923e-07 -7.9847921e-08 -7.2763165e-08  8.0692481e-07 -6.5235521e-06    -1.2529e-07 -3.4009828e-07  -2.306493e-07 -3.3620691e-07
  4.2723608e-05 -8.7004314e-06              0  5.5758521e-06 -2.5126078e-06 -3.1207281e-07 -6.5235521e-06  0.00012591664  1.6212964e-06  2.2688001e-06   2.296936e-06  2.3862181e-06
  0.00029328855 -1.7181647e-05              0  5.2567585e-07  6.2111607e-07  3.9056707e-07    -1.2529e-07  1.6212964e-06  9.8959717e-06  1.7359529e-05  1.2024609e-05  1.4047156e-05
  0.00058870651 -3.4463159e-05              0 -1.7102721e-07  6.0081341e-07  5.5138707e-07 -3.4009828e-07  2.2688001e-06  1.7359529e-05   3.606665e-05  2.3910024e-05   2.842064e-05
  0.00040330156 -2.3608004e-05              0 -6.1459881e-07  4.1681765e-07  3.9045199e-07  -2.306493e-07   2.296936e-06  1.2024609e-05  2.3910024e-05  1.7419408e-05  1.9494194e-05
  0.00047833694  -2.801542e-05              0 -9.7194238e-07  5.9002995e-07  5.2258544e-07 -3.3620691e-07  2.3862181e-06  1.4047156e-05   2.842064e-05  1.9494194e-05  2.4136992e-05


# ext. ||   Name    ||   type  ||     Value     ||  Error +/- 

   0   ||Natural mortality || limited ||    0.02780491630306 ||0.001275960917161
   1   ||Targeted q || limited ||      8.264107697172 ||0.1153300727812
   2   ||Nontargeted q || limited ||                   2 ||22.06548931833
   3   ||     sigma || limited ||      1.567953777613 ||0.08144813432861
   4   ||  Biomass1 || limited ||    0.01891227314382 ||0.00501698372149
   5   ||  Biomass2 || limited ||    0.01924625974925 ||0.002942116193005
   6   ||   vm_mean || limited ||     -1.836407332684 ||0.001619067825844
   7   ||  vm_sigma || limited ||       21.2172868194 ||0.2802086351813
   8   ||Recruit year 1 || limited ||      2.610247451338 ||0.03539792756121
   9   ||Recruit year 2 || limited ||      9.364209606183 ||0.1236488305032
  10   ||Recruit year 3 || limited ||      3.290590803521 ||0.05256679021918
  11   ||Recruit year 4 || limited ||      5.090599456187 ||0.076284761636





