# Minimum negative log likelihood

Minuit did successfully converge.
# of function calls: 1234
minimum function Value: 555.6828240508
minimum edm: 5.032189288577e-06
minimum internal state vector: LAVector parameters:
    0.04739331614985
     -1.024567376026
     -1.287002217587
     -1.194435516257
     -1.487423498602
     -1.493037457408
    -0.4988067549074
     -1.102350467393
     -1.038740231777
    -0.9642037185052
    -0.9751522951136
     0.0317053416089
    0.02923241119934
    0.04804284979695
     0.1053157869232

minimum internal covariance matrix: LASymMatrix parameters:
   0.0044233267 -0.00036849398              0  9.4558471e-05  6.6608164e-05  5.8481407e-05 -0.00053999984  0.00043795873  0.00048417492  0.00059693482  0.00061473716   2.002487e-05  2.2133263e-05  2.1448063e-05  2.4375179e-05
 -0.00036849398  3.7898478e-05              0 -7.5316892e-06 -6.8242369e-06 -6.0315474e-06   2.951976e-05   -3.82713e-05 -4.1287145e-05 -5.2006559e-05 -5.6612145e-05 -1.1249021e-06 -1.2966274e-06 -1.2431143e-06 -1.7455213e-06
              0              0              2              0              0              0              0              0              0              0              0              0              0              0              0
  9.4558471e-05 -7.5316892e-06              0  0.00021312993  3.8882333e-06  3.0529594e-06 -1.6512656e-05  9.6253236e-06  8.3546864e-06  1.3886293e-05  1.3980032e-05  1.0351923e-06   9.772893e-07  6.6624323e-07  6.0496093e-07
  6.6608164e-05 -6.8242369e-06              0  3.8882333e-06  5.0887372e-06  4.1272532e-06 -8.2675073e-06  7.1573309e-06  7.5993686e-06  9.5859691e-06  9.8743683e-06  2.3007307e-07  3.3383695e-07  2.6175971e-07  4.1981751e-07
  5.8481407e-05 -6.0315474e-06              0  3.0529594e-06  4.1272532e-06  3.4005802e-06 -6.9406188e-06  6.2444963e-06  6.6746337e-06  8.3758505e-06  8.7216427e-06  2.0170045e-07  2.8647203e-07   2.283439e-07  3.6137905e-07
 -0.00053999984   2.951976e-05              0 -1.6512656e-05 -8.2675073e-06 -6.9406188e-06  0.00038710444 -4.8530441e-05 -6.1216201e-05 -6.3979965e-05 -6.5906164e-05 -6.7874435e-06  -7.885524e-06 -7.4490379e-06 -8.6868343e-06
  0.00043795873   -3.82713e-05              0  9.6253236e-06  7.1573309e-06  6.2444963e-06 -4.8530441e-05  5.1009921e-05  4.7967541e-05  6.0951727e-05  6.1675252e-05  1.8079446e-06  2.0152239e-06  1.9307081e-06  2.4180774e-06
  0.00048417492 -4.1287145e-05              0  8.3546864e-06  7.5993686e-06  6.6746337e-06 -6.1216201e-05  4.7967541e-05   6.056298e-05  6.5036089e-05  6.7245874e-05  2.0951996e-06  2.4840019e-06  2.3528711e-06  2.8977329e-06
  0.00059693482 -5.2006559e-05              0  1.3886293e-05  9.5859691e-06  8.3758505e-06 -6.3979965e-05  6.0951727e-05  6.5036089e-05  8.9926171e-05  8.3959881e-05  2.4301631e-06  2.6862024e-06   2.570701e-06   3.163844e-06
  0.00061473716 -5.6612145e-05              0  1.3980032e-05  9.8743683e-06  8.7216427e-06 -6.5906164e-05  6.1675252e-05  6.7245874e-05  8.3959881e-05   0.0001053069  2.6216961e-06  2.4929789e-06  2.7413139e-06  3.7325707e-06
   2.002487e-05 -1.1249021e-06              0  1.0351923e-06  2.3007307e-07  2.0170045e-07 -6.7874435e-06  1.8079446e-06  2.0951996e-06  2.4301631e-06  2.6216961e-06  4.7251908e-07  1.8635892e-07  1.9142349e-07   2.039941e-07
  2.2133263e-05 -1.2966274e-06              0   9.772893e-07  3.3383695e-07  2.8647203e-07  -7.885524e-06  2.0152239e-06  2.4840019e-06  2.6862024e-06  2.4929789e-06  1.8635892e-07  4.6154257e-07  2.0398985e-07  2.1973611e-07
  2.1448063e-05 -1.2431143e-06              0  6.6624323e-07  2.6175971e-07   2.283439e-07 -7.4490379e-06  1.9307081e-06  2.3528711e-06   2.570701e-06  2.7413139e-06  1.9142349e-07  2.0398985e-07  4.0580844e-07  2.1771797e-07
  2.4375179e-05 -1.7455213e-06              0  6.0496093e-07  4.1981751e-07  3.6137905e-07 -8.6868343e-06  2.4180774e-06  2.8977329e-06   3.163844e-06  3.7325707e-06   2.039941e-07  2.1973611e-07  2.1771797e-07  7.4189445e-07


# ext. ||   Name    ||   type  ||     Value     ||  Error +/- 

   0   ||Natural mortality || limited ||    0.04618438940614 ||0.001173955126946
   1   ||Targeted q || limited ||      7.275523256398 ||0.1130638655097
   2   ||Nontargeted q || limited ||                   2 ||22.06548931833
   3   ||     sigma || limited ||      3.499583350521 ||0.1897021575209
   4   ||  Biomass1 || limited ||      1.736750753505 ||0.06641728499104
   5   ||  Biomass2 || limited ||       1.51084894019 ||0.05064581748243
   6   ||  vm_sigma || limited ||      20.86561813076 ||0.4886639678048
   7   ||Recruit year 1 || limited ||      5.395908347882 ||0.113997393856
   8   ||Recruit year 2 || limited ||      6.921017684428 ||0.139567161026
   9   ||Recruit year 3 || limited ||       8.92934599018 ||0.1911087325695
  10   ||Recruit year 4 || limited ||      8.619771850679 ||0.2035314622379
  11   ||Mean Rec dist 1 || limited ||     0.3170003002272 ||0.004858210642738
  12   ||Mean Rec dist 2 || limited ||     0.2922824802967 ||0.004801813428297
  13   ||Mean Rec dist 3 || limited ||     0.4802437052264 ||0.004499291485832
  14   ||Mean Rec dist 4 || limited ||      1.051212113445 ||0.006056798165816





