# Minimum negative log likelihood

Minuit did successfully converge.
# of function calls: 1513
minimum function Value: 492.8047883287
minimum edm: 6.564546207725e-06
minimum internal state vector: LAVector parameters:
      -1.14407203844
     -1.342196047661
     -1.287002217587
     -1.247742732149
     -1.434860404131
       -1.4356684196
    -0.1839383884259
      -1.13948394202
     -1.711653988466
     -1.038955119765
     -1.267139213417
     -1.165563329441

minimum internal covariance matrix: LASymMatrix parameters:
   0.0019708418 -0.00099416057              0 -8.3684253e-06  0.00058729237  0.00058330346 -3.6285912e-05  0.00014582145 -0.00058445896   0.0023683795  0.00084997736   0.0016062161
 -0.00099416057  0.00053713632              0  1.7395399e-06 -0.00031738225 -0.00031497663  4.5092193e-05 -0.00014364315  0.00030303415   -0.001243301 -0.00041708043 -0.00083795673
              0              0              2              0              0              0              0              0              0              0              0              0
 -8.3684253e-06  1.7395399e-06              0  0.00012676988 -9.5566742e-07 -9.5790678e-07 -1.9105418e-06  3.0692537e-06  1.2523185e-06 -7.7732804e-06 -4.1008102e-06 -3.9624683e-06
  0.00058729237 -0.00031738225              0 -9.5566742e-07   0.0001953696    0.000192903 -2.7555866e-05    8.79636e-05  -0.0001931325  0.00073453823  0.00024646974  0.00049460751
  0.00058330346 -0.00031497663              0 -9.5790678e-07    0.000192903  0.00019061828  -2.697305e-05  8.6293917e-05 -0.00018912634  0.00072925019  0.00024484506  0.00049112196
 -3.6285912e-05  4.5092193e-05              0 -1.9105418e-06 -2.7555866e-05  -2.697305e-05  4.3021378e-05 -7.2463438e-05  1.9140327e-05 -7.7391762e-05 -1.0530203e-05 -4.9171558e-05
  0.00014582145 -0.00014364315              0  3.0692537e-06    8.79636e-05  8.6293917e-05 -7.2463438e-05  0.00030486188  -7.571806e-05  0.00026660649  4.4487169e-05  0.00016779797
 -0.00058445896  0.00030303415              0  1.2523185e-06  -0.0001931325 -0.00018912634  1.9140327e-05  -7.571806e-05   0.0002339936  -0.0007112662  -0.0002506169 -0.00048119735
   0.0023683795   -0.001243301              0 -7.7732804e-06  0.00073453823  0.00072925019 -7.7391762e-05  0.00026660649  -0.0007112662   0.0029160993   0.0010032483   0.0019684384
  0.00084997736 -0.00041708043              0 -4.1008102e-06  0.00024646974  0.00024484506 -1.0530203e-05  4.4487169e-05  -0.0002506169   0.0010032483  0.00037771162  0.00068211599
   0.0016062161 -0.00083795673              0 -3.9624683e-06  0.00049460751  0.00049112196 -4.9171558e-05  0.00016779797 -0.00048119735   0.0019684384  0.00068211599   0.0013364739


# ext. ||   Name    ||   type  ||     Value     ||  Error +/- 

   0   ||Natural mortality || limited ||    0.01345103714284 ||0.00194857379067
   1   ||Targeted q || limited ||      1.300772700729 ||0.1856801186009
   2   ||Nontargeted q || limited ||                   2 ||22.06548931833
   3   ||     sigma || limited ||      2.586478236549 ||0.1263724769948
   4   ||  Biomass1 || limited ||      4.612534445055 ||0.6696876897527
   5   ||  Biomass2 || limited ||      4.557945985107 ||0.65758659337
   6   ||   vm_mean || limited ||    -0.5746065124178 ||0.01432474358068
   7   ||  vm_sigma || limited ||      3.664239322631 ||0.2064534751913
   8   ||Recruit year 1 || limited ||     0.5051529171021 ||0.07591865195408
   9   ||Recruit year 2 || limited ||      6.915568522942 ||0.9678740726846
  10   ||Recruit year 3 || limited ||      2.297303642915 ||0.2054313373489
  11   ||Recruit year 4 || limited ||      4.059066708326 ||0.5094438352876





