# Minimum negative log likelihood

Minuit did successfully converge.
# of function calls: 906
minimum function Value: 640.8935832137
minimum edm: 2.32766286064e-05
minimum internal state vector: LAVector parameters:
    -0.6368565060362
     -1.231075478585
     -1.287002217587
     -1.107483197225
     -1.490244078891
     -1.482469828448
    -0.8791642565442
     -0.655233931808
    -0.9634376045842
     -1.002683501568
     -1.049597580577
    -0.9363112154497

minimum internal covariance matrix: LASymMatrix parameters:
    0.065636144  -0.0065109749              0  0.00027687178   0.0023876915   0.0024273211  0.00035518399  -0.0015572261    0.012125184    0.010775354    0.010129025    0.013549055
  -0.0065109749  0.00065913945              0 -2.7254332e-05 -0.00024327835 -0.00024272277 -2.5130334e-05  5.8817365e-05  -0.0012233866  -0.0010750433  -0.0010112886  -0.0013534487
              0              0              2              0              0              0              0              0              0              0              0              0
  0.00027687178 -2.7254332e-05              0  0.00028367376  1.1772649e-05  1.1491846e-05  7.1663565e-07 -2.9037238e-05  5.5329732e-05  4.7896312e-05  4.5058604e-05  5.7283599e-05
   0.0023876915 -0.00024327835              0  1.1772649e-05  0.00012347517  8.9211688e-05  6.1547677e-06 -4.1765482e-05  0.00059472942  0.00039601401  0.00037167797  0.00049638841
   0.0024273211 -0.00024272277              0  1.1491846e-05  8.9211688e-05  9.3480571e-05  1.0706135e-05 -2.6063987e-05  0.00042792125  0.00039788693  0.00037455901  0.00050118135
  0.00035518399 -2.5130334e-05              0  7.1663565e-07  6.1547677e-06  1.0706135e-05  2.7505161e-05 -0.00013401274  4.2365731e-05  5.3409166e-05  4.9403409e-05   6.599545e-05
  -0.0015572261  5.8817365e-05              0 -2.9037238e-05 -4.1765482e-05 -2.6063987e-05 -0.00013401274   0.0024308318 -0.00061770196 -0.00020968483 -0.00019447394 -0.00027208515
    0.012125184  -0.0012233866              0  5.5329732e-05  0.00059472942  0.00042792125  4.2365731e-05 -0.00061770196   0.0031069756   0.0020099852    0.001887498   0.0025216837
    0.010775354  -0.0010750433              0  4.7896312e-05  0.00039601401  0.00039788693  5.3409166e-05 -0.00020968483   0.0020099852   0.0017886944   0.0016646313   0.0022282768
    0.010129025  -0.0010112886              0  4.5058604e-05  0.00037167797  0.00037455901  4.9403409e-05 -0.00019447394    0.001887498   0.0016646313   0.0015842482   0.0020946051
    0.013549055  -0.0013534487              0  5.7283599e-05  0.00049638841  0.00050118135   6.599545e-05 -0.00027208515   0.0025216837   0.0022282768   0.0020946051   0.0028217934


# ext. ||   Name    ||   type  ||     Value     ||  Error +/- 

   0   ||Natural mortality || limited ||    0.03013322220664 ||0.003621244326322
   1   ||Targeted q || limited ||      2.857613884329 ||0.3024516485203
   2   ||Nontargeted q || limited ||                   2 ||22.06548931833
   3   ||     sigma || limited ||      5.271163764331 ||0.2661207093312
   4   ||  Biomass1 || limited ||      1.621289209275 ||0.3161172895657
   5   ||  Biomass2 || limited ||      1.949124896873 ||0.3015355152352
   6   ||   vm_mean || limited ||     -2.419673872301 ||0.007430569904029
   7   ||  vm_sigma || limited ||      15.62701484055 ||1.105478797374
   8   ||Recruit year 1 || limited ||      8.951192835728 ||1.124284791418
   9   ||Recruit year 2 || limited ||      7.863321821152 ||0.8043245359092
  10   ||Recruit year 3 || limited ||      6.648189959139 ||0.7005279872594
  11   ||Recruit year 4 || limited ||      9.740176379251 ||1.112892150922





