# Minimum negative log likelihood

Minuit did successfully converge.
# of function calls: 742
minimum function Value: 667.3633138535
minimum edm: 4.613612424058e-05
minimum internal state vector: LAVector parameters:
     0.4262854660491
     -1.066163124411
     -1.287002217587
     -1.076423212755
     -1.534076429578
     -1.534732225407
   -0.07313040324422
      2.963401252355
     -1.113778056539
     -1.440473473208
      -1.01934277697
    -0.9892212677215

minimum internal covariance matrix: LASymMatrix parameters:
     0.14727928   -0.012043516              0  0.00020187348  0.00095510507  0.00085897818 -0.00028001579  -0.0086978974     0.01132226   0.0031730436    0.011234938    0.012868555
   -0.012043516   0.0010101004              0 -1.7695848e-05 -8.0408277e-05  -7.224255e-05  2.8161319e-05  0.00088657792 -0.00093335377 -0.00026028355 -0.00092602632   -0.001062874
              0              0              2              0              0              0              0              0              0              0              0              0
  0.00020187348 -1.7695848e-05              0  0.00029941107  5.9579871e-06  5.1004403e-06  2.6383228e-07  4.2870614e-06   1.732057e-05  6.8937224e-06  1.6511496e-05  2.0134456e-05
  0.00095510507 -8.0408277e-05              0  5.9579871e-06  2.5659538e-05  2.1310561e-05 -2.3451348e-06 -6.8056618e-05  7.4942862e-05   2.074572e-05  7.3836731e-05  8.4381763e-05
  0.00085897818  -7.224255e-05              0  5.1004403e-06  2.1310561e-05  1.7912528e-05 -2.0966497e-06 -6.3382348e-05  6.7272939e-05  1.8684515e-05   6.637977e-05  7.5861993e-05
 -0.00028001579  2.8161319e-05              0  2.6383228e-07 -2.3451348e-06 -2.0966497e-06  4.0689281e-06  0.00012308205 -2.3230842e-05 -6.0666868e-06 -2.2620604e-05 -2.6802816e-05
  -0.0086978974  0.00088657792              0  4.2870614e-06 -6.8056618e-05 -6.3382348e-05  0.00012308205   0.0084704364 -0.00072652046 -0.00018334249 -0.00070619095 -0.00083446082
     0.01132226 -0.00093335377              0   1.732057e-05  7.4942862e-05  6.7272939e-05 -2.3230842e-05 -0.00072652046  0.00089404657   0.0002447367  0.00086657182  0.00099303713
   0.0031730436 -0.00026028355              0  6.8937224e-06   2.074572e-05  1.8684515e-05 -6.0666868e-06 -0.00018334249   0.0002447367  8.8179144e-05   0.0002426645  0.00027837305
    0.011234938 -0.00092602632              0  1.6511496e-05  7.3836731e-05   6.637977e-05 -2.2620604e-05 -0.00070619095  0.00086657182   0.0002426645  0.00087970708   0.0009853756
    0.012868555   -0.001062874              0  2.0134456e-05  8.4381763e-05  7.5861993e-05 -2.6802816e-05 -0.00083446082  0.00099303713  0.00027837305   0.0009853756   0.0011504249


# ext. ||   Name    ||   type  ||     Value     ||  Error +/- 

   0   ||Natural mortality || limited ||    0.05533728875294 ||0.006101494443008
   1   ||Targeted q || limited ||      6.232406251762 ||0.5432315390237
   2   ||Nontargeted q || limited ||                   2 ||22.06548931833
   3   ||     sigma || limited ||      5.986683620902 ||0.2902658415365
   4   ||  Biomass1 || limited ||     0.3370498385684 ||0.06574797026518
   5   ||  Biomass2 || limited ||     0.3251196118683 ||0.05395277197551
   6   ||   vm_mean || limited ||    -0.2295412099865 ||0.004469020859398
   7   ||  vm_sigma || limited ||      47.09040749913 ||2.560083681406
   8   ||Recruit year 1 || limited ||      5.140874582733 ||0.4664101289377
   9   ||Recruit year 2 || limited ||      0.433958140439 ||0.04314017077085
  10   ||Recruit year 3 || limited ||      7.421065329986 ||0.5493114065202
  11   ||Recruit year 4 || limited ||      8.229255859948 ||0.6586290498179





