# Minimum negative log likelihood

Minuit did successfully converge.
# of function calls: 1231
minimum function Value: 684.9579532611
minimum edm: 1.218758485266e-05
minimum internal state vector: LAVector parameters:
    -0.7965190870961
     -1.018187757082
     -1.287002217587
     -1.054601627817
     -1.445196286275
      -1.45323321927
    -0.3593313839976
     -1.313477969517
     -1.087871043806
     -1.094931885973
     -1.147568098895
    0.05656052920413
    0.08266887359036
     0.0547341885751
     0.1009391662091

minimum internal covariance matrix: LASymMatrix parameters:
    0.046566243  -0.0022288917              0 -0.00026979624  0.00049936833  0.00045132463  -0.0064158481   0.0018404607   0.0035640473   0.0034561207   0.0030309389  0.00020669007  0.00020779608  0.00020782052  0.00016345941
  -0.0022288917  0.00012888509              0  1.9358539e-05 -2.8470053e-05 -2.5560401e-05  0.00024434945 -8.9326915e-05 -0.00017148314 -0.00016649479 -0.00015391367 -6.9795613e-06 -6.5485792e-06 -7.4929062e-06 -7.6440428e-06
              0              0              2              0              0              0              0              0              0              0              0              0              0              0              0
 -0.00026979624  1.9358539e-05              0  0.00040654566  5.3697779e-08 -2.1942339e-07  -3.618467e-05 -1.4148701e-05  -2.031881e-05 -2.8111413e-05  -2.382474e-06  3.4924612e-06  -2.699424e-06  4.2809377e-07  1.9492692e-07
  0.00049936833 -2.8470053e-05              0  5.3697779e-08  1.8980875e-05   1.593457e-05  -5.453272e-05    2.01664e-05  3.8646496e-05  3.6229545e-05  3.4590231e-05  8.3186542e-07  1.3843918e-06  1.7027323e-06  2.1319596e-06
  0.00045132463 -2.5560401e-05              0 -2.1942339e-07   1.593457e-05  1.3526469e-05 -4.8945154e-05  1.8127431e-05  3.4904586e-05  3.2751097e-05  3.1346858e-05  8.6247868e-07   1.293852e-06  1.5848616e-06  1.8788123e-06
  -0.0064158481  0.00024434945              0  -3.618467e-05  -5.453272e-05 -4.8945154e-05    0.003559106 -0.00024594221 -0.00048627092  -0.0004587391 -0.00040792298 -4.3245185e-05 -6.5832048e-05  -5.804051e-05 -5.7675954e-05
   0.0018404607 -8.9326915e-05              0 -1.4148701e-05    2.01664e-05  1.8127431e-05 -0.00024594221  8.8646591e-05  0.00014112125  0.00013778447    0.000118846  7.0647706e-06  7.7506382e-06  7.8915668e-06  6.6357975e-06
   0.0035640473 -0.00017148314              0  -2.031881e-05  3.8646496e-05  3.4904586e-05 -0.00048627092  0.00014112125  0.00029189563  0.00026513942   0.0002348309  1.5962863e-05  1.6007055e-05  1.6079032e-05  1.2519044e-05
   0.0034561207 -0.00016649479              0 -2.8111413e-05  3.6229545e-05  3.2751097e-05  -0.0004587391  0.00013778447  0.00026513942   0.0002753015  0.00022242083  1.5358088e-05  1.4813565e-05  1.4642579e-05  1.1906271e-05
   0.0030309389 -0.00015391367              0  -2.382474e-06  3.4590231e-05  3.1346858e-05 -0.00040792298    0.000118846   0.0002348309  0.00022242083  0.00023618325  1.3106491e-05  1.2452156e-05  1.3185009e-05  1.2104691e-05
  0.00020669007 -6.9795613e-06              0  3.4924612e-06  8.3186542e-07  8.6247868e-07 -4.3245185e-05  7.0647706e-06  1.5962863e-05  1.5358088e-05  1.3106491e-05  7.7443912e-06   1.537234e-06  1.4052816e-06 -2.7304856e-07
  0.00020779608 -6.5485792e-06              0  -2.699424e-06  1.3843918e-06   1.293852e-06 -6.5832048e-05  7.7506382e-06  1.6007055e-05  1.4813565e-05  1.2452156e-05   1.537234e-06  3.9042627e-06   1.738614e-06  7.5936838e-07
  0.00020782052 -7.4929062e-06              0  4.2809377e-07  1.7027323e-06  1.5848616e-06  -5.804051e-05  7.8915668e-06  1.6079032e-05  1.4642579e-05  1.3185009e-05  1.4052816e-06   1.738614e-06  2.6052785e-06   9.562729e-07
  0.00016345941 -7.6440428e-06              0  1.9492692e-07  2.1319596e-06  1.8788123e-06 -5.7675954e-05  6.6357975e-06  1.2519044e-05  1.1906271e-05  1.2104691e-05 -2.7304856e-07  7.5936838e-07   9.562729e-07  3.7278558e-06


# ext. ||   Name    ||   type  ||     Value     ||  Error +/- 

   0   ||Natural mortality || limited ||    0.02712683563968 ||0.002656899613523
   1   ||Targeted q || limited ||       7.44209215133 ||0.2106861372413
   2   ||Nontargeted q || limited ||                   2 ||22.06548931833
   3   ||     sigma || limited ||      6.514816476464 ||0.3518418037332
   4   ||  Biomass1 || limited ||      3.938660638846 ||0.1929566517091
   5   ||  Biomass2 || limited ||      3.451293263005 ||0.152516535678
   6   ||  vm_sigma || limited ||      25.93473986471 ||1.5791317592
   7   ||Recruit year 1 || limited ||      1.656040342217 ||0.08470458062055
   8   ||Recruit year 2 || limited ||      5.727413461005 ||0.2804663411638
   9   ||Recruit year 3 || limited ||       5.56459211606 ||0.2687032012647
  10   ||Recruit year 4 || limited ||      4.421166785518 ||0.223130326191
  11   ||Mean Rec dist 1 || limited ||     0.5653037695764 ||0.01964641521336
  12   ||Mean Rec dist 2 || limited ||     0.8257474394827 ||0.01392414917264
  13   ||Mean Rec dist 3 || limited ||     0.5470686360168 ||0.01139622778139
  14   ||Mean Rec dist 4 || limited ||      1.007678467712 ||0.0135830781467





