# Minimum negative log likelihood

Minuit did successfully converge.
# of function calls: 928
minimum function Value: 286.1662402636
minimum edm: 5.268959388619e-05
minimum internal state vector: LAVector parameters:
    -0.9075074928236
      -1.04549013551
     -1.287002217587
     -1.374764856988
     -1.506045725596
     -1.507313836675
    0.05655570764098
     -1.231744123038
     -1.008586989805
     -1.249708319826
     -1.233541963048
     -1.174014119821

minimum internal covariance matrix: LASymMatrix parameters:
  0.00024679004 -6.1841137e-05              0  2.7264143e-06  9.4884635e-06  8.4665598e-06  6.0469551e-06 -1.1157475e-05  8.1950017e-05   5.014201e-05  4.7432682e-05  5.1823729e-05
 -6.1841137e-05  1.9827851e-05              0 -1.1688209e-06 -2.6263194e-06 -2.4528804e-06   1.591605e-06 -7.6190742e-07 -2.0815384e-05 -1.2714557e-05 -1.1987015e-05 -1.3438908e-05
              0              0              2              0              0              0              0              0              0              0              0              0
  2.7264143e-06 -1.1688209e-06              0  4.6333123e-05  4.5912358e-07  4.0514421e-07 -2.3137275e-07  9.1963066e-08  1.0483703e-06   7.806962e-07  2.0098163e-07  5.3083848e-07
  9.4884635e-06 -2.6263194e-06              0  4.5912358e-07  9.7481314e-07  8.2089372e-07 -4.2389767e-08 -3.0688063e-07  3.2376951e-06  1.9078398e-06  1.8714585e-06   2.020094e-06
  8.4665598e-06 -2.4528804e-06              0  4.0514421e-07  8.2089372e-07  7.0300477e-07 -9.5383457e-08  -1.560882e-07  2.8790976e-06  1.7093174e-06  1.6724864e-06  1.8075777e-06
  6.0469551e-06   1.591605e-06              0 -2.3137275e-07 -4.2389767e-08 -9.5383457e-08   3.032633e-06 -3.0995446e-06  1.7600571e-06  1.2164374e-06  1.0152813e-06  8.6513113e-07
 -1.1157475e-05 -7.6190742e-07              0  9.1963066e-08 -3.0688063e-07  -1.560882e-07 -3.0995446e-06  4.4882506e-06 -3.5298348e-06 -2.2354798e-06 -1.9922969e-06 -1.9121055e-06
  8.1950017e-05 -2.0815384e-05              0  1.0483703e-06  3.2376951e-06  2.8790976e-06  1.7600571e-06 -3.5298348e-06  2.7646217e-05  1.6632775e-05  1.5769818e-05  1.7265889e-05
   5.014201e-05 -1.2714557e-05              0   7.806962e-07  1.9078398e-06  1.7093174e-06  1.2164374e-06 -2.2354798e-06  1.6632775e-05    1.07506e-05   9.361278e-06  1.0618851e-05
  4.7432682e-05 -1.1987015e-05              0  2.0098163e-07  1.8714585e-06  1.6724864e-06  1.0152813e-06 -1.9922969e-06  1.5769818e-05   9.361278e-06  9.9153203e-06  9.8032713e-06
  5.1823729e-05 -1.3438908e-05              0  5.3083848e-07   2.020094e-06  1.8075777e-06  8.6513113e-07 -1.9121055e-06  1.7265889e-05  1.0618851e-05  9.8032713e-06   1.144119e-05


# ext. ||   Name    ||   type  ||     Value     ||  Error +/- 

   0   ||Natural mortality || limited ||    0.03180427152633 ||0.001025908297518
   1   ||Targeted q || limited ||      6.741478299594 ||0.07894850979542
   2   ||Nontargeted q || limited ||                   2 ||22.06548931833
   3   ||     sigma || limited ||     0.9576358314199 ||0.04687484051436
   4   ||  Biomass1 || limited ||      1.047793926891 ||0.02258686452805
   5   ||  Biomass2 || limited ||      1.007168326869 ||0.01880599556497
   6   ||   vm_mean || limited ||     0.1775802937879 ||0.00386233346824
   7   ||  vm_sigma || limited ||      2.278158741258 ||0.01992927866645
   8   ||Recruit year 1 || limited ||      7.705256654614 ||0.09908362710832
   9   ||Recruit year 2 || limited ||      2.565114177693 ||0.03658165637939
  10   ||Recruit year 3 || limited ||      2.826381076539 ||0.03683476603153
  11   ||Recruit year 4 || limited ||       3.89414699397 ||0.04621074118173





