# Minimum negative log likelihood

Minuit did successfully converge.
# of function calls: 842
minimum function Value: 563.617876063
minimum edm: 1.287449270933e-05
minimum internal state vector: LAVector parameters:
   0.005756122009972
     -1.076767810709
     -1.287002217587
     -1.187114858804
     -1.519459005523
     -1.511045073034
     0.7930410864964
     -1.140609159777
    -0.9078297571443
     -1.110479115592
     -0.995147639971
     -1.022279241043

minimum internal covariance matrix: LASymMatrix parameters:
    0.078835407  -0.0066156047              0  1.1755622e-05  0.00055871846  0.00074324415  0.00052134805 -0.00059327138    0.010441036    0.006674457   0.0083362656   0.0075488381
  -0.0066156047  0.00056963244              0 -2.0713301e-06 -4.9997502e-05 -6.4552192e-05 -3.2190235e-05  3.7006485e-05 -0.00087982709 -0.00056404674 -0.00070374154  -0.0006348857
              0              0              2              0              0              0              0              0              0              0              0              0
  1.1755622e-05 -2.0713301e-06              0   0.0001895403  2.2120403e-06   1.647706e-06 -3.0853063e-07  1.5447704e-06    3.33253e-06  1.2412831e-06  1.1515969e-06  3.3394259e-06
  0.00055871846 -4.9997502e-05              0  2.2120403e-06  1.9408194e-05  1.6078499e-05  1.0417217e-06 -2.1957838e-06  7.4884786e-05  4.8023428e-05   5.997286e-05  5.3853254e-05
  0.00074324415 -6.4552192e-05              0   1.647706e-06  1.6078499e-05  1.4663086e-05  3.2047846e-06  -4.181432e-06  9.9177276e-05  6.3445729e-05  7.9201122e-05  7.1400954e-05
  0.00052134805 -3.2190235e-05              0 -3.0853063e-07  1.0417217e-06  3.2047846e-06  2.0011438e-05 -1.8081257e-05  6.7127293e-05  4.0492147e-05  5.1680644e-05  5.3182249e-05
 -0.00059327138  3.7006485e-05              0  1.5447704e-06 -2.1957838e-06  -4.181432e-06 -1.8081257e-05  2.9811258e-05 -7.6855593e-05  -4.570458e-05 -5.9355479e-05 -5.8588391e-05
    0.010441036 -0.00087982709              0    3.33253e-06  7.4884786e-05  9.9177276e-05  6.7127293e-05 -7.6855593e-05   0.0013925293  0.00088436749   0.0011059103    0.001000503
    0.006674457 -0.00056404674              0  1.2412831e-06  4.8023428e-05  6.3445729e-05  4.0492147e-05  -4.570458e-05  0.00088436749  0.00057537543  0.00070606304  0.00063959724
   0.0083362656 -0.00070374154              0  1.1515969e-06   5.997286e-05  7.9201122e-05  5.1680644e-05 -5.9355479e-05   0.0011059103  0.00070606304  0.00089072744  0.00079779762
   0.0075488381  -0.0006348857              0  3.3394259e-06  5.3853254e-05  7.1400954e-05  5.3182249e-05 -5.8588391e-05    0.001000503  0.00063959724  0.00079779762  0.00074298329


# ext. ||   Name    ||   type  ||     Value     ||  Error +/- 

   0   ||Natural mortality || limited ||     0.0451439022556 ||0.004930847457786
   1   ||Targeted q || limited ||      5.978510993877 ||0.4001030116989
   2   ||Nontargeted q || limited ||                   2 ||22.06548931833
   3   ||     sigma || limited ||      3.635359317941 ||0.1822054846204
   4   ||  Biomass1 || limited ||     0.6587354438636 ||0.0799262230668
   5   ||  Biomass2 || limited ||     0.8922875627619 ||0.08084547900045
   6   ||   vm_mean || limited ||      2.238354728472 ||0.006972901362714
   7   ||  vm_sigma || limited ||      3.645446072295 ||0.06440318019831
   8   ||Recruit year 1 || limited ||      10.60044564227 ||0.8118234009456
   9   ||Recruit year 2 || limited ||      5.213898201473 ||0.3766834686346
  10   ||Recruit year 3 || limited ||      8.067226825811 ||0.5743189641384
  11   ||Recruit year 4 || limited ||      7.344332255972 ||0.5024165298027





