# Minimum negative log likelihood

Minuit did successfully converge.
# of function calls: 1518
minimum function Value: 729.9199087016
minimum edm: 3.927224015511e-05
minimum internal state vector: LAVector parameters:
     0.7089593165169
    -0.9815192166045
     -1.287002217587
    -0.9941368950031
     -1.489816522877
      -1.49655603239
     0.4066499650075
    -0.9654093752997
     -1.091756629116
    -0.9827175723505
     -1.085466813641
    0.05928314990969
    0.05692060351226
     0.1165556293494
    0.06116920383501

minimum internal covariance matrix: LASymMatrix parameters:
    0.042148988  -0.0024081654              0  0.00015012062  0.00035529228  0.00030823415   -0.012572806   0.0037970485   0.0029289548    0.003777185   0.0030144645  9.7399398e-05  0.00010298714  0.00010353016  9.9751581e-05
  -0.0024081654  0.00016988116              0 -8.1364111e-06 -2.5051487e-05 -2.1720776e-05  0.00056353023 -0.00022640852 -0.00017428867 -0.00022358113 -0.00018702522 -3.7321685e-06 -3.9751221e-06 -4.0077875e-06 -4.4309101e-06
              0              0              2              0              0              0              0              0              0              0              0              0              0              0              0
  0.00015012062 -8.1364111e-06              0  0.00041576631  3.4990609e-06  2.7408613e-06 -6.4582868e-05  1.4657402e-05  1.0662129e-05  1.7166546e-05  1.1376157e-05  7.7311619e-07  6.9286886e-07 -2.6854034e-07  6.6317649e-07
  0.00035529228 -2.5051487e-05              0  3.4990609e-06  2.1933856e-05  1.7432638e-05 -9.3393369e-05  3.3283375e-05   2.581635e-05  3.2815882e-05  2.8387695e-05  6.3029002e-07  6.8238854e-07  4.9610388e-07  7.7733247e-07
  0.00030823415 -2.1720776e-05              0  2.7408613e-06  1.7432638e-05  1.4116175e-05 -7.8484739e-05  2.8864311e-05  2.2345275e-05  2.8501729e-05  2.4498749e-05   5.486004e-07  5.4997514e-07  4.0509451e-07  6.4402535e-07
   -0.012572806  0.00056353023              0 -6.4582868e-05 -9.3393369e-05 -7.8484739e-05    0.016742708  -0.0010892169 -0.00085193423  -0.0010609699 -0.00084549169 -8.5750138e-05 -8.7847664e-05 -9.3476481e-05 -7.9448253e-05
   0.0037970485 -0.00022640852              0  1.4657402e-05  3.3283375e-05  2.8864311e-05  -0.0010892169  0.00039669525  0.00025916324   0.0003382487  0.00027386739   8.173926e-06   8.716381e-06  8.6672118e-06   8.535176e-06
   0.0029289548 -0.00017428867              0  1.0662129e-05   2.581635e-05  2.2345275e-05 -0.00085193423  0.00025916324  0.00025121951  0.00026729646  0.00021057486  6.2237605e-06  6.8322292e-06   6.594669e-06  6.6218779e-06
    0.003777185 -0.00022358113              0  1.7166546e-05  3.2815882e-05  2.8501729e-05  -0.0010609699   0.0003382487  0.00026729646  0.00038161622  0.00027351905  8.2499396e-06  8.3991889e-06  8.1893153e-06  8.5865572e-06
   0.0030144645 -0.00018702522              0  1.1376157e-05  2.8387695e-05  2.4498749e-05 -0.00084549169  0.00027386739  0.00021057486  0.00027351905   0.0002802378  6.2012672e-06  6.5391811e-06  6.6756804e-06  7.4510946e-06
  9.7399398e-05 -3.7321685e-06              0  7.7311619e-07  6.3029002e-07   5.486004e-07 -8.5750138e-05   8.173926e-06  6.2237605e-06  8.2499396e-06  6.2012672e-06  1.1929417e-06  5.0401178e-07  5.3056158e-07  4.5453166e-07
  0.00010298714 -3.9751221e-06              0  6.9286886e-07  6.8238854e-07  5.4997514e-07 -8.7847664e-05   8.716381e-06  6.8322292e-06  8.3991889e-06  6.5391811e-06  5.0401178e-07   1.755525e-06  6.1662968e-07  4.8309638e-07
  0.00010353016 -4.0077875e-06              0 -2.6854034e-07  4.9610388e-07  4.0509451e-07 -9.3476481e-05  8.6672118e-06   6.594669e-06  8.1893153e-06  6.6756804e-06  5.3056158e-07  6.1662968e-07  1.8469455e-06  5.0648363e-07
  9.9751581e-05 -4.4309101e-06              0  6.6317649e-07  7.7733247e-07  6.4402535e-07 -7.9448253e-05   8.535176e-06  6.6218779e-06  8.5865572e-06  7.4510946e-06  4.5453166e-07  4.8309638e-07  5.0648363e-07  1.6305539e-06


# ext. ||   Name    ||   type  ||     Value     ||  Error +/- 

   0   ||Natural mortality || limited ||    0.06127610508776 ||0.002745090388363
   1   ||Targeted q || limited ||      8.432867516656 ||0.2560996017281
   2   ||Nontargeted q || limited ||                   2 ||22.06548931833
   3   ||     sigma || limited ||      8.085565467689 ||0.3930444436542
   4   ||  Biomass1 || limited ||      1.638536443852 ||0.1339410371155
   5   ||  Biomass2 || limited ||      1.377272570215 ||0.09852664088222
   6   ||  vm_sigma || limited ||      55.82169063829 ||3.35662099818
   7   ||Recruit year 1 || limited ||      8.895013773521 ||0.4006814804341
   8   ||Recruit year 2 || limited ||      5.637539122772 ||0.2582625811017
   9   ||Recruit year 3 || limited ||      8.408757489856 ||0.383106129031
  10   ||Recruit year 4 || limited ||      5.783358641599 ||0.2760681447432
  11   ||Mean Rec dist 1 || limited ||     0.5924843098656 ||0.007709584351428
  12   ||Mean Rec dist 2 || limited ||     0.5688987179118 ||0.009353723215002
  13   ||Mean Rec dist 3 || limited ||      1.162919030099 ||0.009544546142203
  14   ||Mean Rec dist 4 || limited ||     0.6113106512642 ||0.009012380556825





