# Minimum negative log likelihood

Minuit did successfully converge.
# of function calls: 668
minimum function Value: 643.0121676844
minimum edm: 5.940815405675e-05
minimum internal state vector: LAVector parameters:
    -0.3568183654602
     -1.114136745438
     -1.287002217587
     -1.105068531586
     -1.398326328639
     -1.407866986316
     0.6648480832698
    -0.4177794295771
     -1.228898805299
     -1.381624266618
     -1.084784376562
     -1.294024518863

minimum internal covariance matrix: LASymMatrix parameters:
     0.12985122   -0.012527766              0   0.0001872464   0.0046956934   0.0045839998 -0.00053032305   0.0043779818   0.0091137047   0.0050484572    0.012288312   0.0065779817
   -0.012527766   0.0012339059              0  -1.666288e-05 -0.00046276942 -0.00045142982  6.1312855e-05 -0.00055631274 -0.00088295085 -0.00048848123  -0.0011911405 -0.00064025301
              0              0              2              0              0              0              0              0              0              0              0              0
   0.0001872464  -1.666288e-05              0  0.00027403416  6.3614576e-06   5.877275e-06 -9.0147498e-07 -1.9544621e-05   1.229975e-05  7.5983553e-06  1.4933271e-05  8.9467545e-06
   0.0046956934 -0.00046276942              0  6.3614576e-06  0.00018429723  0.00017825584 -2.3396631e-05  0.00020781386  0.00033161743   0.0001831899  0.00044611402  0.00024061285
   0.0045839998 -0.00045142982              0   5.877275e-06  0.00017825584  0.00017268437 -2.2658472e-05  0.00020169669  0.00032351031  0.00017882993  0.00043545208  0.00023477827
 -0.00053032305  6.1312855e-05              0 -9.0147498e-07 -2.3396631e-05 -2.2658472e-05  1.8020386e-05 -0.00014734801 -3.8845059e-05 -2.1233153e-05 -5.2366309e-05 -2.7033711e-05
   0.0043779818 -0.00055631274              0 -1.9544621e-05  0.00020781386  0.00020169669 -0.00014734801   0.0049529567  0.00032441568  0.00018382185  0.00044313656  0.00021112455
   0.0091137047 -0.00088295085              0   1.229975e-05  0.00033161743  0.00032351031 -3.8845059e-05  0.00032441568  0.00065400148   0.0003546818  0.00086172528  0.00046196904
   0.0050484572 -0.00048848123              0  7.5983553e-06   0.0001831899  0.00017882993 -2.1233153e-05  0.00018382185   0.0003546818  0.00021034582  0.00047699794  0.00025548102
    0.012288312  -0.0011911405              0  1.4933271e-05  0.00044611402  0.00043545208 -5.2366309e-05  0.00044313656  0.00086172528  0.00047699794   0.0011781885  0.00062255027
   0.0065779817 -0.00064025301              0  8.9467545e-06  0.00024061285  0.00023477827 -2.7033711e-05  0.00021112455  0.00046196904  0.00025548102  0.00062255027  0.00036020796


# ext. ||   Name    ||   type  ||     Value     ||  Error +/- 

   0   ||Natural mortality || limited ||      0.036267630659 ||0.005904510721113
   1   ||Targeted q || limited ||      5.123476597469 ||0.5475743777877
   2   ||Nontargeted q || limited ||                   2 ||22.06548931833
   3   ||     sigma || limited ||       5.32525155267 ||0.2628237337181
   4   ||  Biomass1 || limited ||      7.418059613384 ||0.8236943412316
   5   ||  Biomass2 || limited ||      6.621824470895 ||0.7536182602695
   6   ||   vm_mean || limited ||      1.938172851555 ||0.00742158742887
   7   ||  vm_sigma || limited ||      23.77142802145 ||1.81859096702
   8   ||Recruit year 1 || limited ||      2.903702113488 ||0.3030951196058
   9   ||Recruit year 2 || limited ||      0.901897685049 ||0.09641276177822
  10   ||Recruit year 3 || limited ||      5.799285185661 ||0.5667471214865
  11   ||Recruit year 4 || limited ||      1.912681803233 ||0.183331937588





