# Minimum negative log likelihood

Minuit did successfully converge.
# of function calls: 1344
minimum function Value: 379.3518438357
minimum edm: 4.219743494484e-05
minimum internal state vector: LAVector parameters:
      2.844850418797
     -0.962441653846
     -1.287002217587
     -1.325325915864
     -1.369509676994
     -1.383048455618
     0.9768651333695
    -0.8016165924731
     -1.106210215042
     -0.986314067412
     -1.050255132005
     -1.395047137148

minimum internal covariance matrix: LASymMatrix parameters:
   0.0065631108   0.0004642748              0 -0.00023579373 -0.00014476889 -0.00014456326  4.8083133e-06  2.2044318e-05 -0.00037208978 -0.00044300957 -0.00034459863 -0.00011424278
   0.0004642748  3.4734455e-05              0 -1.6897574e-05 -1.0745356e-05 -1.0652846e-05  1.6314242e-06 -1.9356398e-06 -2.6883986e-05 -3.1446229e-05 -2.4186594e-05 -8.2224744e-06
              0              0              2              0              0              0              0              0              0              0              0              0
 -0.00023579373 -1.6897574e-05              0  0.00010195299  5.7599024e-06  5.5947592e-06 -6.1436326e-07 -4.3155129e-06  1.3449412e-05  1.5314069e-05   1.350722e-05  2.8099951e-06
 -0.00014476889 -1.0745356e-05              0  5.7599024e-06  4.2825796e-06  4.0362295e-06  -4.698405e-07   1.236466e-07  8.1725546e-06  1.0152875e-05  7.6622401e-06  2.4315948e-06
 -0.00014456326 -1.0652846e-05              0  5.5947592e-06  4.0362295e-06  3.8573394e-06 -3.8493005e-07 -6.6572483e-08  8.1753765e-06   1.002383e-05  7.6439623e-06  2.4067154e-06
  4.8083133e-06  1.6314242e-06              0 -6.1436326e-07  -4.698405e-07 -3.8493005e-07  2.0320031e-06 -4.5199784e-06 -1.1362873e-06 -5.6567096e-07   4.307408e-08   1.034651e-07
  2.2044318e-05 -1.9356398e-06              0 -4.3155129e-06   1.236466e-07 -6.6572483e-08 -4.5199784e-06  2.7477098e-05  1.0739259e-06 -7.4634325e-07 -2.1774446e-06 -1.2277758e-06
 -0.00037208978 -2.6883986e-05              0  1.3449412e-05  8.1725546e-06  8.1753765e-06 -1.1362873e-06  1.0739259e-06  2.2969121e-05  2.5132349e-05  1.9417014e-05  6.2795631e-06
 -0.00044300957 -3.1446229e-05              0  1.5314069e-05  1.0152875e-05   1.002383e-05 -5.6567096e-07 -7.4634325e-07  2.5132349e-05  3.1771804e-05  2.3305993e-05  7.7429275e-06
 -0.00034459863 -2.4186594e-05              0   1.350722e-05  7.6622401e-06  7.6439623e-06   4.307408e-08 -2.1774446e-06  1.9417014e-05  2.3305993e-05   1.944444e-05  5.7092002e-06
 -0.00011424278 -8.2224744e-06              0  2.8099951e-06  2.4315948e-06  2.4067154e-06   1.034651e-07 -1.2277758e-06  6.2795631e-06  7.7429275e-06  5.7092002e-06    5.38169e-06


# ext. ||   Name    ||   type  ||     Value     ||  Error +/- 

   0   ||Natural mortality || limited ||    0.05231015955023 ||0.001368780558722
   1   ||Targeted q || limited ||      8.970526884288 ||0.1190868972101
   2   ||Nontargeted q || limited ||                   2 ||22.06548931833
   3   ||     sigma || limited ||      1.498844175446 ||0.08675214160277
   4   ||  Biomass1 || limited ||      10.09492558869 ||0.1462803204179
   5   ||  Biomass2 || limited ||      8.786460542192 ||0.1296042918241
   6   ||   vm_mean || limited ||      2.603585804659 ||0.001772118583355
   7   ||  vm_sigma || limited ||      11.26160148582 ||0.1031216701319
   8   ||Recruit year 1 || limited ||      5.309115736865 ||0.075912299229
   9   ||Recruit year 2 || limited ||      8.309276480215 ||0.1099480686992
  10   ||Recruit year 3 || limited ||      6.631830567693 ||0.07753012297064
  11   ||Recruit year 4 || limited ||     0.7801318517671 ||0.01433923601141





