# Minimum negative log likelihood

Minuit did successfully converge.
# of function calls: 783
minimum function Value: 592.3693432292
minimum edm: 3.717608163645e-05
minimum internal state vector: LAVector parameters:
     -0.681097601575
     -1.189411544139
     -1.287002217587
     -1.159284086049
     -1.451655353097
     -1.451363350219
      1.040229240489
    -0.7100860239117
     -1.080950817465
     -1.142994317712
     -1.387749149533
     -1.095593808392

minimum internal covariance matrix: LASymMatrix parameters:
    0.096577608  -0.0083210732              0  0.00012283817   0.0025838344   0.0026177372 -2.9523602e-05   0.0010963686    0.010937793   0.0095158136   0.0041479363    0.010263886
  -0.0083210732  0.00073259778              0 -5.2229343e-06 -0.00022867485 -0.00023048227  1.2072234e-05  -0.0001369953 -0.00094791359  -0.0008196125 -0.00036399345 -0.00089152573
              0              0              2              0              0              0              0              0              0              0              0              0
  0.00012283817 -5.2229343e-06              0  0.00023701654  2.0081864e-06  2.0608973e-06   1.672354e-06  7.1137217e-06  1.3234085e-05  1.3365864e-05  1.7795122e-06  2.2615658e-05
   0.0025838344 -0.00022867485              0  2.0081864e-06  8.0023883e-05  7.8959097e-05 -6.3061497e-06  5.4738724e-05  0.00029524614  0.00025378152  0.00011513987  0.00027664623
   0.0026177372 -0.00023048227              0  2.0608973e-06  7.8959097e-05  7.8372806e-05 -4.2765679e-06  4.4521353e-05  0.00029877354  0.00025766474  0.00011480054  0.00028028157
 -2.9523602e-05  1.2072234e-05              0   1.672354e-06 -6.3061497e-06 -4.2765679e-06  3.1472205e-05 -7.3658198e-05 -4.5391549e-06  2.2341318e-06 -2.1715031e-05  7.3265995e-06
   0.0010963686  -0.0001369953              0  7.1137217e-06  5.4738724e-05  4.4521353e-05 -7.3658198e-05  0.00074927963  0.00013015136  7.3641277e-05  0.00014709023  0.00012932683
    0.010937793 -0.00094791359              0  1.3234085e-05  0.00029524614  0.00029877354 -4.5391549e-06  0.00013015136   0.0012496253    0.001077537  0.00047020061   0.0011664315
   0.0095158136  -0.0008196125              0  1.3365864e-05  0.00025378152  0.00025766474  2.2341318e-06  7.3641277e-05    0.001077537  0.00094895158  0.00040109772   0.0010153734
   0.0041479363 -0.00036399345              0  1.7795122e-06  0.00011513987  0.00011480054 -2.1715031e-05  0.00014709023  0.00047020061  0.00040109772  0.00021110707  0.00042705371
    0.010263886 -0.00089152573              0  2.2615658e-05  0.00027664623  0.00028028157  7.3265995e-06  0.00012932683   0.0011664315   0.0010153734  0.00042705371   0.0011549881


# ext. ||   Name    ||   type  ||     Value     ||  Error +/- 

   0   ||Natural mortality || limited ||    0.02925884724687 ||0.004233674219485
   1   ||Targeted q || limited ||      3.592494945317 ||0.3561597127544
   2   ||Nontargeted q || limited ||                   2 ||22.06548931833
   3   ||     sigma || limited ||      4.174150944493 ||0.2177164110451
   4   ||  Biomass1 || limited ||      3.544447266888 ||0.3759197484191
   5   ||  Biomass2 || limited ||       3.56182206289 ||0.3729289973172
   6   ||   vm_mean || limited ||      2.709687283365 ||0.006306192037677
   7   ||  vm_sigma || limited ||      13.92486571491 ||0.5870549935079
   8   ||Recruit year 1 || limited ||      5.889134258321 ||0.587903779336
   9   ||Recruit year 2 || limited ||      4.515557824449 ||0.451765721901
  10   ||Recruit year 3 || limited ||      0.845236910262 ||0.0934954295151
  11   ||Recruit year 4 || limited ||      5.549441803663 ||0.5496259416655





