# Minimum negative log likelihood

Minuit did successfully converge.
# of function calls: 977
minimum function Value: 389.4780363446
minimum edm: 4.93618627806e-06
minimum internal state vector: LAVector parameters:
     0.2727719073656
    -0.9569238355476
     -1.287002217587
     -1.319226821229
     -1.541226896055
     -1.543872964047
     0.2666241100824
      2.986369328297
    -0.9785869608649
     -1.435433515061
     -1.205400088988
     -1.169158617305

minimum internal covariance matrix: LASymMatrix parameters:
    0.010096982 -0.00058965693              0  0.00023146186  2.7142861e-05  2.7033338e-05  1.0395443e-06  0.00013819726  0.00057768672  0.00014539342  0.00034320048  0.00052412088
 -0.00058965693  3.6628829e-05              0 -1.3872515e-05 -1.6658233e-06 -1.6660604e-06  3.3231281e-07    5.71666e-06 -3.3864832e-05 -8.5512562e-06  -2.002665e-05 -3.1180032e-05
              0              0              2              0              0              0              0              0              0              0              0              0
  0.00023146186 -1.3872515e-05              0  0.00013718784  3.6952132e-06  2.9816422e-06  -1.245587e-06 -5.5967811e-05  1.7381631e-05  6.7741585e-07  9.5802541e-06  1.4429198e-05
  2.7142861e-05 -1.6658233e-06              0  3.6952132e-06  9.1565636e-07  7.2493717e-07 -7.6970026e-08 -3.6969713e-06  1.7260998e-06  2.2213837e-07  1.0695358e-06  1.5542427e-06
  2.7033338e-05 -1.6660604e-06              0  2.9816422e-06  7.2493717e-07  5.8629834e-07 -6.4196357e-08 -2.9966278e-06  1.6711291e-06  2.6478953e-07  1.0376903e-06  1.5218045e-06
  1.0395443e-06  3.3231281e-07              0  -1.245587e-06 -7.6970026e-08 -6.4196357e-08  3.1590243e-07  8.3951312e-06  1.8596109e-08  1.0290714e-07  -1.153158e-07 -1.0455684e-07
  0.00013819726    5.71666e-06              0 -5.5967811e-05 -3.6969713e-06 -2.9966278e-06  8.3951312e-06  0.00056566152  7.3316439e-06  3.7327375e-06 -4.6341089e-07  1.6351655e-06
  0.00057768672 -3.3864832e-05              0  1.7381631e-05  1.7260998e-06  1.6711291e-06  1.8596109e-08  7.3316439e-06   3.503615e-05  7.9511531e-06  1.9176139e-05   3.016919e-05
  0.00014539342 -8.5512562e-06              0  6.7741585e-07  2.2213837e-07  2.6478953e-07  1.0290714e-07  3.7327375e-06  7.9511531e-06  3.5744572e-06  4.8936519e-06  7.3715335e-06
  0.00034320048  -2.002665e-05              0  9.5802541e-06  1.0695358e-06  1.0376903e-06  -1.153158e-07 -4.6341089e-07  1.9176139e-05  4.8936519e-06  1.4081652e-05  1.8042525e-05
  0.00052412088 -3.1180032e-05              0  1.4429198e-05  1.5542427e-06  1.5218045e-06 -1.0455684e-07  1.6351655e-06   3.016919e-05  7.3715335e-06  1.8042525e-05  2.8836889e-05


# ext. ||   Name    ||   type  ||     Value     ||  Error +/- 

   0   ||Natural mortality || limited ||    0.05173504730508 ||0.001709205063211
   1   ||Targeted q || limited ||      9.128827331269 ||0.1232581820351
   2   ||Nontargeted q || limited ||                   2 ||22.06548931833
   3   ||     sigma || limited ||      1.573853670239 ||0.1030802014014
   4   ||  Biomass1 || limited ||     0.2185718821622 ||0.01000232368492
   5   ||  Biomass2 || limited ||     0.1812059191652 ||0.007287711133175
   6   ||   vm_mean || limited ||     0.8277353294206 ||0.001204448551683
   7   ||  vm_sigma || limited ||       46.1844524358 ||0.6645753959335
   8   ||Recruit year 1 || limited ||      8.523676198348 ||0.1168032259889
   9   ||Recruit year 2 || limited ||     0.4673325099656 ||0.009019631301984
  10   ||Recruit year 3 || limited ||      3.310557359652 ||0.04740175996195
  11   ||Recruit year 4 || limited ||      3.988501860615 ||0.07421292859672





