# Minimum negative log likelihood

Minuit did successfully converge.
# of function calls: 1083
minimum function Value: 226.9020929503
minimum edm: 9.519300410025e-06
minimum internal state vector: LAVector parameters:
    -0.6046163523827
     -0.926365108822
     -1.287002217587
     -1.400848806826
     -1.581891249982
      -1.58065387114
     -0.634181865862
    -0.1520202890469
     -1.187948503086
     -1.009732341646
     -1.339818381945
     -1.176572557527

minimum internal covariance matrix: LASymMatrix parameters:
   0.0001335931   -4.42188e-05              0 -6.8863455e-07 -9.0032358e-07 -7.7945554e-07  1.2673907e-06  -1.570705e-05  2.8636497e-05  4.1318453e-05  1.5259522e-05  2.6859552e-05
   -4.42188e-05  1.5063923e-05              0  3.8967399e-07  2.9375854e-07  2.5740157e-07  -3.151427e-07   3.697378e-06  -9.539065e-06 -1.3758168e-05 -5.0655409e-06 -8.9505149e-06
              0              0      2.0470249              0              0              0              0              0              0              0              0              0
 -6.8863455e-07  3.8967399e-07              0  3.5527233e-05 -1.6455914e-07 -1.1369487e-07  6.4106237e-08 -1.4928908e-06  -2.063396e-07 -2.9304583e-07 -3.6353979e-08 -2.1177859e-07
 -9.0032358e-07  2.9375854e-07              0 -1.6455914e-07   2.426766e-07  1.4834558e-07 -2.2442218e-08  4.4637058e-07 -2.1164972e-07 -2.5945641e-07 -1.1503158e-07 -1.6994675e-07
 -7.7945554e-07  2.5740157e-07              0 -1.1369487e-07  1.4834558e-07  1.0942172e-07 -1.7098117e-08  2.5700278e-07 -1.7134987e-07  -2.287037e-07 -9.7350493e-08 -1.4955099e-07
  1.2673907e-06  -3.151427e-07              0  6.4106237e-08 -2.2442218e-08 -1.7098117e-08  9.5836653e-08 -1.3494081e-06  2.5454754e-07  3.6687661e-07  1.4129216e-07  2.3742115e-07
  -1.570705e-05   3.697378e-06              0 -1.4928908e-06  4.4637058e-07  2.5700278e-07 -1.3494081e-06   3.761425e-05 -3.2741894e-06 -4.3787528e-06 -1.7813551e-06  -2.856559e-06
  2.8636497e-05  -9.539065e-06              0  -2.063396e-07 -2.1164972e-07 -1.7134987e-07  2.5454754e-07 -3.2741894e-06  6.4029901e-06  8.8762421e-06  3.2694233e-06   5.768357e-06
  4.1318453e-05 -1.3758168e-05              0 -2.9304583e-07 -2.5945641e-07  -2.287037e-07  3.6687661e-07 -4.3787528e-06  8.8762421e-06  1.3055036e-05  4.7146167e-06  8.3201197e-06
  1.5259522e-05 -5.0655409e-06              0 -3.6353979e-08 -1.1503158e-07 -9.7350493e-08  1.4129216e-07 -1.7813551e-06  3.2694233e-06  4.7146167e-06  1.9918377e-06  3.0610537e-06
  2.6859552e-05 -8.9505149e-06              0 -2.1177859e-07 -1.6994675e-07 -1.4955099e-07  2.3742115e-07  -2.856559e-06   5.768357e-06  8.3201197e-06  3.0610537e-06  5.6608992e-06


# ext. ||   Name    ||   type  ||     Value     ||  Error +/- 

   0   ||Natural mortality || limited ||    0.06473302748401 ||0.001008592231735
   1   ||Targeted q || limited ||      10.02792057343 ||0.08243522282818
   2   ||Nontargeted q || limited ||                   2 ||55.33556759903
   3   ||     sigma || limited ||     0.7203177876347 ||0.03564155713462
   4   ||  Biomass1 || limited ||    0.03077401444823 ||0.001932343531935
   5   ||  Biomass2 || limited ||    0.02429259841397 ||0.001152838525587
   6   ||   vm_mean || limited ||     -1.861452267081 ||0.0005539834850955
   7   ||  vm_sigma || limited ||      33.94315853681 ||0.1714654588596
   8   ||Recruit year 1 || limited ||      3.629410266853 ||0.03341699177313
   9   ||Recruit year 2 || limited ||      7.674760581261 ||0.06796464904743
  10   ||Recruit year 3 || limited ||      1.337718214883 ||0.0114219547609
  11   ||Recruit year 4 || limited ||      3.844867164584 ||0.0323064254945





