# Minimum negative log likelihood

Minuit did successfully converge.
# of function calls: 1213
minimum function Value: 369.2667101268
minimum edm: 9.262756247226e-06
minimum internal state vector: LAVector parameters:
     0.6187077963431
     -1.224601919304
     -1.287002217587
     -1.331222324236
     -1.406357650269
     -1.413757329686
     0.3041777565749
    -0.9619937903567
     -1.146418684295
     -1.459658322762
    -0.9667701565373
     0.1130083852656
    0.04945308481789
    0.02220767121482
    0.09550227143806

minimum internal covariance matrix: LASymMatrix parameters:
   0.0031457249 -0.00024031598              0 -5.4452395e-05  0.00011531431  0.00010858526  -0.0013248863  0.00060201181  0.00041237148  0.00011153618  0.00057500249  1.2682749e-05  1.5524843e-05  1.8451181e-05  1.0847125e-05
 -0.00024031598  2.0917608e-05              0  3.3120256e-06 -1.0180293e-05 -9.5347757e-06  8.6591836e-05 -4.8226226e-05 -3.3048973e-05 -8.5631848e-06 -4.7940383e-05 -8.5898997e-07 -1.0562502e-06 -1.3331022e-06 -7.7079574e-07
              0              0              2              0              0              0              0              0              0              0              0              0              0              0              0
 -5.4452395e-05  3.3120256e-06              0  7.7540134e-05 -1.3759796e-06 -1.3730768e-06  2.5424156e-05 -1.0542807e-05 -5.0948069e-06 -2.0491648e-06 -8.6971934e-06 -3.9889211e-07  -5.088433e-07 -7.2330125e-07 -1.4156991e-07
  0.00011531431 -1.0180293e-05              0 -1.3759796e-06  6.0780719e-06  5.5671703e-06 -4.3893411e-05  2.3382911e-05  1.5905166e-05  4.2312404e-06  2.3410659e-05  3.7019682e-07  5.4781384e-07  7.7599963e-07  4.0166091e-07
  0.00010858526 -9.5347757e-06              0 -1.3730768e-06  5.5671703e-06  5.1200649e-06 -4.0752762e-05  2.1937085e-05  1.4945935e-05  3.9575856e-06  2.1953236e-05   3.609079e-07  5.0855161e-07  7.0161903e-07  3.7498958e-07
  -0.0013248863  8.6591836e-05              0  2.5424156e-05 -4.3893411e-05 -4.0752762e-05   0.0032575006 -0.00023697073 -0.00016177415 -5.0804274e-05 -0.00023125569 -1.5476781e-05 -1.6030466e-05 -1.3829646e-05 -1.8206461e-05
  0.00060201181 -4.8226226e-05              0 -1.0542807e-05  2.3382911e-05  2.1937085e-05 -0.00023697073   0.0001194887  7.9943879e-05  2.1194191e-05  0.00011342869  2.1450554e-06  2.8896653e-06  3.6510431e-06  2.0216845e-06
  0.00041237148 -3.3048973e-05              0 -5.0948069e-06  1.5905166e-05  1.4945935e-05 -0.00016177415  7.9943879e-05   5.764352e-05  1.4674394e-05   7.720882e-05  1.4850604e-06  1.8486168e-06  2.4447745e-06  1.4056952e-06
  0.00011153618 -8.5631848e-06              0 -2.0491648e-06  4.2312404e-06  3.9575856e-06 -5.0804274e-05  2.1194191e-05  1.4674394e-05   6.994179e-06  2.0683509e-05  4.9029156e-07  6.9721758e-07  6.8692499e-07  3.0286053e-07
  0.00057500249 -4.7940383e-05              0 -8.6971934e-06  2.3410659e-05  2.1953236e-05 -0.00023125569  0.00011342869   7.720882e-05  2.0683509e-05  0.00011648269  2.2364535e-06  2.8143779e-06   3.524525e-06  2.1269694e-06
  1.2682749e-05 -8.5898997e-07              0 -3.9889211e-07  3.7019682e-07   3.609079e-07 -1.5476781e-05  2.1450554e-06  1.4850604e-06  4.9029156e-07  2.2364535e-06  2.8372919e-07  1.0722667e-07 -5.9736536e-09  5.8896095e-08
  1.5524843e-05 -1.0562502e-06              0  -5.088433e-07  5.4781384e-07  5.0855161e-07 -1.6030466e-05  2.8896653e-06  1.8486168e-06  6.9721758e-07  2.8143779e-06  1.0722667e-07   2.922854e-07  1.9282128e-07  9.0357483e-08
  1.8451181e-05 -1.3331022e-06              0 -7.2330125e-07  7.7599963e-07  7.0161903e-07 -1.3829646e-05  3.6510431e-06  2.4447745e-06  6.8692499e-07   3.524525e-06 -5.9736536e-09  1.9282128e-07  2.9585417e-06  1.3020393e-07
  1.0847125e-05 -7.7079574e-07              0 -1.4156991e-07  4.0166091e-07  3.7498958e-07 -1.8206461e-05  2.0216845e-06  1.4056952e-06  3.0286053e-07  2.1269694e-06  5.8896095e-08  9.0357483e-08  1.3020393e-07  2.7820827e-07


# ext. ||   Name    ||   type  ||     Value     ||  Error +/- 

   0   ||Natural mortality || limited ||    0.05949957447522 ||0.0008074788937713
   1   ||Targeted q || limited ||      2.966458160783 ||0.05486814916066
   2   ||Nontargeted q || limited ||                   2 ||22.06548931833
   3   ||     sigma || limited ||      1.428042628826 ||0.07387419214978
   4   ||  Biomass1 || limited ||      6.744800685852 ||0.1426864329537
   5   ||  Biomass2 || limited ||      6.152651708281 ||0.1251162034754
   6   ||  vm_sigma || limited ||      51.98070142163 ||1.539766526359
   7   ||Recruit year 1 || limited ||      8.992430770271 ||0.2209936483236
   8   ||Recruit year 2 || limited ||      4.444798104206 ||0.1105152613296
   9   ||Recruit year 3 || limited ||     0.3184428415459 ||0.01036926264524
  10   ||Recruit year 4 || limited ||      8.856336029751 ||0.2166987681951
  11   ||Mean Rec dist 1 || limited ||      1.127680024391 ||0.003742466441131
  12   ||Mean Rec dist 2 || limited ||     0.4943293014257 ||0.003818187719325
  13   ||Mean Rec dist 3 || limited ||     0.2220584586084 ||0.01215952578734
  14   ||Mean Rec dist 4 || limited ||      0.953571632907 ||0.00371267097468





