# Minimum negative log likelihood

Minuit did successfully converge.
# of function calls: 1441
minimum function Value: 452.5538846039
minimum edm: 6.602640427491e-05
minimum internal state vector: LAVector parameters:
    -0.1531779833118
     -1.350436557982
     -1.287002217587
     -1.277754102562
     -1.411971028754
     -1.415533241962
    -0.4146211497209
    -0.1122216135573
     -1.159770771473
      -1.25677019388
     -1.079198465384
     -1.135810790272

minimum internal covariance matrix: LASymMatrix parameters:
    0.010167611  -0.0018844327              0  -8.174654e-05   0.0013488811   0.0013087926   2.455697e-05 -0.00052872287   0.0037767914   0.0028591792   0.0041833364   0.0037915793
  -0.0018844327  0.00036544812              0  1.5048453e-05 -0.00026081828 -0.00025314638 -8.8940062e-07  -4.027635e-05  -0.0007222157  -0.0005449011 -0.00080049207 -0.00072564584
              0              0              2              0              0              0              0              0              0              0              0              0
  -8.174654e-05  1.5048453e-05              0  0.00010658123  -1.125583e-05 -1.0816446e-05 -2.5960803e-07  -1.719886e-05 -2.9810878e-05 -2.3733833e-05 -3.2661349e-05 -3.0791532e-05
   0.0013488811 -0.00026081828              0  -1.125583e-05  0.00019561635  0.00018850275  4.7433227e-07 -8.4645622e-06  0.00052375938  0.00038951341  0.00057145547  0.00051858005
   0.0013087926 -0.00025314638              0 -1.0816446e-05  0.00018850275   0.0001818981  5.7473328e-07 -1.3119549e-06  0.00050660981  0.00037801241  0.00055464746  0.00050326577
   2.455697e-05 -8.8940062e-07              0 -2.5960803e-07  4.7433227e-07  5.7473328e-07  5.7688634e-06 -7.0204728e-05  2.9798207e-06   3.421211e-06   4.537437e-06  3.9106399e-06
 -0.00052872287  -4.027635e-05              0  -1.719886e-05 -8.4645622e-06 -1.3119549e-06 -7.0204728e-05   0.0073123221 -5.0215705e-05 -1.8365073e-05 -1.5939064e-06 -2.8741031e-06
   0.0037767914  -0.0007222157              0 -2.9810878e-05  0.00052375938  0.00050660981  2.9798207e-06 -5.0215705e-05   0.0014496731   0.0010824078   0.0015886605   0.0014404777
   0.0028591792  -0.0005449011              0 -2.3733833e-05  0.00038951341  0.00037801241   3.421211e-06 -1.8365073e-05   0.0010824078  0.00082227689   0.0011993302    0.001087746
   0.0041833364 -0.00080049207              0 -3.2661349e-05  0.00057145547  0.00055464746   4.537437e-06 -1.5939064e-06   0.0015886605   0.0011993302   0.0017642863   0.0015954237
   0.0037915793 -0.00072564584              0 -3.0791532e-05  0.00051858005  0.00050326577  3.9106399e-06 -2.8741031e-06   0.0014404777    0.001087746   0.0015954237   0.0014509793


# ext. ||   Name    ||   type  ||     Value     ||  Error +/- 

   0   ||Natural mortality || limited ||    0.04118550823653 ||0.001760156775822
   1   ||Targeted q || limited ||      1.209056301855 ||0.1477292437303
   2   ||Nontargeted q || limited ||                   2 ||22.06548931833
   3   ||     sigma || limited ||      2.131524413279 ||0.1054357961471
   4   ||  Biomass1 || limited ||      6.293123203808 ||0.7820648359404
   5   ||  Biomass2 || limited ||      6.014559239905 ||0.7373682116953
   6   ||   vm_mean || limited ||     -1.265569267156 ||0.004883470258685
   7   ||  vm_sigma || limited ||      35.52110741493 ||2.401939715657
   8   ||Recruit year 1 || limited ||      4.174006324042 ||0.5377308325026
   9   ||Recruit year 2 || limited ||      2.454873085516 ||0.3131087703665
  10   ||Recruit year 3 || limited ||      5.930421017904 ||0.7008201475232
  11   ||Recruit year 4 || limited ||      4.665727517471 ||0.5673896428993





