# Minimum negative log likelihood

Minuit did successfully converge.
# of function calls: 1167
minimum function Value: 453.4216525936
minimum edm: 4.435744963522e-06
minimum internal state vector: LAVector parameters:
    0.06283732681384
     -1.012540722448
     -1.287002217587
     -1.277142001638
     -1.522247244539
     -1.523566665713
     -1.256957205157
     -0.957170926556
     -1.087539002999
     -1.083012083324
    -0.9441607573271
     0.1167975906861
    0.09653566333366
      0.118355746512
    0.06591956391272

minimum internal covariance matrix: LASymMatrix parameters:
    0.016573253 -0.00071953324              0   0.0001109944  7.9312988e-05  6.3081325e-05 -0.00013278122   0.0017946362   0.0013791391   0.0014001464   0.0017514885  0.00022283422  0.00022262893  0.00021168074  0.00022787595
 -0.00071953324  3.7570213e-05              0 -7.0944827e-06 -3.5374632e-06 -3.0610944e-06   2.148048e-06 -7.9614388e-05 -6.1134886e-05 -6.2070822e-05 -7.8641609e-05 -8.1129703e-06  -8.773744e-06 -7.9736396e-06 -9.2239063e-06
              0              0              2              0              0              0              0              0              0              0              0              0              0              0              0
   0.0001109944 -7.0944827e-06              0  9.2673183e-05  2.2860915e-06  1.7057655e-06   6.709941e-07  1.2617937e-05   9.159618e-06  1.0250866e-05  1.1988875e-05  8.7686417e-07  1.1752678e-06  1.1051828e-06  1.3795811e-06
  7.9312988e-05 -3.5374632e-06              0  2.2860915e-06  1.9171774e-06  1.3983979e-06 -7.4212845e-07  8.6652761e-06  6.6157583e-06  6.9009979e-06  8.3699351e-06  1.0802241e-06  1.0295198e-06  1.0048329e-06  1.0713692e-06
  6.3081325e-05 -3.0610944e-06              0  1.7057655e-06  1.3983979e-06  1.0729626e-06 -3.7030132e-07  6.9179372e-06  5.3139501e-06  5.5261316e-06  6.7567896e-06  7.8582075e-07  7.8266689e-07  7.3950893e-07  8.1487339e-07
 -0.00013278122   2.148048e-06              0   6.709941e-07 -7.4212845e-07 -3.7030132e-07  4.6368673e-06 -1.3404576e-05 -1.0122681e-05   -1.04114e-05 -1.2756506e-05 -2.9521723e-06  -2.413116e-06 -2.5740558e-06 -2.4895974e-06
   0.0017946362 -7.9614388e-05              0  1.2617937e-05  8.6652761e-06  6.9179372e-06 -1.3404576e-05  0.00019760439  0.00014960524  0.00015168827  0.00019039981  2.3705632e-05  2.3985627e-05   2.264098e-05     2.4491e-05
   0.0013791391 -6.1134886e-05              0   9.159618e-06  6.6157583e-06  5.3139501e-06 -1.0122681e-05  0.00014960524  0.00011796768  0.00011642395  0.00014608343   1.814236e-05  1.8302891e-05  1.7370257e-05  1.8783728e-05
   0.0014001464 -6.2070822e-05              0  1.0250866e-05  6.9009979e-06  5.5261316e-06   -1.04114e-05  0.00015168827  0.00011642395  0.00012181492  0.00014815326  1.8544354e-05  1.8448919e-05  1.7553474e-05  1.9129785e-05
   0.0017514885 -7.8641609e-05              0  1.1988875e-05  8.3699351e-06  6.7567896e-06 -1.2756506e-05  0.00019039981  0.00014608343  0.00014815326  0.00019008929  2.2939391e-05  2.3223645e-05  2.1915366e-05  2.4211785e-05
  0.00022283422 -8.1129703e-06              0  8.7686417e-07  1.0802241e-06  7.8582075e-07 -2.9521723e-06  2.3705632e-05   1.814236e-05  1.8544354e-05  2.2939391e-05   3.958002e-06  3.2308774e-06  3.1844641e-06  3.2614792e-06
  0.00022262893  -8.773744e-06              0  1.1752678e-06  1.0295198e-06  7.8266689e-07  -2.413116e-06  2.3985627e-05  1.8302891e-05  1.8448919e-05  2.3223645e-05  3.2308774e-06   3.976143e-06  3.0450476e-06  3.1788455e-06
  0.00021168074 -7.9736396e-06              0  1.1051828e-06  1.0048329e-06  7.3950893e-07 -2.5740558e-06   2.264098e-05  1.7370257e-05  1.7553474e-05  2.1915366e-05  3.1844641e-06  3.0450476e-06  3.8432197e-06  3.0742575e-06
  0.00022787595 -9.2239063e-06              0  1.3795811e-06  1.0713692e-06  8.1487339e-07 -2.4895974e-06     2.4491e-05  1.8783728e-05  1.9129785e-05  2.4211785e-05  3.2614792e-06  3.1788455e-06  3.0742575e-06  3.7565998e-06


# ext. ||   Name    ||   type  ||     Value     ||  Error +/- 

   0   ||Natural mortality || limited ||    0.04656989956173 ||0.002268145658055
   1   ||Targeted q || limited ||      7.590978981239 ||0.1147919806303
   2   ||Nontargeted q || limited ||                   2 ||22.06548931833
   3   ||     sigma || limited ||      2.140374140139 ||0.09851566920605
   4   ||  Biomass1 || limited ||     0.5891376162274 ||0.02375726787279
   5   ||  Biomass2 || limited ||     0.5575565675357 ||0.01729022419628
   6   ||  vm_sigma || limited ||      1.954759681454 ||0.01880208233096
   7   ||Recruit year 1 || limited ||      9.130799726742 ||0.2861547497832
   8   ||Recruit year 2 || limited ||      5.735124651875 ||0.1784143038501
   9   ||Recruit year 3 || limited ||      5.840742657347 ||0.1828623421511
  10   ||Recruit year 4 || limited ||      9.508796625431 ||0.2858211894416
  11   ||Mean Rec dist 1 || limited ||      1.165322192516 ||0.01397184792485
  12   ||Mean Rec dist 2 || limited ||     0.9638579504769 ||0.01403424578864
  13   ||Mean Rec dist 3 || limited ||      1.180796171369 ||0.01376523159835
  14   ||Mean Rec dist 4 || limited ||     0.6587183326068 ||0.0136753376819





