# Minimum negative log likelihood

Minuit did successfully converge.
# of function calls: 1435
minimum function Value: 165.7448577884
minimum edm: 1.277433115295e-05
minimum internal state vector: LAVector parameters:
    -0.6681683178031
     -1.309653042156
     -1.287002217587
     -1.424132624996
     -1.358345723296
     -1.363046206514
     0.6523355818711
    -0.6640006049565
     -1.151232488026
      -1.14779491404
    -0.9498791898983
    -0.9606054791917

minimum internal covariance matrix: LASymMatrix parameters:
  2.6608609e-05 -1.9813506e-05              0 -6.6348827e-07  1.6205795e-05  1.5792789e-05  1.9181533e-08 -3.1669399e-06  3.3809514e-05  3.2126084e-05   4.712422e-05    4.83194e-05
 -1.9813506e-05  1.5630858e-05              0  7.9017217e-07 -1.2808504e-05    -1.2467e-05  2.8607805e-07 -4.8813217e-07 -2.6121454e-05 -2.4838044e-05 -3.6496227e-05 -3.7670604e-05
              0              0              2              0              0              0              0              0              0              0              0              0
 -6.6348827e-07  7.9017217e-07              0  3.2487447e-05 -4.3485402e-07 -4.6331487e-07  -5.930772e-08 -2.0146444e-06 -8.2394555e-07 -6.3863715e-07 -1.4089706e-06 -2.3147783e-06
  1.6205795e-05 -1.2808504e-05              0 -4.3485402e-07  1.0798103e-05  1.0475931e-05 -2.6136198e-07  2.4233377e-07  2.1443381e-05  2.0360316e-05  2.9888739e-05  3.0812779e-05
  1.5792789e-05    -1.2467e-05              0 -4.6331487e-07  1.0475931e-05  1.0168734e-05 -2.4721025e-07  1.9334716e-07  2.0869425e-05  1.9820331e-05  2.9100727e-05  3.0004259e-05
  1.9181533e-08  2.8607805e-07              0  -5.930772e-08 -2.6136198e-07 -2.4721025e-07  3.5786358e-07 -1.4959697e-06  -2.827829e-07 -3.0512962e-07 -4.3552445e-07 -4.3484018e-07
 -3.1669399e-06 -4.8813217e-07              0 -2.0146444e-06  2.4233377e-07  1.9334716e-07 -1.4959697e-06   4.939932e-05 -7.4617226e-07 -5.9395476e-07 -5.1725584e-07 -5.6074144e-07
  3.3809514e-05 -2.6121454e-05              0 -8.2394555e-07  2.1443381e-05  2.0869425e-05  -2.827829e-07 -7.4617226e-07  4.4440139e-05  4.1849532e-05  6.1420668e-05   6.315272e-05
  3.2126084e-05 -2.4838044e-05              0 -6.3863715e-07  2.0360316e-05  1.9820331e-05 -3.0512962e-07 -5.9395476e-07  4.1849532e-05  4.0135485e-05  5.8393199e-05  6.0056653e-05
   4.712422e-05 -3.6496227e-05              0 -1.4089706e-06  2.9888739e-05  2.9100727e-05 -4.3552445e-07 -5.1725584e-07  6.1420668e-05  5.8393199e-05  8.6038301e-05  8.8272219e-05
    4.83194e-05 -3.7670604e-05              0 -2.3147783e-06  3.0812779e-05  3.0004259e-05 -4.3484018e-07 -5.6074144e-07   6.315272e-05  6.0056653e-05  8.8272219e-05  9.1821212e-05


# ext. ||   Name    ||   type  ||     Value     ||  Error +/- 

   0   ||Natural mortality || limited ||    0.05706761491107 ||0.0004294698636789
   1   ||Targeted q || limited ||      1.695228481575 ||0.03608920081037
   2   ||Nontargeted q || limited ||                   2 ||22.06548931833
   3   ||     sigma || limited ||     0.5367927880038 ||0.02944938175882
   4   ||  Biomass1 || limited ||      11.24143704225 ||0.2449708419213
   5   ||  Biomass2 || limited ||      10.75127567285 ||0.2325416936515
   6   ||   vm_mean || limited ||      1.907085197961 ||0.001056037713189
   7   ||  vm_sigma || limited ||      15.34991277747 ||0.1565550449731
   8   ||Recruit year 1 || limited ||      4.346231195691 ||0.09600157478735
   9   ||Recruit year 2 || limited ||      4.416510706995 ||0.09193622346985
  10   ||Recruit year 3 || limited ||      9.341805443107 ||0.1907717976635
  11   ||Recruit year 4 || limited ||      9.032164066489 ||0.1941120431269





