# Minimum negative log likelihood

Minuit did successfully converge.
# of function calls: 998
minimum function Value: 684.6849745728
minimum edm: 3.923763193645e-05
minimum internal state vector: LAVector parameters:
    -0.9562409849032
    -0.9692688023095
     -1.287002217587
     -1.054902149609
     -1.532093027282
     -1.534825889355
    -0.3286475419341
     -0.143371655601
     -1.047910198209
     -1.223847035386
     -1.075739215044
       -1.2739016417

minimum internal covariance matrix: LASymMatrix parameters:
    0.012151906   -0.003087813              0  0.00025026865  0.00019224475  0.00018563182  4.2572785e-05 -0.00078259843   0.0032227694   0.0016220041    0.002754539   0.0014520438
   -0.003087813  0.00080103505              0 -6.7119607e-05  -4.979785e-05 -4.8094805e-05 -6.1385053e-06  0.00011727036 -0.00081953397 -0.00041173111 -0.00070036945 -0.00036832684
              0              0              2              0              0              0              0              0              0              0              0              0
  0.00025026865 -6.7119607e-05              0  0.00037548654  1.6252564e-06  2.4683713e-06  1.2608566e-06 -3.5056707e-05  6.8298913e-05  3.2815418e-05  5.8898129e-05  3.0078518e-05
  0.00019224475  -4.979785e-05              0  1.6252564e-06  1.8854626e-05  1.4877444e-05  2.1619168e-07 -1.5878967e-05  5.2615694e-05  2.5822389e-05  4.3828229e-05  2.1979983e-05
  0.00018563182 -4.8094805e-05              0  2.4683713e-06  1.4877444e-05  1.2088096e-05  2.5673366e-07 -1.1430062e-05   5.021279e-05  2.4965326e-05  4.2228655e-05  2.1631183e-05
  4.2572785e-05 -6.1385053e-06              0  1.2608566e-06  2.1619168e-07  2.5673366e-07  5.6074189e-06 -8.2554958e-05  1.1008799e-05  5.6521389e-06  9.2414862e-06   5.571407e-06
 -0.00078259843  0.00011727036              0 -3.5056707e-05 -1.5878967e-05 -1.1430062e-05 -8.2554958e-05   0.0037173043 -0.00020494894 -0.00010143316 -0.00017118492   -9.83789e-05
   0.0032227694 -0.00081953397              0  6.8298913e-05  5.2615694e-05   5.021279e-05  1.1008799e-05 -0.00020494894  0.00087435542  0.00042992438  0.00072946932  0.00038262391
   0.0016220041 -0.00041173111              0  3.2815418e-05  2.5822389e-05  2.4965326e-05  5.6521389e-06 -0.00010143316  0.00042992438  0.00023847788  0.00036730811  0.00019303199
    0.002754539 -0.00070036945              0  5.8898129e-05  4.3828229e-05  4.2228655e-05  9.2414862e-06 -0.00017118492  0.00072946932  0.00036730811  0.00064229114  0.00032905697
   0.0014520438 -0.00036832684              0  3.0078518e-05  2.1979983e-05  2.1631183e-05   5.571407e-06   -9.83789e-05  0.00038262391  0.00019303199  0.00032905697  0.00019180388


# ext. ||   Name    ||   type  ||     Value     ||  Error +/- 

   0   ||Natural mortality || limited ||    0.02744551268537 ||0.006734876997595
   1   ||Targeted q || limited ||      8.776392642446 ||0.566230704081
   2   ||Nontargeted q || limited ||                   2 ||22.06548931833
   3   ||     sigma || limited ||      6.507401949547 ||0.3379566750379
   4   ||  Biomass1 || limited ||     0.3744396039639 ||0.05940224339085
   5   ||  Biomass2 || limited ||     0.3234332167035 ||0.04420644458575
   6   ||   vm_mean || limited ||     -1.013990654503 ||0.004978832233984
   7   ||  vm_sigma || limited ||      34.28533214202 ||1.706240104679
   8   ||Recruit year 1 || limited ||      6.690256540116 ||0.5219842871826
   9   ||Recruit year 2 || limited ||      2.988981010738 ||0.1856285721013
  10   ||Recruit year 3 || limited ||      6.012320782314 ||0.4256207438857
  11   ||Recruit year 4 || limited ||      2.197303007265 ||0.1432308753739





