# Minimum negative log likelihood

Minuit did successfully converge.
# of function calls: 1403
minimum function Value: 473.9689208874
minimum edm: 5.43657493886e-05
minimum internal state vector: LAVector parameters:
     0.6429791654656
     -1.036598674391
     -1.287002217587
     -1.262209255969
     -1.525710963176
     -1.528991442308
   0.002112626177368
     -1.269853192591
      -1.31432182366
     -1.068292835015
     -1.165119634911
     0.1156928182921
    0.06103237818241
    0.07935571211878
    0.03767361443562

minimum internal covariance matrix: LASymMatrix parameters:
   0.0071703535 -0.00044384566              0  2.7112534e-05  4.0527966e-05  3.5961242e-05  -0.0012714793  0.00037615298  0.00032592887  0.00064917091  0.00046885565   2.489739e-05  2.2121237e-05  2.2577556e-05  2.0632252e-05
 -0.00044384566  3.3994507e-05              0 -9.1651609e-07 -2.9350978e-06 -2.6030032e-06   5.669841e-05 -2.3922008e-05 -2.0847769e-05 -4.2206758e-05 -3.1446481e-05 -1.1579838e-06 -8.2053101e-07  -1.035682e-06 -1.1487646e-06
              0              0              2              0              0              0              0              0              0              0              0              0              0              0              0
  2.7112534e-05 -9.1651609e-07              0  0.00011405441 -1.7342426e-08 -3.5409617e-08 -1.5193187e-05  2.1377577e-06  2.8053636e-07  3.1248888e-06   2.172491e-06  2.8850195e-07  2.3083523e-07  2.6820207e-07  1.9302983e-07
  4.0527966e-05 -2.9350978e-06              0 -1.7342426e-08  2.2829392e-06  1.8337744e-06  -3.845655e-06  2.2697724e-06  2.1437036e-06  3.8756521e-06  2.6188657e-06  1.4823899e-07  8.6079815e-08  1.0680192e-07  4.8532535e-08
  3.5961242e-05 -2.6030032e-06              0 -3.5409617e-08  1.8337744e-06  1.4955561e-06  -3.854528e-06  1.9979371e-06  1.8871405e-06  3.4273905e-06  2.3396183e-06  1.3001249e-07  7.4450199e-08  9.4306018e-08   5.118661e-08
  -0.0012714793   5.669841e-05              0 -1.5193187e-05  -3.845655e-06  -3.854528e-06   0.0017550163   -6.36994e-05 -5.2111185e-05 -9.7419203e-05 -8.1202512e-05 -1.3517465e-05 -1.2655584e-05  -1.029417e-05  -1.227985e-05
  0.00037615298 -2.3922008e-05              0  2.1377577e-06  2.2697724e-06  1.9979371e-06   -6.36994e-05  2.4923471e-05  1.7431605e-05   3.342617e-05  2.4775925e-05  1.1303177e-06  1.0083914e-06  1.0963695e-06  1.0247244e-06
  0.00032592887 -2.0847769e-05              0  2.8053636e-07  2.1437036e-06  1.8871405e-06 -5.2111185e-05  1.7431605e-05  1.9167536e-05  2.9647552e-05  2.1787246e-05  8.6100781e-07  8.1462323e-07  8.9364835e-07  9.9018068e-07
  0.00064917091 -4.2206758e-05              0  3.1248888e-06  3.8756521e-06  3.4273905e-06 -9.7419203e-05   3.342617e-05  2.9647552e-05     6.4394e-05  4.2150918e-05  1.8458581e-06  1.9273786e-06   1.786863e-06  1.7167375e-06
  0.00046885565 -3.1446481e-05              0   2.172491e-06  2.6188657e-06  2.3396183e-06 -8.1202512e-05  2.4775925e-05  2.1787246e-05  4.2150918e-05  3.8374351e-05  1.3943336e-06  1.4353687e-06  1.4192121e-06  1.4418627e-06
   2.489739e-05 -1.1579838e-06              0  2.8850195e-07  1.4823899e-07  1.3001249e-07 -1.3517465e-05  1.1303177e-06  8.6100781e-07  1.8458581e-06  1.3943336e-06  1.0544027e-06  2.2607405e-07  1.7168361e-07  1.1244711e-07
  2.2121237e-05 -8.2053101e-07              0  2.3083523e-07  8.6079815e-08  7.4450199e-08 -1.2655584e-05  1.0083914e-06  8.1462323e-07  1.9273786e-06  1.4353687e-06  2.2607405e-07  7.8093346e-07  9.4659387e-08  6.7353492e-08
  2.2577556e-05  -1.035682e-06              0  2.6820207e-07  1.0680192e-07  9.4306018e-08  -1.029417e-05  1.0963695e-06  8.9364835e-07   1.786863e-06  1.4192121e-06  1.7168361e-07  9.4659387e-08   3.067352e-07  9.0728024e-08
  2.0632252e-05 -1.1487646e-06              0  1.9302983e-07  4.8532535e-08   5.118661e-08  -1.227985e-05  1.0247244e-06  9.9018068e-07  1.7167375e-06  1.4418627e-06  1.1244711e-07  6.7353492e-08  9.0728024e-08  2.9592354e-07


# ext. ||   Name    ||   type  ||     Value     ||  Error +/- 

   0   ||Natural mortality || limited ||    0.05998955909073 ||0.00119727981587
   1   ||Targeted q || limited ||      6.966128897028 ||0.1049553172178
   2   ||Nontargeted q || limited ||                   2 ||22.06548931833
   3   ||     sigma || limited ||      2.361817730743 ||0.1146753187579
   4   ||  Biomass1 || limited ||     0.5080864292278 ||0.02407634375345
   5   ||  Biomass2 || limited ||     0.4368484647231 ||0.01806994516138
   6   ||  vm_sigma || limited ||      40.08500392792 ||1.184719833393
   7   ||Recruit year 1 || limited ||       2.25690783349 ||0.05231473501662
   8   ||Recruit year 2 || limited ||      1.645321089004 ||0.03926146366055
   9   ||Recruit year 3 || limited ||      6.190403140929 ||0.1366272758213
  10   ||Recruit year 4 || limited ||      4.067816305039 ||0.08642362706122
  11   ||Mean Rec dist 1 || limited ||      1.154349028774 ||0.007212324083763
  12   ||Mean Rec dist 2 || limited ||     0.6099449480053 ||0.006237098804619
  13   ||Mean Rec dist 3 || limited ||     0.7927245016768 ||0.003903893056977
  14   ||Mean Rec dist 4 || limited ||     0.3766470336683 ||0.003843850392197





