# Minimum negative log likelihood

Minuit did successfully converge.
# of function calls: 1202
minimum function Value: 614.6585623929
minimum edm: 1.475230530256e-05
minimum internal state vector: LAVector parameters:
      1.572528049173
    -0.9813494400889
     -1.287002217587
     -1.136251026028
     -1.526811687872
     -1.529776750734
   -0.09649597002855
  -0.009634819704894
     -1.479364827055
     -1.099025569881
    -0.9937868914137
     -1.116071680785

minimum internal covariance matrix: LASymMatrix parameters:
     0.35846578  0.00013829254              0 -0.00022590749 -2.7116536e-06  3.8128488e-06  -1.290848e-05 -0.00093478058   1.702016e-06 -0.00016644474 -0.00029538875 -0.00017806154
  0.00013829254  1.7959191e-05              0 -1.0359715e-06  -1.270368e-06 -1.1591483e-06  3.5096391e-06 -7.7317452e-05 -5.4947058e-07 -3.4133927e-06 -4.7849236e-06 -3.5378965e-06
              0              0              2              0              0              0              0              0              0              0              0              0
 -0.00022590749 -1.0359715e-06              0  0.00023500264  1.8722093e-06  1.5003849e-06 -3.3785702e-07 -6.0086486e-06 -5.2576808e-07 -3.5006455e-07 -3.5984312e-07 -1.5026943e-06
 -2.7116536e-06  -1.270368e-06              0  1.8722093e-06  8.7727176e-06  7.0356394e-06 -2.3645607e-07  3.5467295e-06  7.1297191e-07  2.8507508e-07  4.6563887e-07  3.0586609e-07
  3.8128488e-06 -1.1591483e-06              0  1.5003849e-06  7.0356394e-06  5.7241341e-06 -2.1093022e-07    3.66113e-06  4.7078678e-07  2.6238799e-07  4.2602262e-07   2.793327e-07
  -1.290848e-05  3.5096391e-06              0 -3.3785702e-07 -2.3645607e-07 -2.1093022e-07   2.134972e-06 -4.2621927e-05 -6.2673297e-08 -6.2665839e-07  -1.013299e-06 -7.0206951e-07
 -0.00093478058 -7.7317452e-05              0 -6.0086486e-06  3.5467295e-06    3.66113e-06 -4.2621927e-05   0.0022324915  1.3474414e-06  1.1649333e-05  1.7470131e-05  1.4161031e-05
   1.702016e-06 -5.4947058e-07              0 -5.2576808e-07  7.1297191e-07  4.7078678e-07 -6.2673297e-08  1.3474414e-06  1.1891327e-05  5.8400024e-08  1.4935518e-07  3.8739981e-07
 -0.00016644474 -3.4133927e-06              0 -3.5006455e-07  2.8507508e-07  2.6238799e-07 -6.2665839e-07  1.1649333e-05  5.8400024e-08  1.1652337e-05  5.9358235e-07  6.1455385e-07
 -0.00029538875 -4.7849236e-06              0 -3.5984312e-07  4.6563887e-07  4.2602262e-07  -1.013299e-06  1.7470131e-05  1.4935518e-07  5.9358235e-07  1.2330303e-05   7.721202e-07
 -0.00017806154 -3.5378965e-06              0 -1.5026943e-06  3.0586609e-07   2.793327e-07 -7.0206951e-07  1.4161031e-05  3.8739981e-07  6.1455385e-07   7.721202e-07  1.2088095e-05


# ext. ||   Name    ||   type  ||     Value     ||  Error +/- 

   0   ||Natural mortality || limited ||    0.06999996251423** ||0.002207144131937
   1   ||Targeted q || limited ||      8.437585867205 ||0.08329049702608
   2   ||Nontargeted q || limited ||                   2 ||22.06548931833
   3   ||     sigma || limited ||      4.646921823467 ||0.2281722939678
   4   ||  Biomass1 || limited ||     0.4835841439839 ||0.04604502916855
   5   ||  Biomass2 || limited ||      0.420592425835 ||0.03468798468903
   6   ||   vm_mean || limited ||    -0.3026807857958 ||0.003230768080888
   7   ||  vm_sigma || limited ||      39.61511799176 ||1.336083239334
   8   ||Recruit year 1 || limited ||      0.218826540891 ||0.01113055682538
   9   ||Recruit year 2 || limited ||      5.471206859608 ||0.05484252767293
  10   ||Recruit year 3 || limited ||      8.104300087611 ||0.06771870900315
  11   ||Recruit year 4 || limited ||       5.09039181873 ||0.05398426388692

** Parameter is at Upper limit




