# Minimum negative log likelihood

Minuit did successfully converge.
# of function calls: 864
minimum function Value: 504.3734041731
minimum edm: 3.455245483746e-05
minimum internal state vector: LAVector parameters:
    -0.9647816508316
     -1.010664977848
     -1.287002217587
     -1.238535117444
     -1.545765943678
     -1.547014171816
    -0.1789842300953
    -0.8222529204778
     -1.141789683373
     -1.328652487062
     -1.131538925902
     -1.146829515673

minimum internal covariance matrix: LASymMatrix parameters:
    0.047327032  -0.0022692015              0  5.9483202e-06  0.00010257622  9.9550411e-05 -2.6485283e-05  0.00013934172   0.0013010432   0.0011811452   0.0017901662   0.0015437615
  -0.0022692015   0.0001143286              0 -1.9347172e-06 -4.9058238e-06 -4.8796237e-06  3.7559976e-06 -2.0211757e-05 -6.2140336e-05 -5.6528071e-05 -8.5929425e-05 -7.4306507e-05
              0              0              2              0              0              0              0              0              0              0              0              0
  5.9483202e-06 -1.9347172e-06              0  0.00014207889 -6.4952722e-08  8.7278873e-08 -6.7553278e-07  6.1365358e-06  1.7697733e-07 -8.6356481e-07 -2.1765904e-07  1.8335126e-06
  0.00010257622 -4.9058238e-06              0 -6.4952722e-08  2.3597733e-06  1.9104872e-06 -1.9325276e-07 -5.7755694e-07  2.8868002e-06  2.5925626e-06  3.8198688e-06   3.256354e-06
  9.9550411e-05 -4.8796237e-06              0  8.7278873e-08  1.9104872e-06  1.6068616e-06 -2.1596244e-07  4.2650692e-07  2.7603188e-06  2.5024817e-06  3.7343057e-06  3.1706049e-06
 -2.6485283e-05  3.7559976e-06              0 -6.7553278e-07 -1.9325276e-07 -2.1596244e-07  2.0931907e-06 -9.2340107e-06 -5.4909624e-07 -5.5542784e-07 -1.1931074e-06 -1.0138141e-06
  0.00013934172 -2.0211757e-05              0  6.1365358e-06 -5.7755694e-07  4.2650692e-07 -9.2340107e-06  0.00010925298  4.0076303e-06  3.3958689e-06  5.1901271e-06  5.0497292e-06
   0.0013010432 -6.2140336e-05              0  1.7697733e-07  2.8868002e-06  2.7603188e-06 -5.4909624e-07  4.0076303e-06  3.9666716e-05   3.244802e-05  4.8620862e-05  4.2735418e-05
   0.0011811452 -5.6528071e-05              0 -8.6356481e-07  2.5925626e-06  2.5024817e-06 -5.5542784e-07  3.3958689e-06   3.244802e-05  3.2407813e-05  4.4523236e-05  3.8477706e-05
   0.0017901662 -8.5929425e-05              0 -2.1765904e-07  3.8198688e-06  3.7343057e-06 -1.1931074e-06  5.1901271e-06  4.8620862e-05  4.4523236e-05   7.092203e-05  5.7964727e-05
   0.0015437615 -7.4306507e-05              0  1.8335126e-06   3.256354e-06  3.1706049e-06 -1.0138141e-06  5.0497292e-06  4.2735418e-05  3.8477706e-05  5.7964727e-05  5.3544386e-05


# ext. ||   Name    ||   type  ||     Value     ||  Error +/- 

   0   ||Natural mortality || limited ||    0.02445188587217 ||0.002181889089567
   1   ||Targeted q || limited ||      7.640733352124 ||0.2008473284266
   2   ||Nontargeted q || limited ||                   2 ||22.06548931833
   3   ||     sigma || limited ||      2.734640178075 ||0.1374592046333
   4   ||  Biomass1 || limited ||     0.1566218422575 ||0.01359290263342
   5   ||  Biomass2 || limited ||     0.1413910595475 ||0.01065747811707
   6   ||   vm_mean || limited ||    -0.5592981247226 ||0.003162607872236
   7   ||  vm_sigma || limited ||      10.69362781907 ||0.2011993131775
   8   ||Recruit year 1 || limited ||      4.540576772205 ||0.09261532195572
   9   ||Recruit year 2 || limited ||      1.468546793247 ||0.04825655547498
  10   ||Recruit year 3 || limited ||      4.756139538931 ||0.1266081786823
  11   ||Recruit year 4 || limited ||      4.436344727926 ||0.1064165147039





