# Minimum negative log likelihood

Minuit did successfully converge.
# of function calls: 1296
minimum function Value: 509.4804546957
minimum edm: 4.578014309889e-05
minimum internal state vector: LAVector parameters:
    -0.6446002381994
      -1.35009903285
     -1.287002217587
     -1.234370881689
      -1.47253020943
     -1.475646413889
    -0.4404054284045
   0.001403205462112
     -1.062589941229
    -0.9958313090362
     -1.015197375133
     -1.202942833268

minimum internal covariance matrix: LASymMatrix parameters:
   0.0014558596  -0.0012554589              0 -3.0031633e-06  0.00054882221   0.0005329942   1.702605e-05 -0.00055382214    0.002894865   0.0033776989   0.0033668961   0.0021679542
  -0.0012554589   0.0011074838              0  2.5408535e-06 -0.00048310371  -0.0004693755  -1.031595e-05  0.00028121502  -0.0025390473  -0.0029617844  -0.0029527441  -0.0019002475
              0              0              2              0              0              0              0              0              0              0              0              0
 -3.0031633e-06  2.5408535e-06              0  0.00014109106 -1.3366027e-06 -1.2070463e-06 -5.9844118e-07  4.1592563e-06 -5.5863425e-06 -7.9736001e-06 -5.6284003e-06 -4.5279803e-06
  0.00054882221 -0.00048310371              0 -1.3366027e-06  0.00022095346  0.00021321491  4.5517329e-06 -0.00014045065   0.0011109817   0.0012924227    0.001289108  0.00082933237
   0.0005329942  -0.0004693755              0 -1.2070463e-06  0.00021321491  0.00020608171  4.4943398e-06 -0.00013140037   0.0010784073   0.0012554799   0.0012522955   0.0008056423
   1.702605e-05  -1.031595e-05              0 -5.9844118e-07  4.5517329e-06  4.4943398e-06  4.2009768e-06  -9.314624e-05  2.5980237e-05  3.0592152e-05   3.069882e-05  1.9761643e-05
 -0.00055382214  0.00028121502              0  4.1592563e-06 -0.00014045065 -0.00013140037  -9.314624e-05   0.0096520979 -0.00077892544   -0.000897059 -0.00088838191 -0.00058392911
    0.002894865  -0.0025390473              0 -5.5863425e-06   0.0011109817   0.0010784073  2.5980237e-05 -0.00077892544   0.0058383589   0.0068018154    0.006781167   0.0043644353
   0.0033776989  -0.0029617844              0 -7.9736001e-06   0.0012924227   0.0012554799  3.0592152e-05   -0.000897059   0.0068018154    0.007941024   0.0079099812    0.005091511
   0.0033668961  -0.0029527441              0 -5.6284003e-06    0.001289108   0.0012522955   3.069882e-05 -0.00088838191    0.006781167   0.0079099812   0.0078923674   0.0050755112
   0.0021679542  -0.0019002475              0 -4.5279803e-06  0.00082933237   0.0008056423  1.9761643e-05 -0.00058392911   0.0043644353    0.005091511   0.0050755112   0.0032734381


# ext. ||   Name    ||   type  ||     Value     ||  Error +/- 

   0   ||Natural mortality || limited ||    0.05986815886166 ||0.00323455756105
   1   ||Targeted q || limited ||      1.212747905087 ||0.2575427510102
   2   ||Nontargeted q || limited ||                   2 ||22.06548931833
   3   ||     sigma || limited ||      2.802964604173 ||0.1386324721604
   4   ||  Biomass1 || limited ||      2.412115522863 ||0.5155871068871
   5   ||  Biomass2 || limited ||      2.261669372373 ||0.482192168083
   6   ||   vm_mean || limited ||     -1.339280558276 ||0.004118663580036
   7   ||  vm_sigma || limited ||      40.05662749846 ||2.776518803053
   8   ||Recruit year 1 || limited ||      6.328432838511 ||1.313795159045
   9   ||Recruit year 2 || limited ||       8.04862973328 ||1.712008585787
  10   ||Recruit year 3 || limited ||      7.530014209603 ||1.655437174482
  11   ||Recruit year 4 || limited ||      3.354595155446 ||0.7271616597794





