# Minimum negative log likelihood

Minuit did successfully converge.
# of function calls: 1418
minimum function Value: 562.857851364
minimum edm: 1.059963795836e-05
minimum internal state vector: LAVector parameters:
      3.288925815451
     -1.032869440197
     -1.287002217587
     -1.187814025269
     -1.422356146041
     -1.432195776938
     -0.910377485533
     -1.397351819662
     -1.177989104522
     -1.358584514208
     -1.276792777861
    0.09348059748121
     0.0472740151248
    0.04445806538627
    0.02187930154239

minimum internal covariance matrix: LASymMatrix parameters:
    0.024442448   0.0016011832              0 -0.00010592189 -0.00051234001 -0.00045900033   0.0017281766 -0.00095313212  -0.0020379196   -0.001080042  -0.0013486796 -0.00018186882 -0.00022477339 -0.00020096669  -0.0001767504
   0.0016011832  0.00012907559              0 -1.1866984e-05 -4.0081328e-05 -3.5747418e-05  7.7261113e-05  -6.312501e-05 -0.00013604786 -7.2457872e-05 -9.3776124e-05 -1.1552162e-05 -1.1140202e-05 -1.1628238e-05 -9.6198966e-06
              0              0              2              0              0              0              0              0              0              0              0              0              0              0              0
 -0.00010592189 -1.1866984e-05              0  0.00022699779  7.7219619e-06  6.2951961e-06  4.4184002e-05  4.1042742e-06  7.9599365e-06  2.7083676e-06  4.1407293e-06  4.0736384e-06 -2.1077332e-06 -1.6284249e-06 -4.2074268e-06
 -0.00051234001 -4.0081328e-05              0  7.7219619e-06  1.6878592e-05  1.4736646e-05 -2.3609882e-05  2.0684704e-05  4.3180758e-05  2.2960233e-05  2.9497336e-05   3.510282e-06  3.5171119e-06  3.5141329e-06  2.6787239e-06
 -0.00045900033 -3.5747418e-05              0  6.2951961e-06  1.4736646e-05  1.2930328e-05 -2.1514061e-05  1.8487672e-05  3.8561506e-05  2.0569989e-05  2.6399873e-05  3.1856675e-06  3.2011877e-06  3.1635475e-06  2.4598501e-06
   0.0017281766  7.7261113e-05              0  4.4184002e-05 -2.3609882e-05 -2.1514061e-05  0.00039664093  -6.379603e-05 -0.00014191112 -7.6486977e-05 -9.3771376e-05 -1.6024001e-05 -2.8827747e-05 -2.3855231e-05 -2.4922802e-05
 -0.00095313212  -6.312501e-05              0  4.1042742e-06  2.0684704e-05  1.8487672e-05  -6.379603e-05  4.4091328e-05  7.9809262e-05  4.1798711e-05  5.2328849e-05  5.5903767e-06  9.0281335e-06  7.8481059e-06  6.5861908e-06
  -0.0020379196 -0.00013604786              0  7.9599365e-06  4.3180758e-05  3.8561506e-05 -0.00014191112  7.9809262e-05  0.00017996811  9.0183764e-05   0.0001124317  1.6086189e-05  1.8581178e-05  1.6834558e-05  1.4479039e-05
   -0.001080042 -7.2457872e-05              0  2.7083676e-06  2.2960233e-05  2.0569989e-05 -7.6486977e-05  4.1798711e-05  9.0183764e-05  5.5999763e-05   6.168623e-05  8.4146515e-06  9.1887959e-06  8.4895745e-06  8.3742497e-06
  -0.0013486796 -9.3776124e-05              0  4.1407293e-06  2.9497336e-05  2.6399873e-05 -9.3771376e-05  5.2328849e-05   0.0001124317   6.168623e-05  8.5485992e-05  9.0647677e-06  1.1179343e-05  1.1137849e-05  1.0396917e-05
 -0.00018186882 -1.1552162e-05              0  4.0736384e-06   3.510282e-06  3.1856675e-06 -1.6024001e-05  5.5903767e-06  1.6086189e-05  8.4146515e-06  9.0647677e-06   1.326457e-05   1.725695e-06  1.7059806e-06  1.4245484e-06
 -0.00022477339 -1.1140202e-05              0 -2.1077332e-06  3.5171119e-06  3.2011877e-06 -2.8827747e-05  9.0281335e-06  1.8581178e-05  9.1887959e-06  1.1179343e-05   1.725695e-06  4.0777144e-06  2.3062116e-06  2.3100541e-06
 -0.00020096669 -1.1628238e-05              0 -1.6284249e-06  3.5141329e-06  3.1635475e-06 -2.3855231e-05  7.8481059e-06  1.6834558e-05  8.4895745e-06  1.1137849e-05  1.7059806e-06  2.3062116e-06  7.0908518e-06  1.1067116e-06
  -0.0001767504 -9.6198966e-06              0 -4.2074268e-06  2.6787239e-06  2.4598501e-06 -2.4922802e-05  6.5861908e-06  1.4479039e-05  8.3742497e-06  1.0396917e-05  1.4245484e-06  2.3100541e-06  1.1067116e-06  3.9012748e-06


# ext. ||   Name    ||   type  ||     Value     ||  Error +/- 

   0   ||Natural mortality || limited ||    0.04132998220563 ||0.002728234026295
   1   ||Targeted q || limited ||      7.061365015694 ||0.2057997628918
   2   ||Nontargeted q || limited ||                   2 ||22.06548931833
   3   ||     sigma || limited ||      3.622284464547 ||0.199052295715
   4   ||  Biomass1 || limited ||      5.498514270492 ||0.2148215747858
   5   ||  Biomass2 || limited ||      4.794844934349 ||0.1756438292494
   6   ||  vm_sigma || limited ||      8.411480324661 ||0.3455425260748
   7   ||Recruit year 1 || limited ||      0.760116407825 ||0.04051048602473
   8   ||Recruit year 2 || limited ||      3.817712015553 ||0.1815331181784
   9   ||Recruit year 3 || limited ||      1.131515409694 ||0.05571955403095
  10   ||Recruit year 4 || limited ||      2.155216692108 ||0.0947182810786
  11   ||Mean Rec dist 1 || limited ||      0.933445083538 ||0.02564075261222
  12   ||Mean Rec dist 2 || limited ||     0.4725640884132 ||0.01426289837532
  13   ||Mean Rec dist 3 || limited ||     0.4444342146077 ||0.01881068502368
  14   ||Mean Rec dist 4 || limited ||     0.2187755596657 ||0.01396317475334





