# Minimum negative log likelihood

Minuit did successfully converge.
# of function calls: 854
minimum function Value: 501.4231890379
minimum edm: 1.033246791261e-05
minimum internal state vector: LAVector parameters:
    0.01298082589191
     -0.987239845872
     -1.287002217587
     -1.240909440478
     -1.546084053523
     -1.547793710058
    -0.4862549751314
    0.02358544223217
     -1.332595316703
     -1.412721409078
    -0.9796243136582
     -1.345747558228

minimum internal covariance matrix: LASymMatrix parameters:
    0.093795743  -0.0069054227              0   0.0001845598  0.00028823482  0.00028194561 -6.9101785e-05   0.0014668381   0.0031888293   0.0018011658   0.0067584406   0.0025162135
  -0.0069054227    0.000513938              0 -1.3022832e-05 -2.1382567e-05 -2.0938821e-05   6.467649e-06 -0.00014184089 -0.00023507314 -0.00013274988 -0.00049831686 -0.00018549451
              0              0              2              0              0              0              0              0              0              0              0              0
   0.0001845598 -1.3022832e-05              0  0.00013148169  2.2050761e-06  1.6459537e-06 -1.8347594e-07  5.5329377e-06  5.5483319e-06  2.9983752e-06  1.2947007e-05  4.6176677e-06
  0.00028823482 -2.1382567e-05              0  2.2050761e-06  4.4557474e-06  3.5421474e-06 -2.6954062e-07  9.1193166e-07   1.003571e-05  5.5050413e-06  2.0863906e-05  7.7630186e-06
  0.00028194561 -2.0938821e-05              0  1.6459537e-06  3.5421474e-06  2.9175168e-06 -2.5624502e-07  3.8206043e-06  9.6558245e-06  5.3766754e-06  2.0396212e-05  7.6152005e-06
 -6.9101785e-05   6.467649e-06              0 -1.8347594e-07 -2.6954062e-07 -2.5624502e-07  1.4057922e-06 -2.0302346e-05 -2.4474729e-06 -1.3979337e-06 -5.1521177e-06 -1.9047214e-06
   0.0014668381 -0.00014184089              0  5.5329377e-06  9.1193166e-07  3.8206043e-06 -2.0302346e-05   0.0023957445  4.9874391e-05  2.8506228e-05  0.00010808038  4.2303094e-05
   0.0031888293 -0.00023507314              0  5.5483319e-06   1.003571e-05  9.6558245e-06 -2.4474729e-06  4.9874391e-05  0.00011219568  6.1190575e-05  0.00022976754  8.5366594e-05
   0.0018011658 -0.00013274988              0  2.9983752e-06  5.5050413e-06  5.3766754e-06 -1.3979337e-06  2.8506228e-05  6.1190575e-05  3.8233797e-05  0.00012971146  4.8330626e-05
   0.0067584406 -0.00049831686              0  1.2947007e-05  2.0863906e-05  2.0396212e-05 -5.1521177e-06  0.00010808038  0.00022976754  0.00012971146  0.00049046161  0.00018122691
   0.0025162135 -0.00018549451              0  4.6176677e-06  7.7630186e-06  7.6152005e-06 -1.9047214e-06  4.2303094e-05  8.5366594e-05  4.8330626e-05  0.00018122691  7.0999679e-05


# ext. ||   Name    ||   type  ||     Value     ||  Error +/- 

   0   ||Natural mortality || limited ||    0.04532451153365 ||0.005371308309472
   1   ||Targeted q || limited ||      8.274583633478 ||0.4416108033385
   2   ||Nontargeted q || limited ||                   2 ||22.06548931833
   3   ||     sigma || limited ||      2.696050441167 ||0.1313234038043
   4   ||  Biomass1 || limited ||     0.1526663429275 ||0.01844096403456
   5   ||  Biomass2 || limited ||     0.1322742616154 ||0.01388994513996
   6   ||   vm_mean || limited ||     -1.468123540522 ||0.00232858157318
   7   ||  vm_sigma || limited ||      40.94381843378 ||1.383733015313
   8   ||Recruit year 1 || limited ||      1.421657447839 ||0.08835363737809
   9   ||Recruit year 2 || limited ||     0.6333299337568 ||0.03441016018976
  10   ||Recruit year 3 || limited ||      8.494749133945 ||0.4363271860079
  11   ||Recruit year 4 || limited ||      1.270712649515 ||0.06647244940312





