# Minimum negative log likelihood

Minuit did successfully converge.
# of function calls: 1596
minimum function Value: 457.8872829915
minimum edm: 2.863180022835e-05
minimum internal state vector: LAVector parameters:
      2.320429296407
     -1.041679611018
     -1.287002217587
      -1.27395190009
     -1.553337572284
     -1.535475296073
    -0.9295607039672
    -0.5459761359597
     -1.249979797861
     -1.292167727625
      -1.06820110426
     -1.388716162562

minimum internal covariance matrix: LASymMatrix parameters:
    0.072065831   0.0040799895              0 -4.3632347e-06  1.9661989e-05 -0.00030941341 -0.00033573048   0.0010271875  -0.0023391413  -0.0021244192  -0.0045489851  -0.0014516603
   0.0040799895  0.00023778281              0  3.4153127e-08 -2.2077831e-06 -1.7814587e-05 -1.4883461e-05  3.3215477e-05  -0.0001371285 -0.00012136344 -0.00025978264  -8.297137e-05
              0              0              2              0              0              0              0              0              0              0              0              0
 -4.3632347e-06  3.4153127e-08              0  0.00010693102  1.6119588e-07 -4.9929555e-07  5.2067461e-07 -3.1435636e-06  1.6307194e-06  8.0178359e-08  2.7874228e-07 -3.8420571e-08
  1.9661989e-05 -2.2077831e-06              0  1.6119588e-07  6.0382596e-05  8.8006686e-06 -7.9363788e-08 -4.8053204e-07  4.4173035e-05 -3.4673686e-07  8.5351012e-08  6.0873147e-07
 -0.00030941341 -1.7814587e-05              0 -4.9929555e-07  8.8006686e-06  5.6460564e-06  2.0777238e-06 -8.1287058e-06  7.8784275e-06   9.164112e-06  1.9631587e-05  6.2564591e-06
 -0.00033573048 -1.4883461e-05              0  5.2067461e-07 -7.9363788e-08  2.0777238e-06  8.5526787e-06 -4.4422897e-05  7.7809431e-06  9.2539178e-06  1.9595046e-05  6.0571115e-06
   0.0010271875  3.3215477e-05              0 -3.1435636e-06 -4.8053204e-07 -8.1287058e-06 -4.4422897e-05  0.00038558876 -2.7526716e-05 -2.6424845e-05 -5.5158845e-05 -1.4823705e-05
  -0.0023391413  -0.0001371285              0  1.6307194e-06  4.4173035e-05  7.8784275e-06  7.7809431e-06 -2.7526716e-05  0.00013995593  6.9414412e-05  0.00014945876  4.8216762e-05
  -0.0021244192 -0.00012136344              0  8.0178359e-08 -3.4673686e-07   9.164112e-06  9.2539178e-06 -2.6424845e-05  6.9414412e-05  6.5510617e-05  0.00013430669  4.2899989e-05
  -0.0045489851 -0.00025978264              0  2.7874228e-07  8.5351012e-08  1.9631587e-05  1.9595046e-05 -5.5158845e-05  0.00014945876  0.00013430669  0.00029071692  9.1850237e-05
  -0.0014516603  -8.297137e-05              0 -3.8420571e-08  6.0873147e-07  6.2564591e-06  6.0571115e-06 -1.4823705e-05  4.8216762e-05  4.2899989e-05  9.1850237e-05  3.2049229e-05


# ext. ||   Name    ||   type  ||     Value     ||  Error +/- 

   0   ||Natural mortality || limited ||    0.06329847504309 ||0.003214115898837
   1   ||Targeted q || limited ||      6.837336824791 ||0.2751889911268
   2   ||Nontargeted q || limited ||                   2 ||22.06548931833
   3   ||     sigma || limited ||      2.186786659773 ||0.1069387127734
   4   ||  Biomass1 || limited ||    0.07620009170795 ||0.04796228948822
   5   ||  Biomass2 || limited ||      0.311861378241 ||0.02966678418415
   6   ||   vm_mean || limited ||     -2.517538010064 ||0.003886171309991
   7   ||  vm_sigma || limited ||      19.23065707086 ||0.4746366493353
   8   ||Recruit year 1 || limited ||      2.560832442461 ||0.1318813345898
   9   ||Recruit year 2 || limited ||      1.938130727136 ||0.07869675013083
  10   ||Recruit year 3 || limited ||      6.192612077527 ||0.2903448703791
  11   ||Recruit year 4 || limited ||     0.8364596680001 ||0.03623927307583





