# Minimum negative log likelihood

Minuit did successfully converge.
# of function calls: 661
minimum function Value: 585.5739722647
minimum edm: 2.726100040499e-06
minimum internal state vector: LAVector parameters:
    -0.4290473248901
     -1.070185956537
     -1.287002217587
     -1.166034458927
     -1.543199354028
     -1.545506034921
    -0.5804978348968
    -0.6602011553127
     -1.406805243885
     -1.145536670212
    -0.9674159519833
     -1.342741123495

minimum internal covariance matrix: LASymMatrix parameters:
    0.035301194  -0.0032392015              0   9.572068e-05  0.00015899682  0.00015721689  6.2060409e-06   0.0001570898  0.00086332351   0.0027397035   0.0039480372   0.0015865199
  -0.0032392015  0.00030999571              0 -8.6719402e-06 -1.5023021e-05   -1.48784e-05  5.1937543e-06 -5.5930997e-05 -8.0248717e-05 -0.00025356852 -0.00036533469 -0.00014468719
              0              0              2              0              0              0              0              0              0              0              0              0
   9.572068e-05 -8.6719402e-06              0  0.00020362198  1.4840322e-06   8.602568e-07 -1.7560772e-07   1.406297e-06  1.4208014e-06   8.448854e-06  1.1685209e-05  2.5240809e-06
  0.00015899682 -1.5023021e-05              0  1.4840322e-06  6.8419443e-06  5.0329493e-06 -4.3244067e-07  1.6714573e-06  6.4599026e-06  1.2652906e-05  1.8038388e-05  7.0686464e-06
  0.00015721689   -1.48784e-05              0   8.602568e-07  5.0329493e-06  4.0722976e-06 -2.8643077e-07  2.7786309e-06  4.6878982e-06  1.2529482e-05  1.7605478e-05  7.0534166e-06
  6.2060409e-06  5.1937543e-06              0 -1.7560772e-07 -4.3244067e-07 -2.8643077e-07  8.4661679e-06 -4.3917902e-05 -9.6964153e-07 -5.3083794e-07 -4.2591009e-07  3.4204134e-07
   0.0001570898 -5.5930997e-05              0   1.406297e-06  1.6714573e-06  2.7786309e-06 -4.3917902e-05  0.00063376674  5.9878822e-06  2.0622463e-05  2.4726773e-05  5.2323929e-06
  0.00086332351 -8.0248717e-05              0  1.4208014e-06  6.4599026e-06  4.6878982e-06 -9.6964153e-07  5.9878822e-06    3.34413e-05  6.6912701e-05  9.7085883e-05  3.8567846e-05
   0.0027397035 -0.00025356852              0   8.448854e-06  1.2652906e-05  1.2529482e-05 -5.3083794e-07  2.0622463e-05  6.6912701e-05  0.00022181967  0.00030624413  0.00012255537
   0.0039480372 -0.00036533469              0  1.1685209e-05  1.8038388e-05  1.7605478e-05 -4.2591009e-07  2.4726773e-05  9.7085883e-05  0.00030624413  0.00045094611  0.00017632027
   0.0015865199 -0.00014468719              0  2.5240809e-06  7.0686464e-06  7.0534166e-06  3.4204134e-07  5.2323929e-06  3.8567846e-05  0.00012255537  0.00017632027  8.1459437e-05


# ext. ||   Name    ||   type  ||     Value     ||  Error +/- 

   0   ||Natural mortality || limited ||    0.03459988339148 ||0.003011468998324
   1   ||Targeted q || limited ||       6.13551143269 ||0.2987635894885
   2   ||Nontargeted q || limited ||                   2 ||22.06548931833
   3   ||     sigma || limited ||      4.040190018362 ||0.19867148891
   4   ||  Biomass1 || limited ||     0.1903861429526 ||0.02551824740601
   5   ||  Biomass2 || limited ||     0.1598911933032 ||0.01804189532709
   6   ||   vm_mean || limited ||      -1.72297598336 ||0.005404839882278
   7   ||  vm_sigma || limited ||      15.46977660978 ||0.5623884003258
   8   ||Recruit year 1 || limited ||     0.6807544049685 ||0.03337519731768
   9   ||Recruit year 2 || limited ||       4.46297263629 ||0.2172140313399
  10   ||Recruit year 3 || limited ||      8.838007119654 ||0.425960418582
  11   ||Recruit year 4 || limited ||      1.304474372376 ||0.07213536198653





