# Minimum negative log likelihood

Minuit did successfully converge.
# of function calls: 1277
minimum function Value: 454.5420931529
minimum edm: 6.435496091691e-05
minimum internal state vector: LAVector parameters:
      0.134658123361
     -1.051103917814
     -1.287002217587
      -1.27637239003
     -1.504575696612
     -1.505528111884
     0.7330002057796
      2.841572105761
     -1.191087982448
     -1.073611518854
     -1.128093824738
     -0.989865995452

minimum internal covariance matrix: LASymMatrix parameters:
    0.040178915   -0.003296627              0  2.6714229e-05  0.00045221051  0.00041689744    1.01348e-05  0.00026551532   0.0022651015   0.0033938038   0.0027128148    0.003850821
   -0.003296627  0.00027370397              0 -4.3351492e-06 -3.7446817e-05 -3.4493375e-05 -5.2539622e-08  1.7658963e-06 -0.00018638218 -0.00027919866 -0.00022327094 -0.00031817058
              0              0              2              0              0              0              0              0              0              0              0              0
  2.6714229e-05 -4.3351492e-06              0  0.00011139335  7.9109772e-08   8.125094e-08 -1.0287526e-06  -1.300244e-05  1.8233443e-06  3.1590832e-06  2.2726455e-06  1.9217069e-06
  0.00045221051 -3.7446817e-05              0  7.9109772e-08  7.9852144e-06  7.1098299e-06  1.8797912e-08  2.9958142e-06  2.5407089e-05  3.8510951e-05  3.0607517e-05  4.3378326e-05
  0.00041689744 -3.4493375e-05              0   8.125094e-08  7.1098299e-06  6.3619006e-06  1.7612009e-08   2.623202e-06  2.3439362e-05  3.5444516e-05  2.8234097e-05  3.9958494e-05
    1.01348e-05 -5.2539622e-08              0 -1.0287526e-06  1.8797912e-08  1.7612009e-08  9.1588883e-07  2.3134295e-05  4.4553626e-07  5.8006815e-07  4.5044904e-07  1.1784542e-06
  0.00026551532  1.7658963e-06              0  -1.300244e-05  2.9958142e-06   2.623202e-06  2.3134295e-05   0.0015954533   1.114583e-05  1.4978885e-05  1.1834129e-05  2.8224466e-05
   0.0022651015 -0.00018638218              0  1.8233443e-06  2.5407089e-05  2.3439362e-05  4.4553626e-07   1.114583e-05  0.00013000842  0.00019130879  0.00015321277  0.00021754954
   0.0033938038 -0.00027919866              0  3.1590832e-06  3.8510951e-05  3.5444516e-05  5.8006815e-07  1.4978885e-05  0.00019130879  0.00028984276  0.00022932567  0.00032525766
   0.0027128148 -0.00022327094              0  2.2726455e-06  3.0607517e-05  2.8234097e-05  4.5044904e-07  1.1834129e-05  0.00015321277  0.00022932567  0.00018605417  0.00026020545
    0.003850821 -0.00031817058              0  1.9217069e-06  4.3378326e-05  3.9958494e-05  1.1784542e-06  2.8224466e-05  0.00021754954  0.00032525766  0.00026020545  0.00037739321


# ext. ||   Name    ||   type  ||     Value     ||  Error +/- 

   0   ||Natural mortality || limited ||    0.04835628842829 ||0.003499609352975
   1   ||Targeted q || limited ||      6.601401275492 ||0.2904717409542
   2   ||Nontargeted q || limited ||                   2 ||22.06548931833
   3   ||     sigma || limited ||       2.15152659532 ||0.1082831750205
   4   ||  Biomass1 || limited ||      1.095892404596 ||0.06611102073323
   5   ||  Biomass2 || limited ||      1.064606958751 ||0.05816229886535
   6   ||   vm_mean || limited ||      2.102046891781 ||0.001579954468132
   7   ||  vm_sigma || limited ||      51.82194569767 ||1.079139229212
   8   ||Recruit year 1 || limited ||      3.571005007424 ||0.1494019088753
   9   ||Recruit year 2 || limited ||      6.062956767594 ||0.287050277137
  10   ||Recruit year 3 || limited ||      4.829655065887 ||0.2065650194719
  11   ||Recruit year 4 || limited ||       8.21155755434 ||0.3768864773157





