# Minimum negative log likelihood

Minuit did successfully converge.
# of function calls: 1377
minimum function Value: 313.7211033842
minimum edm: 8.294197858706e-05
minimum internal state vector: LAVector parameters:
     0.8411565932441
     -1.009532778852
     -1.287002217587
     -1.361307373722
     -1.546660621959
     -1.548579516284
    -0.8558517793716
     -1.182060325831
     -1.023959418841
     -1.038386541144
     -1.454482917198
    0.03958398046322
     0.0857033956913
    0.02829956238175
    0.06049450683916

minimum internal covariance matrix: LASymMatrix parameters:
   0.0022469215 -0.00011416123              0 -3.1814876e-05  7.4250591e-06  6.2867322e-06 -8.9396709e-05  0.00011178214  0.00017016672  0.00015158575  3.1515421e-05  9.4643037e-06  9.7958355e-06  9.0222417e-06  8.2494941e-06
 -0.00011416123  7.3109387e-06              0   1.890595e-06 -4.0930946e-07 -3.5291172e-07  2.9877247e-06 -5.9614594e-06  -9.009962e-06 -8.1860307e-06 -1.5099873e-06 -3.5478162e-07 -3.9525749e-07  -3.366608e-07 -2.9903551e-07
              0              0              2              0              0              0              0              0              0              0              0              0              0              0              0
 -3.1814876e-05   1.890595e-06              0  5.2380544e-05  3.6795289e-07  2.7307624e-07  1.6507014e-06 -2.0768957e-06 -2.0117142e-06  -1.682035e-06 -3.7646779e-07 -2.0409581e-07  -1.691968e-07 -1.2041956e-07 -1.5230478e-07
  7.4250591e-06 -4.0930946e-07              0  3.6795289e-07  3.3191228e-07  2.5716267e-07 -3.1292783e-07  3.5841296e-07  5.7211068e-07   4.838728e-07  1.6872148e-07  2.3068352e-08  3.1852583e-08  2.8214122e-08    6.63837e-08
  6.2867322e-06 -3.5291172e-07              0  2.7307624e-07  2.5716267e-07  2.0500725e-07 -2.4730546e-07  3.0738925e-07   4.854616e-07  4.1329601e-07  1.3595702e-07  1.9624132e-08  2.6330185e-08  2.3439273e-08   5.282679e-08
 -8.9396709e-05  2.9877247e-06              0  1.6507014e-06 -3.1292783e-07 -2.4730546e-07  1.5028781e-05 -3.9767507e-06 -5.9904605e-06  -5.724524e-06 -1.2346514e-06 -8.1046446e-07 -8.8111627e-07 -7.3190708e-07 -3.0955106e-07
  0.00011178214 -5.9614594e-06              0 -2.0768957e-06  3.5841296e-07  3.0738925e-07 -3.9767507e-06  6.6211975e-06  8.5210382e-06  7.4345539e-06  1.5093735e-06  4.6550324e-07   4.388069e-07  4.2338299e-07  3.0469285e-07
  0.00017016672  -9.009962e-06              0 -2.0117142e-06  5.7211068e-07   4.854616e-07 -5.9904605e-06  8.5210382e-06  1.3901222e-05  1.1557996e-05  2.5317457e-06  6.6079239e-07  6.7743188e-07  6.4660294e-07  6.4980758e-07
  0.00015158575 -8.1860307e-06              0  -1.682035e-06   4.838728e-07  4.1329601e-07  -5.724524e-06  7.4345539e-06  1.1557996e-05   1.122877e-05  2.1326222e-06  6.0266798e-07   6.585509e-07  5.8046208e-07   5.793628e-07
  3.1515421e-05 -1.5099873e-06              0 -3.7646779e-07  1.6872148e-07  1.3595702e-07 -1.2346514e-06  1.5093735e-06  2.5317457e-06  2.1326222e-06  1.6229444e-06  1.2234086e-07  1.1498116e-07  1.3838477e-07  2.3200626e-07
  9.4643037e-06 -3.5478162e-07              0 -2.0409581e-07  2.3068352e-08  1.9624132e-08 -8.1046446e-07  4.6550324e-07  6.6079239e-07  6.0266798e-07  1.2234086e-07  1.2890363e-07  6.2827743e-08  5.3679368e-08  2.6419416e-08
  9.7958355e-06 -3.9525749e-07              0  -1.691968e-07  3.1852583e-08  2.6330185e-08 -8.8111627e-07   4.388069e-07  6.7743188e-07   6.585509e-07  1.1498116e-07  6.2827743e-08  1.1765412e-07  5.7513305e-08  2.7305277e-08
  9.0222417e-06  -3.366608e-07              0 -1.2041956e-07  2.8214122e-08  2.3439273e-08 -7.3190708e-07  4.2338299e-07  6.4660294e-07  5.8046208e-07  1.3838477e-07  5.3679368e-08  5.7513305e-08  8.5922896e-08  3.8158803e-08
  8.2494941e-06 -2.9903551e-07              0 -1.5230478e-07    6.63837e-08   5.282679e-08 -3.0955106e-07  3.0469285e-07  6.4980758e-07   5.793628e-07  2.3200626e-07  2.6419416e-08  2.7305277e-08  3.8158803e-08  1.1935289e-06


# ext. ||   Name    ||   type  ||     Value     ||  Error +/- 

   0   ||Natural mortality || limited ||    0.06363536511841 ||0.0005584749358569
   1   ||Targeted q || limited ||      7.670837218968 ||0.050881761801
   2   ||Nontargeted q || limited ||                   2 ||22.06548931833
   3   ||     sigma || limited ||      1.093134010243 ||0.05321303555451
   4   ||  Biomass1 || limited ||     0.1456259924518 ||0.004915689887586
   5   ||  Biomass2 || limited ||     0.1233915918283 ||0.003556195245225
   6   ||  vm_sigma || limited ||      9.795693735771 ||0.07188257856432
   7   ||Recruit year 1 || limited ||      3.740183011444 ||0.03447788518539
   8   ||Recruit year 2 || limited ||      7.300592752616 ||0.06853791428226
   9   ||Recruit year 3 || limited ||      6.929990955998 ||0.06013237147804
  10   ||Recruit year 4 || limited ||     0.3478053095583 ||0.005226529867538
  11   ||Mean Rec dist 1 || limited ||     0.3957364397258 ||0.002536747426813
  12   ||Mean Rec dist 2 || limited ||      0.855985179463 ||0.002416526991702
  13   ||Mean Rec dist 3 || limited ||     0.2829578517708 ||0.002071884410698
  14   ||Mean Rec dist 4 || limited ||     0.6045761612147 ||0.007710921373412





