# Minimum negative log likelihood

Minuit did successfully converge.
# of function calls: 1047
minimum function Value: 547.5072892847
minimum edm: 7.314056333346e-06
minimum internal state vector: LAVector parameters:
    -0.8856040187014
     -1.030972170892
     -1.287002217587
     -1.201858024029
     -1.442184577745
     -1.450090684071
     0.2507641417707
     -1.238896630874
    -0.9006455005547
     -1.289162905255
      -1.09503383587
     -1.054220955066

minimum internal covariance matrix: LASymMatrix parameters:
   0.0050962584  -0.0015480547              0  2.0340464e-05  0.00035545761  0.00034181722  4.4725015e-05 -5.0464602e-06   0.0021973429  0.00088579253   0.0014157862   0.0015172571
  -0.0015480547  0.00049880492              0 -1.0434078e-05 -0.00011367231 -0.00010960445  5.1553658e-06 -1.4678055e-05 -0.00067178067 -0.00026992049 -0.00043412724 -0.00046500645
              0              0              2              0              0              0              0              0              0              0              0              0
  2.0340464e-05 -1.0434078e-05              0  0.00018628786  3.0055574e-06   2.682411e-06  -3.294467e-06  2.0392543e-07  1.1583655e-05  4.6406348e-06  7.3874265e-06  6.8764115e-06
  0.00035545761 -0.00011367231              0  3.0055574e-06   2.968556e-05  2.7922571e-05 -6.2594413e-07  2.2632555e-06   0.0001546634  6.2158323e-05  9.9461824e-05  0.00010652027
  0.00034181722 -0.00010960445              0   2.682411e-06  2.7922571e-05  2.6432431e-05 -7.0764932e-07  2.6066315e-06  0.00014863201  5.9786124e-05  9.5710826e-05  0.00010251996
  4.4725015e-05  5.1553658e-06              0  -3.294467e-06 -6.2594413e-07 -7.0764932e-07  1.7853128e-05 -1.1590483e-05  1.7064566e-05  7.2711687e-06  1.0220245e-05  1.1410866e-05
 -5.0464602e-06 -1.4678055e-05              0  2.0392543e-07  2.2632555e-06  2.6066315e-06 -1.1590483e-05  1.4451096e-05 -5.7700964e-07 -1.1094251e-07  9.7046479e-07  1.8972167e-07
   0.0021973429 -0.00067178067              0  1.1583655e-05   0.0001546634  0.00014863201  1.7064566e-05 -5.7700964e-07  0.00095577039  0.00038274635  0.00061091336  0.00065521074
  0.00088579253 -0.00026992049              0  4.6406348e-06  6.2158323e-05  5.9786124e-05  7.2711687e-06 -1.1094251e-07  0.00038274635   0.0001603204  0.00024453624  0.00026388819
   0.0014157862 -0.00043412724              0  7.3874265e-06  9.9461824e-05  9.5710826e-05  1.0220245e-05  9.7046479e-07  0.00061091336  0.00024453624  0.00040226337  0.00042207034
   0.0015172571 -0.00046500645              0  6.8764115e-06  0.00010652027  0.00010251996  1.1410866e-05  1.8972167e-07  0.00065521074  0.00026388819  0.00042207034  0.00045854275


# ext. ||   Name    ||   type  ||     Value     ||  Error +/- 

   0   ||Natural mortality || limited ||    0.03385539530518 ||0.004789597797322
   1   ||Targeted q || limited ||      7.110046205894 ||0.4058381779653
   2   ||Nontargeted q || limited ||                   2 ||22.06548931833
   3   ||     sigma || limited ||      3.364462691112 ||0.1740190627447
   4   ||  Biomass1 || limited ||      4.129548555187 ||0.2470638846724
   5   ||  Biomass2 || limited ||      3.638042681288 ||0.218874447963
   6   ||   vm_mean || limited ||     0.7795682263592 ||0.009092661737067
   7   ||  vm_sigma || limited ||      2.183970567722 ||0.03503429214437
   8   ||Recruit year 1 || limited ||      10.82251884077 ||0.6787631196332
   9   ||Recruit year 2 || limited ||      1.979665455596 ||0.1244021609243
  10   ||Recruit year 3 || limited ||      5.562257382368 ||0.324738125757
  11   ||Recruit year 4 || limited ||       6.53356171869 ||0.3738768350308





