# Minimum negative log likelihood

Minuit did successfully converge.
# of function calls: 1272
minimum function Value: 156.8016022151
minimum edm: 3.594123251565e-05
minimum internal state vector: LAVector parameters:
    -0.7483393671848
     -1.205931506831
     -1.287002217587
      -1.06147953105
     -1.393695750354
     -1.394536958598
    0.01870597930629
      1.559406041956
     -1.176930667533
    -0.9438394262424
     -1.241555535882
     -1.014737282436

minimum internal covariance matrix: LASymMatrix parameters:
   0.0078408196 -0.00078654005              0  -7.274491e-05  0.00043960856  0.00040429658  -1.955981e-05   0.0086134322  0.00066526989   0.0011986571  0.00062716564  0.00096512602
 -0.00078654005  8.7668519e-05              0  8.1318413e-06  -4.886485e-05  -4.477092e-05  1.6617573e-06 -0.00096376172 -6.4874873e-05  -0.0001203101 -5.6296295e-05 -0.00010031475
              0              0              2              0              0              0              0              0              0              0              0              0
  -7.274491e-05  8.1318413e-06              0    0.001427157 -2.4461418e-06  -3.582764e-06  8.0850902e-07  7.3856078e-05 -4.7591252e-06 -1.3816143e-05 -4.8756828e-06 -1.4088107e-05
  0.00043960856  -4.886485e-05              0 -2.4461418e-06  7.9919887e-05  5.6675215e-05 -1.3548853e-06    0.001021911  5.3838889e-05  6.7527073e-05  3.3365728e-05     5.5196e-05
  0.00040429658  -4.477092e-05              0  -3.582764e-06  5.6675215e-05  4.2949788e-05 -9.9366732e-07  0.00085202765  4.1426217e-05  6.1937187e-05  3.0287163e-05  5.0764959e-05
  -1.955981e-05  1.6617573e-06              0  8.0850902e-07 -1.3548853e-06 -9.9366732e-07  1.5760808e-06  -0.0014470712 -1.8270125e-06  -3.133238e-06 -1.6617981e-06  -2.308608e-06
   0.0086134322 -0.00096376172              0  7.3856078e-05    0.001021911  0.00085202765  -0.0014470712      5.2920196  0.00076034262   0.0015523694  0.00041949747   0.0014198302
  0.00066526989 -6.4874873e-05              0 -4.7591252e-06  5.3838889e-05  4.1426217e-05 -1.8270125e-06  0.00076034262  8.8346169e-05  9.9474287e-05  5.4402371e-05  8.0554212e-05
   0.0011986571  -0.0001203101              0 -1.3816143e-05  6.7527073e-05  6.1937187e-05  -3.133238e-06   0.0015523694  9.9474287e-05   0.0001990798  9.2482989e-05  0.00014693458
  0.00062716564 -5.6296295e-05              0 -4.8756828e-06  3.3365728e-05  3.0287163e-05 -1.6617981e-06  0.00041949747  5.4402371e-05  9.2482989e-05  7.5589143e-05  7.2773131e-05
  0.00096512602 -0.00010031475              0 -1.4088107e-05     5.5196e-05  5.0764959e-05  -2.308608e-06   0.0014198302  8.0554212e-05  0.00014693458  7.2773131e-05  0.00013931107


# ext. ||   Name    ||   type  ||     Value     ||  Error +/- 

   0   ||Natural mortality || limited ||    0.04793658687633 ||0.006878130128713
   1   ||Targeted q || limited ||      3.291399747594 ||0.1181208407866
   2   ||Nontargeted q || limited ||                   2 ||22.06548931833
   3   ||     sigma || limited ||      6.346108564613 ||0.6511572701043
   4   ||  Biomass1 || limited ||      7.820680395753 ||0.5568354753972
   5   ||  Biomass2 || limited ||      7.746754090291 ||0.4062890403806
   6   ||   vm_mean || limited ||     0.1870488841242 ||0.008875609699836
   7   ||  vm_sigma || limited ||      79.99740528871 ||61.34192169997
   8   ||Recruit year 1 || limited ||      3.837993459802 ||0.1275155117193
   9   ||Recruit year 2 || limited ||      9.518219568728 ||0.292631831421
  10   ||Recruit year 3 || limited ||      2.695327077041 ||0.09937506375769
  11   ||Recruit year 4 || limited ||      7.542151337986 ||0.2202440538538





