# Minimum negative log likelihood

Minuit did successfully converge.
# of function calls: 940
minimum function Value: 689.7239332906
minimum edm: 6.735657902205e-05
minimum internal state vector: LAVector parameters:
       2.91137952868
    -0.9586673498027
     -1.287002217587
     -1.048483970659
     -1.511819352141
     -1.513409870707
       0.18729185341
     0.0213686593351
     -1.023745280113
     -1.443206233337
    -0.9734135015438
     -1.205912051889

minimum internal covariance matrix: LASymMatrix parameters:
    0.097801066   0.0060947838              0 -0.00074495005  -0.0016471854   -0.001426578   -4.64575e-05   0.0026148415  -0.0067329203   -0.001158252  -0.0057859388  -0.0038964502
   0.0060947838  0.00040792049              0 -4.1072702e-05 -0.00010348413 -8.9836996e-05  2.6208511e-06 -1.5628212e-05 -0.00042401565 -7.2585564e-05 -0.00036356466 -0.00024846343
              0              0              2              0              0              0              0              0              0              0              0              0
 -0.00074495005 -4.1072702e-05              0  0.00039983285  1.2414473e-05  1.0164087e-05  4.4000637e-07 -1.9447331e-05  5.5399852e-05  6.0890352e-07  4.9545351e-05  2.2909391e-05
  -0.0016471854 -0.00010348413              0  1.2414473e-05  2.8108081e-05  2.4319383e-05  8.8866906e-07  -4.482411e-05  0.00011403588  1.9874006e-05  9.7951584e-05  6.5835284e-05
   -0.001426578 -8.9836996e-05              0  1.0164087e-05  2.4319383e-05  2.1184156e-05   7.502592e-07 -3.8896432e-05  9.8772023e-05   1.718093e-05  8.4841517e-05  5.7134098e-05
   -4.64575e-05  2.6208511e-06              0  4.4000637e-07  8.8866906e-07   7.502592e-07  4.5251991e-06 -0.00011968947  1.6352058e-06 -3.3276754e-07  1.3916412e-06  1.5525877e-06
   0.0026148415 -1.5628212e-05              0 -1.9447331e-05  -4.482411e-05 -3.8896432e-05 -0.00011968947   0.0076057625 -0.00013167749  1.2979077e-05 -0.00012229408 -9.6763066e-05
  -0.0067329203 -0.00042401565              0  5.5399852e-05  0.00011403588  9.8772023e-05  1.6352058e-06 -0.00013167749  0.00048726839  8.0115956e-05  0.00040111397  0.00026810819
   -0.001158252 -7.2585564e-05              0  6.0890352e-07  1.9874006e-05   1.718093e-05 -3.3276754e-07  1.2979077e-05  8.0115956e-05  3.6724095e-05  6.8685275e-05    4.59404e-05
  -0.0057859388 -0.00036356466              0  4.9545351e-05  9.7951584e-05  8.4841517e-05  1.3916412e-06 -0.00012229408  0.00040111397  6.8685275e-05  0.00036528071  0.00023005002
  -0.0038964502 -0.00024846343              0  2.2909391e-05  6.5835284e-05  5.7134098e-05  1.5525877e-06 -9.6763066e-05  0.00026810819    4.59404e-05  0.00023005002  0.00018007993


# ext. ||   Name    ||   type  ||     Value     ||  Error +/- 

   0   ||Natural mortality || limited ||    0.05070462577297 ||0.00533875484083
   1   ||Targeted q || limited ||      9.078673020978 ||0.4103005228902
   2   ||Nontargeted q || limited ||                   2 ||22.06548931833
   3   ||     sigma || limited ||      6.666605162188 ||0.3526798673183
   4   ||  Biomass1 || limited ||     0.8693188628674 ||0.1104842275341
   5   ||  Biomass2 || limited ||     0.8230754186858 ||0.09333205684559
   6   ||   vm_mean || limited ||     0.5849607641416 ||0.004642922779185
   7   ||  vm_sigma || limited ||      40.85517064238 ||2.46454348736
   8   ||Recruit year 1 || limited ||      7.306160653432 ||0.4059047356798
   9   ||Recruit year 2 || limited ||     0.4163883440915 ||0.02725986995311
  10   ||Recruit year 3 || limited ||       8.66860632093 ||0.3800311476823
  11   ||Recruit year 4 || limited ||      3.301417680311 ||0.1692827465087





