# Minimum negative log likelihood

Minuit did successfully converge.
# of function calls: 1382
minimum function Value: 576.4601519392
minimum edm: 1.086047196076e-05
minimum internal state vector: LAVector parameters:
    -0.6558177098738
    -0.9355419174144
     -1.287002217587
     -1.174918580943
     -1.542810565182
      -1.54498971068
    -0.3091222817651
     -1.073799452814
     -0.936007009014
    -0.9507475522978
     -1.417392079274
    0.09639566310743
    0.02724131550279
    0.08473858993129
     0.0842941282899

minimum internal covariance matrix: LASymMatrix parameters:
   0.0073209412 -0.00039127872              0  3.3865959e-06  1.9859344e-05  1.5813411e-05 -0.00092910056  0.00052324184  0.00061757035  0.00067841175  0.00019084953  2.2982681e-05   2.282325e-05  2.7705242e-05  3.6619566e-05
 -0.00039127872  2.5237248e-05              0  1.5579447e-06 -1.4397537e-06 -1.1314905e-06  3.4238163e-05 -2.8300568e-05 -3.3187074e-05 -3.6501485e-05  -1.035852e-05 -9.2711184e-07 -8.5753648e-07 -1.0292387e-06 -1.7765253e-06
              0              0              2              0              0              0              0              0              0              0              0              0              0              0              0
  3.3865959e-06  1.5579447e-06              0  0.00021028756  4.4825455e-07  5.5071694e-07 -8.5659075e-06  -1.282744e-06 -2.8936894e-07 -2.0441388e-07 -4.3473027e-08  2.3364323e-07  8.1895243e-08  2.3300681e-07  -1.654436e-07
  1.9859344e-05 -1.4397537e-06              0  4.4825455e-07  3.6886193e-06  2.8473719e-06 -1.0491578e-06  1.3777229e-06  1.5971531e-06  1.7613269e-06  2.9783711e-07 -6.8404822e-09  1.6123646e-09  4.1328791e-08  1.1087905e-07
  1.5813411e-05 -1.1314905e-06              0  5.5071694e-07  2.8473719e-06  2.2502372e-06 -9.2541785e-07  1.1192237e-06  1.2537959e-06  1.4067655e-06  2.3351316e-07  2.3562002e-09  6.3339352e-09  3.2465757e-08  8.6024088e-08
 -0.00092910056  3.4238163e-05              0 -8.5659075e-06 -1.0491578e-06 -9.2541785e-07  0.00071105846 -6.3894326e-05 -7.6671572e-05 -8.2944204e-05 -2.3130111e-05 -9.7836627e-06 -8.4285099e-06 -9.8212901e-06 -8.5241903e-06
  0.00052324184 -2.8300568e-05              0  -1.282744e-06  1.3777229e-06  1.1192237e-06 -6.3894326e-05  4.4339045e-05   4.403651e-05   4.844996e-05  1.3130668e-05  1.5532866e-06  1.6133988e-06  2.0238198e-06  2.8042167e-06
  0.00061757035 -3.3187074e-05              0 -2.8936894e-07  1.5971531e-06  1.2537959e-06 -7.6671572e-05   4.403651e-05  5.9053532e-05  5.6913164e-05  1.5814973e-05  1.9051958e-06  1.8550986e-06  2.2039633e-06  2.4651664e-06
  0.00067841175 -3.6501485e-05              0 -2.0441388e-07  1.7613269e-06  1.4067655e-06 -8.2944204e-05   4.844996e-05  5.6913164e-05   6.935609e-05  1.7173233e-05  2.1398906e-06  2.1545764e-06  2.5185769e-06  3.1802253e-06
  0.00019084953  -1.035852e-05              0 -4.3473027e-08  2.9783711e-07  2.3351316e-07 -2.3130111e-05  1.3130668e-05  1.5814973e-05  1.7173233e-05  1.4359744e-05  4.8831721e-07  5.1668311e-07  6.7168152e-07  1.9442646e-06
  2.2982681e-05 -9.2711184e-07              0  2.3364323e-07 -6.8404822e-09  2.3562002e-09 -9.7836627e-06  1.5532866e-06  1.9051958e-06  2.1398906e-06  4.8831721e-07   6.054208e-07  1.4129156e-07  1.7476866e-07  9.1532981e-08
   2.282325e-05 -8.5753648e-07              0  8.1895243e-08  1.6123646e-09  6.3339352e-09 -8.4285099e-06  1.6133988e-06  1.8550986e-06  2.1545764e-06  5.1668311e-07  1.4129156e-07  2.6731623e-07  1.5679206e-07  1.7337327e-07
  2.7705242e-05 -1.0292387e-06              0  2.3300681e-07  4.1328791e-08  3.2465757e-08 -9.8212901e-06  2.0238198e-06  2.2039633e-06  2.5185769e-06  6.7168152e-07  1.7476866e-07  1.5679206e-07  4.5975618e-07  1.8693417e-07
  3.6619566e-05 -1.7765253e-06              0  -1.654436e-07  1.1087905e-07  8.6024088e-08 -8.5241903e-06  2.8042167e-06  2.4651664e-06  3.1802253e-06  1.9442646e-06  9.1532981e-08  1.7337327e-07  1.8693417e-07  5.9562373e-06


# ext. ||   Name    ||   type  ||     Value     ||  Error +/- 

   0   ||Natural mortality || limited ||    0.02975481193197 ||0.001198036104434
   1   ||Targeted q || limited ||      9.753961975134 ||0.1053924947479
   2   ||Nontargeted q || limited ||                   2 ||22.06548931833
   3   ||     sigma || limited ||      3.867077747044 ||0.1977022912877
   4   ||  Biomass1 || limited ||     0.1957879342975 ||0.01900059613458
   5   ||  Biomass2 || limited ||      0.166486118797 ||0.0136852245711
   6   ||  vm_sigma || limited ||      27.83174657117 ||0.718418487397
   7   ||Recruit year 1 || limited ||      6.058476207766 ||0.1122350109912
   8   ||Recruit year 2 || limited ||       9.74919345524 ||0.1610990010404
   9   ||Recruit year 3 || limited ||      9.316563450743 ||0.1710737793041
  10   ||Recruit year 4 || limited ||     0.5971100257784 ||0.02046996394535
  11   ||Mean Rec dist 1 || limited ||     0.9624644571134 ||0.00547636969308
  12   ||Mean Rec dist 2 || limited ||     0.2723794637981 ||0.003654571785505
  13   ||Mean Rec dist 3 || limited ||     0.8463721361136 ||0.004777356474968
  14   ||Mean Rec dist 4 || limited ||     0.8419433842702 ||0.01719594366774





