# Minimum negative log likelihood

Minuit did successfully converge.
# of function calls: 2800
minimum function Value: 622.6640625078
minimum edm: 2.036700066529e-05
minimum internal state vector: LAVector parameters:
     -1.571004124641
     -1.294293977243
     -1.287002217587
     -1.127663043651
     -1.324860377486
     -1.328656967959
    -0.7732385116105
     -1.264867750137
     -1.057884321276
     -1.279012918154
     -1.013996261197
    0.04966350149823
    0.09681072404004
    -0.6794141881851
     0.0621267933103

minimum internal covariance matrix: LASymMatrix parameters:
    0.033131911 -1.7620268e-05              0  0.00013162662  5.2393149e-05  4.7174524e-05 -0.00025395252  7.8457208e-05   7.849113e-05   6.335522e-05  8.3927246e-05 -3.9785596e-05  2.8893184e-07  -1.040404e-07  9.5253962e-06
 -1.7620268e-05  2.3754505e-05              0  1.1014383e-06 -2.2242456e-05 -2.1256123e-05  -0.0001094417 -7.2412568e-06 -2.1706961e-05   4.919257e-06 -3.7322853e-05  4.8169544e-06   3.734844e-06  4.6407466e-11  1.0843298e-06
              0              0              2              0              0              0              0              0              0              0              0              0              0              0              0
  0.00013162662  1.1014383e-06              0  0.00024754125 -1.1942067e-06 -1.1980014e-06 -2.5450475e-05  2.4192053e-06  1.6000947e-06   2.785198e-06  4.9198443e-07 -1.1016915e-06  2.7856324e-07  3.3273489e-10  6.1747838e-07
  5.2393149e-05 -2.2242456e-05              0 -1.1942067e-06  3.9239882e-05  3.6036586e-05  0.00010278754  1.5152893e-05  2.1709563e-05 -4.4481273e-06  3.4744189e-05 -9.7253991e-06 -3.7433957e-06 -5.9143999e-10 -7.4815679e-07
  4.7174524e-05 -2.1256123e-05              0 -1.1980014e-06  3.6036586e-05  3.3212506e-05  9.8677306e-05  1.3209165e-05  2.0624906e-05 -4.2431865e-06  3.3206862e-05 -8.4232572e-06 -3.5675815e-06 -5.1840315e-10 -7.6158401e-07
 -0.00025395252  -0.0001094417              0 -2.5450475e-05  0.00010278754  9.8677306e-05   0.0036491264  2.2503677e-05  0.00010144701 -2.1071083e-05  9.1345386e-05 -3.5930404e-05 -6.1719445e-05  2.0248511e-08 -6.3521969e-05
  7.8457208e-05 -7.2412568e-06              0  2.4192053e-06  1.5152893e-05  1.3209165e-05  2.2503677e-05  3.0397533e-05  6.8559326e-06 -8.0496757e-07  1.0594862e-05 -1.4577721e-05 -6.7193945e-07 -3.2946264e-10  4.7590472e-07
   7.849113e-05 -2.1706961e-05              0  1.6000947e-06  2.1709563e-05  2.0624906e-05  0.00010144701  6.8559326e-06   3.273706e-05 -7.5126941e-06  3.4532635e-05 -6.4719751e-06 -4.2109916e-06 -1.8955292e-10 -8.7772232e-07
   6.335522e-05   4.919257e-06              0   2.785198e-06 -4.4481273e-06 -4.2431865e-06 -2.1071083e-05 -8.0496757e-07 -7.5126941e-06  2.0611547e-05 -7.4764958e-06  1.3483673e-06 -1.9500093e-07  7.7091609e-11  9.0345355e-07
  8.3927246e-05 -3.7322853e-05              0  4.9198443e-07  3.4744189e-05  3.3206862e-05  9.1345386e-05  1.0594862e-05  3.4532635e-05 -7.4764958e-06  0.00010359078 -7.0423124e-06 -3.9541623e-06 -8.4466063e-10   3.075215e-06
 -3.9785596e-05  4.8169544e-06              0 -1.1016915e-06 -9.7253991e-06 -8.4232572e-06 -3.5930404e-05 -1.4577721e-05 -6.4719751e-06  1.3483673e-06 -7.0423124e-06  3.7744069e-05  1.8576296e-06 -5.7870627e-11 -1.1557248e-06
  2.8893184e-07   3.734844e-06              0  2.7856324e-07 -3.7433957e-06 -3.5675815e-06 -6.1719445e-05 -6.7193945e-07 -4.2109916e-06 -1.9500093e-07 -3.9541623e-06  1.8576296e-06  7.2814684e-06 -3.7472968e-10  7.8754196e-07
  -1.040404e-07  4.6407466e-11              0  3.3273489e-10 -5.9143999e-10 -5.1840315e-10  2.0248511e-08 -3.2946264e-10 -1.8955292e-10  7.7091609e-11 -8.4466063e-10 -5.7870627e-11 -3.7472968e-10  2.5874192e-12  -4.259632e-10
  9.5253962e-06  1.0843298e-06              0  6.1747838e-07 -7.4815679e-07 -7.6158401e-07 -6.3521969e-05  4.7590472e-07 -8.7772232e-07  9.0345355e-07   3.075215e-06 -1.1557248e-06  7.8754196e-07  -4.259632e-10  5.5678485e-06


# ext. ||   Name    ||   type  ||     Value     ||  Error +/- 

   0   ||Natural mortality || limited ||    0.02000000053975* ||0.0002067887290536
   1   ||Targeted q || limited ||      1.899192337996 ||0.04704114694019
   2   ||Nontargeted q || limited ||                   2 ||22.06548931833
   3   ||     sigma || limited ||      4.829368236091 ||0.2385044404583
   4   ||  Biomass1 || limited ||      15.04506016976 ||0.5392033419364
   5   ||  Biomass2 || limited ||      14.58638940526 ||0.4885598818396
   6   ||  vm_sigma || limited ||      12.06258738479 ||1.222374031177
   7   ||Recruit year 1 || limited ||       2.33138303121 ||0.05870214779388
   8   ||Recruit year 2 || limited ||      6.443394872097 ||0.099256963198
   9   ||Recruit year 3 || limited ||      2.123169549677 ||0.04616859641212
  10   ||Recruit year 4 || limited ||      7.561718185828 ||0.1901475052279
  11   ||Mean Rec dist 1 || limited ||     0.4964308848115 ||0.04338825521813
  12   ||Mean Rec dist 2 || limited ||     0.9665957143562 ||0.01899135114442
  13   ||Mean Rec dist 3 || limited ||     -6.283374048658 ||8.848405730344e-06
  14   ||Mean Rec dist 4 || limited ||     0.6208683549363 ||0.01665289850865

* Parameter is at Lower limit




