# Minimum negative log likelihood

Minuit did successfully converge.
# of function calls: 1090
minimum function Value: 661.2925026812
minimum edm: 4.595469611775e-06
minimum internal state vector: LAVector parameters:
    -0.2522378211869
     -1.178434707471
     -1.287002217587
     -1.083719597542
     -1.363417300389
     -1.370780558569
    -0.4054741367306
     -1.019352445458
     -1.508572007679
    -0.9465557262611
       -1.0515418736
      0.104201665822
    0.05822010826109
     0.1081791217534
     0.1195855433871

minimum internal covariance matrix: LASymMatrix parameters:
    0.051556635  -0.0037431974              0  4.8583085e-05   0.0020659295   0.0019531637   -0.012242536   0.0087184095   0.0014492542   0.0098173412    0.007872164   0.0003777429   0.0013411531  0.00037768409  0.00032266784
  -0.0037431974     0.00028569              0 -3.6394705e-06 -0.00015838311 -0.00014934087  0.00081519635 -0.00063993307 -9.6607657e-05 -0.00072106189 -0.00058457892 -2.5547949e-05 -0.00011002454 -2.5390099e-05 -2.3067785e-05
              0              0              2              0              0              0              0              0              0              0              0              0              0              0              0
  4.8583085e-05 -3.6394705e-06              0   0.0002980547   1.773479e-06  1.8049307e-06 -1.6094613e-05  9.6784871e-06  4.2102876e-06  8.7134818e-06  7.3546387e-06  3.0658239e-07 -1.4636204e-05  1.9195418e-07  -6.393924e-08
   0.0020659295 -0.00015838311              0   1.773479e-06  0.00010168487  9.4402359e-05 -0.00045386444  0.00035387015  5.2219778e-05  0.00039877756  0.00032394839   1.375639e-05  6.2840806e-05  1.3981465e-05  1.2846046e-05
   0.0019531637 -0.00014934087              0  1.8049307e-06  9.4402359e-05  8.7869656e-05 -0.00043070143  0.00033426811  4.9706792e-05  0.00037669963  0.00030585143  1.3108478e-05  5.8791253e-05  1.3265097e-05  1.2131805e-05
   -0.012242536  0.00081519635              0 -1.6094613e-05 -0.00045386444 -0.00043070143   0.0090240651  -0.0020172337 -0.00036398984  -0.0022670394  -0.0018351231 -0.00014418188 -0.00031007554 -0.00016178585 -0.00012963281
   0.0087184095 -0.00063993307              0  9.6784871e-06  0.00035387015  0.00033426811  -0.0020172337   0.0014955966  0.00023736165     0.00166437   0.0013377503  6.1960561e-05  0.00024112717  6.2705755e-05  5.4143024e-05
   0.0014492542 -9.6607657e-05              0  4.2102876e-06  5.2219778e-05  4.9706792e-05 -0.00036398984  0.00023736165   9.970814e-05  0.00027057886  0.00021237062  1.0919915e-05 -6.2761053e-05   1.167096e-05  9.0498444e-06
   0.0098173412 -0.00072106189              0  8.7134818e-06  0.00039877756  0.00037669963  -0.0022670394     0.00166437  0.00027057886   0.0018920893   0.0015068798   7.065051e-05  0.00026334846  6.9993067e-05  6.1355668e-05
    0.007872164 -0.00058457892              0  7.3546387e-06  0.00032394839  0.00030585143  -0.0018351231   0.0013377503  0.00021237062   0.0015068798    0.001255768  5.6249134e-05  0.00021764258  5.6066315e-05  5.1023607e-05
   0.0003777429 -2.5547949e-05              0  3.0658239e-07   1.375639e-05  1.3108478e-05 -0.00014418188  6.1960561e-05  1.0919915e-05   7.065051e-05  5.6249134e-05  5.9172728e-06  9.9954586e-06  3.5461681e-06  2.8242142e-06
   0.0013411531 -0.00011002454              0 -1.4636204e-05  6.2840806e-05  5.8791253e-05 -0.00031007554  0.00024112717 -6.2761053e-05  0.00026334846  0.00021764258  9.9954586e-06  0.00090714053  8.9283553e-06  9.1835372e-06
  0.00037768409 -2.5390099e-05              0  1.9195418e-07  1.3981465e-05  1.3265097e-05 -0.00016178585  6.2705755e-05   1.167096e-05  6.9993067e-05  5.6066315e-05  3.5461681e-06  8.9283553e-06  5.3212758e-06  2.9734481e-06
  0.00032266784 -2.3067785e-05              0  -6.393924e-08  1.2846046e-05  1.2131805e-05 -0.00012963281  5.4143024e-05  9.0498444e-06  6.1355668e-05  5.1023607e-05  2.8242142e-06  9.1835372e-06  2.9734481e-06  6.1873935e-06


# ext. ||   Name    ||   type  ||     Value     ||  Error +/- 

   0   ||Natural mortality || limited ||    0.03876071023224 ||0.003870214149106
   1   ||Targeted q || limited ||       3.79956894187 ||0.2284956082648
   2   ||Nontargeted q || limited ||                   2 ||22.06548931833
   3   ||     sigma || limited ||      5.814757322397 ||0.2856797324199
   4   ||  Biomass1 || limited ||      10.71303864972 ||0.7340522290835
   5   ||  Biomass2 || limited ||      9.968277471695 ||0.6584698568333
   6   ||  vm_sigma || limited ||       24.2225173764 ||2.467116170403
   7   ||Recruit year 1 || limited ||      7.420812078758 ||0.7161890674777
   8   ||Recruit year 2 || limited ||     0.1067557427562 ||0.0219509406693
   9   ||Recruit year 3 || limited ||      9.438696626884 ||0.8986374226534
  10   ||Recruit year 4 || limited ||      6.599871654009 ||0.6215935020377
  11   ||Mean Rec dist 1 || limited ||      1.040131981118 ||0.01710738074022
  12   ||Mean Rec dist 2 || limited ||     0.5818722353934 ||0.212594978826
  13   ||Mean Rec dist 3 || limited ||      1.079682468102 ||0.01621610344938
  14   ||Mean Rec dist 4 || limited ||      1.193007209145 ||0.01746328171081





