# Minimum negative log likelihood

Minuit did successfully converge.
# of function calls: 1230
minimum function Value: 405.1976106597
minimum edm: 1.158192432363e-05
minimum internal state vector: LAVector parameters:
      3.402193931123
     -1.008381514932
     -1.287002217587
     -1.309473314534
     -1.431708096983
     -1.433154794282
     0.8547514445592
    -0.8292621582547
     -1.038437156581
     -1.036467783147
     -1.251232101434
     -0.962658605795

minimum internal covariance matrix: LASymMatrix parameters:
   0.0064613646  0.00053915607              0  3.7588111e-05 -0.00013196296 -0.00012213021  3.2469971e-06  -1.016901e-05 -0.00044277965 -0.00056292869 -0.00027718728 -0.00055069809
  0.00053915607  4.7304237e-05              0  2.9230714e-06 -1.1774887e-05 -1.0813214e-05  1.5925908e-06 -5.1305187e-06 -3.7118525e-05 -4.7130071e-05 -2.3418889e-05 -4.6783256e-05
              0              0              2              0              0              0              0              0              0              0              0              0
  3.7588111e-05  2.9230714e-06              0  8.7006366e-05 -6.9731622e-08 -1.2441369e-07 -5.2128517e-07  7.0978447e-07 -3.2007369e-06 -3.0999526e-06 -1.0116555e-06 -3.3868092e-06
 -0.00013196296 -1.1774887e-05              0 -6.9731622e-08  3.9273281e-06  3.5219719e-06  -5.401726e-07  1.6900342e-06  9.1001813e-06    1.16035e-05  5.8326709e-06  1.1558493e-05
 -0.00012213021 -1.0813214e-05              0 -1.2441369e-07  3.5219719e-06  3.1745539e-06 -4.3766292e-07  1.3613308e-06  8.4220018e-06  1.0734255e-05  5.3771595e-06  1.0665879e-05
  3.2469971e-06  1.5925908e-06              0 -5.2128517e-07  -5.401726e-07 -4.3766292e-07  1.6574403e-06 -4.7044505e-06 -2.7491149e-07 -3.4610697e-07 -4.7537675e-07 -3.3633243e-07
  -1.016901e-05 -5.1305187e-06              0  7.0978447e-07  1.6900342e-06  1.3613308e-06 -4.7044505e-06  2.5538982e-05  9.9162509e-07  9.7996148e-07  1.6336026e-06  9.7736216e-07
 -0.00044277965 -3.7118525e-05              0 -3.2007369e-06  9.1001813e-06  8.4220018e-06 -2.7491149e-07  9.9162509e-07  3.1655358e-05  3.8586636e-05  1.8935375e-05  3.7773216e-05
 -0.00056292869 -4.7130071e-05              0 -3.0999526e-06    1.16035e-05  1.0734255e-05 -3.4610697e-07  9.7996148e-07  3.8586636e-05  5.0389533e-05  2.4125385e-05  4.7998498e-05
 -0.00027718728 -2.3418889e-05              0 -1.0116555e-06  5.8326709e-06  5.3771595e-06 -4.7537675e-07  1.6336026e-06  1.8935375e-05  2.4125385e-05  1.3266473e-05  2.3634523e-05
 -0.00055069809 -4.6783256e-05              0 -3.3868092e-06  1.1558493e-05  1.0665879e-05 -3.3633243e-07  9.7736216e-07  3.7773216e-05  4.7998498e-05  2.3634523e-05  4.9621508e-05


# ext. ||   Name    ||   type  ||     Value     ||  Error +/- 

   0   ||Natural mortality || limited ||    0.03855846065082 ||0.001372259139278
   1   ||Targeted q || limited ||      7.701503638846 ||0.1296636928452
   2   ||Nontargeted q || limited ||                   2 ||22.06548931833
   3   ||     sigma || limited ||      1.697549412705 ||0.08520218892927
   4   ||  Biomass1 || limited ||      4.828592074344 ||0.09713878262077
   5   ||  Biomass2 || limited ||      4.728825082796 ||0.08643180449336
   6   ||   vm_mean || limited ||      2.370041958769 ||0.001877268218064
   7   ||  vm_sigma || limited ||       10.5035399655 ||0.09654157529644
   8   ||Recruit year 1 || limited ||      6.928706491871 ||0.1009549929015
   9   ||Recruit year 2 || limited ||      6.978764487549 ||0.1277974804326
  10   ||Recruit year 3 || limited ||      2.541126458147 ||0.04045105738202
  11   ||Recruit year 4 || limited ||      8.973431818858 ||0.1422785501635





