# Minimum negative log likelihood

Minuit did successfully converge.
# of function calls: 1173
minimum function Value: 857.4884286234
minimum edm: 9.602171277924e-06
minimum internal state vector: LAVector parameters:
     0.2754728541098
     -1.076253651304
     -1.287002217587
    -0.7772596636731
     -1.350506382587
      -1.33821715866
     -1.570786390314
    -0.9393451597973
     -1.016877064346
    -0.9169480145227
    -0.8808461983607
     -1.273385002645

minimum internal covariance matrix: LASymMatrix parameters:
     0.35498471    -0.03219521              0   0.0003426188     0.01352802    0.014288049 -9.6993361e-05   0.0032872096    0.038604115    0.048128363    0.050213094    0.015624933
    -0.03219521   0.0030072106              0 -3.0322908e-05  -0.0012893276  -0.0013490699  4.4953139e-06 -0.00032958134  -0.0035433904  -0.0044024948  -0.0045954208  -0.0014294935
              0              0              2              0              0              0              0              0              0              0              0              0
   0.0003426188 -3.0322908e-05              0  0.00087145995  2.5031068e-05   2.234396e-05 -8.9084319e-07 -8.6514466e-06  3.8701611e-05  4.2663541e-05  2.6617094e-05  1.8359311e-05
     0.01352802  -0.0012893276              0  2.5031068e-05  0.00073998751  0.00072122238 -4.3816525e-07  0.00011103373   0.0014501756   0.0018740527   0.0019280645  0.00064765034
    0.014288049  -0.0013490699              0   2.234396e-05  0.00072122238  0.00071641625 -3.5911672e-07  0.00014378351   0.0015494105   0.0019661493   0.0020346889  0.00066986364
 -9.6993361e-05  4.4953139e-06              0 -8.9084319e-07 -4.3816525e-07 -3.5911672e-07   0.0011995142   1.028475e-06 -1.0386978e-05  1.1792794e-06 -1.4835885e-05  1.7747487e-05
   0.0032872096 -0.00032958134              0 -8.6514466e-06  0.00011103373  0.00014378351   1.028475e-06  0.00087892219  0.00031722342  0.00053379733  0.00042186371  0.00015720264
    0.038604115  -0.0035433904              0  3.8701611e-05   0.0014501756   0.0015494105 -1.0386978e-05  0.00031722342    0.004959059   0.0049185074   0.0056461581   0.0015863821
    0.048128363  -0.0044024948              0  4.2663541e-05   0.0018740527   0.0019661493  1.1792794e-06  0.00053379733   0.0049185074    0.007036302   0.0065916135   0.0022991344
    0.050213094  -0.0045954208              0  2.6617094e-05   0.0019280645   0.0020346889 -1.4835885e-05  0.00042186371   0.0056461581   0.0065916135   0.0074801652   0.0019686665
    0.015624933  -0.0014294935              0  1.8359311e-05  0.00064765034  0.00066986364  1.7747487e-05  0.00015720264   0.0015863821   0.0022991344   0.0019686665    0.001513032


# ext. ||   Name    ||   type  ||     Value     ||  Error +/- 

   0   ||Natural mortality || limited ||    0.05180004983229 ||0.009838176792444
   1   ||Targeted q || limited ||      5.990706928784 ||0.9199887499682
   2   ||Nontargeted q || limited ||                   2 ||22.06548931833
   3   ||     sigma || limited ||      14.93356805858 ||0.7439402889937
   4   ||  Biomass1 || limited ||       12.0829330522 ||2.101439268369
   5   ||  Biomass2 || limited ||      13.46241758614 ||2.181022447652
   6   ||   vm_mean || limited ||     -3.141592653435* ||0.0009420491420629
   7   ||  vm_sigma || limited ||      7.714035170813 ||0.4949576649939
   8   ||Recruit year 1 || limited ||      7.485780785572 ||1.308994051007
   9   ||Recruit year 2 || limited ||      10.32152058341 ||1.802635963212
  10   ||Recruit year 3 || limited ||       11.4449684316 ||1.944885115028
  11   ||Recruit year 4 || limited ||      2.204865825255 ||0.4029182256778

* Parameter is at Lower limit




