# Minimum negative log likelihood

Minuit did successfully converge.
# of function calls: 1773
minimum function Value: 459.8553333652
minimum edm: 6.167642281366e-05
minimum internal state vector: LAVector parameters:
     -1.560642739595
    -0.9597592891774
     -1.287002217587
     -1.272524632527
      -1.54039382899
     -1.542548838999
     0.4721463600849
   -0.03408230037448
     -1.098290770467
      -1.30029781677
     -1.345137364623
      -1.37408052629

minimum internal covariance matrix: LASymMatrix parameters:
    0.055218199 -0.00028908124              0 -0.00027524495  2.0036535e-05  1.4426292e-05  2.9441398e-05 -0.00062081114  0.00029162688  0.00022368012  0.00019502999  4.4097368e-05
 -0.00028908124  3.3192493e-06              0  1.3332643e-06 -1.6013487e-07 -1.3152686e-07  6.9218851e-07  -1.578797e-05 -1.0631526e-06 -8.0657834e-07 -6.1418576e-07 -3.8017622e-07
              0              0              2              0              0              0              0              0              0              0              0              0
 -0.00027524495  1.3332643e-06              0  0.00011618543 -5.4316142e-08 -1.0655688e-07  3.6342956e-07  6.7580367e-06 -8.7670523e-07 -1.0290176e-06 -3.3767729e-07  1.1020569e-07
  2.0036535e-05 -1.6013487e-07              0 -5.4316142e-08  1.0885029e-06  8.9392428e-07 -1.6294722e-08 -1.7319484e-07  1.0415339e-07  4.4801893e-08  6.9293963e-08  1.2035627e-08
  1.4426292e-05 -1.3152686e-07              0 -1.0655688e-07  8.9392428e-07  7.4102279e-07 -1.4539906e-08 -3.4238782e-08   7.544591e-08  3.7387242e-08   5.847548e-08  9.9664634e-10
  2.9441398e-05  6.9218851e-07              0  3.6342956e-07 -1.6294722e-08 -1.4539906e-08  1.5223856e-06 -2.9735524e-05  3.4446867e-07  1.7554194e-07  3.1701745e-07  1.0841987e-07
 -0.00062081114  -1.578797e-05              0  6.7580367e-06 -1.7319484e-07 -3.4238782e-08 -2.9735524e-05   0.0014236728 -7.5554405e-06 -4.4618284e-06 -4.5381117e-06 -1.7131208e-06
  0.00029162688 -1.0631526e-06              0 -8.7670523e-07  1.0415339e-07   7.544591e-08  3.4446867e-07 -7.5554405e-06  2.8952953e-06  1.0012643e-06  9.2456799e-07  3.1018071e-07
  0.00022368012 -8.0657834e-07              0 -1.0290176e-06  4.4801893e-08  3.7387242e-08  1.7554194e-07 -4.4618284e-06  1.0012643e-06  2.1356171e-06  6.7434839e-07  2.2302609e-07
  0.00019502999 -6.1418576e-07              0 -3.3767729e-07  6.9293963e-08   5.847548e-08  3.1701745e-07 -4.5381117e-06  9.2456799e-07  6.7434839e-07  2.0645151e-06  2.0283709e-07
  4.4097368e-05 -3.8017622e-07              0  1.1020569e-07  1.2035627e-08  9.9664634e-10  1.0841987e-07 -1.7131208e-06  3.1018071e-07  2.2302609e-07  2.0283709e-07  2.1133346e-06


# ext. ||   Name    ||   type  ||     Value     ||  Error +/- 

   0   ||Natural mortality || limited ||  7.732083548245e-06 ||0.00206581621051
   1   ||Targeted q || limited ||        9.0473253949 ||0.03695495352305
   2   ||Nontargeted q || limited ||                   2 ||22.06548931833
   3   ||     sigma || limited ||      2.207709433784 ||0.1119901698103
   4   ||  Biomass1 || limited ||     0.2310601697297 ||0.01121274968427
   5   ||  Biomass2 || limited ||     0.1994668779363 ||0.008595929317706
   6   ||   vm_mean || limited ||      1.428792780385 ||0.002441051893047
   7   ||  vm_sigma || limited ||       38.6374889416 ||1.066450856569
   8   ||Recruit year 1 || limited ||      5.487914216951 ||0.02737679591803
   9   ||Recruit year 2 || limited ||      1.827927772952 ||0.01380476162011
  10   ||Recruit year 3 || limited ||        1.2775293952 ||0.01136530220626
  11   ||Recruit year 4 || limited ||     0.9742155234837 ||0.01004454484705





