# Minimum negative log likelihood

Minuit did successfully converge.
# of function calls: 1947
minimum function Value: 329.553834168
minimum edm: 6.555723590344e-05
minimum internal state vector: LAVector parameters:
      2.741916521134
     -1.017366150449
     -1.287002217587
     -1.353130197107
     -1.473243374238
     -1.480392801097
    -0.9420678305593
      -1.07651799238
      -1.05829576146
     -1.078585612494
     -1.117755750636
     0.0886466268441
     0.1062732289102
    0.08905158598126
    0.09804733930011

minimum internal covariance matrix: LASymMatrix parameters:
    0.003265985  0.00017963897              0 -7.1838506e-05 -3.5209992e-05 -3.1444548e-05  0.00015256537 -0.00029927801 -0.00030483449 -0.00029817999 -0.00026394961 -2.6221137e-05 -2.2009825e-05 -2.4310905e-05 -2.2719128e-05
  0.00017963897  1.1285245e-05              0 -2.5544746e-06 -2.3634114e-06 -2.0973669e-06  6.6460169e-06 -1.6817388e-05 -1.6896055e-05 -1.6410925e-05 -1.5079149e-05 -1.2834319e-06 -1.0310588e-06 -1.1009624e-06 -1.2394799e-06
              0              0              2              0              0              0              0              0              0              0              0              0              0              0              0
 -7.1838506e-05 -2.5544746e-06              0  7.5054881e-05  4.1145407e-07  4.7127717e-07  -5.232379e-06  6.7970611e-06  7.1583543e-06  6.8181943e-06  4.2669835e-06  8.3362155e-07  1.4594164e-07  5.8292616e-07  1.5758939e-07
 -3.5209992e-05 -2.3634114e-06              0  4.1145407e-07   1.036692e-06  8.7012899e-07 -1.4080119e-06  3.3441624e-06  3.2123308e-06  3.2429544e-06  3.1035491e-06    2.38321e-07  1.7582271e-07  2.0109944e-07   2.194996e-07
 -3.1444548e-05 -2.0973669e-06              0  4.7127717e-07  8.7012899e-07  7.4164904e-07 -1.2060057e-06   2.997945e-06  2.8773433e-06  2.8985203e-06  2.7622067e-06  2.1555814e-07  1.5171929e-07  1.7914497e-07  1.9388926e-07
  0.00015256537  6.6460169e-06              0  -5.232379e-06 -1.4080119e-06 -1.2060057e-06  1.9904176e-05 -1.3423859e-05 -1.3950939e-05 -1.3664426e-05 -1.2024378e-05 -1.7077207e-06 -1.4986153e-06 -1.8202916e-06 -1.7020396e-06
 -0.00029927801 -1.6817388e-05              0  6.7970611e-06  3.3441624e-06   2.997945e-06 -1.3423859e-05  2.8366089e-05  2.8014133e-05   2.736773e-05  2.4369056e-05  2.3463895e-06  1.9355392e-06  2.1674078e-06  2.0621769e-06
 -0.00030483449 -1.6896055e-05              0  7.1583543e-06  3.2123308e-06  2.8773433e-06 -1.3950939e-05  2.8014133e-05  2.9445934e-05  2.7855087e-05  2.4629825e-05  2.4216194e-06  2.0152284e-06  2.2499242e-06   2.120381e-06
 -0.00029817999 -1.6410925e-05              0  6.8181943e-06  3.2429544e-06  2.8985203e-06 -1.3664426e-05   2.736773e-05  2.7855087e-05  2.8305086e-05  2.4383329e-05  2.3736326e-06  2.0217216e-06  2.2628688e-06  1.9418941e-06
 -0.00026394961 -1.5079149e-05              0  4.2669835e-06  3.1035491e-06  2.7622067e-06 -1.2024378e-05  2.4369056e-05  2.4629825e-05  2.4383329e-05  2.3233953e-05  2.0354296e-06  1.7439397e-06  1.9828698e-06  1.7946784e-06
 -2.6221137e-05 -1.2834319e-06              0  8.3362155e-07    2.38321e-07  2.1555814e-07 -1.7077207e-06  2.3463895e-06  2.4216194e-06  2.3736326e-06  2.0354296e-06   3.181322e-07  2.0523068e-07  2.2723682e-07  1.9793863e-07
 -2.2009825e-05 -1.0310588e-06              0  1.4594164e-07  1.7582271e-07  1.5171929e-07 -1.4986153e-06  1.9355392e-06  2.0152284e-06  2.0217216e-06  1.7439397e-06  2.0523068e-07  2.9630415e-07  2.1350597e-07  1.6085945e-07
 -2.4310905e-05 -1.1009624e-06              0  5.8292616e-07  2.0109944e-07  1.7914497e-07 -1.8202916e-06  2.1674078e-06  2.2499242e-06  2.2628688e-06  1.9828698e-06  2.2723682e-07  2.1350597e-07  3.3191349e-07  1.7035672e-07
 -2.2719128e-05 -1.2394799e-06              0  1.5758939e-07   2.194996e-07  1.9388926e-07 -1.7020396e-06  2.0621769e-06   2.120381e-06  1.9418941e-06  1.7946784e-06  1.9793863e-07  1.6085945e-07  1.7035672e-07  3.7764404e-07


# ext. ||   Name    ||   type  ||     Value     ||  Error +/- 

   0   ||Natural mortality || limited ||    0.05472800050321 ||0.0009303829129891
   1   ||Targeted q || limited ||      7.463669961863 ||0.06242699705969
   2   ||Nontargeted q || limited ||                   2 ||22.06548931833
   3   ||     sigma || limited ||      1.179794466235 ||0.06614512012045
   4   ||  Biomass1 || limited ||      2.377258460147 ||0.03506155814126
   5   ||  Biomass2 || limited ||      2.041808189154 ||0.02748829738386
   6   ||  vm_sigma || limited ||      7.649866199577 ||0.07421207743525
   7   ||Recruit year 1 || limited ||      5.993836823638 ||0.0893206222438
   8   ||Recruit year 2 || limited ||      6.433304542382 ||0.09406682945632
   9   ||Recruit year 3 || limited ||      5.944892252272 ||0.08888200203559
  10   ||Recruit year 4 || limited ||      5.053475792096 ||0.07458478180039
  11   ||Mean Rec dist 1 || limited ||     0.8853057160447 ||0.003972648810932
  12   ||Mean Rec dist 2 || limited ||      1.060733002166 ||0.003827337541948
  13   ||Mean Rec dist 3 || limited ||     0.8893393338323 ||0.004057636564246
  14   ||Mean Rec dist 4 || limited ||     0.9789032202519 ||0.004324495535029





