# Minimum negative log likelihood

Minuit did successfully converge.
# of function calls: 769
minimum function Value: 646.4465878936
minimum edm: 5.218090653577e-05
minimum internal state vector: LAVector parameters:
     -0.525979857283
     -1.137133699934
     -1.287002217587
     -1.101161954586
     -1.464845354265
     -1.436477530899
     -1.135592524927
    -0.5842428836943
     -1.099083689788
     -1.168325798788
     -1.053244022974
     -1.208369343758

minimum internal covariance matrix: LASymMatrix parameters:
     0.10523211  -0.0089345495              0  4.0688366e-05   0.0022013365   0.0026752688  0.00051928575  -0.0026770136    0.012306641   0.0074603509    0.011016801   0.0076689827
  -0.0089345495  0.00077659602              0 -1.7705848e-06 -0.00019043697 -0.00023397575 -3.2482811e-05  0.00014412136  -0.0010913935 -0.00063175804 -0.00093963953 -0.00065459546
              0              0              2              0              0              0              0              0              0              0              0              0
  4.0688366e-05 -1.7705848e-06              0  0.00026189156   1.012822e-07  2.9843201e-07  6.6727766e-07 -6.7886964e-06 -1.6291795e-06  3.4772645e-06  3.1679108e-06  1.5492008e-06
   0.0022013365 -0.00019043697              0   1.012822e-07  7.1945823e-05  7.1952659e-05    7.22998e-06 -5.8697099e-05  0.00022257364  0.00016055854  0.00023146829   0.0001594163
   0.0026752688 -0.00023397575              0  2.9843201e-07  7.1952659e-05  8.0462805e-05  3.4714743e-06 -2.1713466e-05  0.00030997296  0.00019132782  0.00028164181  0.00019578765
  0.00051928575 -3.2482811e-05              0  6.6727766e-07    7.22998e-06  3.4714743e-06  4.2042068e-05 -0.00013171039  6.4458917e-05  3.5863581e-05   4.985933e-05  3.9201346e-05
  -0.0026770136  0.00014412136              0 -6.7886964e-06 -5.8697099e-05 -2.1713466e-05 -0.00013171039   0.0017024139 -0.00024311536 -0.00016206637 -0.00028800097 -0.00013127866
    0.012306641  -0.0010913935              0 -1.6291795e-06  0.00022257364  0.00030997296  6.4458917e-05 -0.00024311536   0.0021671086  0.00079308154    0.001309483   0.0009056243
   0.0074603509 -0.00063175804              0  3.4772645e-06  0.00016055854  0.00019132782  3.5863581e-05 -0.00016206637  0.00079308154  0.00055717638  0.00077601169  0.00054465554
    0.011016801 -0.00093963953              0  3.1679108e-06  0.00023146829  0.00028164181   4.985933e-05 -0.00028800097    0.001309483  0.00077601169   0.0011716353  0.00079790797
   0.0076689827 -0.00065459546              0  1.5492008e-06   0.0001594163  0.00019578765  3.9201346e-05 -0.00013127866   0.0009056243  0.00054465554  0.00079790797  0.00058461289


# ext. ||   Name    ||   type  ||     Value     ||  Error +/- 

   0   ||Natural mortality || limited ||     0.0324484835527 ||0.004916045794564
   1   ||Targeted q || limited ||      4.628359295802 ||0.4139783570241
   2   ||Nontargeted q || limited ||                   2 ||22.06548931833
   3   ||     sigma || limited ||      5.413309179522 ||0.2589301999692
   4   ||  Biomass1 || limited ||      2.803777829478 ||0.3171372825755
   5   ||  Biomass2 || limited ||      4.503607619408 ||0.4246975852899
   6   ||   vm_mean || limited ||     -2.848746390226 ||0.006072549435432
   7   ||  vm_sigma || limited ||      17.93805549965 ||0.9732944219537
   8   ||Recruit year 1 || limited ||       5.46988639567 ||0.7476938422396
   9   ||Recruit year 2 || limited ||      4.004794720083 ||0.3268384868312
  10   ||Recruit year 3 || limited ||      6.557705642304 ||0.5986254070828
  11   ||Recruit year 4 || limited ||      3.257719965594 ||0.3030368778095





