# Minimum negative log likelihood

Minuit did successfully converge.
# of function calls: 831
minimum function Value: 420.0792361424
minimum edm: 1.229361011803e-05
minimum internal state vector: LAVector parameters:
    -0.9987369819333
     -1.093581305905
     -1.287002217587
     -1.299904720423
     -1.546332384204
      -1.54680509198
    -0.7382767976126
     -0.303013347169
     -1.062678537731
     -1.224143766878
     -1.004071628666
     -1.258706327283

minimum internal covariance matrix: LASymMatrix parameters:
  0.00065936806 -0.00020983892              0  2.8863973e-05  6.9768181e-06  9.0909401e-06 -3.8644739e-07 -6.4707754e-06  0.00019640229  0.00017100289  0.00024786677   0.0001677412
 -0.00020983892  6.8528036e-05              0  -1.005029e-05 -2.3359501e-06 -2.9441545e-06  1.0202712e-06 -3.4247137e-06 -6.3000967e-05  -5.421557e-05 -7.9020797e-05 -5.3328702e-05
              0              0              2              0              0              0              0              0              0              0              0              0
  2.8863973e-05  -1.005029e-05              0  0.00011335529 -1.5242614e-07 -2.7938017e-07   -1.27219e-06 -1.2228969e-05  1.0606962e-05  7.9324948e-06  1.0967267e-05  7.4446251e-06
  6.9768181e-06 -2.3359501e-06              0 -1.5242614e-07  4.5709827e-06  2.7515165e-06 -2.0382719e-07 -5.0041418e-06  3.6591961e-06  1.7818998e-06  2.7099641e-06  1.7088046e-06
  9.0909401e-06 -2.9441545e-06              0 -2.7938017e-07  2.7515165e-06  2.1765327e-06  1.0787334e-08  1.7555094e-06  2.9869688e-06  2.3404128e-06  3.5225056e-06  2.2573447e-06
 -3.8644739e-07  1.0202712e-06              0   -1.27219e-06 -2.0382719e-07  1.0787334e-08  1.1571816e-06 -5.8062318e-06 -5.8980224e-07 -5.0644548e-08 -2.4913793e-07 -7.6170787e-08
 -6.4707754e-06 -3.4247137e-06              0 -1.2228969e-05 -5.0041418e-06  1.7555094e-06 -5.8062318e-06  0.00033832927 -1.0983577e-05 -5.7239627e-07  2.0412408e-07 -9.3697199e-07
  0.00019640229 -6.3000967e-05              0  1.0606962e-05  3.6591961e-06  2.9869688e-06 -5.8980224e-07 -1.0983577e-05  6.1560902e-05  5.0714186e-05  7.3712207e-05  4.9898625e-05
  0.00017100289  -5.421557e-05              0  7.9324948e-06  1.7818998e-06  2.3404128e-06 -5.0644548e-08 -5.7239627e-07  5.0714186e-05  4.5843549e-05  6.4277787e-05  4.3489609e-05
  0.00024786677 -7.9020797e-05              0  1.0967267e-05  2.7099641e-06  3.5225056e-06 -2.4913793e-07  2.0412408e-07  7.3712207e-05  6.4277787e-05  9.4714063e-05  6.3040295e-05
   0.0001677412 -5.3328702e-05              0  7.4446251e-06  1.7088046e-06  2.2573447e-06 -7.6170787e-08 -9.3697199e-07  4.9898625e-05  4.3489609e-05  6.3040295e-05   4.436399e-05


# ext. ||   Name    ||   type  ||     Value     ||  Error +/- 

   0   ||Natural mortality || limited ||    0.02388181466217 ||0.00147436923042
   1   ||Targeted q || limited ||      5.586123666897 ||0.1344280359009
   2   ||Nontargeted q || limited ||                   2 ||22.06548931833
   3   ||     sigma || limited ||      1.823365306589 ||0.1007262592778
   4   ||  Biomass1 || limited ||     0.1496136597661 ||0.01849024884698
   5   ||  Biomass2 || limited ||     0.1438879352118 ||0.01251262594235
   6   ||   vm_mean || limited ||      -2.11433703307 ||0.001767460685917
   7   ||  vm_sigma || limited ||       28.0647443544 ||0.496531136045
   8   ||Recruit year 1 || limited ||      6.326277623442 ||0.1349505807108
   9   ||Recruit year 2 || limited ||      2.983938697822 ||0.08132241807412
  10   ||Recruit year 3 || limited ||      7.826022615788 ||0.1847080726114
  11   ||Recruit year 4 || limited ||      2.425062569284 ||0.07229895632927





