# Minimum negative log likelihood

Minuit did successfully converge.
# of function calls: 1614
minimum function Value: 524.8077111737
minimum edm: 9.425649606118e-05
minimum internal state vector: LAVector parameters:
    -0.6683288291942
     -1.007795825599
     -1.287002217587
     -1.221645892039
     -1.508990911776
      -1.46676944892
     -1.169342299878
      2.869522773003
     -1.220188353106
     -1.253413029828
     -1.377745346215
     -1.147009018708

minimum internal covariance matrix: LASymMatrix parameters:
   0.0058255426  -0.0021421477              0  7.1954364e-05  0.00028125724  0.00037804103  0.00019275107   0.0022012031   0.0014140684   0.0012667445  0.00083260938   0.0018934649
  -0.0021421477  0.00080076843              0 -2.9500622e-05 -0.00010294989 -0.00014153807 -6.7380113e-05 -0.00076284812 -0.00053885419 -0.00046588264 -0.00030646692 -0.00069922319
              0              0              2              0              0              0              0              0              0              0              0              0
  7.1954364e-05 -2.9500622e-05              0  0.00015875454  4.6756819e-06  6.1394257e-06 -2.6022889e-08  2.4152784e-05  1.9141678e-05  1.6294419e-05  7.1879922e-06  2.3108561e-05
  0.00028125724 -0.00010294989              0  4.6756819e-06   4.596547e-05  2.8971918e-05   1.354696e-05  0.00020656641  2.4216578e-05  6.3068386e-05  3.9296308e-05  9.1273886e-05
  0.00037804103 -0.00014153807              0  6.1394257e-06  2.8971918e-05  3.0449622e-05  1.0242675e-05  0.00011566826  8.9130447e-05  8.2461681e-05  5.3975002e-05  0.00012313839
  0.00019275107 -6.7380113e-05              0 -2.6022889e-08   1.354696e-05  1.0242675e-05  1.7257419e-05  0.00018973729  3.4760773e-05  4.2763395e-05  2.7658324e-05  6.1748151e-05
   0.0022012031 -0.00076284812              0  2.4152784e-05  0.00020656641  0.00011566826  0.00018973729   0.0049298331    0.000320139  0.00048845742  0.00028411958  0.00072880113
   0.0014140684 -0.00053885419              0  1.9141678e-05  2.4216578e-05  8.9130447e-05  3.4760773e-05    0.000320139  0.00052487975  0.00030209493  0.00020459411  0.00046278204
   0.0012667445 -0.00046588264              0  1.6294419e-05  6.3068386e-05  8.2461681e-05  4.2763395e-05  0.00048845742  0.00030209493  0.00028079331  0.00018078681  0.00041176084
  0.00083260938 -0.00030646692              0  7.1879922e-06  3.9296308e-05  5.3975002e-05  2.7658324e-05  0.00028411958  0.00020459411  0.00018078681  0.00012497236  0.00027029241
   0.0018934649 -0.00069922319              0  2.3108561e-05  9.1273886e-05  0.00012313839  6.1748151e-05  0.00072880113  0.00046278204  0.00041176084  0.00027029241  0.00062134041


# ext. ||   Name    ||   type  ||     Value     ||  Error +/- 

   0   ||Natural mortality || limited ||    0.05704871690805 ||0.006350747955463
   1   ||Targeted q || limited ||      7.717126266819 ||0.5339466301526
   2   ||Nontargeted q || limited ||                   2 ||22.06548931833
   3   ||     sigma || limited ||      3.016815606483 ||0.1523929728502
   4   ||  Biomass1 || limited ||     0.9546733762076 ||0.1480536759214
   5   ||  Biomass2 || limited ||      2.702958984202 ||0.2025847965055
   6   ||   vm_mean || limited ||      -2.89181654656 ||0.00360602837116
   7   ||  vm_sigma || limited ||      50.74939581874 ||1.912058870152
   8   ||Recruit year 1 || limited ||      3.051492500115 ||0.2781697194999
   9   ||Recruit year 2 || limited ||      2.506985544126 ||0.1848685266352
  10   ||Recruit year 3 || limited ||     0.9387340818427 ||0.07582022885216
  11   ||Recruit year 4 || limited ||      4.432653639773 ||0.3623460588668





