# Minimum negative log likelihood

Minuit did successfully converge.
# of function calls: 983
minimum function Value: 428.3844385738
minimum edm: 1.856205804014e-05
minimum internal state vector: LAVector parameters:
    -0.2226937726269
    -0.9660081775449
     -1.287002217587
     -1.294382522793
      -1.54812399849
     -1.550351052491
    -0.6314387020309
    -0.3326862577481
     -1.150939269754
    -0.9506760996541
     -1.015961656032
      -1.28216852123

minimum internal covariance matrix: LASymMatrix parameters:
    0.013795772 -0.00095186243              0  0.00011894711  4.3639308e-05  3.9721119e-05   7.462614e-07 -1.9709954e-05  0.00062584387  0.00099716578  0.00086618411  0.00042625605
 -0.00095186243  6.7242268e-05              0 -8.5854196e-06 -3.1080201e-06 -2.8466028e-06  5.6154857e-07 -5.3074643e-06 -4.3331029e-05  -6.883422e-05 -5.9995366e-05 -2.9261204e-05
              0              0              2              0              0              0              0              0              0              0              0              0
  0.00011894711 -8.5854196e-06              0  0.00010802147  2.5915728e-06  2.0400479e-06 -2.5468976e-07  1.8426628e-06   5.672428e-06  8.4510797e-06  7.4632439e-06  3.4315132e-06
  4.3639308e-05 -3.1080201e-06              0  2.5915728e-06  1.6229311e-06  1.0797782e-06 -3.5869087e-08 -6.0849143e-07  2.1752128e-06   3.207474e-06  2.8051947e-06  1.2623077e-06
  3.9721119e-05 -2.8466028e-06              0  2.0400479e-06  1.0797782e-06  8.2122196e-07 -3.7373999e-08  2.2839668e-07  1.8767134e-06  2.9118408e-06  2.5454373e-06  1.1487167e-06
   7.462614e-07  5.6154857e-07              0 -2.5468976e-07 -3.5869087e-08 -3.7373999e-08  6.0190839e-07 -5.3068235e-06 -9.0314362e-08  1.5087629e-07 -8.4235817e-08  1.3380531e-07
 -1.9709954e-05 -5.3074643e-06              0  1.8426628e-06 -6.0849143e-07  2.2839668e-07 -5.3068235e-06  0.00015723542 -6.0740625e-07 -1.2422438e-06 -7.3004184e-07 -5.4332879e-07
  0.00062584387 -4.3331029e-05              0   5.672428e-06  2.1752128e-06  1.8767134e-06 -9.0314362e-08 -6.0740625e-07  3.0133682e-05  4.4890592e-05  3.9486037e-05  1.9454039e-05
  0.00099716578  -6.883422e-05              0  8.4510797e-06   3.207474e-06  2.9118408e-06  1.5087629e-07 -1.2422438e-06  4.4890592e-05  7.4197065e-05  6.2430829e-05  3.0597512e-05
  0.00086618411 -5.9995366e-05              0  7.4632439e-06  2.8051947e-06  2.5454373e-06 -8.4235817e-08 -7.3004184e-07  3.9486037e-05  6.2430829e-05  5.6109156e-05  2.6665697e-05
  0.00042625605 -2.9261204e-05              0  3.4315132e-06  1.2623077e-06  1.1487167e-06  1.3380531e-07 -5.4332879e-07  1.9454039e-05  3.0597512e-05  2.6665697e-05  1.5115719e-05


# ext. ||   Name    ||   type  ||     Value     ||  Error +/- 

   0   ||Natural mortality || limited ||    0.03947855815111 ||0.002022737493692
   1   ||Targeted q || limited ||      8.868871407668 ||0.1648432999198
   2   ||Nontargeted q || limited ||                   2 ||22.06548931833
   3   ||     sigma || limited ||      1.897983912884 ||0.1002816242661
   4   ||  Biomass1 || limited ||     0.1285031129609 ||0.010210897123
   5   ||  Biomass2 || limited ||     0.1044986701448 ||0.006550100131175
   6   ||   vm_mean || limited ||      -1.85450306213 ||0.001391137132805
   7   ||  vm_sigma || limited ||      26.93733650077 ||0.3352110206612
   8   ||Recruit year 1 || limited ||      4.352204862611 ||0.07910476548121
   9   ||Recruit year 2 || limited ||      9.318639313748 ||0.1769610939541
  10   ||Recruit year 3 || limited ||      7.509872548339 ||0.1395000839447
  11   ||Recruit year 4 || limited ||      2.078025412049 ||0.03912162404167





