# Minimum negative log likelihood

Minuit did successfully converge.
# of function calls: 1306
minimum function Value: 572.2103320426
minimum edm: 9.913455347181e-06
minimum internal state vector: LAVector parameters:
     -2.861755971306
     -1.281588383024
     -1.287002217587
     -1.178983406434
     -1.258659759311
     -1.265437362419
     0.8113594905458
     0.3050126771812
     -1.131970222165
     -1.470509416803
     -1.383655813274
     -1.005398328468

minimum internal covariance matrix: LASymMatrix parameters:
    0.022641958   0.0034969374              0 -9.9148354e-05   -0.004036418  -0.0039426927 -9.2824333e-05   0.0019810663  -0.0054668834    -0.00138116  -0.0022078877  -0.0068878876
   0.0034969374  0.00058960752              0 -1.4665664e-05 -0.00068618362 -0.00066841271 -5.3265153e-06 -5.6571871e-05 -0.00088399057 -0.00019594527 -0.00035967244   -0.001143429
              0              0              2              0              0              0              0              0              0              0              0              0
 -9.9148354e-05 -1.4665664e-05              0  0.00018128069  1.8190165e-05  1.7541188e-05  1.3903449e-06 -3.7389719e-05  2.4450932e-05  5.7692611e-06  8.4540554e-06   3.268977e-05
   -0.004036418 -0.00068618362              0  1.8190165e-05  0.00081086696  0.00078850042  4.5892914e-06  0.00012937561   0.0010252421  0.00022279814  0.00041739679   0.0013295503
  -0.0039426927 -0.00066841271              0  1.7541188e-05  0.00078850042   0.0007669561  4.8939903e-06  0.00011090499  0.00099979313  0.00021842329  0.00040699361   0.0012955969
 -9.2824333e-05 -5.3265153e-06              0  1.3903449e-06  4.5892914e-06  4.8939903e-06  1.7105926e-05 -0.00038950611  1.5245324e-05  7.6590009e-06  5.5116521e-06  2.0855619e-05
   0.0019810663 -5.6571871e-05              0 -3.7389719e-05  0.00012937561  0.00011090499 -0.00038950611    0.024139801   -0.000202684 -0.00019903126  -3.298773e-05 -0.00019060936
  -0.0054668834 -0.00088399057              0  2.4450932e-05   0.0010252421  0.00099979313  1.5245324e-05   -0.000202684   0.0013612796  0.00031629323  0.00054829421   0.0017272987
    -0.00138116 -0.00019594527              0  5.7692611e-06  0.00022279814  0.00021842329  7.6590009e-06 -0.00019903126  0.00031629323  0.00011032012  0.00012782914  0.00039207118
  -0.0022078877 -0.00035967244              0  8.4540554e-06  0.00041739679  0.00040699361  5.5116521e-06  -3.298773e-05  0.00054829421  0.00012782914  0.00022996508   0.0007017689
  -0.0068878876   -0.001143429              0   3.268977e-05   0.0013295503   0.0012955969  2.0855619e-05 -0.00019060936   0.0017272987  0.00039207118   0.0007017689   0.0022481447


# ext. ||   Name    ||   type  ||     Value     ||  Error +/- 

   0   ||Natural mortality || limited ||    0.03809503281249 ||0.002551708618122
   1   ||Targeted q || limited ||      2.076496742423 ||0.2448241580593
   2   ||Nontargeted q || limited ||                   2 ||22.06548931833
   3   ||     sigma || limited ||      3.789085551188 ||0.1817747654123
   4   ||  Biomass1 || limited ||      24.16019082215 ||3.091504654804
   5   ||  Biomass2 || limited ||      23.13045171824 ||2.94342410287
   6   ||   vm_mean || limited ||      2.278357986483 ||0.006325863032101
   7   ||  vm_sigma || limited ||       52.0125605384 ||4.18320712015
   8   ||Recruit year 1 || limited ||      4.746973851052 ||0.5541142100534
   9   ||Recruit year 2 || limited ||     0.2612008213738 ||0.03717499999013
  10   ||Recruit year 3 || limited ||     0.8828997471973 ||0.09973879288403
  11   ||Recruit year 4 || limited ||      7.790449930314 ||0.8978547293608





