# Minimum negative log likelihood

Minuit did successfully converge.
# of function calls: 1116
minimum function Value: 620.3304440631
minimum edm: 2.211644060083e-05
minimum internal state vector: LAVector parameters:
       3.38794310996
    -0.9895976853446
     -1.287002217587
     -1.130213746343
     -1.542020078759
     -1.537259384195
    -0.8496188659985
    -0.4490833424551
     -0.950607468765
     -1.338596483661
    -0.9515027231011
      -1.39200668294

minimum internal covariance matrix: LASymMatrix parameters:
     0.19012177    0.012734046              0 -6.9421276e-05  -0.0005064086 -0.00051819665 -5.3855046e-05  0.00092500756   -0.016497444  -0.0051326552   -0.013465205  -0.0048889082
    0.012734046  0.00086204821              0 -5.4837592e-06 -3.4338238e-05 -3.5014902e-05    1.41396e-06  2.2165194e-05  -0.0011057103 -0.00034444145 -0.00090281512 -0.00032774856
              0              0              2              0              0              0              0              0              0              0              0              0
 -6.9421276e-05 -5.4837592e-06              0  0.00024058154  2.6177006e-06 -1.9671801e-06 -9.9170147e-07 -9.2219644e-06  1.0853614e-05  1.3266838e-06   7.774925e-06  1.3243056e-06
  -0.0005064086 -3.4338238e-05              0  2.6177006e-06    1.77329e-05   4.157443e-06 -1.4536222e-06 -1.5976692e-05  5.5235531e-05   1.368047e-05  3.6482656e-05  1.2812035e-05
 -0.00051819665 -3.5014902e-05              0 -1.9671801e-06   4.157443e-06  1.2604054e-05    1.79688e-06  9.3026557e-06  3.1713006e-05  1.3968832e-05  3.6679894e-05   1.450866e-05
 -5.3855046e-05    1.41396e-06              0 -9.9170147e-07 -1.4536222e-06    1.79688e-06   8.895615e-06 -4.5255588e-05  4.4519481e-07  9.2667391e-07  3.6211835e-06  1.5967102e-06
  0.00092500756  2.2165194e-05              0 -9.2219644e-06 -1.5976692e-05  9.3026557e-06 -4.5255588e-05  0.00099354461 -0.00012875705 -2.1836288e-05 -6.6069934e-05 -1.9272208e-05
   -0.016497444  -0.0011057103              0  1.0853614e-05  5.5235531e-05  3.1713006e-05  4.4519481e-07 -0.00012875705   0.0014724942  0.00044641488   0.0011684685  0.00042205926
  -0.0051326552 -0.00034444145              0  1.3266838e-06   1.368047e-05  1.3968832e-05  9.2667391e-07 -2.1836288e-05  0.00044641488  0.00014956343  0.00036253411   0.0001321819
   -0.013465205 -0.00090281512              0   7.774925e-06  3.6482656e-05  3.6679894e-05  3.6211835e-06 -6.6069934e-05   0.0011684685  0.00036253411  0.00096579512  0.00034605852
  -0.0048889082 -0.00032774856              0  1.3243056e-06  1.2812035e-05   1.450866e-05  1.5967102e-06 -1.9272208e-05  0.00042205926   0.0001321819  0.00034605852  0.00013569644


# ext. ||   Name    ||   type  ||     Value     ||  Error +/- 

   0   ||Natural mortality || limited ||    0.03890334421646 ||0.007357400923964
   1   ||Targeted q || limited ||      8.209741751204 ||0.5698789613527
   2   ||Nontargeted q || limited ||                   2 ||22.06548931833
   3   ||     sigma || limited ||      4.774831715416 ||0.2338634518851
   4   ||  Biomass1 || limited ||      0.207003827653 ||0.04283694327356
   5   ||  Biomass2 || limited ||     0.2811552763527 ||0.04208736532996
   6   ||   vm_mean || limited ||     -2.359426587614 ||0.004374654274043
   7   ||  vm_sigma || limited ||       22.6351190758 ||0.8030592285254
   8   ||Recruit year 1 || limited ||      9.320633393895 ||0.7883196497389
   9   ||Recruit year 2 || limited ||      1.351739578402 ||0.09948809764764
  10   ||Recruit year 3 || limited ||       9.29463671054 ||0.6376634042272
  11   ||Recruit year 4 || limited ||     0.8069372166633 ||0.07323472042097





