# Minimum negative log likelihood

Minuit did successfully converge.
# of function calls: 2106
minimum function Value: 507.3979442056
minimum edm: 8.843819514483e-06
minimum internal state vector: LAVector parameters:
     -2.627706903599
     -1.348885046176
     -1.287002217587
      -1.23608499547
     -1.321256818625
     -1.325392526269
    -0.3202326463421
    -0.9455669396099
     -1.361363455184
    -0.9113907730857
     -1.155470543819
    0.04866637593901
      0.102113109473
    0.05606366215356
    0.05155876771012

minimum internal covariance matrix: LASymMatrix parameters:
   0.0080322062   0.0009128725              0  4.4498006e-06  -0.0010607436  -0.0010347838   0.0033467189  -0.0033586308  -0.0012245206  -0.0034831804  -0.0021888779 -7.6155295e-05 -6.3139793e-05 -7.0955383e-05 -8.1906647e-05
   0.0009128725  0.00011168342              0  7.3517645e-07 -0.00012958167 -0.00012628462  0.00031478084 -0.00039684476 -0.00013948907 -0.00041225827 -0.00025864639 -7.7702246e-06 -8.2707364e-06 -7.2500428e-06 -1.0018896e-05
              0              0              2              0              0              0              0              0              0              0              0              0              0              0              0
  4.4498006e-06  7.3517645e-07              0  0.00015852028 -1.9797419e-06 -1.8474894e-06 -6.5100449e-05 -3.0021734e-06 -1.6452634e-06  -1.351281e-06 -1.9992761e-06   2.205231e-07 -3.0957572e-06  1.3568784e-08   3.444856e-07
  -0.0010607436 -0.00012958167              0 -1.9797419e-06  0.00015768633   0.0001529225 -0.00037623966  0.00046253614  0.00016250724   0.0004789118  0.00030050761  8.8052397e-06  9.6187936e-06  8.6014318e-06  1.1809125e-05
  -0.0010347838 -0.00012628462              0 -1.8474894e-06   0.0001529225   0.0001484034  -0.0003662624  0.00045066785  0.00015850989  0.00046690047  0.00029297898   8.670142e-06  9.3439035e-06   8.387326e-06  1.1477958e-05
   0.0033467189  0.00031478084              0 -6.5100449e-05 -0.00037623966  -0.0003662624   0.0070625615  -0.0012824224 -0.00048462317  -0.0013154403 -0.00085017884 -6.0106849e-05 -5.9840784e-05 -6.3880491e-05 -5.6794378e-05
  -0.0033586308 -0.00039684476              0 -3.0021734e-06  0.00046253614  0.00045066785  -0.0012824224   0.0014417336  0.00051062583   0.0014879313  0.00093441114  2.9406578e-05   3.010404e-05  2.7960315e-05  3.5700456e-05
  -0.0012245206 -0.00013948907              0 -1.6452634e-06  0.00016250724  0.00015850989 -0.00048462317  0.00051062583   0.0001982005  0.00053143727  0.00033432456  1.1313101e-05  1.1285012e-06  1.0778336e-05    1.26597e-05
  -0.0034831804 -0.00041225827              0  -1.351281e-06   0.0004789118  0.00046690047  -0.0013154403   0.0014879313  0.00053143727   0.0015507444  0.00096847895  3.1147317e-05  2.8875449e-05   2.892776e-05    3.76886e-05
  -0.0021888779 -0.00025864639              0 -1.9992761e-06  0.00030050761  0.00029297898 -0.00085017884  0.00093441114  0.00033432456  0.00096847895  0.00063069634  1.9860771e-05  1.8491436e-05  1.8230822e-05  2.5208445e-05
 -7.6155295e-05 -7.7702246e-06              0   2.205231e-07  8.8052397e-06   8.670142e-06 -6.0106849e-05  2.9406578e-05  1.1313101e-05  3.1147317e-05  1.9860771e-05  2.1982448e-06  6.6988195e-07  8.5764635e-07  6.0179653e-07
 -6.3139793e-05 -8.2707364e-06              0 -3.0957572e-06  9.6187936e-06  9.3439035e-06 -5.9840784e-05   3.010404e-05  1.1285012e-06  2.8875449e-05  1.8491436e-05  6.6988195e-07  7.6757862e-05  1.1643428e-06  3.8035223e-08
 -7.0955383e-05 -7.2500428e-06              0  1.3568784e-08  8.6014318e-06   8.387326e-06 -6.3880491e-05  2.7960315e-05  1.0778336e-05   2.892776e-05  1.8230822e-05  8.5764635e-07  1.1643428e-06  1.6963227e-06  8.3174308e-07
 -8.1906647e-05 -1.0018896e-05              0   3.444856e-07  1.1809125e-05  1.1477958e-05 -5.6794378e-05  3.5700456e-05    1.26597e-05    3.76886e-05  2.5208445e-05  6.0179653e-07  3.8035223e-08  8.3174308e-07  6.3143119e-06


# ext. ||   Name    ||   type  ||     Value     ||  Error +/- 

   0   ||Natural mortality || limited ||    0.03271087950477 ||0.001378765995381
   1   ||Targeted q || limited ||      1.226071546876 ||0.082234562665
   2   ||Nontargeted q || limited ||                   2 ||22.06548931833
   3   ||     sigma || limited ||      2.774741217834 ||0.1462252855111
   4   ||  Biomass1 || limited ||      15.48687676084 ||1.096399910925
   5   ||  Biomass2 || limited ||      14.98034924454 ||1.046369272677
   6   ||  vm_sigma || limited ||      27.40916186373 ||2.254786847891
   7   ||Recruit year 1 || limited ||      9.467609926713 ||0.7855395015448
   8   ||Recruit year 2 || limited ||      1.102441696866 ||0.1034718265686
   9   ||Recruit year 3 || limited ||      10.49112393598 ||0.8527779678494
  10   ||Recruit year 4 || limited ||      4.260328948653 ||0.3582032889345
  11   ||Mean Rec dist 1 || limited ||     0.4864716784203 ||0.01047148924572
  12   ||Mean Rec dist 2 || limited ||      1.019357449199 ||0.06162763476213
  13   ||Mean Rec dist 3 || limited ||     0.5603429749968 ||0.009195096632633
  14   ||Mean Rec dist 4 || limited ||     0.5153592757801 ||0.01774476647603





