# Minimum negative log likelihood

Minuit did successfully converge.
# of function calls: 1242
minimum function Value: 455.7571658941
minimum edm: 7.191535517033e-05
minimum internal state vector: LAVector parameters:
    -0.3068510253538
     -1.193515780259
     -1.287002217587
     -1.275450038675
     -1.414783573402
      -1.42056047325
    -0.3478343689786
     -1.435889218839
     -1.342718944645
     -1.062356742928
     -1.462803396464
     0.1009345563051
    0.07147259395829
    0.06902869818292
    0.02770436282177

minimum internal covariance matrix: LASymMatrix parameters:
   0.0076103911 -0.00060796318              0 -1.6870507e-05  0.00026034176  0.00024574044  -0.0020356764  0.00035054434  0.00056419536   0.0012702794  0.00026460914  5.2199152e-05  5.2799183e-05  5.5478711e-05  0.00011513054
 -0.00060796318  5.2441441e-05              0  2.2736673e-06 -2.2785024e-05 -2.1426688e-05  0.00014148657 -2.8233757e-05 -4.6007387e-05   -0.000103426 -2.1118928e-05   -3.99959e-06 -3.7776256e-06 -4.0211179e-06 -1.1150819e-05
              0              0              2              0              0              0              0              0              0              0              0              0              0              0              0
 -1.6870507e-05  2.2736673e-06              0  9.0127117e-05 -2.6342543e-06 -2.2710656e-06  2.3148226e-05 -7.5539147e-07 -1.5625903e-06 -3.8352598e-06   1.794155e-06  2.0723354e-06  5.2670425e-07 -2.8202079e-08  3.3699157e-06
  0.00026034176 -2.2785024e-05              0 -2.6342543e-06  1.1672564e-05  1.0814028e-05 -5.5229856e-05  1.2496602e-05  1.9738222e-05  4.4463706e-05  9.0034086e-06   1.487659e-06  1.5864793e-06  1.6661709e-06  5.1893761e-06
  0.00024574044 -2.1426688e-05              0 -2.2710656e-06  1.0814028e-05  1.0041364e-05 -5.2575814e-05  1.1727887e-05  1.8608983e-05  4.1935518e-05  8.4896086e-06  1.4515143e-06  1.5039935e-06  1.5788039e-06  4.7969401e-06
  -0.0020356764  0.00014148657              0  2.3148226e-05 -5.5229856e-05 -5.2575814e-05    0.002339805 -9.4947694e-05 -0.00014043046 -0.00032699638 -6.6888255e-05 -8.4550577e-06 -2.7218006e-05 -3.0940294e-05 -1.8685917e-05
  0.00035054434 -2.8233757e-05              0 -7.5539147e-07  1.2496602e-05  1.1727887e-05 -9.4947694e-05  1.8916485e-05  2.6181683e-05  5.8543962e-05  1.2261738e-05  1.0631118e-06  2.4153212e-06   2.555208e-06  5.6684847e-06
  0.00056419536 -4.6007387e-05              0 -1.5625903e-06  1.9738222e-05  1.8608983e-05 -0.00014043046  2.6181683e-05  4.4186688e-05  9.4848289e-05  1.9527305e-05  3.5961015e-06  3.7937485e-06  3.9503375e-06  9.0134662e-06
   0.0012702794   -0.000103426              0 -3.8352598e-06  4.4463706e-05  4.1935518e-05 -0.00032699638  5.8543962e-05  9.4848289e-05  0.00021542016  4.3977041e-05  8.7804231e-06  8.4758004e-06  9.0206888e-06  2.0705047e-05
  0.00026460914 -2.1118928e-05              0   1.794155e-06  9.0034086e-06  8.4896086e-06 -6.6888255e-05  1.2261738e-05  1.9527305e-05  4.3977041e-05  1.5296816e-05  1.2548401e-06  1.9752349e-06  1.7801969e-06  3.5827013e-06
  5.2199152e-05   -3.99959e-06              0  2.0723354e-06   1.487659e-06  1.4515143e-06 -8.4550577e-06  1.0631118e-06  3.5961015e-06  8.7804231e-06  1.2548401e-06  1.0773483e-05   4.413127e-07  3.6826146e-07 -1.1668606e-08
  5.2799183e-05 -3.7776256e-06              0  5.2670425e-07  1.5864793e-06  1.5039935e-06 -2.7218006e-05  2.4153212e-06  3.7937485e-06  8.4758004e-06  1.9752349e-06   4.413127e-07  1.7991232e-06  5.4101833e-07  1.0030656e-07
  5.5478711e-05 -4.0211179e-06              0 -2.8202079e-08  1.6661709e-06  1.5788039e-06 -3.0940294e-05   2.555208e-06  3.9503375e-06  9.0206888e-06  1.7801969e-06  3.6826146e-07  5.4101833e-07  8.1158444e-07  6.7606637e-07
  0.00011513054 -1.1150819e-05              0  3.3699157e-06  5.1893761e-06  4.7969401e-06 -1.8685917e-05  5.6684847e-06  9.0134662e-06  2.0705047e-05  3.5827013e-06 -1.1668606e-08  1.0030656e-07  6.7606637e-07   1.938505e-05


# ext. ||   Name    ||   type  ||     Value     ||  Error +/- 

   0   ||Natural mortality || limited ||    0.03744854363381 ||0.001469189543805
   1   ||Targeted q || limited ||      3.516504932254 ||0.09431972855913
   2   ||Nontargeted q || limited ||                   2 ||22.06548931833
   3   ||     sigma || limited ||      2.164929740039 ||0.09769642311542
   4   ||  Biomass1 || limited ||       6.07266242746 ||0.1876871757863
   5   ||  Biomass2 || limited ||      5.632097539049 ||0.1676832246658
   6   ||  vm_sigma || limited ||      26.36616362053 ||1.285952166291
   7   ||Recruit year 1 || limited ||     0.4642631042226 ||0.02067986904702
   8   ||Recruit year 2 || limited ||      1.304725072901 ||0.05313321396428
   9   ||Recruit year 3 || limited ||      6.334107302688 ||0.2525868484894
  10   ||Recruit year 4 || limited ||     0.3012494463208 ||0.01490261165984
  11   ||Mean Rec dist 1 || limited ||      1.007632603307 ||0.02309120827621
  12   ||Mean Rec dist 2 || limited ||       0.71411758546 ||0.009460306058013
  13   ||Mean Rec dist 3 || limited ||     0.6897389139772 ||0.006355011001929
  14   ||Mean Rec dist 4 || limited ||     0.2770081896157 ||0.03112082339822





