# Minimum negative log likelihood

Minuit did successfully converge.
# of function calls: 1021
minimum function Value: 577.9925538729
minimum edm: 2.930284977725e-05
minimum internal state vector: LAVector parameters:
      0.367990592784
     -1.129263222025
     -1.287002217587
     -1.173438719733
     -1.473457666028
     -1.478761671633
    -0.9188336659807
     -1.176238210407
     -1.161333799031
     -1.071566280754
    -0.9896445045144
    0.07884670389711
    0.03336702556784
    0.03071909453104
    0.05526379774421

minimum internal covariance matrix: LASymMatrix parameters:
    0.016991766  -0.0012625025              0  9.7123553e-05  0.00031429126  0.00028500443  -0.0010533421   0.0017073391   0.0017142675   0.0021007293   0.0025199415   0.0001361845  0.00014851507  0.00014897245  0.00014283022
  -0.0012625025  0.00011570922              0 -8.1648591e-06 -2.9249707e-05 -2.6434668e-05  5.0819068e-05 -0.00013514047  -0.0001343286 -0.00016655818 -0.00020875837 -7.7193884e-06 -9.2368249e-06 -8.8331585e-06 -9.0567953e-06
              0              0              2              0              0              0              0              0              0              0              0              0              0              0              0
  9.7123553e-05 -8.1648591e-06              0  0.00021345976  4.9981007e-06  4.3019703e-06 -8.5574633e-06  1.0264488e-05  1.1171854e-05  1.1363828e-05  1.6160773e-05  1.2255432e-06  7.6140904e-07  1.0171546e-06  9.6628145e-07
  0.00031429126 -2.9249707e-05              0  4.9981007e-06   1.334861e-05  1.1583604e-05 -1.4753729e-05  3.3865944e-05  3.3581069e-05  4.1656032e-05  5.2086585e-05  1.8025775e-06  2.3343402e-06  2.2098509e-06  2.4495227e-06
  0.00028500443 -2.6434668e-05              0  4.3019703e-06  1.1583604e-05  1.0122226e-05 -1.3162424e-05  3.0636511e-05  3.0442494e-05  3.7726521e-05  4.7139638e-05  1.6731764e-06  2.1159835e-06  1.9949492e-06  2.1970348e-06
  -0.0010533421  5.0819068e-05              0 -8.5574633e-06 -1.4753729e-05 -1.3162424e-05  0.00022262851 -9.3369592e-05 -9.6740815e-05 -0.00011594528 -0.00013475843 -1.5590904e-05 -1.4267096e-05 -1.5340309e-05 -1.6174598e-05
   0.0017073391 -0.00013514047              0  1.0264488e-05  3.3865944e-05  3.0636511e-05 -9.3369592e-05  0.00018481101     0.00017431   0.0002149011  0.00026101719  1.2456974e-05  1.4410807e-05  1.4214485e-05   1.373339e-05
   0.0017142675  -0.0001343286              0  1.1171854e-05  3.3581069e-05  3.0442494e-05 -9.6740815e-05     0.00017431  0.00018526709  0.00021476861  0.00026081241  1.2823493e-05  1.4333493e-05  1.4240392e-05  1.3742206e-05
   0.0021007293 -0.00016655818              0  1.1363828e-05  4.1656032e-05  3.7726521e-05 -0.00011594528   0.0002149011  0.00021476861  0.00027625561  0.00032133798  1.5735711e-05  1.7405174e-05  1.7365887e-05  1.6924769e-05
   0.0025199415 -0.00020875837              0  1.6160773e-05  5.2086585e-05  4.7139638e-05 -0.00013475843  0.00026101719  0.00026081241  0.00032133798  0.00041431323  1.8112855e-05  2.0521801e-05  2.0243885e-05  2.0930697e-05
   0.0001361845 -7.7193884e-06              0  1.2255432e-06  1.8025775e-06  1.6731764e-06 -1.5590904e-05  1.2456974e-05  1.2823493e-05  1.5735711e-05  1.8112855e-05  3.3663094e-06  1.4673792e-06  1.5598386e-06  1.4987413e-06
  0.00014851507 -9.2368249e-06              0  7.6140904e-07  2.3343402e-06  2.1159835e-06 -1.4267096e-05  1.4410807e-05  1.4333493e-05  1.7405174e-05  2.0521801e-05  1.4673792e-06  2.8769849e-06  1.5950017e-06  1.4791951e-06
  0.00014897245 -8.8331585e-06              0  1.0171546e-06  2.2098509e-06  1.9949492e-06 -1.5340309e-05  1.4214485e-05  1.4240392e-05  1.7365887e-05  2.0243885e-05  1.5598386e-06  1.5950017e-06  2.4754561e-06  1.5947684e-06
  0.00014283022 -9.0567953e-06              0  9.6628145e-07  2.4495227e-06  2.1970348e-06 -1.6174598e-05   1.373339e-05  1.3742206e-05  1.6924769e-05  2.0930697e-05  1.4987413e-06  1.4791951e-06  1.5947684e-06   2.430548e-06


# ext. ||   Name    ||   type  ||     Value     ||  Error +/- 

   0   ||Natural mortality || limited ||    0.05399353194699 ||0.002147014788893
   1   ||Targeted q || limited ||      4.795120480912 ||0.1625152687488
   2   ||Nontargeted q || limited ||                   2 ||22.06548931833
   3   ||     sigma || limited ||      3.895661322492 ||0.1998929027156
   4   ||  Biomass1 || limited ||      2.366834058094 ||0.1255370398798
   5   ||  Biomass2 || limited ||      2.116100124268 ||0.1033786306879
   6   ||  vm_sigma || limited ||      8.205117831405 ||0.2560530914724
   7   ||Recruit year 1 || limited ||       3.85129009871 ||0.1847364200335
   8   ||Recruit year 2 || limited ||      4.142840085363 ||0.1915640532838
   9   ||Recruit year 3 || limited ||       6.11181789132 ||0.2812973537169
  10   ||Recruit year 4 || limited ||      8.217635703897 ||0.3950236178631
  11   ||Mean Rec dist 1 || limited ||     0.7876503355385 ||0.01293333512624
  12   ||Mean Rec dist 2 || limited ||     0.3336083433616 ||0.01198703801931
  13   ||Mean Rec dist 3 || limited ||     0.3071426334803 ||0.01112007144454
  14   ||Mean Rec dist 4 || limited ||     0.5523567196197 ||0.01100711469255





