# Minimum negative log likelihood

Minuit did successfully converge.
# of function calls: 810
minimum function Value: 401.8467904677
minimum edm: 2.900966900864e-05
minimum internal state vector: LAVector parameters:
     0.2493021881853
     -1.182611096009
     -1.287002217587
     -1.311597798461
      -1.42168736606
     -1.428936634112
     0.3101659463813
      2.259442531863
     -1.026277676747
     -1.140818164362
      -1.04154093419
     -1.139235937156

minimum internal covariance matrix: LASymMatrix parameters:
  0.00062019284 -0.00010100649              0 -9.2314043e-06   4.221687e-05  3.9034039e-05   1.688836e-05   0.0013788692  0.00021166321  0.00016676702  0.00020748041   0.0001634977
 -0.00010100649  1.8395385e-05              0   1.057403e-06 -7.6933456e-06 -7.0806534e-06 -2.4771961e-06 -0.00019815533 -3.5743809e-05 -2.8061144e-05 -3.4930793e-05 -2.8272894e-05
              0              0              2              0              0              0              0              0              0              0              0              0
 -9.2314043e-06   1.057403e-06              0  8.0386693e-05 -1.2462646e-06 -1.1042563e-06  1.1736458e-07   2.117541e-06  -2.381647e-06 -1.9647689e-06 -3.0434782e-06  -2.115707e-06
   4.221687e-05 -7.6933456e-06              0 -1.2462646e-06  4.5757095e-06  4.0766293e-06  9.9195738e-07  8.7629313e-05  1.4886636e-05  1.1759501e-05   1.463171e-05  1.1799273e-05
  3.9034039e-05 -7.0806534e-06              0 -1.1042563e-06  4.0766293e-06  3.6521558e-06  9.2735308e-07  8.0524436e-05   1.374728e-05  1.0858052e-05  1.3516993e-05   1.088086e-05
   1.688836e-05 -2.4771961e-06              0  1.1736458e-07  9.9195738e-07  9.2735308e-07  1.0544571e-06  8.4022198e-05  5.5882444e-06  4.4069944e-06  5.3589528e-06  4.3763012e-06
   0.0013788692 -0.00019815533              0   2.117541e-06  8.7629313e-05  8.0524436e-05  8.4022198e-05    0.014332158  0.00044688128  0.00035678322   0.0004338573  0.00035367558
  0.00021166321 -3.5743809e-05              0  -2.381647e-06  1.4886636e-05   1.374728e-05  5.5882444e-06  0.00044688128  7.5392484e-05  5.7448904e-05   7.150682e-05  5.6803799e-05
  0.00016676702 -2.8061144e-05              0 -1.9647689e-06  1.1759501e-05  1.0858052e-05  4.4069944e-06  0.00035678322  5.7448904e-05  4.7495239e-05  5.6137739e-05  4.4914548e-05
  0.00020748041 -3.4930793e-05              0 -3.0434782e-06   1.463171e-05  1.3516993e-05  5.3589528e-06   0.0004338573   7.150682e-05  5.6137739e-05  7.2621961e-05  5.5349128e-05
   0.0001634977 -2.8272894e-05              0  -2.115707e-06  1.1799273e-05   1.088086e-05  4.3763012e-06  0.00035367558  5.6803799e-05  4.4914548e-05  5.5349128e-05  4.8828538e-05


# ext. ||   Name    ||   type  ||     Value     ||  Error +/- 

   0   ||Natural mortality || limited ||    0.06233638902693 ||0.0008532135210169
   1   ||Targeted q || limited ||      3.720125466581 ||0.05739648895066
   2   ||Nontargeted q || limited ||                   2 ||22.06548931833
   3   ||     sigma || limited ||       1.67021447465 ||0.08124615968374
   4   ||  Biomass1 || limited ||      5.548079677841 ||0.1123510923826
   5   ||  Biomass2 || limited ||       5.02261162813 ||0.09552805223079
   6   ||   vm_mean || limited ||     0.9588664436761 ||0.002172277429252
   7   ||  vm_sigma || limited ||       70.8843958981 ||2.149250123681
   8   ||Recruit year 1 || limited ||      7.240440272244 ||0.1590039852667
   9   ||Recruit year 2 || limited ||      4.560802229159 ||0.1015583632255
  10   ||Recruit year 3 || limited ||      6.850153158438 ||0.152103898944
  11   ||Recruit year 4 || limited ||      4.593833447007 ||0.1033291204308





