# Minimum negative log likelihood

Minuit did successfully converge.
# of function calls: 1418
minimum function Value: 263.9183168433
minimum edm: 1.067962731066e-05
minimum internal state vector: LAVector parameters:
     0.1550718717726
     -1.305570048793
     -1.287002217587
     -1.384995479731
     -1.500126839489
     -1.502179024783
     -1.133700673426
    -0.9538536991987
     -1.042605028411
    -0.9612388330313
    -0.9562055859625
     0.1068262435416
    0.04140570521467
    0.06054910901724
    0.09176502256417

minimum internal covariance matrix: LASymMatrix parameters:
    0.002537163 -0.00025914931              0 -4.4146313e-06  7.2235721e-05  6.9082099e-05 -9.1332197e-05  0.00079457641  0.00069193448   0.0007982705  0.00079575749  3.3986775e-05  4.9213842e-05  3.9538079e-05  3.4789386e-05
 -0.00025914931  2.8288933e-05              0  4.3991336e-07 -7.7507481e-06 -7.4373924e-06  6.8447854e-06 -8.4022045e-05 -7.2784308e-05 -8.4319325e-05 -8.4695874e-05 -3.0774312e-06 -4.9516515e-06  -3.757009e-06 -3.4775213e-06
              0              0              2              0              0              0              0              0              0              0              0              0              0              0              0
 -4.4146313e-06  4.3991336e-07              0   4.670775e-05 -1.8540994e-07 -1.9119621e-07 -8.0472847e-08 -1.4240314e-06 -1.8616833e-06  -8.427237e-07 -1.2092642e-06 -7.1562197e-08  3.5405801e-08 -1.9897234e-07  1.5747162e-07
  7.2235721e-05 -7.7507481e-06              0 -1.8540994e-07  2.6947352e-06  2.5199521e-06 -2.2642491e-06  2.3256889e-05  2.0170408e-05   2.327187e-05  2.3340586e-05  8.4564422e-07  1.3901583e-06  1.0923959e-06  9.8124797e-07
  6.9082099e-05 -7.4373924e-06              0 -1.9119621e-07  2.5199521e-06  2.3663081e-06  -2.096935e-06  2.2265535e-05   1.931376e-05  2.2292718e-05  2.2378919e-05   8.152019e-07  1.3297665e-06  1.0389292e-06  9.3685416e-07
 -9.1332197e-05  6.8447854e-06              0 -8.0472847e-08 -2.2642491e-06  -2.096935e-06  1.0998746e-05  -2.446562e-05 -2.1867611e-05 -2.4915695e-05 -2.4625286e-05 -2.1791167e-06 -2.0135526e-06 -2.0846319e-06  -1.820502e-06
  0.00079457641 -8.4022045e-05              0 -1.4240314e-06  2.3256889e-05  2.2265535e-05  -2.446562e-05    0.000254402   0.0002199211  0.00025436029  0.00025465562  9.9030078e-06  1.5366173e-05  1.1987528e-05  1.0764264e-05
  0.00069193448 -7.2784308e-05              0 -1.8616833e-06  2.0170408e-05   1.931376e-05 -2.1867611e-05   0.0002199211  0.00019239496  0.00022097302  0.00022079839  8.7495667e-06  1.3135287e-05  1.0448016e-05  9.3514598e-06
   0.0007982705 -8.4319325e-05              0  -8.427237e-07   2.327187e-05  2.2292718e-05 -2.4915695e-05  0.00025436029  0.00022097302  0.00025645517  0.00025563803   1.005723e-05  1.5325914e-05  1.1935841e-05  1.0899605e-05
  0.00079575749 -8.4695874e-05              0 -1.2092642e-06  2.3340586e-05  2.2378919e-05 -2.4625286e-05  0.00025465562  0.00022079839  0.00025563803  0.00025859904  1.0046533e-05  1.5391496e-05  1.1982964e-05  1.1095941e-05
  3.3986775e-05 -3.0774312e-06              0 -7.1562197e-08  8.4564422e-07   8.152019e-07 -2.1791167e-06  9.9030078e-06  8.7495667e-06   1.005723e-05  1.0046533e-05  7.8451725e-07  7.2063056e-07  6.2690903e-07  5.4233718e-07
  4.9213842e-05 -4.9516515e-06              0  3.5405801e-08  1.3901583e-06  1.3297665e-06 -2.0135526e-06  1.5366173e-05  1.3135287e-05  1.5325914e-05  1.5391496e-05  7.2063056e-07  1.2329735e-06  8.2137602e-07  7.0581859e-07
  3.9538079e-05  -3.757009e-06              0 -1.9897234e-07  1.0923959e-06  1.0389292e-06 -2.0846319e-06  1.1987528e-05  1.0448016e-05  1.1935841e-05  1.1982964e-05  6.2690903e-07  8.2137602e-07  8.5451039e-07  6.0402104e-07
  3.4789386e-05 -3.4775213e-06              0  1.5747162e-07  9.8124797e-07  9.3685416e-07  -1.820502e-06  1.0764264e-05  9.3514598e-06  1.0899605e-05  1.1095941e-05  5.4233718e-07  7.0581859e-07  6.0402104e-07   8.152977e-07


# ext. ||   Name    ||   type  ||     Value     ||  Error +/- 

   0   ||Natural mortality || limited ||    0.04886127772581 ||0.0008795580394799
   1   ||Targeted q || limited ||      1.748339406559 ||0.04929184590989
   2   ||Nontargeted q || limited ||                   2 ||22.06548931833
   3   ||     sigma || limited ||     0.8605688800642 ||0.04463687823171
   4   ||  Biomass1 || limited ||      1.248024574713 ||0.04098107473233
   5   ||  Biomass2 || limited ||      1.176621764451 ||0.03728922432161
   6   ||  vm_sigma || limited ||      3.761556134854 ||0.039707197702
   7   ||Recruit year 1 || limited ||      9.226523711034 ||0.3262113838808
   8   ||Recruit year 2 || limited ||      6.823317715414 ||0.2471199619363
   9   ||Recruit year 3 || limited ||      9.014027756547 ||0.3241060096997
  10   ||Recruit year 4 || limited ||      9.158609844676 ||0.3277996910289
  11   ||Mean Rec dist 1 || limited ||      1.066231786646 ||0.006227352404923
  12   ||Mean Rec dist 2 || limited ||     0.4139387501489 ||0.00784493670047
  13   ||Mean Rec dist 3 || limited ||     0.6051211832919 ||0.006524497279791
  14   ||Mean Rec dist 4 || limited ||     0.9163628733241 ||0.006357874522291





