# Minimum negative log likelihood

Minuit did successfully converge.
# of function calls: 953
minimum function Value: 382.3714997105
minimum edm: 2.408889266583e-05
minimum internal state vector: LAVector parameters:
   -0.09893133876773
    -0.9941463116622
     -1.287002217587
     -1.323500192635
     -1.533473855456
     -1.536603199992
    -0.1545544048453
    -0.5472923300133
     -1.075748500997
     -1.362481101887
      -1.11265567878
     -1.266504181195

minimum internal covariance matrix: LASymMatrix parameters:
    0.013320706 -0.00094907016              0  0.00010798558  5.4633806e-05  5.2854134e-05  3.8624358e-05 -0.00036569649  0.00091760815  0.00043443362  0.00087552985  0.00046091794
 -0.00094907016  6.9510925e-05              0 -6.7677282e-06 -3.9024837e-06 -3.7869227e-06 -2.2041033e-06  2.0670274e-05 -6.5665559e-05 -3.0811792e-05 -6.2528543e-05 -3.3269975e-05
              0              0              2              0              0              0              0              0              0              0              0              0
  0.00010798558 -6.7677282e-06              0  0.00010396406  3.8899743e-07  4.3921249e-07  2.6363219e-07  2.0253946e-06  6.2609489e-06  3.8935576e-06  6.9668298e-06  3.5023963e-06
  5.4633806e-05 -3.9024837e-06              0  3.8899743e-07  1.2937406e-06   1.072704e-06  1.1092033e-07 -8.9786797e-07  3.6465861e-06   1.905936e-06   3.607994e-06  1.8054793e-06
  5.2854134e-05 -3.7869227e-06              0  4.3921249e-07   1.072704e-06  9.0919181e-07   1.127802e-07 -7.0794311e-07  3.5110798e-06  1.8262707e-06  3.4809535e-06  1.7689751e-06
  3.8624358e-05 -2.2041033e-06              0  2.6363219e-07  1.1092033e-07   1.127802e-07   7.320526e-07 -6.0203177e-06  2.5801161e-06  1.2552523e-06  2.4665514e-06  1.3722367e-06
 -0.00036569649  2.0670274e-05              0  2.0253946e-06 -8.9786797e-07 -7.0794311e-07 -6.0203177e-06  0.00012745772 -2.6359011e-05 -9.7811008e-06 -2.4311971e-05 -1.2384677e-05
  0.00091760815 -6.5665559e-05              0  6.2609489e-06  3.6465861e-06  3.5110798e-06  2.5801161e-06 -2.6359011e-05  6.4583998e-05  2.9822303e-05  6.0463308e-05  3.1756796e-05
  0.00043443362 -3.0811792e-05              0  3.8935576e-06   1.905936e-06  1.8262707e-06  1.2552523e-06 -9.7811008e-06  2.9822303e-05   1.581146e-05  2.8500567e-05  1.4545679e-05
  0.00087552985 -6.2528543e-05              0  6.9668298e-06   3.607994e-06  3.4809535e-06  2.4665514e-06 -2.4311971e-05  6.0463308e-05  2.8500567e-05    5.86964e-05  3.0263412e-05
  0.00046091794 -3.3269975e-05              0  3.5023963e-06  1.8054793e-06  1.7689751e-06  1.3722367e-06 -1.2384677e-05  3.1756796e-05  1.4545679e-05  3.0263412e-05  1.7642328e-05


# ext. ||   Name    ||   type  ||     Value     ||  Error +/- 

   0   ||Natural mortality || limited ||    0.04253074906337 ||0.002028045314986
   1   ||Targeted q || limited ||      8.085308758885 ||0.1607125502256
   2   ||Nontargeted q || limited ||                   2 ||22.06548931833
   3   ||     sigma || limited ||      1.521108689729 ||0.08824183923039
   4   ||  Biomass1 || limited ||     0.3482012944859 ||0.01500541910224
   5   ||  Biomass2 || limited ||     0.2922640029475 ||0.01152489340531
   6   ||   vm_mean || limited ||    -0.4836162416253 ||0.001878011294157
   7   ||  vm_sigma || limited ||      19.18568176222 ||0.2726739733839
   8   ||Recruit year 1 || limited ||      6.012100226838 ||0.1349685935923
   9   ||Recruit year 2 || limited ||      1.090855176121 ||0.02907183194944
  10   ||Recruit year 3 || limited ||      5.165664185399 ||0.1197881133397
  11   ||Recruit year 4 || limited ||      2.306806424931 ||0.0444894114089





