# Minimum negative log likelihood

Minuit did successfully converge.
# of function calls: 968
minimum function Value: 725.1831848664
minimum edm: 6.239629937561e-06
minimum internal state vector: LAVector parameters:
    -0.2260798752126
     -1.103280651692
     -1.287002217587
     -1.000785905149
     -1.410838117117
     -1.420066270443
     0.5519783616337
    -0.9979453833291
     -1.019151266621
     -1.181501995079
     -1.297326786182
    0.06109001289169
     0.1049043460552
     0.1058450040453
    0.05794025412028

minimum internal covariance matrix: LASymMatrix parameters:
    0.031827953  -0.0022273441              0  0.00015115733  0.00084549622  0.00076956495   -0.026578308   0.0046921232   0.0044969827   0.0031524905   0.0020651167  0.00016380991  0.00014469894  0.00015724216  0.00016645962
  -0.0022273441   0.0001786664              0 -1.1427051e-05 -6.6663697e-05 -6.0786621e-05   0.0013685037 -0.00033589579 -0.00032013772 -0.00022326115 -0.00015242676 -9.2416482e-06 -8.1586169e-06  -8.924667e-06 -1.0670192e-05
              0              0              2              0              0              0              0              0              0              0              0              0              0              0              0
  0.00015115733 -1.1427051e-05              0  0.00050493358  1.1876245e-05  9.9230867e-06  0.00077423733  2.0366574e-05  1.9139406e-05  4.2480207e-06  1.1710577e-06  6.0825829e-07  5.9555866e-07   9.626148e-07  1.0996914e-06
  0.00084549622 -6.6663697e-05              0  1.1876245e-05   4.609648e-05   4.043649e-05 -0.00061471933  0.00012633169  0.00012271255  8.5511868e-05  5.5604074e-05   3.957764e-06  3.4713777e-06   4.044568e-06  3.9693872e-06
  0.00076956495 -6.0786621e-05              0  9.9230867e-06   4.043649e-05  3.5689958e-05 -0.00054746205  0.00011498695  0.00011157897  7.7774258e-05  5.0722787e-05  3.5651028e-06  3.1178905e-06  3.6149425e-06  3.5648765e-06
   -0.026578308   0.0013685037              0  0.00077423733 -0.00061471933 -0.00054746205     0.13208301  -0.0036247896  -0.0039069405  -0.0027962757  -0.0016924888 -0.00036381185  -0.0003153154 -0.00037528056 -0.00034474231
   0.0046921232 -0.00033589579              0  2.0366574e-05  0.00012633169  0.00011498695  -0.0036247896  0.00072645229  0.00066155131  0.00046644551  0.00030877641  2.2785104e-05  2.0657382e-05  2.1755619e-05  2.4076274e-05
   0.0044969827 -0.00032013772              0  1.9139406e-05  0.00012271255  0.00011157897  -0.0039069405  0.00066155131  0.00068001257  0.00043684987  0.00029268088  2.2803346e-05  1.8761594e-05  2.4243807e-05  2.3782982e-05
   0.0031524905 -0.00022326115              0  4.2480207e-06  8.5511868e-05  7.7774258e-05  -0.0027962757  0.00046644551  0.00043684987   0.0003593596  0.00020365232  1.6169857e-05  1.5012968e-05  1.2672446e-05  1.7371958e-05
   0.0020651167 -0.00015242676              0  1.1710577e-06  5.5604074e-05  5.0722787e-05  -0.0016924888  0.00030877641  0.00029268088  0.00020365232  0.00019203428  9.6592475e-06  8.6303184e-06  9.4027506e-06  1.2228991e-05
  0.00016380991 -9.2416482e-06              0  6.0825829e-07   3.957764e-06  3.5651028e-06 -0.00036381185  2.2785104e-05  2.2803346e-05  1.6169857e-05  9.6592475e-06  2.6809879e-06    1.23952e-06  1.3982786e-06   1.266233e-06
  0.00014469894 -8.1586169e-06              0  5.9555866e-07  3.4713777e-06  3.1178905e-06  -0.0003153154  2.0657382e-05  1.8761594e-05  1.5012968e-05  8.6303184e-06    1.23952e-06  3.0981587e-06  1.1478606e-06  1.1735734e-06
  0.00015724216  -8.924667e-06              0   9.626148e-07   4.044568e-06  3.6149425e-06 -0.00037528056  2.1755619e-05  2.4243807e-05  1.2672446e-05  9.4027506e-06  1.3982786e-06  1.1478606e-06  5.8825053e-06  1.2511147e-06
  0.00016645962 -1.0670192e-05              0  1.0996914e-06  3.9693872e-06  3.5648765e-06 -0.00034474231  2.4076274e-05  2.3782982e-05  1.7371958e-05  1.2228991e-05   1.266233e-06  1.1735734e-06  1.2511147e-06  7.6932006e-06


# ext. ||   Name    ||   type  ||     Value     ||  Error +/- 

   0   ||Natural mortality || limited ||    0.03939602780412 ||0.003065364679172
   1   ||Targeted q || limited ||      5.365467380398 ||0.2129749755811
   2   ||Nontargeted q || limited ||                   2 ||22.06548931833
   3   ||     sigma || limited ||      7.905232436888 ||0.4287051047562
   4   ||  Biomass1 || limited ||      6.383029763636 ||0.3823315605425
   5   ||  Biomass2 || limited ||       5.66914190539 ||0.3171617820714
   6   ||  vm_sigma || limited ||      60.97515008401 ||8.656675950271
   7   ||Recruit year 1 || limited ||      7.991247027932 ||0.5164308861302
   8   ||Recruit year 2 || limited ||      7.426082470424 ||0.4831149305689
   9   ||Recruit year 3 || limited ||       3.75077006287 ||0.2543406416297
  10   ||Recruit year 4 || limited ||      1.867831104425 ||0.1323049965723
  11   ||Mean Rec dist 1 || limited ||     0.6105202209855 ||0.01155636998304
  12   ||Mean Rec dist 2 || limited ||      1.047120412129 ||0.0123777765344
  13   ||Mean Rec dist 3 || limited ||      1.056474815496 ||0.01705409438352
  14   ||Mean Rec dist 4 || limited ||     0.5790784128379 ||0.01957982766704





