# Minimum negative log likelihood

Minuit did successfully converge.
# of function calls: 714
minimum function Value: 397.8383464236
minimum edm: 2.981518163604e-06
minimum internal state vector: LAVector parameters:
     0.4089862089984
     -1.125812478685
     -1.287002217587
     -1.314087172852
     -1.500353133343
      -1.50379806666
    -0.2222058402024
     -0.815646936149
    -0.9217835656289
     -1.109751989527
    -0.9278752429589
     -1.060371859241

minimum internal covariance matrix: LASymMatrix parameters:
    0.015370844  -0.0014184992              0 -1.0503244e-05  0.00021955036  0.00021043864 -5.6671386e-05  0.00029180649   0.0021051813   0.0013959646    0.002055034   0.0015205709
  -0.0014184992  0.00013263221              0  1.3820857e-06 -2.0459474e-05 -1.9644483e-05  6.0042597e-06 -3.1591688e-05  -0.0001951687 -0.00012936532 -0.00019050486 -0.00014093841
              0              0              2              0              0              0              0              0              0              0              0              0
 -1.0503244e-05  1.3820857e-06              0  8.1366822e-05  7.2661302e-07  6.0881945e-07  6.0786462e-08  1.1672192e-06 -1.0465889e-06 -1.1073996e-06  -1.153564e-06 -9.5702625e-07
  0.00021955036 -2.0459474e-05              0  7.2661302e-07  5.3944226e-06  4.8310567e-06 -9.5145978e-07  4.0655571e-06  3.0427475e-05  2.0050649e-05  2.9498995e-05  2.1809259e-05
  0.00021043864 -1.9644483e-05              0  6.0881945e-07  4.8310567e-06  4.3759069e-06 -9.1539886e-07  4.2542795e-06  2.9122935e-05  1.9219899e-05  2.8292714e-05  2.0919862e-05
 -5.6671386e-05  6.0042597e-06              0  6.0786462e-08 -9.5145978e-07 -9.1539886e-07  1.0145918e-06 -4.7011899e-06 -8.1780149e-06 -5.4259549e-06 -7.9882576e-06 -5.8733702e-06
  0.00029180649 -3.1591688e-05              0  1.1672192e-06  4.0655571e-06  4.2542795e-06 -4.7011899e-06  4.9552001e-05   4.202928e-05  2.8249303e-05  4.1433665e-05  3.0376769e-05
   0.0021051813  -0.0001951687              0 -1.0465889e-06  3.0427475e-05  2.9122935e-05 -8.1780149e-06   4.202928e-05  0.00029034837  0.00019154047  0.00028189886   0.0002085549
   0.0013959646 -0.00012936532              0 -1.1073996e-06  2.0050649e-05  1.9219899e-05 -5.4259549e-06  2.8249303e-05  0.00019154047  0.00012826597  0.00018690445   0.0001383391
    0.002055034 -0.00019050486              0  -1.153564e-06  2.9498995e-05  2.8292714e-05 -7.9882576e-06  4.1433665e-05  0.00028189886  0.00018690445  0.00027677905  0.00020351889
   0.0015205709 -0.00014093841              0 -9.5702625e-07  2.1809259e-05  2.0919862e-05 -5.8733702e-06  3.0376769e-05   0.0002085549   0.0001383391  0.00020351889  0.00015228338


# ext. ||   Name    ||   type  ||     Value     ||  Error +/- 

   0   ||Natural mortality || limited ||    0.05494198386166 ||0.002008330043827
   1   ||Targeted q || limited ||      4.869119100664 ||0.175263170839
   2   ||Nontargeted q || limited ||                   2 ||22.06548931833
   3   ||     sigma || limited ||      1.638462185427 ||0.08097232325573
   4   ||  Biomass1 || limited ||      1.240047963669 ||0.05779723891852
   5   ||  Biomass2 || limited ||      1.121772006677 ||0.04951393605562
   6   ||   vm_mean || limited ||     -0.692349731519 ||0.002182575882959
   7   ||  vm_sigma || limited ||        10.874097711 ||0.1364617254488
   8   ||Recruit year 1 || limited ||      10.17493970308 ||0.3640703828887
   9   ||Recruit year 2 || limited ||      5.230059070827 ||0.1781185285987
  10   ||Recruit year 3 || limited ||      9.991607720238 ||0.3526008394191
  11   ||Recruit year 4 || limited ||       6.38250200467 ||0.2131273845115





