# Minimum negative log likelihood

Minuit did successfully converge.
# of function calls: 629
minimum function Value: 403.3582860026
minimum edm: 2.454646005077e-06
minimum internal state vector: LAVector parameters:
    -0.7628375569443
     -1.134019610952
     -1.287002217587
      -1.31063611075
      -1.54725835673
     -1.548798635481
     -0.758448862605
   -0.06627127065257
     -1.388365032352
     -1.343604700544
     -1.212878229104
      -1.17162644493

minimum internal covariance matrix: LASymMatrix parameters:
   0.0015330432  -0.0006690056              0 -2.8764936e-06  3.4691179e-05  3.2420462e-05  7.5917936e-06 -0.00017271812   0.0002785333  0.00033751676  0.00057004213  0.00057996742
  -0.0006690056  0.00029561865              0  1.4786436e-06 -1.5396597e-05 -1.4380167e-05 -2.1313222e-06  5.1910876e-05 -0.00012201833  -0.0001479026 -0.00024973713 -0.00025408098
              0              0              2              0              0              0              0              0              0              0              0              0
 -2.8764936e-06  1.4786436e-06              0  8.2145507e-05  8.0505445e-08  1.8424416e-08 -2.6493089e-07  4.1081463e-06 -3.8864529e-07 -6.9697809e-07 -1.0873755e-06 -1.0006964e-06
  3.4691179e-05 -1.5396597e-05              0  8.0505445e-08  3.0881981e-06  2.1653922e-06  9.1875077e-08 -3.8605818e-06  7.8213718e-06  7.6865629e-06   1.296162e-05  1.3166109e-05
  3.2420462e-05 -1.4380167e-05              0  1.8424416e-08  2.1653922e-06  1.7407231e-06  9.6759102e-08  -2.165991e-06  6.3992814e-06  7.1851257e-06  1.2118396e-05  1.2309491e-05
  7.5917936e-06 -2.1313222e-06              0 -2.6493089e-07  9.1875077e-08  9.6759102e-08  1.4099378e-06   -2.30643e-05  1.2209306e-06  1.4869554e-06  2.5105597e-06  2.5755394e-06
 -0.00017271812  5.1910876e-05              0  4.1081463e-06 -3.8605818e-06  -2.165991e-06   -2.30643e-05      0.0011058 -3.2370674e-05 -3.3683201e-05 -5.7328257e-05 -6.0159029e-05
   0.0002785333 -0.00012201833              0 -3.8864529e-07  7.8213718e-06  6.3992814e-06  1.2209306e-06 -3.2370674e-05  5.4248878e-05  6.1384109e-05  0.00010368248  0.00010549851
  0.00033751676  -0.0001479026              0 -6.9697809e-07  7.6865629e-06  7.1851257e-06  1.4869554e-06 -3.3683201e-05  6.1384109e-05  7.5863454e-05  0.00012564625  0.00012786759
  0.00057004213 -0.00024973713              0 -1.0873755e-06   1.296162e-05  1.2118396e-05  2.5105597e-06 -5.7328257e-05  0.00010368248  0.00012564625  0.00021371278  0.00021590602
  0.00057996742 -0.00025408098              0 -1.0006964e-06  1.3166109e-05  1.2309491e-05  2.5755394e-06 -6.0159029e-05  0.00010549851  0.00012786759  0.00021590602  0.00022113567


# ext. ||   Name    ||   type  ||     Value     ||  Error +/- 

   0   ||Natural mortality || limited ||    0.04635368515447 ||0.003001671277028
   1   ||Targeted q || limited ||      4.694005760501 ||0.2571414765451
   2   ||Nontargeted q || limited ||                   2 ||22.06548931833
   3   ||     sigma || limited ||      1.682561134884 ||0.08242797721535
   4   ||  Biomass1 || limited ||     0.1385026138957 ||0.01462299641894
   5   ||  Biomass2 || limited ||      0.120969727584 ||0.01026034278162
   6   ||   vm_mean || limited ||     -2.160775792371 ||0.001914757798306
   7   ||  vm_sigma || limited ||       37.3516222296 ||0.9383901794744
   8   ||Recruit year 1 || limited ||     0.8396414392263 ||0.04723812826337
   9   ||Recruit year 2 || limited ||      1.294731482841 ||0.06935454258969
  10   ||Recruit year 3 || limited ||      3.178273368393 ||0.1810465501657
  11   ||Recruit year 4 || limited ||      3.940409927495 ||0.2043128524437





