# Minimum negative log likelihood

Minuit did successfully converge.
# of function calls: 1883
minimum function Value: 572.1792461344
minimum edm: 9.597778542849e-06
minimum internal state vector: LAVector parameters:
     -1.031917302106
     -1.314514939581
     -1.287002217587
     -1.179047601589
      -1.32249275669
     -1.326750586574
   -0.04624367150913
     0.2117769067839
     -1.030722926176
     -1.074282785354
     -1.375249275686
     -1.224669834526

minimum internal covariance matrix: LASymMatrix parameters:
   0.0047344552   -0.002403578              0 -5.9109535e-06   0.0023168001   0.0022805366  -6.739235e-05 -0.00033844933   0.0053991501   0.0045466334   0.0016244834   0.0031150537
   -0.002403578   0.0012336867              0  2.7147793e-06  -0.0011883289  -0.0011696502  3.8282756e-05 -0.00013224198  -0.0027550415  -0.0023157269 -0.00082067611  -0.0015923368
              0              0              2              0              0              0              0              0              0              0              0              0
 -5.9109535e-06  2.7147793e-06              0  0.00019467906 -2.4156223e-06 -2.1906031e-06 -1.9637563e-06 -4.7312743e-05  -1.024837e-05 -6.7996962e-06  5.9772309e-07 -1.8146011e-06
   0.0023168001  -0.0011883289              0 -2.4156223e-06   0.0011556106   0.0011361928 -3.7285617e-05  9.6538586e-05   0.0026616215   0.0022314642  0.00079221544   0.0015355012
   0.0022805366  -0.0011696502              0 -2.1906031e-06   0.0011361928   0.0011172937 -3.6468303e-05  9.5104561e-05   0.0026185761   0.0021965539  0.00077979442   0.0015113275
  -6.739235e-05  3.8282756e-05              0 -1.9637563e-06 -3.7285617e-05 -3.6468303e-05  1.4244881e-05 -0.00011781992 -8.2152769e-05 -6.8087227e-05  -2.239893e-05 -4.6939843e-05
 -0.00033844933 -0.00013224198              0 -4.7312743e-05  9.6538586e-05  9.5104561e-05 -0.00011781992    0.064327361 -6.0846186e-05 -0.00020896785 -0.00012456699 -4.1429119e-05
   0.0053991501  -0.0027550415              0  -1.024837e-05   0.0026616215   0.0026185761 -8.2152769e-05 -6.0846186e-05   0.0061900289   0.0051915139   0.0018501561   0.0035636192
   0.0045466334  -0.0023157269              0 -6.7996962e-06   0.0022314642   0.0021965539 -6.8087227e-05 -0.00020896785   0.0051915139   0.0043788745    0.001554612   0.0029981399
   0.0016244834 -0.00082067611              0  5.9772309e-07  0.00079221544  0.00077979442  -2.239893e-05 -0.00012456699   0.0018501561    0.001554612  0.00057094392   0.0010646627
   0.0031150537  -0.0015923368              0 -1.8146011e-06   0.0015355012   0.0015113275 -4.6939843e-05 -4.1429119e-05   0.0035636192   0.0029981399   0.0010646627   0.0020687231


# ext. ||   Name    ||   type  ||     Value     ||  Error +/- 

   0   ||Natural mortality || limited ||    0.02125732858436 ||0.003743731712448
   1   ||Targeted q || limited ||      1.633036134664 ||0.3147496945127
   2   ||Nontargeted q || limited ||                   2 ||22.06548931833
   3   ||     sigma || limited ||       3.78785995361 ||0.1883429950336
   4   ||  Biomass1 || limited ||      15.33463461091 ||2.953452433265
   5   ||  Biomass2 || limited ||      14.81582751341 ||2.855287975754
   6   ||   vm_mean || limited ||    -0.1452270049994 ||0.008375278112818
   7   ||  vm_sigma || limited ||      48.40829248542 ||6.975803387264
   8   ||Recruit year 1 || limited ||      7.125741297035 ||1.429437095757
   9   ||Recruit year 2 || limited ||      6.046960138531 ||1.113967028575
  10   ||Recruit year 3 || limited ||     0.9628285795866 ||0.1641222892855
  11   ||Recruit year 4 || limited ||      2.975009487415 ||0.5454012915191





