# Minimum negative log likelihood

Minuit did successfully converge.
# of function calls: 1584
minimum function Value: 345.4236887275
minimum edm: 4.453721957556e-05
minimum internal state vector: LAVector parameters:
    -0.2270259859378
     -1.070677747061
     -1.287002217587
     -1.344614742709
     -1.468181604391
     -1.474104481341
    -0.6464265941726
     -1.274466703599
    -0.9992133584946
     -1.129847533372
     -1.314864865273
    0.09889989237923
     0.1064149761796
    0.09247920908289
    0.07960634273921

minimum internal covariance matrix: LASymMatrix parameters:
   0.0026578754 -0.00016355779              0  5.1807031e-06  3.8528005e-05  3.4985996e-05 -0.00044742052  0.00018997151  0.00035216778  0.00027223562  0.00015230588  2.8596996e-05   2.162005e-05  1.8718919e-05  2.3768845e-05
 -0.00016355779  1.0883644e-05              0 -6.5308274e-07 -2.5591763e-06 -2.3174516e-06  2.3604014e-05 -1.1686236e-05 -2.1855484e-05 -1.6891559e-05   -9.58106e-06 -1.6165278e-06 -1.2016975e-06 -1.0498273e-06 -1.3291853e-06
              0              0              2              0              0              0              0              0              0              0              0              0              0              0              0
  5.1807031e-06 -6.5308274e-07              0   6.408721e-05 -3.5528993e-08 -4.2602088e-08 -5.7400712e-06  3.7392238e-07  6.2808948e-07  6.6996608e-07  4.4042394e-07 -2.8141855e-08 -1.7822581e-08 -6.5130694e-08 -4.5025094e-07
  3.8528005e-05 -2.5591763e-06              0 -3.5528993e-08  1.1748779e-06  1.0123851e-06 -6.3333793e-06  3.0454212e-06  5.1418245e-06  4.0015618e-06  2.3128311e-06  4.0201964e-07  2.7545093e-07  2.2398773e-07  4.7894514e-07
  3.4985996e-05 -2.3174516e-06              0 -4.2602088e-08  1.0123851e-06  8.7945638e-07 -5.7526668e-06  2.7301696e-06  4.6724056e-06  3.6330068e-06  2.0901971e-06     3.7058e-07  2.5435922e-07  2.0470413e-07  4.1465529e-07
 -0.00044742052  2.3604014e-05              0 -5.7400712e-06 -6.3333793e-06 -5.7526668e-06  0.00021874939 -3.4012221e-05 -5.9087671e-05 -4.5443205e-05 -2.5063083e-05 -9.9137173e-06 -6.6433788e-06 -3.8729934e-06 -5.8688425e-06
  0.00018997151 -1.1686236e-05              0  3.7392238e-07  3.0454212e-06  2.7301696e-06 -3.4012221e-05  1.5322171e-05  2.5076632e-05  1.9546476e-05  1.1014267e-05  2.0190914e-06  1.4816552e-06  1.2712846e-06  2.3713048e-06
  0.00035216778 -2.1855484e-05              0  6.2808948e-07  5.1418245e-06  4.6724056e-06 -5.9087671e-05  2.5076632e-05  4.7517265e-05  3.6095729e-05  2.0194644e-05  3.8718318e-06  2.8587447e-06  2.4431578e-06  3.0299832e-06
  0.00027223562 -1.6891559e-05              0  6.6996608e-07  4.0015618e-06  3.6330068e-06 -4.5443205e-05  1.9546476e-05  3.6095729e-05  2.8681702e-05  1.5617178e-05  2.9164861e-06  2.1889088e-06  1.8513224e-06  2.4673049e-06
  0.00015230588   -9.58106e-06              0  4.4042394e-07  2.3128311e-06  2.0901971e-06 -2.5063083e-05  1.1014267e-05  2.0194644e-05  1.5617178e-05  1.0019121e-05  1.5987731e-06  1.2039853e-06  1.0527437e-06  1.5320228e-06
  2.8596996e-05 -1.6165278e-06              0 -2.8141855e-08  4.0201964e-07     3.7058e-07 -9.9137173e-06  2.0190914e-06  3.8718318e-06  2.9164861e-06  1.5987731e-06   8.907107e-07  3.7218531e-07  1.9034562e-07  1.9248481e-07
   2.162005e-05 -1.2016975e-06              0 -1.7822581e-08  2.7545093e-07  2.5435922e-07 -6.6433788e-06  1.4816552e-06  2.8587447e-06  2.1889088e-06  1.2039853e-06  3.7218531e-07  3.2488517e-07  1.7599406e-07  1.5681785e-07
  1.8718919e-05 -1.0498273e-06              0 -6.5130694e-08  2.2398773e-07  2.0470413e-07 -3.8729934e-06  1.2712846e-06  2.4431578e-06  1.8513224e-06  1.0527437e-06  1.9034562e-07  1.7599406e-07  2.8419031e-07  1.8400012e-07
  2.3768845e-05 -1.3291853e-06              0 -4.5025094e-07  4.7894514e-07  4.1465529e-07 -5.8688425e-06  2.3713048e-06  3.0299832e-06  2.4673049e-06  1.5320228e-06  1.9248481e-07  1.5681785e-07  1.8400012e-07  1.0637866e-06


# ext. ||   Name    ||   type  ||     Value     ||  Error +/- 

   0   ||Natural mortality || limited ||    0.03937297944873 ||0.0008877827502334
   1   ||Targeted q || limited ||       6.12371472162 ||0.05593159324695
   2   ||Nontargeted q || limited ||                   2 ||22.06548931833
   3   ||     sigma || limited ||      1.273509613576 ||0.06347260582255
   4   ||  Biomass1 || limited ||      2.630136201361 ||0.03925532362556
   5   ||  Biomass2 || limited ||      2.335507777284 ||0.03200921605695
   6   ||  vm_sigma || limited ||      15.90728847181 ||0.333917558567
   7   ||Recruit year 1 || limited ||      2.189045962507 ||0.0404083901799
   8   ||Recruit year 2 || limited ||      7.956920214534 ||0.1318268871731
   9   ||Recruit year 3 || limited ||      4.792165361404 ||0.08080440982591
  10   ||Recruit year 4 || limited ||      1.638441187185 ||0.02832684364324
  11   ||Mean Rec dist 1 || limited ||     0.9873874479167 ||0.006640883704375
  12   ||Mean Rec dist 2 || limited ||      1.062142467261 ||0.004007617590082
  13   ||Mean Rec dist 3 || limited ||     0.9234744551226 ||0.003753443116088
  14   ||Mean Rec dist 4 || limited ||     0.7952228955802 ||0.007270004343848





