# Minimum negative log likelihood

Minuit did successfully converge.
# of function calls: 897
minimum function Value: 397.0255170594
minimum edm: 5.907780536565e-05
minimum internal state vector: LAVector parameters:
    -0.6826502346146
     -1.217357561218
     -1.287002217587
     -1.314603057049
     -1.395175010096
      -1.40129037349
     0.2024068035671
     0.4094810029842
     -1.168574379197
     -1.182533910412
       -1.0122368931
     -1.182824786084

minimum internal covariance matrix: LASymMatrix parameters:
  0.00099023746 -0.00036399011              0  1.4814348e-06   0.0001858879   0.0001770068  1.2572283e-05  -0.0022323857   0.0005296208  0.00050866826  0.00073968465  0.00050101663
 -0.00036399011  0.00013544835              0  4.3480371e-08 -6.9259681e-05 -6.5905274e-05 -4.3542422e-06  0.00077596253 -0.00019558738 -0.00018777235  -0.0002731221 -0.00018553217
              0              0              2              0              0              0              0              0              0              0              0              0
  1.4814348e-06  4.3480371e-08              0  8.6754036e-05 -6.1039295e-07 -4.9405058e-07  8.5267413e-08 -4.8665835e-05  1.1400667e-07    7.18989e-07  6.6944537e-07   4.922357e-07
   0.0001858879 -6.9259681e-05              0 -6.1039295e-07   3.669816e-05  3.4767722e-05  2.2019955e-06 -0.00039049719  0.00010001514  9.5952129e-05   0.0001396399  9.4802759e-05
   0.0001770068 -6.5905274e-05              0 -4.9405058e-07  3.4767722e-05  3.2966233e-05  2.1029196e-06 -0.00037296883  9.5195859e-05  9.1348526e-05  0.00013292758  9.0238197e-05
  1.2572283e-05 -4.3542422e-06              0  8.5267413e-08  2.2019955e-06  2.1029196e-06  4.9850566e-07 -7.4739579e-05  6.4821948e-06  6.2162754e-06  9.0522391e-06  6.2259376e-06
  -0.0022323857  0.00077596253              0 -4.8665835e-05 -0.00039049719 -0.00037296883 -7.4739579e-05    0.023200237  -0.0011536524  -0.0011046239   -0.001611909  -0.0011057415
   0.0005296208 -0.00019558738              0  1.1400667e-07  0.00010001514  9.5195859e-05  6.4821948e-06  -0.0011536524  0.00028544049  0.00027248474  0.00039643668  0.00026869118
  0.00050866826 -0.00018777235              0    7.18989e-07  9.5952129e-05  9.1348526e-05  6.2162754e-06  -0.0011046239  0.00027248474  0.00026331956  0.00038063547  0.00025805427
  0.00073968465  -0.0002731221              0  6.6944537e-07   0.0001396399  0.00013292758  9.0522391e-06   -0.001611909  0.00039643668  0.00038063547  0.00055522435  0.00037531507
  0.00050101663 -0.00018553217              0   4.922357e-07  9.4802759e-05  9.0238197e-05  6.2259376e-06  -0.0011057415  0.00026869118  0.00025805427  0.00037531507   0.0002595171


# ext. ||   Name    ||   type  ||     Value     ||  Error +/- 

   0   ||Natural mortality || limited ||    0.05537226547477 ||0.002589511429387
   1   ||Targeted q || limited ||      3.090599204613 ||0.1424200886193
   2   ||Nontargeted q || limited ||                   2 ||22.06548931833
   3   ||     sigma || limited ||      1.631919498945 ||0.08344554797472
   4   ||  Biomass1 || limited ||      7.690913725248 ||0.3742124860164
   5   ||  Biomass2 || limited ||      7.165884697617 ||0.3424457053668
   6   ||   vm_mean || limited ||      2.010275808373 ||0.004890603053757
   7   ||  vm_sigma || limited ||      55.92563258741 ||3.944302833676
   8   ||Recruit year 1 || limited ||      3.999928272122 ||0.2338033807083
   9   ||Recruit year 2 || limited ||      3.731214219092 ||0.217171141925
  10   ||Recruit year 3 || limited ||       7.60826806909 ||0.4414413584926
  11   ||Recruit year 4 || limited ||      3.725710731055 ||0.2154441501717





