# Minimum negative log likelihood

Minuit did successfully converge.
# of function calls: 743
minimum function Value: 618.8066566791
minimum edm: 4.659328623494e-05
minimum internal state vector: LAVector parameters:
   -0.06072754164401
     -1.088828732504
     -1.287002217587
     -1.131883608263
     -1.416317459164
     -1.420089978085
     0.4128332750385
    -0.4164910661982
     -1.067336631093
    -0.9457502094359
     -1.066968698307
     -1.147231483337

minimum internal covariance matrix: LASymMatrix parameters:
    0.031911567  -0.0028084819              0  -4.370918e-05    0.000870365  0.00080536812  9.4997429e-05  -0.0010952136   0.0028864021   0.0046421148   0.0029703131   0.0024141275
  -0.0028084819   0.0002618946              0 -4.1931433e-07 -8.2012088e-05 -7.5648055e-05  -4.373514e-06  4.2086778e-05 -0.00025903248  -0.0004141546 -0.00026250397 -0.00021859634
              0              0              2              0              0              0              0              0              0              0              0              0
  -4.370918e-05 -4.1931433e-07              0  0.00025008963  1.9689841e-06  1.5270395e-06 -5.1013805e-07 -2.2967426e-05 -1.5257577e-06 -5.8585286e-06 -3.2449362e-06  9.7679448e-07
    0.000870365 -8.2012088e-05              0  1.9689841e-06  3.4189823e-05  3.0918362e-05  1.2274546e-06 -1.6151266e-05  8.1353725e-05  0.00012833075  8.1046361e-05  6.8366761e-05
  0.00080536812 -7.5648055e-05              0  1.5270395e-06  3.0918362e-05  2.8076648e-05  1.1665219e-06 -1.4334879e-05  7.5063537e-05  0.00011867247  7.4952128e-05  6.3168199e-05
  9.4997429e-05  -4.373514e-06              0 -5.1013805e-07  1.2274546e-06  1.1665219e-06  4.1631763e-06 -4.5277188e-05   7.147155e-06  1.2298378e-05  8.3855973e-06  6.7330468e-06
  -0.0010952136  4.2086778e-05              0 -2.2967426e-05 -1.6151266e-05 -1.4334879e-05 -4.5277188e-05    0.001403539 -7.8793406e-05 -0.00013497071 -0.00010169427 -7.9059372e-05
   0.0028864021 -0.00025903248              0 -1.5257577e-06  8.1353725e-05  7.5063537e-05   7.147155e-06 -7.8793406e-05  0.00027533361  0.00042167703    0.000269293  0.00021964823
   0.0046421148  -0.0004141546              0 -5.8585286e-06  0.00012833075  0.00011867247  1.2298378e-05 -0.00013497071  0.00042167703  0.00068992774  0.00043216535  0.00035252006
   0.0029703131 -0.00026250397              0 -3.2449362e-06  8.1046361e-05  7.4952128e-05  8.3855973e-06 -0.00010169427    0.000269293  0.00043216535  0.00028934938  0.00022566794
   0.0024141275 -0.00021859634              0  9.7679448e-07  6.8366761e-05  6.3168199e-05  6.7330468e-06 -7.9059372e-05  0.00021964823  0.00035252006  0.00022566794  0.00020320845


# ext. ||   Name    ||   type  ||     Value     ||  Error +/- 

   0   ||Natural mortality || limited ||    0.04348274442482 ||0.003143708357207
   1   ||Targeted q || limited ||      5.695769383568 ||0.2652043120019
   2   ||Nontargeted q || limited ||                   2 ||22.06548931833
   3   ||     sigma || limited ||      4.739287778731 ||0.2375949725784
   4   ||  Biomass1 || limited ||      5.954075462051 ||0.3180845569409
   5   ||  Biomass2 || limited ||      5.667362075181 ||0.281263220891
   6   ||   vm_mean || limited ||       1.26042638809 ||0.004151803613762
   7   ||  vm_sigma || limited ||      23.81854304934 ||0.9689278373064
   8   ||Recruit year 1 || limited ||      6.213447262272 ||0.2830032922861
   9   ||Recruit year 2 || limited ||      9.462247905585 ||0.5433056766425
  10   ||Recruit year 3 || limited ||      6.222324959737 ||0.2903104197313
  11   ||Recruit year 4 || limited ||      4.428081177854 ||0.2071240472312





