# Minimum negative log likelihood

Minuit did successfully converge.
# of function calls: 1894
minimum function Value: 427.1590528926
minimum edm: 6.168206136482e-05
minimum internal state vector: LAVector parameters:
      2.442591957677
     -1.009808724164
     -1.287002217587
     -1.295258649418
     -1.465424051688
     -1.473576049124
     0.1644899740578
    -0.9618544900526
     -1.031398388124
     -1.310580488746
     -1.114988778691
      0.103725431628
    0.04992909474266
    0.02395745635309
    0.01986559506413

minimum internal covariance matrix: LASymMatrix parameters:
   0.0029367911  0.00017875426              0 -0.00011068197 -4.2778363e-05 -3.7013464e-05  0.00052518733 -0.00028878851  -0.0002637642 -0.00010855925 -0.00017475033 -6.9155703e-06 -5.5972739e-06 -5.4506205e-06 -5.8703981e-06
  0.00017875426  1.3830039e-05              0 -7.4315074e-06 -3.2051581e-06 -2.7684782e-06  1.9987732e-05  -1.847038e-05 -1.6933407e-05 -7.1295155e-06 -1.1587249e-05  -1.643464e-07 -1.7543305e-07 -1.3475086e-07 -2.6169882e-07
              0              0              2              0              0              0              0              0              0              0              0              0              0              0              0
 -0.00011068197 -7.4315074e-06              0  0.00014081603  5.9053551e-06  4.8607164e-06 -6.7955916e-05   9.498171e-06  1.3733586e-05   5.669697e-06  7.5431825e-06  8.4858258e-07  2.1432956e-07  9.2223761e-07  5.7144336e-07
 -4.2778363e-05 -3.2051581e-06              0  5.9053551e-06  2.5495237e-06  2.0947742e-06 -9.6945563e-06  4.5865024e-06  3.7938315e-06  1.8625995e-06  3.1357127e-06  1.4641298e-07  7.5795839e-08  9.9866329e-08  8.6216851e-08
 -3.7013464e-05 -2.7684782e-06              0  4.8607164e-06  2.0947742e-06  1.7405327e-06  -8.093933e-06  3.9937712e-06  3.2548886e-06  1.5905657e-06  2.6902731e-06  1.2160701e-07  6.3916504e-08  8.1478147e-08  7.2731502e-08
  0.00052518733  1.9987732e-05              0 -6.7955916e-05 -9.6945563e-06  -8.093933e-06   0.0008048425 -4.4793921e-05 -4.4052243e-05 -1.8092802e-05 -3.4197322e-05 -5.8866919e-06 -4.3653207e-06 -5.8159537e-06 -4.5158867e-06
 -0.00028878851  -1.847038e-05              0   9.498171e-06  4.5865024e-06  3.9937712e-06 -4.4793921e-05  3.1559051e-05  2.5430369e-05  1.0707516e-05  1.7875923e-05  6.1346467e-07   5.294951e-07   4.643118e-07   5.192195e-07
  -0.0002637642 -1.6933407e-05              0  1.3733586e-05  3.7938315e-06  3.2548886e-06 -4.4052243e-05  2.5430369e-05  2.7227679e-05  9.8858134e-06  1.5315261e-05   5.004832e-07  3.9001587e-07  4.1190043e-07  5.2482147e-07
 -0.00010855925 -7.1295155e-06              0   5.669697e-06  1.8625995e-06  1.5905657e-06 -1.8092802e-05  1.0707516e-05  9.8858134e-06  6.2786723e-06  6.8134951e-06  2.1981036e-07  1.7810631e-07   1.789761e-07  1.9721095e-07
 -0.00017475033 -1.1587249e-05              0  7.5431825e-06  3.1357127e-06  2.6902731e-06 -3.4197322e-05  1.7875923e-05  1.5315261e-05  6.8134951e-06  1.4317844e-05  4.8316378e-07  3.8662077e-07   4.096551e-07  3.8586124e-07
 -6.9155703e-06  -1.643464e-07              0  8.4858258e-07  1.4641298e-07  1.2160701e-07 -5.8866919e-06  6.1346467e-07   5.004832e-07  2.1981036e-07  4.8316378e-07  1.4992851e-07  5.0320853e-08  7.7798778e-08  3.4732419e-08
 -5.5972739e-06 -1.7543305e-07              0  2.1432956e-07  7.5795839e-08  6.3916504e-08 -4.3653207e-06   5.294951e-07  3.9001587e-07  1.7810631e-07  3.8662077e-07  5.0320853e-08  8.6403026e-08  4.4397514e-08  2.9826787e-08
 -5.4506205e-06 -1.3475086e-07              0  9.2223761e-07  9.9866329e-08  8.1478147e-08 -5.8159537e-06   4.643118e-07  4.1190043e-07   1.789761e-07   4.096551e-07  7.7798778e-08  4.4397514e-08  2.7806852e-07  3.3132147e-08
 -5.8703981e-06 -2.6169882e-07              0  5.7144336e-07  8.6216851e-08  7.2731502e-08 -4.5158867e-06   5.192195e-07  5.2482147e-07  1.9721095e-07  3.8586124e-07  3.4732419e-08  2.9826787e-08  3.3132147e-08  9.3829838e-08


# ext. ||   Name    ||   type  ||     Value     ||  Error +/- 

   0   ||Natural mortality || limited ||    0.06108632639452 ||0.0007331490190919
   1   ||Targeted q || limited ||      7.663495148839 ||0.06995139279922
   2   ||Nontargeted q || limited ||                   2 ||22.06548931833
   3   ||     sigma || limited ||      1.886047306331 ||0.1141425672588
   4   ||  Biomass1 || limited ||      2.773261631687 ||0.0593754363957
   5   ||  Biomass2 || limited ||      2.361085013269 ||0.04527605019278
   6   ||  vm_sigma || limited ||      46.55038655331 ||0.791523577139
   7   ||Recruit year 1 || limited ||      8.996413961411 ||0.1135973728583
   8   ||Recruit year 2 || limited ||      7.108386725671 ||0.09474524130395
   9   ||Recruit year 3 || limited ||       1.69310827934 ||0.02279117376631
  10   ||Recruit year 4 || limited ||      5.114197110954 ||0.05888268991997
  11   ||Mean Rec dist 1 || limited ||      1.035395352745 ||0.002723244468748
  12   ||Mean Rec dist 2 || limited ||     0.4990835250087 ||0.002075907134504
  13   ||Mean Rec dist 3 || limited ||     0.2395516464972 ||0.003727659721513
  14   ||Mean Rec dist 4 || limited ||     0.1986428845733 ||0.002165557801295





