# Minimum negative log likelihood

Minuit did successfully converge.
# of function calls: 1481
minimum function Value: 181.3406158019
minimum edm: 2.091580177195e-05
minimum internal state vector: LAVector parameters:
    -0.6084259842729
     -1.054360576882
     -1.287002217587
     -1.418511227168
     -1.414219620172
     -1.419242855545
      1.045325471151
    -0.5870177541442
     -1.196315907907
     -1.178645671182
     -1.260592981942
     -1.291247962423

minimum internal covariance matrix: LASymMatrix parameters:
  8.9149161e-05 -3.9732688e-05              0  3.6414912e-06  1.1417477e-05  1.1648847e-05   3.925326e-07 -1.4115948e-06  2.7239875e-05  3.2369615e-05   2.504519e-05  2.1617364e-05
 -3.9732688e-05  1.8334046e-05              0 -1.7532851e-06 -5.2983492e-06 -5.3710507e-06  2.1377194e-07 -1.2435641e-06 -1.2302616e-05  -1.456118e-05 -1.1277995e-05 -9.7427934e-06
              0              0              2              0              0              0              0              0              0              0              0              0
  3.6414912e-06 -1.7532851e-06              0  3.0387166e-05  4.5279439e-07  4.7293356e-07 -1.1730992e-07 -8.4724073e-07  1.1959022e-06  1.3220935e-06  1.0105252e-06   5.831369e-07
  1.1417477e-05 -5.2983492e-06              0  4.5279439e-07  1.7306763e-06  1.7133038e-06 -7.6823017e-08   4.421364e-07  3.5415982e-06  4.1823571e-06  3.2441336e-06  2.8258152e-06
  1.1648847e-05 -5.3710507e-06              0  4.7293356e-07  1.7133038e-06  1.7064575e-06 -4.8786031e-08   2.618273e-07  3.6045957e-06  4.2624185e-06  3.3040831e-06   2.874321e-06
   3.925326e-07  2.1377194e-07              0 -1.1730992e-07 -7.6823017e-08 -4.8786031e-08  6.5896163e-07 -2.8880375e-06   1.358819e-08  9.0832866e-08   3.585576e-08  2.1937355e-07
 -1.4115948e-06 -1.2435641e-06              0 -8.4724073e-07   4.421364e-07   2.618273e-07 -2.8880375e-06  2.9398908e-05  4.1582355e-08 -3.2027667e-07 -9.5478598e-08 -6.9679461e-07
  2.7239875e-05 -1.2302616e-05              0  1.1959022e-06  3.5415982e-06  3.6045957e-06   1.358819e-08  4.1582355e-08  8.5741005e-06  9.9061998e-06   7.679135e-06  6.6535653e-06
  3.2369615e-05  -1.456118e-05              0  1.3220935e-06  4.1823571e-06  4.2624185e-06  9.0832866e-08 -3.2027667e-07  9.9061998e-06   1.200084e-05  9.1139473e-06  7.8753737e-06
   2.504519e-05 -1.1277995e-05              0  1.0105252e-06  3.2441336e-06  3.3040831e-06   3.585576e-08 -9.5478598e-08   7.679135e-06  9.1139473e-06  7.2592822e-06  6.0660269e-06
  2.1617364e-05 -9.7427934e-06              0   5.831369e-07  2.8258152e-06   2.874321e-06  2.1937355e-07 -6.9679461e-07  6.6535653e-06  7.8753737e-06  6.0660269e-06  6.1713168e-06


# ext. ||   Name    ||   type  ||     Value     ||  Error +/- 

   0   ||Natural mortality || limited ||    0.06426350818264 ||0.0008217430309596
   1   ||Targeted q || limited ||      6.520766566331 ||0.07475158231273
   2   ||Nontargeted q || limited ||                   2 ||22.06548931833
   3   ||     sigma || limited ||     0.5786492154807 ||0.02956490701889
   4   ||  Biomass1 || limited ||      6.116554674884 ||0.07252939006941
   5   ||  Biomass2 || limited ||      5.731131450017 ||0.06972761151108
   6   ||   vm_mean || limited ||      2.717753624016 ||0.0009045656624407
   7   ||  vm_sigma || limited ||      17.84555761576 ||0.127684598948
   8   ||Recruit year 1 || limited ||      3.474763259531 ||0.03786484621447
   9   ||Recruit year 2 || limited ||      3.805157089357 ||0.04680380519225
  10   ||Recruit year 3 || limited ||      2.396185452917 ||0.02907482241797
  11   ||Recruit year 4 || limited ||      1.950798283367 ||0.02423181422168





