# Minimum negative log likelihood

Minuit did successfully converge.
# of function calls: 1049
minimum function Value: 394.4574371467
minimum edm: 8.53311749585e-05
minimum internal state vector: LAVector parameters:
      3.141711143992
    -0.9716928363015
     -1.287002217587
     -1.316160639494
     -1.494017896094
     -1.502568835766
     0.6987388872583
    -0.5640236208956
     -1.355641313143
     -1.190557907994
     -1.414619959149
     -1.258740018726

minimum internal covariance matrix: LASymMatrix parameters:
    0.025289314   0.0020586019              0 -0.00010927656 -0.00025355625 -0.00024851007 -7.7188324e-05  0.00033141793 -0.00091617487  -0.0013994508 -0.00044604924  -0.0010950873
   0.0020586019  0.00017308227              0  -9.362209e-06 -2.1298324e-05 -2.0821027e-05 -4.4339347e-06  1.4167197e-05  -7.483714e-05 -0.00011434744 -3.6243219e-05 -9.0277628e-05
              0              0              2              0              0              0              0              0              0              0              0              0
 -0.00010927656  -9.362209e-06              0  9.4517088e-05  2.3527915e-08  2.3826716e-07  8.7203413e-07 -3.7407819e-06  3.4843413e-06   4.966514e-06  2.4891026e-06  6.2686786e-06
 -0.00025355625 -2.1298324e-05              0  2.3527915e-08   3.683511e-06  3.3899045e-06  6.9701932e-07 -2.3395987e-06   9.383116e-06  1.4074559e-05  4.7157384e-06  1.1063791e-05
 -0.00024851007 -2.0821027e-05              0  2.3826716e-07  3.3899045e-06  3.1593735e-06  6.7119616e-07 -2.2693785e-06  9.1667864e-06  1.3790312e-05  4.5891434e-06  1.0852861e-05
 -7.7188324e-05 -4.4339347e-06              0  8.7203413e-07  6.9701932e-07  6.7119616e-07  2.3597321e-06 -1.4384702e-05  2.7237025e-06  4.0289117e-06  1.5173868e-06  3.4611016e-06
  0.00033141793  1.4167197e-05              0 -3.7407819e-06 -2.3395987e-06 -2.2693785e-06 -1.4384702e-05  0.00019266119 -1.1017939e-05 -1.7001214e-05 -6.5932179e-06  -1.440522e-05
 -0.00091617487  -7.483714e-05              0  3.4843413e-06   9.383116e-06  9.1667864e-06  2.7237025e-06 -1.1017939e-05  3.4440885e-05   5.074419e-05  1.6327136e-05   3.966876e-05
  -0.0013994508 -0.00011434744              0   4.966514e-06  1.4074559e-05  1.3790312e-05  4.0289117e-06 -1.7001214e-05   5.074419e-05  7.8707757e-05  2.4647325e-05   6.055508e-05
 -0.00044604924 -3.6243219e-05              0  2.4891026e-06  4.7157384e-06  4.5891434e-06  1.5173868e-06 -6.5932179e-06  1.6327136e-05  2.4647325e-05  9.3836057e-06  1.9400321e-05
  -0.0010950873 -9.0277628e-05              0  6.2686786e-06  1.1063791e-05  1.0852861e-05  3.4611016e-06  -1.440522e-05   3.966876e-05   6.055508e-05  1.9400321e-05  5.0006756e-05


# ext. ||   Name    ||   type  ||     Value     ||  Error +/- 

   0   ||Natural mortality || limited ||    0.04499703773996 ||0.002805290842335
   1   ||Targeted q || limited ||      8.707925474304 ||0.2622882995972
   2   ||Nontargeted q || limited ||                   2 ||22.06548931833
   3   ||     sigma || limited ||      1.612243616188 ||0.08658100217591
   4   ||  Biomass1 || limited ||      1.473008035596 ||0.0520473132867
   5   ||  Biomass2 || limited ||      1.163296266885 ||0.04284279394162
   6   ||   vm_mean || limited ||      2.020837714763 ||0.002612755104698
   7   ||  vm_sigma || limited ||      18.61713040463 ||0.3317748415636
   8   ||Recruit year 1 || limited ||      1.162719181306 ||0.0442938120837
   9   ||Recruit year 2 || limited ||      3.580834142389 ||0.1164011968944
  10   ||Recruit year 3 || limited ||     0.6184771743517 ||0.01684397188283
  11   ||Recruit year 4 || limited ||      2.424545402925 ||0.0767512600318





