"","x"
"Week1.1956",4.77049127898509e-06
"Week2.1956",9.98646524171192e-06
"Week3.1956",1.65524844775497e-05
"Week4.1956",2.60081236214613e-05
"Week5.1956",4.23241905362933e-05
"Week6.1956",7.39217711264479e-05
"Week7.1956",0.000146149242764517
"Week8.1956",0.0003360975021231
"Week9.1956",0.000871458422192223
"Week10.1956",0.00259250000242432
"Week11.1956",0.00858173966777501
"Week12.1956",0.0304339350349094
"Week13.1956",0.114257615622488
"Week14.1956",0.438262096788848
"Week15.1956",1.7004914814335
"Week16.1956",6.52624082465467
"Week17.1956",24.4533025587037
"Week18.1956",86.6586179143942
"Week19.1956",287.439455243963
"Week20.1956",891.994277737525
"Week21.1956",2475.34757205781
"Week22.1956",6235.87768254514
"Week23.1956",14064.2907024401
"Week24.1956",27927.6355431101
"Week25.1956",49412.4811862414
"Week26.1956",77809.0855622077
"Week27.1956",108926.830976975
"Week28.1956",139435.55378204
"Week29.1956",165963.166900729
"Week30.1956",181112.664737977
"Week31.1956",191963.084797032
"Week32.1956",197094.035459202
"Week33.1956",194530.213410271
"Week34.1956",192848.368062212
"Week35.1956",187490.133242381
"Week36.1956",186999.326735553
"Week37.1956",180387.625152837
"Week38.1956",177484.98775176
"Week39.1956",166626.709515351
"Week40.1956",160218.157604337
"Week41.1956",156073.787168702
"Week42.1956",151228.649260576
"Week43.1956",145292.846223857
"Week44.1956",136948.147774549
"Week45.1956",132068.761374058
"Week46.1956",124843.164570505
"Week47.1956",119411.41372526
"Week48.1956",114429.678391191
"Week49.1956",108454.627815938
"Week50.1956",104691.861166919
"Week51.1956",101270.666388919
"Week52.1956",98062.3110355705
"Week1.1957",93089.7987321486
"Week2.1957",87800.0939557798
"Week3.1957",82969.8424779789
"Week4.1957",78617.3941618493
"Week5.1957",73286.3455183499
"Week6.1957",70946.9800433886
"Week7.1957",67324.1653420438
"Week8.1957",64651.8256649102
"Week9.1957",61861.3941840291
"Week10.1957",59494.819761263
"Week11.1957",56972.8964763752
"Week12.1957",54688.065867055
"Week13.1957",52223.1778309931
"Week14.1957",49483.8687284586
"Week15.1957",46106.9917194926
"Week16.1957",43357.880436896
"Week17.1957",40548.0224843436
"Week18.1957",38507.4915767034
"Week19.1957",36612.0065629174
"Week20.1957",35250.9952333251
"Week21.1957",35373.9312757784
"Week22.1957",37227.6677646633
"Week23.1957",43837.7706094761
"Week24.1957",56540.7635324036
"Week25.1957",76305.7172656759
"Week26.1957",102996.293463396
"Week27.1957",131179.846136012
"Week28.1957",161036.755946136
"Week29.1957",181784.331487965
"Week30.1957",192912.136869362
"Week31.1957",201075.656610585
"Week32.1957",201147.072688013
"Week33.1957",196777.482711793
"Week34.1957",192476.430137402
"Week35.1957",188855.432226141
"Week36.1957",184032.617145267
"Week37.1957",181847.779632884
"Week38.1957",173541.86184035
"Week39.1957",169016.331036006
"Week40.1957",165925.959179566
"Week41.1957",157174.774287356
"Week42.1957",148305.267002433
"Week43.1957",144403.880693753
"Week44.1957",138213.755730331
"Week45.1957",131726.178508626
"Week46.1957",125392.640036831
"Week47.1957",120809.254263865
"Week48.1957",115266.134866059
"Week49.1957",109283.787766661
"Week50.1957",102793.980337444
"Week51.1957",99073.5854376799
"Week52.1957",93006.1749489557
"Week1.1958",89787.4106102704
"Week2.1958",85758.7530638776
"Week3.1958",81616.1126339822
"Week4.1958",77325.5774325695
"Week5.1958",72975.5918146075
"Week6.1958",70198.3356464495
"Week7.1958",67318.1150241546
"Week8.1958",64681.0252954627
"Week9.1958",60361.6114627139
"Week10.1958",57062.6385139976
"Week11.1958",55113.7657792288
"Week12.1958",52070.8105027972
"Week13.1958",50134.6137836789
"Week14.1958",47246.0838397822
"Week15.1958",45208.1987828678
"Week16.1958",43441.0904850085
"Week17.1958",41860.4123074106
"Week18.1958",40134.2343747207
"Week19.1958",37840.8668534055
"Week20.1958",35944.9726259123
"Week21.1958",35600.0359687789
"Week22.1958",38159.859220449
"Week23.1958",44510.7435313664
"Week24.1958",57267.4717459337
"Week25.1958",77332.6522171471
"Week26.1958",102794.959652573
"Week27.1958",130473.287511802
"Week28.1958",157853.356241421
"Week29.1958",181556.347688901
"Week30.1958",195757.481498299
"Week31.1958",200469.965160725
"Week32.1958",206921.626187161
"Week33.1958",208681.12266707
"Week34.1958",199773.875358242
"Week35.1958",194045.096950105
"Week36.1958",191861.576271424
"Week37.1958",185029.974905462
"Week38.1958",179238.850351113
"Week39.1958",175757.572816066
"Week40.1958",170220.619453051
"Week41.1958",159751.196812631
"Week42.1958",155264.851128531
"Week43.1958",152159.066494304
"Week44.1958",143623.831269055
"Week45.1958",136726.984891744
"Week46.1958",133519.11523816
"Week47.1958",128659.870809868
"Week48.1958",125512.627217492
"Week49.1958",119836.682902831
"Week50.1958",113178.296548453
"Week51.1958",109079.910046331
"Week52.1958",103330.527515685
"Week1.1959",96176.7657973746
"Week2.1959",89819.45279891
"Week3.1959",86906.7299395726
"Week4.1959",82904.059013742
"Week5.1959",77327.6827800737
"Week6.1959",73269.4787742526
"Week7.1959",69261.3163459819
"Week8.1959",65931.2065842206
"Week9.1959",62401.2514735557
"Week10.1959",59787.5556664961
"Week11.1959",56275.1641212697
"Week12.1959",52931.1513975106
"Week13.1959",50297.0046214778
"Week14.1959",48026.5614723408
"Week15.1959",45363.3191386797
"Week16.1959",43630.7283962518
"Week17.1959",40650.3869838603
"Week18.1959",38688.9298481296
"Week19.1959",37383.6993451323
"Week20.1959",35810.6739677524
"Week21.1959",36094.3436747097
"Week22.1959",38469.3294172107
"Week23.1959",43615.0000737212
"Week24.1959",56516.2508905216
"Week25.1959",74765.9677427263
"Week26.1959",101634.025851144
"Week27.1959",133575.732938613
"Week28.1959",159405.681901405
"Week29.1959",177289.12061269
"Week30.1959",195800.41071457
"Week31.1959",198247.567185512
"Week32.1959",200167.352556506
"Week33.1959",196922.950960222
"Week34.1959",196179.084195599
"Week35.1959",191428.380235301
"Week36.1959",188211.803791862
"Week37.1959",184373.085527881
"Week38.1959",178782.883217171
"Week39.1959",176039.350804057
"Week40.1959",170947.890157347
"Week41.1959",166620.928592483
"Week42.1959",160904.453292697
"Week43.1959",157927.910818818
"Week44.1959",150407.297521175
"Week45.1959",146788.886899281
"Week46.1959",142873.656466927
"Week47.1959",136157.813385479
"Week48.1959",129576.012073066
"Week49.1959",123331.44243259
"Week50.1959",117479.0521715
"Week51.1959",112413.279969967
"Week52.1959",108602.170086273
"Week1.1960",103415.104047143
"Week2.1960",98825.6096666057
"Week3.1960",93055.7021392137
"Week4.1960",90164.5945976236
"Week5.1960",86423.8894449863
"Week6.1960",82622.304861234
"Week7.1960",78977.9480892143
"Week8.1960",75980.2722359055
"Week9.1960",72717.0435372394
"Week10.1960",68077.9908821868
"Week11.1960",63113.6246244616
"Week12.1960",58882.1964069038
"Week13.1960",56619.6252199837
"Week14.1960",54315.1934882379
"Week15.1960",50483.6160613336
"Week16.1960",47938.969864988
"Week17.1960",44638.1860491145
"Week18.1960",42352.9145184158
"Week19.1960",40291.2821547965
"Week20.1960",38045.5732160931
"Week21.1960",37147.4661356737
"Week22.1960",39628.9074205676
"Week23.1960",44500.2895871219
"Week24.1960",55953.8182124242
"Week25.1960",76207.636484472
"Week26.1960",102490.876019405
"Week27.1960",132299.525020803
"Week28.1960",161701.848858027
"Week29.1960",183541.080960651
"Week30.1960",200848.216440366
"Week31.1960",208175.863805458
"Week32.1960",208974.918038974
"Week33.1960",210847.863296404
"Week34.1960",211915.178485203
"Week35.1960",206857.601017429
"Week36.1960",199670.25489247
"Week37.1960",197153.453138088
"Week38.1960",190361.014979111
"Week39.1960",184616.539765921
"Week40.1960",180447.378357592
"Week41.1960",173975.806046771
"Week42.1960",168576.786359998
"Week43.1960",157865.52839539
"Week44.1960",152659.612089315
"Week45.1960",149358.38902662
"Week46.1960",143249.609426175
"Week47.1960",134098.586981837
"Week48.1960",125612.910715
"Week49.1960",119749.631565545
"Week50.1960",111614.274122556
"Week51.1960",106241.988698544
"Week52.1960",101744.270992594
"Week1.1961",95666.7674058455
"Week2.1961",91061.2177663052
"Week3.1961",88024.8453382401
"Week4.1961",84672.1819278981
"Week5.1961",81773.9976829916
"Week6.1961",77538.8355774829
"Week7.1961",74873.6842460345
"Week8.1961",71417.7277201873
"Week9.1961",68385.9973361916
"Week10.1961",64484.9939452872
"Week11.1961",62289.7475529038
"Week12.1961",58837.409708813
"Week13.1961",56219.8354934773
"Week14.1961",52696.1215684992
"Week15.1961",50124.5141555
"Week16.1961",48030.6350244785
"Week17.1961",46058.3727142672
"Week18.1961",42785.8377935053
"Week19.1961",40842.9156893636
"Week20.1961",39865.8861570501
"Week21.1961",39213.8163298808
"Week22.1961",41247.0448508892
"Week23.1961",46782.378370906
"Week24.1961",57957.2994327654
"Week25.1961",76503.155119068
"Week26.1961",102320.264920035
"Week27.1961",131259.677755573
"Week28.1961",160992.496467835
"Week29.1961",182814.670645795
"Week30.1961",196124.720465161
"Week31.1961",202177.893394316
"Week32.1961",204944.719149399
"Week33.1961",204271.189339915
"Week34.1961",203045.066656746
"Week35.1961",198625.321352796
"Week36.1961",189023.67146772
"Week37.1961",184315.336434147
"Week38.1961",178699.332671584
"Week39.1961",176422.000765957
"Week40.1961",174015.489977032
"Week41.1961",169027.147054806
"Week42.1961",161766.461382769
"Week43.1961",152731.176754672
"Week44.1961",146879.727518219
"Week45.1961",142857.440822111
"Week46.1961",136308.623139388
"Week47.1961",128981.30658536
"Week48.1961",120441.703166113
"Week49.1961",113153.95117837
"Week50.1961",107280.552971045
"Week51.1961",102725.240441742
"Week52.1961",98541.7584497184
"Week1.1962",94004.7449620666
"Week2.1962",90933.2569936947
"Week3.1962",87755.1771560621
"Week4.1962",82358.5985871478
"Week5.1962",78820.4511655903
"Week6.1962",75853.7832323022
"Week7.1962",73409.226168232
"Week8.1962",70907.4126592482
"Week9.1962",65988.1538335688
"Week10.1962",62177.8369868627
"Week11.1962",57877.3356831346
"Week12.1962",54185.9477095954
"Week13.1962",51260.433139022
"Week14.1962",48909.7451497796
"Week15.1962",46197.0470707243
"Week16.1962",43246.9818660271
"Week17.1962",41603.928121109
"Week18.1962",39353.8003141336
"Week19.1962",38022.2825349391
"Week20.1962",36134.1128329001
"Week21.1962",35132.5637714368
"Week22.1962",37627.0747516161
"Week23.1962",42472.2789914506
"Week24.1962",54322.4714359258
"Week25.1962",73486.1996940595
"Week26.1962",99857.0988698041
"Week27.1962",131284.641130171
"Week28.1962",161242.367837637
"Week29.1962",185520.429026549
"Week30.1962",198530.139055717
"Week31.1962",205979.235647201
"Week32.1962",211108.026090198
"Week33.1962",211118.782464103
"Week34.1962",211717.832486478
"Week35.1962",210635.021580131
"Week36.1962",206645.433613569
"Week37.1962",200767.92654925
"Week38.1962",192050.783568592
"Week39.1962",189581.146548281
"Week40.1962",182220.560669678
"Week41.1962",176156.756365648
"Week42.1962",171146.743715517
"Week43.1962",162736.356446527
"Week44.1962",153750.561430645
"Week45.1962",147592.657068988
"Week46.1962",138709.493392418
"Week47.1962",134655.411771897
"Week48.1962",129765.901180859
"Week49.1962",125189.490043647
"Week50.1962",120399.381259045
"Week51.1962",113868.408301209
"Week52.1962",110005.235757405
"Week1.1963",102181.327814083
"Week2.1963",96297.4350377271
"Week3.1963",90992.5243886644
"Week4.1963",86193.8515759029
"Week5.1963",83214.6545913267
"Week6.1963",80262.8517662585
"Week7.1963",76977.0678692945
"Week8.1963",71374.5267046775
"Week9.1963",66881.4190784182
"Week10.1963",63501.401402742
"Week11.1963",60237.6255979051
"Week12.1963",58060.3540454574
"Week13.1963",55849.4701509634
"Week14.1963",52175.6109441236
"Week15.1963",49355.2130043511
"Week16.1963",46306.3230085607
"Week17.1963",44168.3991761579
"Week18.1963",42023.9127990123
"Week19.1963",39773.8680882431
"Week20.1963",38711.6962440354
"Week21.1963",37642.2895701878
"Week22.1963",39903.3776243777
"Week23.1963",45103.7527020819
"Week24.1963",57480.3165804771
"Week25.1963",78148.2953837829
"Week26.1963",105093.099087165
"Week27.1963",132276.512732278
"Week28.1963",158230.773938556
"Week29.1963",179643.218056129
"Week30.1963",191837.040581683
"Week31.1963",200761.267194881
"Week32.1963",206749.285707562
"Week33.1963",209260.176810622
"Week34.1963",203365.385503632
"Week35.1963",203297.439661687
"Week36.1963",201404.058110142
"Week37.1963",195339.636789304
"Week38.1963",193003.573270894
"Week39.1963",186222.390441619
"Week40.1963",174306.926542528
"Week41.1963",167783.989046699
"Week42.1963",163308.731822331
"Week43.1963",158151.905414873
"Week44.1963",151168.385522138
"Week45.1963",146785.759501197
"Week46.1963",139514.988793145
"Week47.1963",132752.38596973
"Week48.1963",125744.874135691
"Week49.1963",120457.180649963
"Week50.1963",114290.3539098
"Week51.1963",106775.723498862
"Week52.1963",100511.52833892
"Week1.1964",93638.665562703
"Week2.1964",87076.9044643407
"Week3.1964",83693.1252889435
"Week4.1964",81075.159040826
"Week5.1964",77723.2776917254
"Week6.1964",73304.3900028667
"Week7.1964",69822.812906046
"Week8.1964",66922.5339748551
"Week9.1964",62592.9262783943
"Week10.1964",59506.0785229277
"Week11.1964",57385.2075699496
"Week12.1964",54507.215144403
"Week13.1964",51250.3738100945
"Week14.1964",48279.4145907308
"Week15.1964",45779.5440391954
"Week16.1964",43933.0196285199
"Week17.1964",41167.2263914392
"Week18.1964",38590.2374053446
"Week19.1964",36729.6844388702
"Week20.1964",35471.2932615078
"Week21.1964",35590.9054527329
"Week22.1964",36955.2325960731
"Week23.1964",42948.9204271722
"Week24.1964",55888.4873661959
"Week25.1964",73770.7082886927
"Week26.1964",99912.8106191426
"Week27.1964",127896.335537084
"Week28.1964",155785.293910194
"Week29.1964",179178.817260654
"Week30.1964",194980.281011732
"Week31.1964",203884.710201185
"Week32.1964",207217.335674129
"Week33.1964",204447.549077553
"Week34.1964",195532.552591194
"Week35.1964",190923.162096161
"Week36.1964",187627.949478855
"Week37.1964",182425.387783432
"Week38.1964",180280.180009218
"Week39.1964",177525.157115817
"Week40.1964",170211.653670363
"Week41.1964",165329.627774141
"Week42.1964",158545.539326873
"Week43.1964",150768.560326769
"Week44.1964",147530.27978441
"Week45.1964",143666.828906375
"Week46.1964",138013.162564458
"Week47.1964",131165.115387652
"Week48.1964",124920.934557516
"Week49.1964",120835.279417026
"Week50.1964",113390.527315311
"Week51.1964",107683.037908741
"Week52.1964",104498.18388115
"Week1.1965",99675.465275729
"Week2.1965",95678.1270040919
"Week3.1965",91760.5581256529
"Week4.1965",85313.8531275264
"Week5.1965",80692.1001073965
"Week6.1965",77616.8668754377
"Week7.1965",72255.3576498039
"Week8.1965",69321.3735780794
"Week9.1965",64444.2012418384
"Week10.1965",60658.7586272682
"Week11.1965",58596.4623954931
"Week12.1965",55990.3749625847
"Week13.1965",52861.4651981038
"Week14.1965",51002.5305530435
"Week15.1965",46855.3364656638
"Week16.1965",43427.9496206986
"Week17.1965",41096.3540726174
"Week18.1965",38774.9085620378
"Week19.1965",36607.3989634323
"Week20.1965",34743.395849805
"Week21.1965",33742.6390207395
"Week22.1965",36365.239247794
"Week23.1965",42197.5134393989
"Week24.1965",53829.9538559332
"Week25.1965",72494.1919582878
"Week26.1965",98476.1871657498
"Week27.1965",128222.496709329
"Week28.1965",158553.723924317
"Week29.1965",180860.127113534
"Week30.1965",195940.230496751
"Week31.1965",207144.145925906
"Week32.1965",212599.78035912
"Week33.1965",215073.285107014
"Week34.1965",211063.893443204
"Week35.1965",204955.886151243
"Week36.1965",203164.59379515
"Week37.1965",193898.848327428
"Week38.1965",190093.121165702
"Week39.1965",187321.868299815
"Week40.1965",184249.7363388
"Week41.1965",180058.273006866
"Week42.1965",174563.339814985
"Week43.1965",166829.805334808
"Week44.1965",162129.116349826
"Week45.1965",158554.924516523
"Week46.1965",154214.867508518
"Week47.1965",145911.024810823
"Week48.1965",137503.996165128
"Week49.1965",131925.93261864
"Week50.1965",127213.102956978
"Week51.1965",120607.556843335
"Week52.1965",111599.509731712
"Week1.1966",105564.940827093
"Week2.1966",98957.454270097
"Week3.1966",92889.163344973
"Week4.1966",87443.1586283635
"Week5.1966",81900.8788428288
"Week6.1966",77839.2225509483
"Week7.1966",74767.7836978552
"Week8.1966",70795.8021366946
"Week9.1966",65876.3976143289
"Week10.1966",61629.2325709537
"Week11.1966",58788.8927051377
"Week12.1966",56675.6573512067
"Week13.1966",53448.7636153981
"Week14.1966",50267.6698028381
"Week15.1966",48430.9962071765
"Week16.1966",44342.7058094849
"Week17.1966",40812.3069230644
"Week18.1966",38699.8849270223
"Week19.1966",36382.3743120303
"Week20.1966",35091.0734318371
"Week21.1966",35421.2008798198
"Week22.1966",37385.4990341099
"Week23.1966",43417.7807048766
"Week24.1966",54904.8780299224
"Week25.1966",73945.5790000554
"Week26.1966",100750.035985604
"Week27.1966",132158.22074065
"Week28.1966",160550.98721127
"Week29.1966",180068.871805733
"Week30.1966",190606.756189097
"Week31.1966",196945.635667987
"Week32.1966",202097.473303658
"Week33.1966",203724.236638612
"Week34.1966",203276.82238888
"Week35.1966",199199.96536557
"Week36.1966",195207.065197915
"Week37.1966",192476.010222598
"Week38.1966",187096.763475779
"Week39.1966",181354.59068302
"Week40.1966",174265.416101602
"Week41.1966",165542.660468134
"Week42.1966",156904.763837653
"Week43.1966",146603.090974096
"Week44.1966",140402.743669688
"Week45.1966",134563.276421584
"Week46.1966",129409.382529613
"Week47.1966",124429.679955452
"Week48.1966",120697.167202762
"Week49.1966",115223.135424287
"Week50.1966",110409.39002702
"Week51.1966",105924.215236363
"Week52.1966",102638.158823689
"Week1.1967",97610.8028159808
"Week2.1967",94515.1677506917
"Week3.1967",89131.1023776976
"Week4.1967",84481.8650592514
"Week5.1967",78994.6781057478
"Week6.1967",75438.683317664
"Week7.1967",72380.9750664972
"Week8.1967",68738.9086118878
"Week9.1967",66326.7923910942
"Week10.1967",63292.417778681
"Week11.1967",60442.4941797
"Week12.1967",55705.6068577773
"Week13.1967",53605.1056789719
"Week14.1967",49783.7495520233
"Week15.1967",47110.8315572753
"Week16.1967",43794.0798592387
"Week17.1967",41488.5532225858
"Week18.1967",38498.1692111086
"Week19.1967",36656.6480162687
"Week20.1967",35837.1229380196
"Week21.1967",35593.5442016101
"Week22.1967",37217.3261416704
"Week23.1967",43144.809956923
"Week24.1967",55198.7130062403
"Week25.1967",74544.2257233792
"Week26.1967",100965.909596687
"Week27.1967",131615.60702283
"Week28.1967",158969.496274008
"Week29.1967",181574.71533241
"Week30.1967",196714.899592821
"Week31.1967",202431.579878514
"Week32.1967",204216.791224618
"Week33.1967",199431.498333172
"Week34.1967",194389.195700941
"Week35.1967",189963.62372969
"Week36.1967",185153.368180994
"Week37.1967",181141.386186691
"Week38.1967",178567.295862379
"Week39.1967",175176.323862312
"Week40.1967",168697.291877811
"Week41.1967",165526.668260579
"Week42.1967",158315.230363596
"Week43.1967",150430.873772663
"Week44.1967",143479.271708166
"Week45.1967",133914.911924109
"Week46.1967",129069.676239587
"Week47.1967",122729.350172888
"Week48.1967",116926.26506149
"Week49.1967",111064.638328184
"Week50.1967",103354.058517308
"Week51.1967",100002.320981488
"Week52.1967",96791.010056164
"Week1.1968",92304.8729250385
"Week2.1968",89310.023303734
"Week3.1968",85398.7743702907
"Week4.1968",82424.9146869843
"Week5.1968",76983.8084081313
"Week6.1968",73857.7998556459
"Week7.1968",69588.4006673421
"Week8.1968",64885.0738792544
"Week9.1968",60599.5218199048
"Week10.1968",55651.740407162
"Week11.1968",52218.6092185297
"Week12.1968",49161.8670159086
"Week13.1968",46845.7994455053
"Week14.1968",44549.7294094655
"Week15.1968",42337.7018351666
"Week16.1968",39081.3261846548
"Week17.1968",36407.2212810212
"Week18.1968",34022.6595332766
"Week19.1968",31600.4555617535
"Week20.1968",30184.5557449882
"Week21.1968",30466.8878488031
"Week22.1968",32640.9694963828
"Week23.1968",38201.0061470202
"Week24.1968",50838.7562470687
"Week25.1968",70262.9471531248
"Week26.1968",96483.1664822481
"Week27.1968",125006.2966663
"Week28.1968",155442.018919111
"Week29.1968",177303.645677188
"Week30.1968",190388.006462195
"Week31.1968",198666.090864274
"Week32.1968",200810.413314002
"Week33.1968",200417.158426033
"Week34.1968",199982.683640484
"Week35.1968",197886.914569269
"Week36.1968",187018.014733506
"Week37.1968",181286.265482203
"Week38.1968",174426.651091419
"Week39.1968",166266.10743327
"Week40.1968",163400.587932
"Week41.1968",157635.248233942
"Week42.1968",149166.59961148
"Week43.1968",141718.001257148
"Week44.1968",135373.003983434
"Week45.1968",131604.380495737
"Week46.1968",122910.995431706
"Week47.1968",119430.951116991
"Week48.1968",111382.843512722
"Week49.1968",104606.307321555
"Week50.1968",98536.2075103691
"Week51.1968",93776.5976525635
"Week52.1968",90843.2828996557
"Week1.1969",84911.18543856
"Week2.1969",80747.3131298707
"Week3.1969",76069.9363051215
"Week4.1969",72015.3808048269
"Week5.1969",69331.2843595979
"Week6.1969",65195.120886444
"Week7.1969",62651.6701181418
"Week8.1969",58955.9271315457
"Week9.1969",55291.6597846264
"Week10.1969",52085.8531707097
"Week11.1969",49257.5029428834
"Week12.1969",47462.9179651901
"Week13.1969",45481.3164549576
"Week14.1969",43608.2270816029
"Week15.1969",40820.3472845241
"Week16.1969",39053.5849672692
"Week17.1969",36592.3229722496
"Week18.1969",34873.4076644413
"Week19.1969",33564.0951546789
"Week20.1969",31843.4466029102
"Week21.1969",31732.1756887923
"Week22.1969",33563.2756033788
"Week23.1969",40253.9171680729
"Week24.1969",52682.3582017259
"Week25.1969",72637.8183609811
"Week26.1969",98391.2889102109
"Week27.1969",128779.797833417
"Week28.1969",157120.238484494
"Week29.1969",175962.796689424
"Week30.1969",192847.555718398
"Week31.1969",198608.092023774
"Week32.1969",201785.531268783
"Week33.1969",200408.290187479
"Week34.1969",198899.56933172
"Week35.1969",193781.515978159
"Week36.1969",189557.372683865
"Week37.1969",187360.780244505
"Week38.1969",184330.509897573
"Week39.1969",180165.325336183
"Week40.1969",177171.411245536
"Week41.1969",173742.51311267
"Week42.1969",166507.162750282
"Week43.1969",163207.928101918
"Week44.1969",157047.38191052
"Week45.1969",147768.475980833
"Week46.1969",142834.189692272
"Week47.1969",137935.842504118
"Week48.1969",132599.963277076
"Week49.1969",126478.12902838
"Week50.1969",122624.821551655
"Week51.1969",118021.907030105
"Week52.1969",112810.954918412
"Week1.1970",108832.692475369
"Week2.1970",103818.516477828
"Week3.1970",100575.496190024
"Week4.1970",94108.3918273757
"Week5.1970",88231.7296475732
"Week6.1970",83987.3693112737
"Week7.1970",80934.4362913671
"Week8.1970",76569.675895802
"Week9.1970",72854.8252237613
"Week10.1970",68022.3633951331
"Week11.1970",65626.9874746537
"Week12.1970",63117.6709374133
"Week13.1970",59934.8161203315
"Week14.1970",56798.6494986719
"Week15.1970",53264.6271663013
"Week16.1970",50655.7825504256
"Week17.1970",48084.944758625
"Week18.1970",45099.2313468861
"Week19.1970",43105.3791627743
"Week20.1970",41523.1351873109
"Week21.1970",39724.2369845554
"Week22.1970",41333.5909703077
"Week23.1970",47557.4542711246
"Week24.1970",60249.4480801267
"Week25.1970",79217.6344441993
"Week26.1970",105135.213126339
"Week27.1970",134975.452659234
"Week28.1970",163098.26669547
"Week29.1970",184530.460377331
"Week30.1970",198599.33444364
"Week31.1970",202371.434810686
"Week32.1970",201976.410189958
"Week33.1970",203586.581551213
"Week34.1970",200350.081028856
"Week35.1970",193932.472848433
"Week36.1970",186585.766723463
"Week37.1970",179532.112630916
"Week38.1970",176404.361679803
"Week39.1970",167894.141596728
"Week40.1970",160778.819999916
"Week41.1970",157196.753164224
"Week42.1970",150540.19826011
"Week43.1970",142408.279476055
"Week44.1970",138932.849697397
"Week45.1970",132957.774402777
"Week46.1970",129655.954827313
"Week47.1970",124809.01791454
"Week48.1970",120154.215466054
"Week49.1970",115691.926719103
"Week50.1970",110067.318983695
"Week51.1970",103186.608867325
"Week52.1970",96607.263097075
"Week1.1971",90414.1901365191
"Week2.1971",87133.4984847123
"Week3.1971",83326.084012582
"Week4.1971",77078.8790431879
"Week5.1971",73344.2992889652
"Week6.1971",69351.5576138626
"Week7.1971",64987.8606323524
"Week8.1971",62309.5937083875
"Week9.1971",59907.1089741412
"Week10.1971",56856.2478442389
"Week11.1971",53822.2198875685
"Week12.1971",49794.6707769628
"Week13.1971",47702.1471862218
"Week14.1971",45019.0608031949
"Week15.1971",42655.4266669829
"Week16.1971",40302.5192487791
"Week17.1971",37612.5024505935
"Week18.1971",35321.5574624986
"Week19.1971",33722.3185819773
"Week20.1971",31624.3339980393
"Week21.1971",31678.649808752
"Week22.1971",33794.3446637534
"Week23.1971",40390.3317141183
"Week24.1971",53365.1342309739
"Week25.1971",73849.247166344
"Week26.1971",99108.0623847808
"Week27.1971",127330.264463949
"Week28.1971",156700.763731046
"Week29.1971",179249.607238614
"Week30.1971",197328.621710173
"Week31.1971",204661.322906358
"Week32.1971",210094.058125005
"Week33.1971",213053.342479664
"Week34.1971",208261.849226519
"Week35.1971",202293.078823061
"Week36.1971",196753.84076832
"Week37.1971",188072.334567441
"Week38.1971",183336.810571878
"Week39.1971",175756.577855998
"Week40.1971",170687.635709255
"Week41.1971",166010.911245941
"Week42.1971",162058.003068648
"Week43.1971",152974.421767743
"Week44.1971",145806.216614364
"Week45.1971",135465.923011689
"Week46.1971",129439.913733364
"Week47.1971",121975.520332867
"Week48.1971",115740.893457463
"Week49.1971",111915.401091394
"Week50.1971",104516.964001931
"Week51.1971",96734.6881590183
"Week52.1971",90595.3326516819
"Week1.1972",85618.4683908377
"Week2.1972",80111.8049760724
"Week3.1972",73778.54320719
"Week4.1972",69439.5301835021
"Week5.1972",64270.6444537289
"Week6.1972",59783.7603221189
"Week7.1972",56841.7342453314
"Week8.1972",53631.9718514325
"Week9.1972",50894.2392039587
"Week10.1972",47261.5294576019
"Week11.1972",44783.9369764549
"Week12.1972",43198.4001942173
"Week13.1972",40724.1448158908
"Week14.1972",38951.7658129963
"Week15.1972",36888.3971135952
"Week16.1972",34998.3675965768
"Week17.1972",32842.2032136251
"Week18.1972",31230.0062955708
"Week19.1972",29841.4175553922
"Week20.1972",29135.3085955857
"Week21.1972",28531.5259877945
"Week22.1972",30758.3583298903
"Week23.1972",37389.5864469534
"Week24.1972",50631.6313213004
"Week25.1972",68800.5976555881
"Week26.1972",95016.8187796413
"Week27.1972",126826.682795892
"Week28.1972",157265.611817712
"Week29.1972",182679.689202672
"Week30.1972",197467.110587582
"Week31.1972",208969.987874556
"Week32.1972",210898.906865641
"Week33.1972",211924.549730406
"Week34.1972",213100.311761807
"Week35.1972",212848.451936215
"Week36.1972",207548.550969239
"Week37.1972",204082.514804857
"Week38.1972",197793.813400836
"Week39.1972",191757.509846044
"Week40.1972",184564.757748974
"Week41.1972",181162.048167613
"Week42.1972",176766.024921717
"Week43.1972",169833.516423387
"Week44.1972",166078.367593184
"Week45.1972",158511.001459272
"Week46.1972",152059.922756049
"Week47.1972",147172.569453442
"Week48.1972",140591.942250999
"Week49.1972",133235.332072333
"Week50.1972",126501.482863202
"Week51.1972",119011.586212069
"Week52.1972",111318.946633008
"Week1.1973",107036.174717159
"Week2.1973",100827.169276268
"Week3.1973",97515.2229847863
"Week4.1973",92042.9367306388
"Week5.1973",88808.5417345282
"Week6.1973",82678.6492686913
"Week7.1973",78400.1389744474
"Week8.1973",73788.5705428475
"Week9.1973",69317.3109453474
"Week10.1973",65649.0313499386
"Week11.1973",61192.7126521198
"Week12.1973",57007.9520561134
"Week13.1973",53983.1623517041
"Week14.1973",51376.8911813828
"Week15.1973",49537.5133721752
"Week16.1973",46315.7862817302
"Week17.1973",43747.6207867553
"Week18.1973",40938.5221014608
"Week19.1973",38461.5090305866
"Week20.1973",36678.9954940649
"Week21.1973",35936.4573082112
"Week22.1973",38004.4725978185
"Week23.1973",42979.9388748124
"Week24.1973",54996.8881257559
"Week25.1973",75596.9415515931
"Week26.1973",100028.935701479
"Week27.1973",130085.978703365
"Week28.1973",158711.081942967
"Week29.1973",181502.108432112
"Week30.1973",196083.54548011
"Week31.1973",201607.140742094
"Week32.1973",206787.013748626
"Week33.1973",205840.912280271
"Week34.1973",201537.429435911
"Week35.1973",198767.432489946
"Week36.1973",191306.014858061
"Week37.1973",185057.057067731
"Week38.1973",176740.262159825
"Week39.1973",170391.281690119
"Week40.1973",162757.219072681
"Week41.1973",159107.47221937
"Week42.1973",151697.05038465
"Week43.1973",147654.34578542
"Week44.1973",141983.019312166
"Week45.1973",138592.366687671
"Week46.1973",135496.105312131
"Week47.1973",128387.373001127
"Week48.1973",121886.956369299
"Week49.1973",113715.29077168
"Week50.1973",108720.799232335
"Week51.1973",104786.633102295
"Week52.1973",100096.923226923
"Week1.1974",93897.284383557
"Week2.1974",88739.4553279469
"Week3.1974",81935.7821023318
"Week4.1974",77260.8022730248
"Week5.1974",72592.384364563
"Week6.1974",69505.9529851531
"Week7.1974",65188.2563889654
"Week8.1974",60458.8578151872
"Week9.1974",56918.6158509821
"Week10.1974",53834.1424365741
"Week11.1974",50719.6590838969
"Week12.1974",48832.8242965506
"Week13.1974",46240.1495312639
"Week14.1974",43039.1230118542
"Week15.1974",41244.3407881482
"Week16.1974",38949.1790857215
"Week17.1974",36465.8926847943
"Week18.1974",34071.0329714013
"Week19.1974",32298.1001318288
"Week20.1974",31585.8235368822
"Week21.1974",31361.0131500025
"Week22.1974",34085.764892694
"Week23.1974",39372.012874222
"Week24.1974",51645.2352119437
"Week25.1974",71990.7291685249
"Week26.1974",98716.5504393347
"Week27.1974",128578.781591
"Week28.1974",157365.38773383
"Week29.1974",182297.447050047
"Week30.1974",194115.369263622
"Week31.1974",205377.754668413
"Week32.1974",208210.778883835
"Week33.1974",211602.000251959
"Week34.1974",209123.751555476
"Week35.1974",205443.015897286
"Week36.1974",197873.628698299
"Week37.1974",194512.914320557
"Week38.1974",183710.565816142
"Week39.1974",177791.664034619
"Week40.1974",173759.238636573
"Week41.1974",164129.094488063
"Week42.1974",157809.837560805
"Week43.1974",148142.052050682
"Week44.1974",140759.237167052
"Week45.1974",136748.206283048
"Week46.1974",130087.820917595
"Week47.1974",125551.758955798
"Week48.1974",120110.723048734
"Week49.1974",114116.927627519
"Week50.1974",108928.823424976
"Week51.1974",103008.562861539
"Week52.1974",96472.103978466
"Week1.1975",92998.3086951791
"Week2.1975",87649.2200169218
"Week3.1975",82109.1860006436
"Week4.1975",78668.6504644493
"Week5.1975",73031.4288110989
"Week6.1975",69385.3642025901
"Week7.1975",65450.5935606643
"Week8.1975",61918.020918915
"Week9.1975",58271.6795701922
"Week10.1975",55043.6176628069
"Week11.1975",51649.4015814954
"Week12.1975",48393.5271607945
"Week13.1975",45151.258423707
"Week14.1975",42135.5939226775
"Week15.1975",39353.1901452697
"Week16.1975",36903.6134419365
"Week17.1975",34706.1719427348
"Week18.1975",32865.0074772686
"Week19.1975",31468.0971867071
"Week20.1975",29979.5515772046
"Week21.1975",30458.1971199628
"Week22.1975",33092.4497038806
"Week23.1975",39275.7472091624
"Week24.1975",52173.9213287524
"Week25.1975",71253.7480866967
"Week26.1975",98432.3359910766
"Week27.1975",127877.920219938
"Week28.1975",154436.465576928
"Week29.1975",177081.38251957
"Week30.1975",193477.072694719
"Week31.1975",202117.557089199
"Week32.1975",204134.52528988
"Week33.1975",201543.378931675
"Week34.1975",196015.501301549
"Week35.1975",187382.333139311
"Week36.1975",180047.45080772
"Week37.1975",171214.218895922
"Week38.1975",165055.371210037
"Week39.1975",159371.833935688
"Week40.1975",154337.720888603
"Week41.1975",149627.269351323
"Week42.1975",142104.626509944
"Week43.1975",136964.46979459
"Week44.1975",128352.963719551
"Week45.1975",121467.173054747
"Week46.1975",113774.489993511
"Week47.1975",110159.871098039
"Week48.1975",107381.351309295
"Week49.1975",102084.517373272
"Week50.1975",98902.4659355748
"Week51.1975",92019.2640399167
"Week52.1975",88677.0888748672
"Week1.1976",82348.621573543
"Week2.1976",79183.4026508125
"Week3.1976",75400.5591157154
"Week4.1976",69747.2805967065
"Week5.1976",67072.2591005509
"Week6.1976",63597.8733945562
"Week7.1976",60923.9736767044
"Week8.1976",56225.647934722
"Week9.1976",53201.5193500041
"Week10.1976",50573.218827005
"Week11.1976",48549.2112816805
"Week12.1976",46331.4009598183
"Week13.1976",43922.0602763767
"Week14.1976",41500.9532130568
"Week15.1976",39683.5115854126
"Week16.1976",38226.6132812004
"Week17.1976",36527.1099844799
"Week18.1976",34881.8125366009
"Week19.1976",33571.7667424097
"Week20.1976",32129.3586230187
"Week21.1976",31300.5093220201
"Week22.1976",33714.1032618145
"Week23.1976",39502.9015316101
"Week24.1976",51462.863713953
"Week25.1976",72419.9154125818
"Week26.1976",98438.9070595056
"Week27.1976",128756.868253392
"Week28.1976",154558.259646862
"Week29.1976",178186.156870894
"Week30.1976",192497.213911014
"Week31.1976",199470.391711431
"Week32.1976",199634.571071449
"Week33.1976",200607.573560683
"Week34.1976",199694.315761492
"Week35.1976",193343.118264581
"Week36.1976",191354.075907103
"Week37.1976",184097.770563349
"Week38.1976",182134.607393371
"Week39.1976",172155.503995192
"Week40.1976",167334.904264951
"Week41.1976",163887.361514375
"Week42.1976",156891.209002277
"Week43.1976",147809.696035992
"Week44.1976",143848.686259664
"Week45.1976",140224.985342492
"Week46.1976",133230.054042702
"Week47.1976",127311.764467401
"Week48.1976",119654.125953865
"Week49.1976",116114.056657722
"Week50.1976",109716.652615508
"Week51.1976",104084.900118997
"Week52.1976",98609.6752581028
"Week1.1977",92766.9163134249
"Week2.1977",89714.5576814041
"Week3.1977",86607.1483559507
"Week4.1977",81852.9402474313
"Week5.1977",76585.5117440585
"Week6.1977",72403.4429377969
"Week7.1977",68351.9496723324
"Week8.1977",64653.9212669533
"Week9.1977",60354.9423711264
"Week10.1977",56697.2999412848
"Week11.1977",54367.7248211061
"Week12.1977",51007.5624891582
"Week13.1977",47732.1844588255
"Week14.1977",45740.228891293
"Week15.1977",42751.9639851852
"Week16.1977",40931.0989398892
"Week17.1977",38699.5241954988
"Week18.1977",37034.6042193603
"Week19.1977",33846.737307955
"Week20.1977",32700.7276001157
"Week21.1977",32233.9087395524
"Week22.1977",33835.7984593223
"Week23.1977",40422.1367284803
"Week24.1977",51744.0855830808
"Week25.1977",71238.4853066155
"Week26.1977",97891.2566024776
"Week27.1977",128813.993298381
"Week28.1977",157579.126765685
"Week29.1977",178819.622340543
"Week30.1977",196583.472599762
"Week31.1977",204776.346837059
"Week32.1977",202689.241306839
"Week33.1977",203693.26988558
"Week34.1977",204833.974774339
"Week35.1977",202515.111340112
"Week36.1977",200890.645550495
"Week37.1977",196720.230392046
"Week38.1977",191460.995452917
"Week39.1977",185470.233368727
"Week40.1977",177548.365822086
"Week41.1977",170594.868690107
"Week42.1977",161858.233150458
"Week43.1977",157475.289345692
"Week44.1977",152512.130746529
"Week45.1977",146423.446415561
"Week46.1977",139010.925955433
"Week47.1977",134838.614860309
"Week48.1977",131116.678405996
"Week49.1977",124852.625601301
"Week50.1977",117621.406007468
"Week51.1977",110901.059945756
"Week52.1977",106238.567758517
"Week1.1978",102130.443548489
"Week2.1978",95919.6190594892
"Week3.1978",88340.6788026942
"Week4.1978",83954.6519312001
"Week5.1978",80882.7607886095
"Week6.1978",76719.7858570511
"Week7.1978",71638.0450129156
"Week8.1978",66714.7005500416
"Week9.1978",62694.1792133469
"Week10.1978",58893.8059507279
"Week11.1978",55150.2216983554
"Week12.1978",52815.6358391282
"Week13.1978",50077.6972523543
"Week14.1978",48174.2921722515
"Week15.1978",45411.6461061997
"Week16.1978",43767.5501451322
"Week17.1978",41333.7552009874
"Week18.1978",39194.0800076962
"Week19.1978",37329.8284332489
"Week20.1978",35475.3413301544
"Week21.1978",35045.5450061116
"Week22.1978",36826.1876351191
"Week23.1978",42633.7771831541
"Week24.1978",55600.6222700384
"Week25.1978",74104.8384636469
"Week26.1978",100636.229841686
"Week27.1978",129360.22723743
"Week28.1978",157125.441866808
"Week29.1978",181197.149624331
"Week30.1978",194080.861125605
"Week31.1978",197986.234044057
"Week32.1978",202818.754548346
"Week33.1978",204413.832272939
"Week34.1978",204835.745644994
"Week35.1978",199583.278641877
"Week36.1978",196457.994248924
"Week37.1978",189807.629206513
"Week38.1978",186567.958488329
"Week39.1978",178582.067638793
"Week40.1978",173360.736021272
"Week41.1978",169387.340354141
"Week42.1978",161535.195124925
"Week43.1978",156278.673538483
"Week44.1978",151287.028931117
"Week45.1978",147105.991304698
"Week46.1978",143824.19845637
"Week47.1978",138291.00792718
"Week48.1978",130589.535242066
"Week49.1978",124091.901968347
"Week50.1978",120103.538210538
"Week51.1978",113132.024621558
"Week52.1978",108733.486274133
"Week1.1979",102208.870204577
"Week2.1979",97458.5023116035
"Week3.1979",91465.8069443668
"Week4.1979",85992.4778180747
"Week5.1979",82033.0392528572
"Week6.1979",76847.8019463175
"Week7.1979",72582.8759343666
"Week8.1979",68511.8693331833
"Week9.1979",65900.7413894017
"Week10.1979",63400.869838715
"Week11.1979",60996.4662477753
"Week12.1979",57896.2937241996
"Week13.1979",54106.7870071576
"Week14.1979",50764.2419371502
"Week15.1979",47737.247734055
"Week16.1979",44847.2576480487
"Week17.1979",42454.4449430462
"Week18.1979",39575.5389303892
"Week19.1979",38032.3807760063
"Week20.1979",36295.9387846581
"Week21.1979",35970.477289383
"Week22.1979",37532.2689056871
"Week23.1979",43196.5048027666
"Week24.1979",54983.1000973169
"Week25.1979",75070.4565771336
"Week26.1979",101902.971755357
"Week27.1979",132385.533907546
"Week28.1979",163163.285626652
"Week29.1979",184686.574511718
"Week30.1979",199457.659342841
"Week31.1979",208398.033638976
"Week32.1979",212951.520137718
"Week33.1979",213104.554217891
"Week34.1979",205628.641364277
"Week35.1979",200330.748754683
"Week36.1979",197139.912087709
"Week37.1979",193011.476349777
"Week38.1979",190909.192441578
"Week39.1979",183073.903336063
"Week40.1979",179408.982209284
"Week41.1979",170624.587484483
"Week42.1979",167273.538467615
"Week43.1979",159665.065803546
"Week44.1979",152583.55321597
"Week45.1979",149010.390117623
"Week46.1979",143236.127658118
"Week47.1979",135938.204610663
"Week48.1979",129646.05912832
"Week49.1979",123116.413627864
"Week50.1979",116014.463817806
"Week51.1979",107426.124925507
"Week52.1979",104086.817722841
"Week1.1980",100627.398751043
"Week2.1980",97142.0064391748
"Week3.1980",94078.1766281274
"Week4.1980",88802.7007681448
"Week5.1980",85273.5594480333
"Week6.1980",79936.0761101093
"Week7.1980",74122.6296224102
"Week8.1980",69650.0901571956
"Week9.1980",66386.5814701642
"Week10.1980",63629.1351952479
"Week11.1980",60212.9286762649
"Week12.1980",57245.891530909
"Week13.1980",52915.8717342374
"Week14.1980",50181.5413801518
"Week15.1980",48105.5959401959
"Week16.1980",45815.5935993715
"Week17.1980",43992.2632788076
"Week18.1980",40975.470161579
"Week19.1980",38036.2836029158
"Week20.1980",35936.8183503186
"Week21.1980",35147.6756908191
"Week22.1980",36852.9098164485
"Week23.1980",42443.7106200759
"Week24.1980",54754.2399103467
"Week25.1980",74394.4808539087
"Week26.1980",100724.904030771
"Week27.1980",132270.178700844
"Week28.1980",162135.52597415
"Week29.1980",185880.091530902
"Week30.1980",202930.016554548
"Week31.1980",213825.213587369
"Week32.1980",213600.3650167
"Week33.1980",213315.702555637
"Week34.1980",214275.371354706
"Week35.1980",214214.751257038
"Week36.1980",207848.397430282
"Week37.1980",204814.55176808
"Week38.1980",192557.885546775
"Week39.1980",188278.60074086
"Week40.1980",178723.073861197
"Week41.1980",169719.03863272
"Week42.1980",163634.174955591
"Week43.1980",157613.769734892
"Week44.1980",148544.55108824
"Week45.1980",145091.845127087
"Week46.1980",141497.844247608
"Week47.1980",134935.912819614
"Week48.1980",127645.077067999
"Week49.1980",121981.272393378
"Week50.1980",115627.4599882
"Week51.1980",109554.478679387
"Week52.1980",104529.416149195
"Week1.1981",99513.4209550711
"Week2.1981",94600.7176983789
"Week3.1981",90890.0825013339
"Week4.1981",87089.644395773
"Week5.1981",84343.664444479
"Week6.1981",80870.2377816764
"Week7.1981",76786.7724041171
"Week8.1981",71236.888540567
"Week9.1981",67735.1225286867
"Week10.1981",63060.6713492855
"Week11.1981",59410.1382926113
"Week12.1981",56797.1917433714
"Week13.1981",54562.8288607194
"Week14.1981",50869.1835936773
"Week15.1981",48791.7984964206
"Week16.1981",46745.1584300187
"Week17.1981",43784.6918796001
"Week18.1981",41581.9423911138
"Week19.1981",39831.5129995446
"Week20.1981",38794.8790393459
"Week21.1981",38778.7283012478
"Week22.1981",40545.9332543946
"Week23.1981",45299.6472332525
"Week24.1981",57964.1720004212
"Week25.1981",78072.9930196656
"Week26.1981",103796.218742039
"Week27.1981",134733.393570074
"Week28.1981",162623.153835795
"Week29.1981",188089.604654133
"Week30.1981",203359.813952299
"Week31.1981",211333.234879155
"Week32.1981",213042.518012355
"Week33.1981",205980.144886586
"Week34.1981",200900.897435348
"Week35.1981",195720.103337077
"Week36.1981",186840.147819163
"Week37.1981",179472.094425589
"Week38.1981",177158.762823523
"Week39.1981",174290.969113068
"Week40.1981",170430.315101606
"Week41.1981",163663.256355607
"Week42.1981",158981.00249117
"Week43.1981",151649.027819113
"Week44.1981",144185.967270335
"Week45.1981",137957.398884922
"Week46.1981",132085.583674743
"Week47.1981",126652.761935146
"Week48.1981",122153.768122127
"Week49.1981",116036.64692196
"Week50.1981",109599.676602422
"Week51.1981",102443.231806314
"Week52.1981",98411.3011828288
"Week1.1982",91880.0742651398
"Week2.1982",86630.9981705898
"Week3.1982",83305.3907984753
"Week4.1982",79832.3044040705
"Week5.1982",74817.3746903109
"Week6.1982",70742.6842682939
"Week7.1982",66057.0840411597
"Week8.1982",62402.0524914384
"Week9.1982",58492.1668064655
"Week10.1982",56372.7306561126
"Week11.1982",54251.0645705395
"Week12.1982",51205.1897071584
"Week13.1982",48989.6521477811
"Week14.1982",45520.3239038663
"Week15.1982",42740.6324856801
"Week16.1982",41160.4944847887
"Week17.1982",39115.8981916466
"Week18.1982",37478.4699666602
"Week19.1982",35032.2830594924
"Week20.1982",33608.120768714
"Week21.1982",33914.549956883
"Week22.1982",35615.0636168084
"Week23.1982",42002.0110764231
"Week24.1982",54255.5954161016
"Week25.1982",74662.4872093057
"Week26.1982",100315.263568576
"Week27.1982",131334.631326753
"Week28.1982",157862.806191217
"Week29.1982",177741.466290781
"Week30.1982",192097.595868828
"Week31.1982",194735.376220095
"Week32.1982",196193.082288908
"Week33.1982",193175.373383051
"Week34.1982",187634.949779163
"Week35.1982",186353.031084027
"Week36.1982",178802.105030456
"Week37.1982",174054.409840196
"Week38.1982",165338.002446385
"Week39.1982",160726.070684487
"Week40.1982",155663.851718517
"Week41.1982",151853.377507652
"Week42.1982",147968.190240635
"Week43.1982",138160.693718406
"Week44.1982",134949.265545173
"Week45.1982",129440.284038584
"Week46.1982",123022.714214983
"Week47.1982",116987.761324909
"Week48.1982",113315.888416138
"Week49.1982",108502.45341705
"Week50.1982",104766.22386834
"Week51.1982",101355.249520898
"Week52.1982",94590.6080119808
"Week1.1983",90260.535406806
"Week2.1983",85479.1120558399
"Week3.1983",81919.9637690633
"Week4.1983",77920.7452642147
"Week5.1983",73591.4207718734
"Week6.1983",70800.7461706189
"Week7.1983",65630.685025506
"Week8.1983",62351.3631075161
"Week9.1983",59289.9921661932
"Week10.1983",57242.2553924991
"Week11.1983",55133.2438265683
"Week12.1983",52293.021525655
"Week13.1983",49097.7780305913
"Week14.1983",47336.6690618484
"Week15.1983",44432.4255545311
"Week16.1983",40682.733844882
"Week17.1983",38571.410813946
"Week18.1983",36068.6441904049
"Week19.1983",33966.9796024322
"Week20.1983",32229.2354942433
"Week21.1983",31949.4510525855
"Week22.1983",33932.9849492285
"Week23.1983",40256.1150437961
"Week24.1983",52571.9569693991
"Week25.1983",72949.1434340389
"Week26.1983",100073.50501611
"Week27.1983",128315.679264508
"Week28.1983",156361.591102014
"Week29.1983",177996.258214804
"Week30.1983",191012.305519307
"Week31.1983",198473.201187756
"Week32.1983",201390.257750066
"Week33.1983",198264.033046305
"Week34.1983",196740.855793151
"Week35.1983",193673.799631488
"Week36.1983",192668.003744497
"Week37.1983",186178.958378354
"Week38.1983",183064.178560208
"Week39.1983",180356.605572647
"Week40.1983",175625.538998036
"Week41.1983",168721.120301181
"Week42.1983",161903.501694377
"Week43.1983",157727.538716929
"Week44.1983",154123.930848267
"Week45.1983",149461.205853523
"Week46.1983",144202.426365323
"Week47.1983",135642.100156063
"Week48.1983",128738.778630773
"Week49.1983",122159.637926336
"Week50.1983",116803.730112465
"Week51.1983",111259.017145423
"Week52.1983",107176.552890127
"Week1.1984",101687.328997577
"Week2.1984",95539.3943142653
"Week3.1984",90034.5344698278
"Week4.1984",84618.6716892635
"Week5.1984",80501.400084374
"Week6.1984",77167.5178971639
"Week7.1984",72793.1566600321
"Week8.1984",69557.9407162103
"Week9.1984",66624.8758848947
"Week10.1984",62609.5534412121
"Week11.1984",58825.787929293
"Week12.1984",54610.1345484281
"Week13.1984",51798.645256443
"Week14.1984",49719.5127120943
"Week15.1984",46256.3098603624
"Week16.1984",44277.4010559969
"Week17.1984",42683.3675627587
"Week18.1984",39583.8334106511
"Week19.1984",38111.0970085677
"Week20.1984",36583.0112431299
"Week21.1984",36857.893203505
"Week22.1984",38171.8882144737
"Week23.1984",43775.2928014063
"Week24.1984",55053.8194097962
"Week25.1984",73957.304651727
"Week26.1984",100249.159991386
"Week27.1984",128502.49913614
"Week28.1984",155550.3332584
"Week29.1984",177559.073082342
"Week30.1984",189405.317901023
"Week31.1984",194604.177993018
"Week32.1984",194313.378363995
"Week33.1984",196253.716683612
"Week34.1984",191747.80138228
"Week35.1984",188475.954431804
"Week36.1984",182693.964409173
"Week37.1984",180634.67570502
"Week38.1984",171497.120930758
"Week39.1984",162419.931603951
"Week40.1984",155943.941936229
"Week41.1984",149836.616086075
"Week42.1984",145008.275489859
"Week43.1984",140273.959187993
"Week44.1984",133533.246169216
"Week45.1984",128154.76805243
"Week46.1984",122639.869485504
"Week47.1984",116732.891843748
"Week48.1984",113636.933825646
"Week49.1984",107847.874518006
"Week50.1984",101526.246428829
"Week51.1984",97226.2498066763
"Week52.1984",92708.3925132124
"Week1.1985",87487.9903131447
"Week2.1985",83998.1573485804
"Week3.1985",77360.4426473366
"Week4.1985",74312.6599164087
"Week5.1985",71631.9335788831
"Week6.1985",68360.27432603
"Week7.1985",65799.3988628347
"Week8.1985",62202.2292033087
"Week9.1985",57689.2286527705
"Week10.1985",54645.0969745516
"Week11.1985",51142.8341670677
"Week12.1985",49086.7360603849
"Week13.1985",45738.8939508988
"Week14.1985",42439.8493702779
"Week15.1985",40686.1701012529
"Week16.1985",38083.0647223758
"Week17.1985",36605.854624504
"Week18.1985",34398.8531834734
"Week19.1985",33256.1025220427
"Week20.1985",31521.9315806019
"Week21.1985",31856.5162341745
"Week22.1985",33729.8644429389
"Week23.1985",39345.7930880388
"Week24.1985",51292.3817881234
"Week25.1985",71930.7725763227
"Week26.1985",99658.6045961276
"Week27.1985",130040.809745708
"Week28.1985",155936.801591387
"Week29.1985",177852.106141904
"Week30.1985",195308.28389647
"Week31.1985",206334.275574535
"Week32.1985",210949.135833886
"Week33.1985",210388.519209621
"Week34.1985",204019.678734269
"Week35.1985",202563.410594505
"Week36.1985",197064.384963699
"Week37.1985",190589.262952449
"Week38.1985",185317.633680579
"Week39.1985",182228.14061183
"Week40.1985",172417.601467044
"Week41.1985",168945.989033941
"Week42.1985",164227.366908556
"Week43.1985",156208.22188325
"Week44.1985",151114.796773016
"Week45.1985",142999.248639879
"Week46.1985",136793.078580276
"Week47.1985",130758.711186858
"Week48.1985",126912.779402427
"Week49.1985",122130.841791366
"Week50.1985",116277.101073166
"Week51.1985",109207.002731963
"Week52.1985",105119.717937452
"Week1.1986",99034.4886318413
"Week2.1986",95648.6138922352
"Week3.1986",90789.3550274892
"Week4.1986",84383.9338123013
"Week5.1986",78164.7147164745
"Week6.1986",72846.7457807506
"Week7.1986",68436.9470970972
"Week8.1986",64170.4271637218
"Week9.1986",61304.2462311524
"Week10.1986",58360.367875787
"Week11.1986",55363.3091878066
"Week12.1986",52472.3856681192
"Week13.1986",49266.1023088298
"Week14.1986",45805.6603400133
"Week15.1986",43274.8840666562
"Week16.1986",40769.079259468
"Week17.1986",38212.0634371258
"Week18.1986",36125.0047021061
"Week19.1986",34076.098607119
"Week20.1986",33279.1679846158
"Week21.1986",32943.1108056186
"Week22.1986",34495.0704232309
"Week23.1986",41083.2781152641
"Week24.1986",53133.613596187
"Week25.1986",73122.1394861786
"Week26.1986",97747.9661889666
"Week27.1986",127009.46279544
"Week28.1986",153872.788806134
"Week29.1986",174775.648279418
"Week30.1986",192651.217134322
"Week31.1986",194623.223809049
"Week32.1986",197426.006572044
"Week33.1986",198785.702422052
"Week34.1986",193674.008863949
"Week35.1986",192414.289214146
"Week36.1986",186431.985624708
"Week37.1986",180837.007187976
"Week38.1986",175827.302566663
"Week39.1986",168929.412906586
"Week40.1986",162389.310714897
"Week41.1986",154261.109527842
"Week42.1986",148667.101794356
"Week43.1986",144785.523664089
"Week44.1986",138553.412951253
"Week45.1986",134815.664206936
"Week46.1986",128925.605622561
"Week47.1986",119514.842672504
"Week48.1986",114830.73248481
"Week49.1986",109918.02800742
"Week50.1986",106670.380670488
"Week51.1986",101910.786285505
"Week52.1986",95838.4667696948
"Week1.1987",92374.8853953457
"Week2.1987",88365.5396182903
"Week3.1987",82249.5181744458
"Week4.1987",78895.2679844265
"Week5.1987",75059.1955233322
"Week6.1987",69400.9258007965
"Week7.1987",66224.8049619501
"Week8.1987",62225.3570824377
"Week9.1987",58141.5477403905
"Week10.1987",55402.3878330557
"Week11.1987",52490.3757229965
"Week12.1987",50027.7446527487
"Week13.1987",47770.1135039304
"Week14.1987",44169.5485764863
"Week15.1987",42290.0828604648
"Week16.1987",40160.5824482825
"Week17.1987",38197.1126693608
"Week18.1987",36663.0797465433
"Week19.1987",34933.0625038717
"Week20.1987",33694.0825100347
"Week21.1987",32831.8703281679
"Week22.1987",34334.2815161315
"Week23.1987",40996.4654114279
"Week24.1987",52935.7225996438
"Week25.1987",73825.3722565319
"Week26.1987",101888.951429322
"Week27.1987",130746.643091402
"Week28.1987",161948.994194319
"Week29.1987",182907.774080211
"Week30.1987",198332.102856137
"Week31.1987",209731.165717692
"Week32.1987",207879.703466875
"Week33.1987",203303.225864973
"Week34.1987",201645.07549577
"Week35.1987",198979.844078981
"Week36.1987",194256.400726235
"Week37.1987",185384.569453281
"Week38.1987",174802.818966931
"Week39.1987",169648.641187557
"Week40.1987",166981.131077734
"Week41.1987",155619.146259812
"Week42.1987",152888.375858018
"Week43.1987",144441.195494209
"Week44.1987",140991.331444622
"Week45.1987",132079.912752536
"Week46.1987",126782.44489471
"Week47.1987",119353.895428013
"Week48.1987",109717.214967524
"Week49.1987",106735.953530821
"Week50.1987",100695.865394182
"Week51.1987",92970.0870548128
"Week52.1987",88628.0382353508
"Week1.1988",85876.9063164196
"Week2.1988",79096.5814431488
"Week3.1988",74741.809053884
"Week4.1988",72166.8439121227
"Week5.1988",68436.1348067687
"Week6.1988",65186.9536383473
"Week7.1988",62754.0701878185
"Week8.1988",59288.3558868467
"Week9.1988",55929.8651476071
"Week10.1988",51995.410452343
"Week11.1988",49150.6899581281
"Week12.1988",46042.6724253065
"Week13.1988",43292.2830560528
"Week14.1988",40116.5711290199
"Week15.1988",37293.6821930861
"Week16.1988",35329.8317354092
"Week17.1988",32834.9696420719
"Week18.1988",31477.5814185532
"Week19.1988",29473.4669591813
"Week20.1988",28668.529471561
"Week21.1988",28761.5363240187
"Week22.1988",30945.6085851282
"Week23.1988",37768.7024488785
"Week24.1988",50737.8196884935
"Week25.1988",69997.8889254492
"Week26.1988",95701.4505487473
"Week27.1988",126123.96229382
"Week28.1988",157486.503528746
"Week29.1988",179415.114217991
"Week30.1988",198362.155313519
"Week31.1988",209796.361778043
"Week32.1988",212054.565686539
"Week33.1988",210430.572866234
"Week34.1988",208655.397049004
"Week35.1988",202711.699690455
"Week36.1988",197704.346380847
"Week37.1988",195413.778025444
"Week38.1988",193218.123153888
"Week39.1988",190610.245208907
"Week40.1988",183630.11905563
"Week41.1988",174302.609586177
"Week42.1988",170703.763721438
"Week43.1988",163160.569444039
"Week44.1988",155988.154865819
"Week45.1988",152677.730586812
"Week46.1988",148815.167040996
"Week47.1988",144005.250580042
"Week48.1988",138281.321611975
"Week49.1988",131824.314510889
"Week50.1988",123458.116637025
"Week51.1988",119508.435295355
"Week52.1988",115422.977711909
"Week1.1989",111105.568008754
"Week2.1989",104273.42712102
"Week3.1989",97577.6738550291
"Week4.1989",90545.5030919704
"Week5.1989",83797.3749723535
"Week6.1989",81015.9744548101
"Week7.1989",76241.1646827714
"Week8.1989",71822.0120184556
"Week9.1989",66403.2987588305
"Week10.1989",62528.8378216209
"Week11.1989",59803.990471027
"Week12.1989",57294.1201756016
"Week13.1989",54526.0625803579
"Week14.1989",50931.980409014
"Week15.1989",48936.0639494701
"Week16.1989",46401.9796823623
"Week17.1989",43344.8819313085
"Week18.1989",40196.3685759964
"Week19.1989",37601.4145458378
"Week20.1989",36511.9249427296
"Week21.1989",36815.6888853699
"Week22.1989",38581.8582341767
"Week23.1989",45230.9305787546
"Week24.1989",56665.8059440242
"Week25.1989",76284.0721980493
"Week26.1989",101317.486499185
"Week27.1989",130529.615833312
"Week28.1989",160699.098284662
"Week29.1989",183721.631404656
"Week30.1989",200056.606833017
"Week31.1989",207959.481068291
"Week32.1989",206860.227446515
"Week33.1989",206884.224810619
"Week34.1989",203034.81553762
"Week35.1989",201168.796113064
"Week36.1989",197017.556638999
"Week37.1989",191719.912990045
"Week38.1989",185673.224077969
"Week39.1989",176414.260427048
"Week40.1989",173077.142826102
"Week41.1989",166197.551296525
"Week42.1989",158295.332308115
"Week43.1989",152163.783855292
"Week44.1989",148161.784281985
"Week45.1989",143625.494283579
"Week46.1989",140173.567310224
"Week47.1989",136729.325974077
"Week48.1989",130788.365285038
"Week49.1989",127440.613333592
"Week50.1989",121611.770075965
"Week51.1989",115460.600472757
"Week52.1989",110247.446618354
"Week1.1990",103376.41496798
"Week2.1990",99685.8567104256
"Week3.1990",96382.3956330096
"Week4.1990",92886.7511987455
"Week5.1990",88376.4542877536
"Week6.1990",83278.5683367108
"Week7.1990",77958.0370077369
"Week8.1990",71104.6395518362
"Week9.1990",67574.0523761262
"Week10.1990",63403.5385993644
"Week11.1990",60997.128094544
"Week12.1990",57734.4962946928
"Week13.1990",54728.8408618073
"Week14.1990",52656.0498934591
"Week15.1990",50749.5385890245
"Week16.1990",48128.0057358064
"Week17.1990",44946.1724292435
"Week18.1990",42462.9263863781
"Week19.1990",39715.7114936136
"Week20.1990",38690.836026831
"Week21.1990",38350.720450439
"Week22.1990",40425.2438851778
"Week23.1990",46591.6208969334
"Week24.1990",58288.1111870443
"Week25.1990",77375.5288934247
"Week26.1990",104665.986887424
"Week27.1990",133249.527493456
"Week28.1990",162925.318998021
"Week29.1990",188638.217056776
"Week30.1990",205332.626349673
"Week31.1990",216859.534103132
"Week32.1990",219500.976931438
"Week33.1990",218535.189881469
"Week34.1990",218889.626730127
"Week35.1990",214938.269488978
"Week36.1990",210115.389311671
"Week37.1990",207031.174922349
"Week38.1990",198342.415447934
"Week39.1990",195370.315583043
"Week40.1990",182522.343081267
"Week41.1990",176208.501812814
"Week42.1990",167644.261890161
"Week43.1990",162111.172329703
"Week44.1990",157327.101193294
"Week45.1990",149884.561031416
"Week46.1990",143287.011148407
"Week47.1990",135242.563768961
"Week48.1990",130024.027308597
"Week49.1990",123646.110822809
"Week50.1990",114789.429586219
"Week51.1990",110640.680710066
"Week52.1990",104875.515217452
"Week1.1991",97822.1100006463
"Week2.1991",92624.8872307564
"Week3.1991",87174.0822997316
"Week4.1991",82324.0663560627
"Week5.1991",78301.3958722458
"Week6.1991",72796.9716038909
"Week7.1991",70043.0626695118
"Week8.1991",67439.6153103158
"Week9.1991",63659.1164789542
"Week10.1991",60169.9450858502
"Week11.1991",57232.8111902008
"Week12.1991",54672.9973120273
"Week13.1991",51728.801787843
"Week14.1991",49145.0630662194
"Week15.1991",47215.3182551802
"Week16.1991",44486.0412765276
"Week17.1991",41414.5995501884
"Week18.1991",39108.6885291934
"Week19.1991",36620.8649161041
"Week20.1991",34420.5781943078
"Week21.1991",33348.3995010494
"Week22.1991",35787.5168028398
"Week23.1991",41829.9668260082
"Week24.1991",54686.1057124018
"Week25.1991",74505.2508345723
"Week26.1991",101161.900917289
"Week27.1991",129540.279467179
"Week28.1991",158937.119086526
"Week29.1991",181690.046403939
"Week30.1991",198602.78848771
"Week31.1991",203759.107191851
"Week32.1991",206691.323098165
"Week33.1991",209670.656987248
"Week34.1991",203426.331093488
"Week35.1991",202342.417198167
"Week36.1991",196447.579084704
"Week37.1991",190947.388646627
"Week38.1991",183178.40770449
"Week39.1991",178439.415205518
"Week40.1991",171775.887923441
"Week41.1991",166068.660642139
"Week42.1991",160786.761681924
"Week43.1991",153204.25104282
"Week44.1991",147592.9869754
"Week45.1991",142397.377603218
"Week46.1991",133584.055010577
"Week47.1991",124945.425172754
"Week48.1991",117091.633151498
"Week49.1991",109059.575056207
"Week50.1991",103193.867669454
"Week51.1991",97273.7183692252
"Week52.1991",94045.3742109112
"Week1.1992",89603.1903608695
"Week2.1992",86952.7409533299
"Week3.1992",81406.8673915846
"Week4.1992",76758.730204602
"Week5.1992",72169.6668458879
"Week6.1992",67652.9361269697
"Week7.1992",65172.8944713299
"Week8.1992",60217.8144911772
"Week9.1992",56920.8578548558
"Week10.1992",53043.3240531662
"Week11.1992",49550.0498333748
"Week12.1992",45751.0443063136
"Week13.1992",43944.1961517758
"Week14.1992",41813.6229142599
"Week15.1992",40174.1205495284
"Week16.1992",37791.5132692962
"Week17.1992",34985.4200757323
"Week18.1992",33659.2880909058
"Week19.1992",31875.2052418055
"Week20.1992",30447.3389049852
"Week21.1992",30481.5033435747
"Week22.1992",32435.5324628504
"Week23.1992",38899.8681496492
"Week24.1992",51294.4464148127
"Week25.1992",71846.6454181263
"Week26.1992",100032.496730192
"Week27.1992",131109.476446494
"Week28.1992",160994.353712999
"Week29.1992",185867.880056489
"Week30.1992",204089.852616159
"Week31.1992",210037.656427972
"Week32.1992",214506.902168426
"Week33.1992",210267.707836335
"Week34.1992",210464.890557574
"Week35.1992",206222.343919332
"Week36.1992",197782.549850182
"Week37.1992",192744.768485796
"Week38.1992",186485.197134034
"Week39.1992",183317.401908309
"Week40.1992",175885.086015487
"Week41.1992",168630.636221763
"Week42.1992",162393.258622815
"Week43.1992",154620.781567538
"Week44.1992",144823.407428169
"Week45.1992",136604.098201445
"Week46.1992",130424.112223272
"Week47.1992",125263.871783688
"Week48.1992",118526.190358829
"Week49.1992",114922.80793893
"Week50.1992",109246.597621785
"Week51.1992",104671.453316611
"Week52.1992",99875.9558753916
"Week1.1993",94055.1049850665
"Week2.1993",89168.7707211773
"Week3.1993",83855.0992385508
"Week4.1993",80041.9529264362
"Week5.1993",76823.309081053
"Week6.1993",71249.8796556465
"Week7.1993",66959.2203046352
"Week8.1993",63414.1524610731
"Week9.1993",60278.2220523728
"Week10.1993",58152.6554084658
"Week11.1993",54879.7192698977
"Week12.1993",52535.6828508425
"Week13.1993",49123.9242996123
"Week14.1993",46063.2498698384
"Week15.1993",43946.5580078464
"Week16.1993",41731.9367678629
"Week17.1993",39142.3656642015
"Week18.1993",37456.609428682
"Week19.1993",35565.4855463599
"Week20.1993",33907.2402171886
"Week21.1993",33716.9713751206
"Week22.1993",35418.468679865
"Week23.1993",42209.3001130647
"Week24.1993",52928.618035749
"Week25.1993",73270.5768100777
"Week26.1993",100732.301175636
"Week27.1993",129191.526826798
"Week28.1993",157855.108601977
"Week29.1993",182107.618731582
"Week30.1993",199387.809791991
"Week31.1993",204114.716452392
"Week32.1993",205086.140094522
"Week33.1993",204484.991323269
"Week34.1993",199459.111019841
"Week35.1993",194889.557477401
"Week36.1993",190775.578728635
"Week37.1993",188842.142608183
"Week38.1993",180666.305863066
"Week39.1993",177047.205319316
"Week40.1993",170348.66425806
"Week41.1993",164695.590187331
"Week42.1993",157409.476305635
"Week43.1993",148663.981637423
"Week44.1993",144555.870494736
"Week45.1993",138467.531211441
"Week46.1993",133881.966099998
"Week47.1993",128540.230198228
"Week48.1993",120775.970971492
"Week49.1993",113477.065853283
"Week50.1993",110318.828618037
"Week51.1993",104706.977981576
"Week52.1993",101365.210173112
"Week1.1994",94895.0655451333
"Week2.1994",91614.129787199
"Week3.1994",86652.1793285891
"Week4.1994",81496.9406915227
"Week5.1994",77528.9397928593
"Week6.1994",71256.0247710521
"Week7.1994",67239.4444614167
"Week8.1994",63116.6522539549
"Week9.1994",60722.6057774219
"Week10.1994",56640.1311531221
"Week11.1994",51959.3785078951
"Week12.1994",47887.4677173476
"Week13.1994",45488.3396081801
"Week14.1994",43331.2650041069
"Week15.1994",40178.1472186036
"Week16.1994",38006.0216332307
"Week17.1994",36322.2380825138
"Week18.1994",33618.8520982096
"Week19.1994",31878.2882357584
"Week20.1994",30806.2691559068
"Week21.1994",31126.6185334242
"Week22.1994",32910.4841498769
"Week23.1994",39782.5040072743
"Week24.1994",52857.913776546
"Week25.1994",72589.3845881604
"Week26.1994",99463.1674306467
"Week27.1994",127523.066764696
"Week28.1994",157555.103570497
"Week29.1994",182095.580501607
"Week30.1994",196428.117282659
"Week31.1994",206489.986671709
"Week32.1994",207489.675415222
"Week33.1994",203278.052898885
"Week34.1994",203761.179674874
"Week35.1994",197786.858806124
"Week36.1994",190288.807038953
"Week37.1994",188865.225078938
"Week38.1994",186723.225637543
"Week39.1994",176472.149851683
"Week40.1994",170783.493146135
"Week41.1994",164149.77581198
"Week42.1994",158443.452359904
"Week43.1994",150036.057109292
"Week44.1994",145249.436979979
"Week45.1994",140327.783222705
"Week46.1994",136138.752948281
"Week47.1994",131732.105549685
"Week48.1994",125463.772611435
"Week49.1994",119511.703534863
"Week50.1994",115480.770494918
"Week51.1994",111885.686571586
"Week52.1994",108217.159063702
"Week1.1995",103148.251989828
"Week2.1995",98173.9151435849
"Week3.1995",92806.5320164536
"Week4.1995",88654.784332767
"Week5.1995",85598.2563932885
"Week6.1995",81476.3054284824
"Week7.1995",78264.0803680094
"Week8.1995",74315.1105778259
"Week9.1995",70615.9143895035
"Week10.1995",67075.7046882867
"Week11.1995",63689.9380942683
"Week12.1995",60163.1946340605
"Week13.1995",57649.3113746868
"Week14.1995",54692.7847608335
"Week15.1995",52558.4376206946
"Week16.1995",50308.6404401989
"Week17.1995",47385.1467488781
"Week18.1995",45634.3958496186
"Week19.1995",42667.7860754292
"Week20.1995",41257.7294129583
"Week21.1995",40368.0932917355
"Week22.1995",42735.4912682397
"Week23.1995",47703.1640028976
"Week24.1995",60537.0317937875
"Week25.1995",81074.7124025888
"Week26.1995",108105.210245616
"Week27.1995",139338.228834557
"Week28.1995",170263.787307313
"Week29.1995",191024.204503958
"Week30.1995",208352.141478961
"Week31.1995",218330.6906577
"Week32.1995",218764.922052913
"Week33.1995",219871.900103782
"Week34.1995",215351.0204383
"Week35.1995",214858.966298419
"Week36.1995",213338.243493423
"Week37.1995",209019.195957208
"Week38.1995",203671.815751126
"Week39.1995",198907.151604831
"Week40.1995",189469.444359613
"Week41.1995",182743.546304932
"Week42.1995",176490.047552973
"Week43.1995",171365.074732052
"Week44.1995",165055.255259015
"Week45.1995",153229.386586056
"Week46.1995",147008.934853351
"Week47.1995",140314.975893731
"Week48.1995",132828.124591584
"Week49.1995",125320.914521706
"Week50.1995",118025.62064427
"Week51.1995",113623.231393506
"Week52.1995",110032.108050252
"Week1.1996",105827.763318905
"Week2.1996",102090.059449407
"Week3.1996",96682.78507518
"Week4.1996",91062.3156071514
"Week5.1996",87609.3664570545
"Week6.1996",84567.7299117311
"Week7.1996",81455.671595923
"Week8.1996",78410.6988333433
"Week9.1996",72117.9696366234
"Week10.1996",67746.8156293832
"Week11.1996",65156.9994502816
"Week12.1996",60333.4985241169
"Week13.1996",58106.0459172421
"Week14.1996",55560.5626365757
"Week15.1996",50877.0317887436
"Week16.1996",48974.8315021307
"Week17.1996",46433.3805692344
"Week18.1996",43709.4087765765
"Week19.1996",41671.7739805547
"Week20.1996",40497.5150403406
"Week21.1996",40034.4563781912
"Week22.1996",41143.7261255904
"Week23.1996",46356.6512147375
"Week24.1996",57996.6243927008
"Week25.1996",76985.7107577017
"Week26.1996",101665.835830545
"Week27.1996",129441.629492487
"Week28.1996",159109.951663846
"Week29.1996",180510.01904571
"Week30.1996",193294.077136053
"Week31.1996",200204.252394608
"Week32.1996",197272.779355791
"Week33.1996",199166.535306206
"Week34.1996",195158.524273267
"Week35.1996",194440.414149432
"Week36.1996",187966.221306014
"Week37.1996",183610.603813459
"Week38.1996",181260.990589816
"Week39.1996",172587.622258808
"Week40.1996",165154.489168897
"Week41.1996",161954.70630573
"Week42.1996",158139.966034622
"Week43.1996",152474.317509555
"Week44.1996",148197.334229254
"Week45.1996",144173.359142003
"Week46.1996",136176.8928986
"Week47.1996",131514.562738143
"Week48.1996",124737.908461589
"Week49.1996",119186.571429458
"Week50.1996",113465.494783904
"Week51.1996",107889.282519477
"Week52.1996",102373.904718799
"Week1.1997",96852.3236803296
"Week2.1997",92123.7670855792
"Week3.1997",86661.388511623
"Week4.1997",81936.597551513
"Week5.1997",77462.8348321912
"Week6.1997",72906.2927224979
"Week7.1997",68128.0235328191
"Week8.1997",64252.1218069317
"Week9.1997",60652.9732147646
"Week10.1997",56887.171553794
"Week11.1997",54900.4690729857
"Week12.1997",51304.5831671092
"Week13.1997",48150.4390067494
"Week14.1997",46413.4742372226
"Week15.1997",43645.5575038769
"Week16.1997",40995.7067468049
"Week17.1997",38480.5547436333
"Week18.1997",36559.7530403551
"Week19.1997",35182.1295356053
"Week20.1997",34164.3479216146
"Week21.1997",33799.031220572
"Week22.1997",36221.4856362115
"Week23.1997",42024.5993378619
"Week24.1997",54651.4975009378
"Week25.1997",74053.1911738304
"Week26.1997",100853.172310129
"Week27.1997",131196.722303062
"Week28.1997",159642.823209831
"Week29.1997",179207.989133956
"Week30.1997",195978.894466664
"Week31.1997",200988.08309227
"Week32.1997",207228.015064231
"Week33.1997",206362.893550784
"Week34.1997",205513.826481236
"Week35.1997",201383.866838574
"Week36.1997",197268.508689084
"Week37.1997",195298.217753827
"Week38.1997",189344.896240139
"Week39.1997",178767.061921882
"Week40.1997",171014.688527095
"Week41.1997",165672.904763952
"Week42.1997",156185.185778049
"Week43.1997",148684.298816529
"Week44.1997",144707.138751033
"Week45.1997",134190.06030236
"Week46.1997",125653.289671449
"Week47.1997",120504.278218298
"Week48.1997",112409.185831136
"Week49.1997",108489.159986656
"Week50.1997",103131.473471717
"Week51.1997",97504.2172651421
"Week52.1997",92659.2485215908
"Week1.1998",89120.9608786453
"Week2.1998",83093.9983872364
"Week3.1998",79102.3305052719
"Week4.1998",75798.0114544239
"Week5.1998",72077.3288964775
"Week6.1998",67957.1371499461
"Week7.1998",64433.3140443427
"Week8.1998",61610.7895831886
"Week9.1998",58303.2770182458
"Week10.1998",55061.5790111266
"Week11.1998",53169.5142194997
"Week12.1998",51096.9224328939
"Week13.1998",47285.8068408192
"Week14.1998",44315.2348655982
"Week15.1998",41850.6660352223
"Week16.1998",40350.1352320053
"Week17.1998",38015.5889295251
"Week18.1998",35925.8425053514
"Week19.1998",33708.5048582194
"Week20.1998",33058.3830146776
"Week21.1998",32373.7544953075
"Week22.1998",34411.0153472558
"Week23.1998",39845.1970154127
"Week24.1998",52010.6736845562
"Week25.1998",70211.510616042
"Week26.1998",94750.3376414096
"Week27.1998",124901.490123917
"Week28.1998",153533.760069375
"Week29.1998",175300.033778411
"Week30.1998",190090.243981656
"Week31.1998",200413.210056672
"Week32.1998",199375.708397554
"Week33.1998",197731.166379048
"Week34.1998",193141.517839927
"Week35.1998",190637.412046509
"Week36.1998",187488.3553535
"Week37.1998",185656.928343482
"Week38.1998",183156.565446407
"Week39.1998",173333.452507654
"Week40.1998",166450.20178589
"Week41.1998",160371.003495098
"Week42.1998",153537.942227742
"Week43.1998",148324.125634396
"Week44.1998",139730.280880594
"Week45.1998",132070.905260717
"Week46.1998",125839.498145122
"Week47.1998",119523.57586009
"Week48.1998",113553.475338883
"Week49.1998",109954.571784884
"Week50.1998",103191.771875036
"Week51.1998",97158.6251323164
"Week52.1998",89645.6734437268
"Week1.1999",86088.7303018602
"Week2.1999",81444.1365754589
"Week3.1999",75640.5560243968
"Week4.1999",73178.0445452846
"Week5.1999",67613.3068188135
"Week6.1999",62911.913636085
"Week7.1999",59117.9042022095
"Week8.1999",56096.3251246746
"Week9.1999",52727.0651534556
"Week10.1999",49891.4053679697
"Week11.1999",46816.7236376645
"Week12.1999",43891.4975113992
"Week13.1999",41663.7328826336
"Week14.1999",39770.8197603796
"Week15.1999",36619.891430516
"Week16.1999",33444.4216331985
"Week17.1999",31683.4481133365
"Week18.1999",30585.7275219083
"Week19.1999",29680.5479083156
"Week20.1999",28611.6074404165
"Week21.1999",28573.4376296474
"Week22.1999",30920.0430738546
"Week23.1999",37801.4866340116
"Week24.1999",50991.8393246499
"Week25.1999",71760.279135386
"Week26.1999",98529.6060406809
"Week27.1999",127684.459558214
"Week28.1999",156851.50939108
"Week29.1999",180712.792166117
"Week30.1999",198758.234590746
"Week31.1999",210309.025058219
"Week32.1999",214034.354992615
"Week33.1999",213556.214960386
"Week34.1999",214269.456127217
"Week35.1999",205343.315552914
"Week36.1999",203236.929220993
"Week37.1999",198239.782853331
"Week38.1999",193328.570716807
"Week39.1999",184179.803019195
"Week40.1999",177752.040734011
"Week41.1999",171484.835514889
"Week42.1999",161499.233205956
"Week43.1999",152395.013310872
"Week44.1999",144533.434123415
"Week45.1999",139896.794751166
"Week46.1999",129846.057985184
"Week47.1999",124187.202652196
"Week48.1999",116044.379119335
"Week49.1999",109501.178265945
"Week50.1999",103521.756033932
"Week51.1999",98204.5515808329
"Week52.1999",93970.7358436087
"Week1.2000",88629.6781105355
"Week2.2000",85965.5008714863
"Week3.2000",80131.7296230264
"Week4.2000",75871.9633216589
"Week5.2000",71701.9231449806
"Week6.2000",67298.0810883114
"Week7.2000",63121.2403437651
"Week8.2000",60967.9399019959
"Week9.2000",57934.2419772477
"Week10.2000",55020.3181267685
"Week11.2000",51790.7452070654
"Week12.2000",48061.0623264283
"Week13.2000",46283.8791274158
"Week14.2000",42802.4218418506
"Week15.2000",40685.4848576982
"Week16.2000",39082.3767346332
"Week17.2000",36187.0578085435
"Week18.2000",34138.1448046437
"Week19.2000",32391.6515618026
"Week20.2000",31607.049676188
"Week21.2000",31035.6859422386
"Week22.2000",32916.2833669898
"Week23.2000",39028.811841659
"Week24.2000",52038.7198637831
"Week25.2000",71723.6948351342
"Week26.2000",97456.7186711761
"Week27.2000",129411.031186653
"Week28.2000",158469.330104886
"Week29.2000",178833.982712492
"Week30.2000",192537.850268634
"Week31.2000",199888.002325138
"Week32.2000",198199.277715716
"Week33.2000",192681.022599061
"Week34.2000",191235.321931041
"Week35.2000",191219.703382902
"Week36.2000",186402.67247432
"Week37.2000",178275.390258505
"Week38.2000",172594.381688217
"Week39.2000",166156.715755696
"Week40.2000",162554.500518014
"Week41.2000",154929.896739827
"Week42.2000",150529.820267778
"Week43.2000",139860.454310307
"Week44.2000",131211.920716779
"Week45.2000",124656.074902947
"Week46.2000",117912.567723142
"Week47.2000",113218.562322427
"Week48.2000",107080.795005303
"Week49.2000",103931.951936742
"Week50.2000",98424.2937461843
"Week51.2000",94871.2586668299
"Week52.2000",90381.5398905704
"Week1.2001",86072.0313857904
"Week2.2001",82016.0948306341
"Week3.2001",76850.0158982633
"Week4.2001",73334.6960597668
"Week5.2001",68083.9839740882
"Week6.2001",64820.9242574782
"Week7.2001",60551.3454284395
"Week8.2001",56694.9054300315
"Week9.2001",53834.6464550262
"Week10.2001",50329.2459902358
"Week11.2001",48189.8768461743
"Week12.2001",44505.5033253039
"Week13.2001",42379.4384223715
"Week14.2001",40260.6896492851
"Week15.2001",38078.949430239
"Week16.2001",36248.2649605757
"Week17.2001",33450.6201601634
"Week18.2001",31806.0121246846
"Week19.2001",31355.3022661986
"Week20.2001",32920.5610518772
"Week21.2001",41078.5215876967
"Week22.2001",63870.0855628114
"Week23.2001",112100.345091362
"Week24.2001",199306.981640989
"Week25.2001",330643.143686348
"Week26.2001",504626.029530037
"Week27.2001",709952.162972117
"Week28.2001",894212.765059367
"Week29.2001",1060185.93964122
"Week30.2001",1161397.01446838
"Week31.2001",1214560.19678026
"Week32.2001",1225453.69654752
"Week33.2001",1221001.03121866
"Week34.2001",1194142.03244231
"Week35.2001",1188964.73498395
"Week36.2001",1168854.44433902
"Week37.2001",1148229.19830701
"Week38.2001",1105625.74025346
"Week39.2001",1065957.08682333
"Week40.2001",1035784.18956411
"Week41.2001",986055.577665537
"Week42.2001",942954.267339464
"Week43.2001",912853.372870952
"Week44.2001",875390.799061097
"Week45.2001",847205.888879771
"Week46.2001",798965.326762256
"Week47.2001",752171.329151621
"Week48.2001",715518.52654377
"Week49.2001",696021.331152085
"Week50.2001",666969.189777232
"Week51.2001",629066.163816749
"Week52.2001",608855.578950522
"Week1.2002",590918.693923321
"Week2.2002",545953.986582867
"Week3.2002",522799.207333047
"Week4.2002",500030.928213562
"Week5.2002",470678.528746933
"Week6.2002",445515.853847794
"Week7.2002",417516.072588179
"Week8.2002",391737.042722171
"Week9.2002",373210.223504262
"Week10.2002",354223.172923004
"Week11.2002",340575.549006514
"Week12.2002",325332.049024992
"Week13.2002",312155.301977233
"Week14.2002",298078.994962389
"Week15.2002",276083.785873594
"Week16.2002",261388.291698216
"Week17.2002",248693.452597884
"Week18.2002",231876.596552851
"Week19.2002",217885.066359679
"Week20.2002",210659.03544202
"Week21.2002",204137.407214145
"Week22.2002",206281.526688561
"Week23.2002",230268.432825916
"Week24.2002",270024.096111735
"Week25.2002",344002.735596199
"Week26.2002",448193.788053019
"Week27.2002",568296.666722465
"Week28.2002",682235.565938561
"Week29.2002",777145.849676347
"Week30.2002",821593.075857149
"Week31.2002",850885.199527152
"Week32.2002",846422.343471759
"Week33.2002",848245.365315783
"Week34.2002",846917.600119977
"Week35.2002",818385.805190627
"Week36.2002",806518.320040035
"Week37.2002",774355.911374164
"Week38.2002",743297.126099578
"Week39.2002",700823.087756364
"Week40.2002",662552.981130782
"Week41.2002",628053.532781569
"Week42.2002",591426.015307409
"Week43.2002",567661.099885512
"Week44.2002",553562.828889603
"Week45.2002",517709.638582363
"Week46.2002",494577.62084921
"Week47.2002",465031.627366093
"Week48.2002",436411.432785532
"Week49.2002",414743.462883097
"Week50.2002",399986.135843309
"Week51.2002",376344.749361024
"Week52.2002",352982.486712175
"Week1.2003",336333.251097589
"Week2.2003",325576.479372485
"Week3.2003",315372.988091632
"Week4.2003",297052.549511914
"Week5.2003",286294.145113506
"Week6.2003",269769.610239821
"Week7.2003",256485.81240469
"Week8.2003",242799.095049048
"Week9.2003",231110.794378225
"Week10.2003",216863.97970227
"Week11.2003",208104.904855238
"Week12.2003",199590.316603848
"Week13.2003",188753.519732581
"Week14.2003",178480.367548255
"Week15.2003",167691.450278173
"Week16.2003",158733.583476921
"Week17.2003",149143.441973921
"Week18.2003",140865.583683012
"Week19.2003",133510.942095065
"Week20.2003",128190.498603057
"Week21.2003",135051.186774277
"Week22.2003",153552.631261693
"Week23.2003",203652.60664309
"Week24.2003",299376.066035456
"Week25.2003",438668.68079529
"Week26.2003",628932.717943133
"Week27.2003",833358.814372409
"Week28.2003",1031746.57923688
"Week29.2003",1168137.02054933
"Week30.2003",1303225.43029698
"Week31.2003",1369624.30232005
"Week32.2003",1366256.48722628
"Week33.2003",1381923.4353683
"Week34.2003",1367655.94590399
"Week35.2003",1336049.50969559
"Week36.2003",1313881.39912187
"Week37.2003",1306620.99134911
"Week38.2003",1257120.58864517
"Week39.2003",1243147.46299602
"Week40.2003",1201987.48989358
"Week41.2003",1156314.29375489
"Week42.2003",1135385.10742052
"Week43.2003",1091214.23564452
"Week44.2003",1052082.07811344
"Week45.2003",999938.498205194
"Week46.2003",950429.583357837
"Week47.2003",914107.742974507
"Week48.2003",883786.499530689
"Week49.2003",844819.715883796
"Week50.2003",792026.036942526
"Week51.2003",767184.571123176
"Week52.2003",730927.274270984
"Week1.2004",687144.495766082
"Week2.2004",656120.784060495
"Week3.2004",604191.705748254
"Week4.2004",585051.469736653
"Week5.2004",543760.468431216
"Week6.2004",507345.025208753
"Week7.2004",478411.278851831
"Week8.2004",452345.622201255
"Week9.2004",433744.109325675
"Week10.2004",413060.98468388
"Week11.2004",391908.448380816
"Week12.2004",371703.497698026
"Week13.2004",354050.567750075
"Week14.2004",338122.306035089
"Week15.2004",316537.142808593
"Week16.2004",300302.719915768
"Week17.2004",281379.412298927
"Week18.2004",262651.791478545
"Week19.2004",248498.148386264
"Week20.2004",242652.652541093
"Week21.2004",242741.699763335
"Week22.2004",269299.598766051
"Week23.2004",334670.421934223
"Week24.2004",453333.125091119
"Week25.2004",639114.53016867
"Week26.2004",882831.259748045
"Week27.2004",1183112.73908087
"Week28.2004",1451584.63101175
"Week29.2004",1668738.69036718
"Week30.2004",1802257.9740212
"Week31.2004",1873561.99908136
"Week32.2004",1921188.36937324
"Week33.2004",1883798.96814538
"Week34.2004",1891263.69803933
"Week35.2004",1879763.97288714
"Week36.2004",1855800.10408074
"Week37.2004",1812888.00109572
"Week38.2004",1712824.73061286
"Week39.2004",1667106.85875044
"Week40.2004",1615054.28939538
"Week41.2004",1567483.3808365
"Week42.2004",1504155.17129641
"Week43.2004",1452106.77296684
"Week44.2004",1408685.72459382
"Week45.2004",1372104.01719157
"Week46.2004",1320824.37043563
"Week47.2004",1270968.31449066
"Week48.2004",1207767.16835771
"Week49.2004",1148083.02056326
"Week50.2004",1089959.33900317
"Week51.2004",1006699.29664173
"Week52.2004",970570.084633908
"Week1.2005",910434.009320832
"Week2.2005",866802.276891265
"Week3.2005",830995.893655023
"Week4.2005",784166.211069468
"Week5.2005",721276.333835206
"Week6.2005",681868.158108166
"Week7.2005",647636.204451227
"Week8.2005",611996.889556718
"Week9.2005",579354.906707803
"Week10.2005",540569.325011686
"Week11.2005",492374.050727268
"Week12.2005",469031.676733943
"Week13.2005",452296.763731133
"Week14.2005",429359.962344261
"Week15.2005",407308.616515395
"Week16.2005",377389.533599585
"Week17.2005",362259.470285379
"Week18.2005",348077.021209022
"Week19.2005",328503.478510492
"Week20.2005",308234.051405575
"Week21.2005",299359.132823774
"Week22.2005",315593.249059501
"Week23.2005",365564.4069671
"Week24.2005",467359.807466639
"Week25.2005",634356.867080912
"Week26.2005",857553.041052579
"Week27.2005",1107592.66597272
"Week28.2005",1353842.35679923
"Week29.2005",1534492.07525863
"Week30.2005",1641247.07350725
"Week31.2005",1704174.18468146
"Week32.2005",1690145.19614372
"Week33.2005",1669219.61290562
"Week34.2005",1658375.9272678
"Week35.2005",1614133.01397992
"Week36.2005",1557319.17543266
"Week37.2005",1535863.22812509
"Week38.2005",1512265.11057327
"Week39.2005",1451453.24984143
"Week40.2005",1408709.58416733
"Week41.2005",1364498.24560064
"Week42.2005",1325858.79186256
"Week43.2005",1283745.25358599
"Week44.2005",1194999.81813296
"Week45.2005",1154593.34266221
"Week46.2005",1106010.04896021
"Week47.2005",1064404.1361315
"Week48.2005",1017088.72321267
"Week49.2005",967907.735880347
"Week50.2005",921319.228369478
"Week51.2005",867533.739123131
"Week52.2005",838317.57390504
"Week1.2006",797882.424070499
"Week2.2006",760977.008653536
"Week3.2006",736799.355432494
"Week4.2006",709504.69775346
"Week5.2006",675385.561725304
"Week6.2006",645408.776746428
"Week7.2006",621614.592054215
"Week8.2006",593467.572845984
"Week9.2006",563551.226781626
"Week10.2006",541826.983290388
"Week11.2006",509403.753457943
"Week12.2006",477690.916292974
"Week13.2006",444988.299542093
"Week14.2006",419018.211348337
"Week15.2006",403981.279703563
"Week16.2006",383740.490656838
"Week17.2006",362705.326865619
"Week18.2006",348237.332067353
"Week19.2006",325451.968807862
"Week20.2006",314676.593730266
"Week21.2006",301408.495798815
"Week22.2006",316321.507864169
"Week23.2006",365386.275051951
"Week24.2006",474268.377148682
"Week25.2006",641687.391615784
"Week26.2006",863035.710619128
"Week27.2006",1127423.36858953
"Week28.2006",1364384.11912108
"Week29.2006",1528590.62350027
"Week30.2006",1658447.43401285
"Week31.2006",1715471.40052979
"Week32.2006",1721914.99029825
"Week33.2006",1685474.11279689
"Week34.2006",1634567.49562494
"Week35.2006",1569438.57562493
"Week36.2006",1539272.29690001
"Week37.2006",1488370.7636632
"Week38.2006",1425368.32248327
"Week39.2006",1361692.55873237
"Week40.2006",1304733.51417084
"Week41.2006",1257370.33687709
"Week42.2006",1196771.46705923
"Week43.2006",1146649.65611368
"Week44.2006",1117169.75066604
"Week45.2006",1091068.3218823
"Week46.2006",1028263.03786448
"Week47.2006",989752.110515641
"Week48.2006",940316.821812219
"Week49.2006",900300.266057911
"Week50.2006",843385.565926823
"Week51.2006",786639.387261212
"Week52.2006",749334.207935393
"Week1.2007",720968.918720163
"Week2.2007",680840.152382645
"Week3.2007",651847.073923117
"Week4.2007",624247.446834839
"Week5.2007",598653.996991912
"Week6.2007",565239.728210667
"Week7.2007",539883.595638511
"Week8.2007",520818.095913672
"Week9.2007",499176.269135421
"Week10.2007",472805.949020997
"Week11.2007",448089.711903226
"Week12.2007",424519.020246471
"Week13.2007",388941.670407079
"Week14.2007",373522.213211116
"Week15.2007",347742.899907858
"Week16.2007",333320.232535243
"Week17.2007",320669.323932939
"Week18.2007",307750.192495559
"Week19.2007",289035.12742456
"Week20.2007",269506.738240999
"Week21.2007",260103.934908021
"Week22.2007",256000.385780388
"Week23.2007",258888.682347117
"Week24.2007",266727.427571363
"Week25.2007",288513.763928899
"Week26.2007",326291.420939871
"Week27.2007",373428.112842354
"Week28.2007",412262.287437784
"Week29.2007",443365.027000506
"Week30.2007",458150.658972988
"Week31.2007",472795.995732376
"Week32.2007",471429.169137632
"Week33.2007",456721.025727025
"Week34.2007",443563.989723558
"Week35.2007",437957.62598599
"Week36.2007",422842.637009425
"Week37.2007",411262.388173808
"Week38.2007",399157.873216438
"Week39.2007",385249.927589596
"Week40.2007",363228.469460394
"Week41.2007",353901.913532828
"Week42.2007",337297.38264642
"Week43.2007",326724.176880038
"Week44.2007",313797.46289289
"Week45.2007",299292.54824261
"Week46.2007",282765.746386817
"Week47.2007",267655.980806772
"Week48.2007",257206.984491575
"Week49.2007",242621.947828633
"Week50.2007",229588.384288502
"Week51.2007",215822.365232817
"Week52.2007",203498.723744478
"Week1.2008",193212.723544907
"Week2.2008",183728.191754454
"Week3.2008",173775.80897008
"Week4.2008",162545.291068419
"Week5.2008",153033.920258995
"Week6.2008",144581.75522712
"Week7.2008",138323.071212877
"Week8.2008",130696.006360676
"Week9.2008",121274.346994466
"Week10.2008",115026.882957422
"Week11.2008",110917.876662301
"Week12.2008",103965.72915815
"Week13.2008",99246.6652890224
"Week14.2008",93566.4166214904
"Week15.2008",88287.8814790467
"Week16.2008",82191.5700112889
"Week17.2008",78106.3022007715
"Week18.2008",75127.7014331884
"Week19.2008",72718.1281934126
"Week20.2008",69769.3217858714
"Week21.2008",71221.0724630005
"Week22.2008",75548.8699028963
"Week23.2008",92060.1479804689
"Week24.2008",123839.833196682
"Week25.2008",176277.016216819
"Week26.2008",245588.356689806
"Week27.2008",320677.215829059
"Week28.2008",402156.123231732
"Week29.2008",468133.902565471
"Week30.2008",507995.029364154
"Week31.2008",520981.47892221
"Week32.2008",537569.606392467
"Week33.2008",531869.533621604
"Week34.2008",529425.839693589
"Week35.2008",523501.754858449
"Week36.2008",511150.667055257
"Week37.2008",498908.015413723
"Week38.2008",483974.093278972
"Week39.2008",470405.271164367
"Week40.2008",458135.893918334
"Week41.2008",434114.615112791
"Week42.2008",420657.453846473
"Week43.2008",399513.168910197
"Week44.2008",380928.070766629
"Week45.2008",366917.536947073
"Week46.2008",353515.677929565
"Week47.2008",334348.68772844
"Week48.2008",317651.18528735
"Week49.2008",304356.366619525
"Week50.2008",294337.800756259
"Week51.2008",279137.797599616
"Week52.2008",266131.024430735
"Week1.2009",251706.986907072
"Week2.2009",236341.743234088
"Week3.2009",223968.313331868
"Week4.2009",215918.653710699
"Week5.2009",205397.647017071
"Week6.2009",195843.088917272
"Week7.2009",183349.744186722
"Week8.2009",171717.200077401
"Week9.2009",162307.208849708
"Week10.2009",152442.278566449
"Week11.2009",145007.83615864
"Week12.2009",139153.014398859
"Week13.2009",129691.543344928
"Week14.2009",123551.653982039
"Week15.2009",117673.122320868
"Week16.2009",110363.822014189
"Week17.2009",104717.584492582
"Week18.2009",98528.1021893556
"Week19.2009",95467.4156577144
"Week20.2009",93291.7340629153
"Week21.2009",100793.012539189
"Week22.2009",129891.139826319
"Week23.2009",192430.089767993
"Week24.2009",308014.323161945
"Week25.2009",488415.591366319
"Week26.2009",728208.251111992
"Week27.2009",1021138.69913913
"Week28.2009",1287248.62401359
"Week29.2009",1515058.46029561
"Week30.2009",1653252.00985271
"Week31.2009",1757873.60304649
"Week32.2009",1789566.51532603
"Week33.2009",1791574.90676235
"Week34.2009",1775510.43850781
"Week35.2009",1747733.52516771
"Week36.2009",1714241.33006473
"Week37.2009",1692374.81664275
"Week38.2009",1660639.90846042
"Week39.2009",1615370.34808929
"Week40.2009",1578434.25858904
"Week41.2009",1546476.63969915
"Week42.2009",1504652.35491847
"Week43.2009",1443825.25226506
"Week44.2009",1384677.09215305
"Week45.2009",1336985.16599896
"Week46.2009",1271995.76292461
"Week47.2009",1210100.6642692
"Week48.2009",1146573.51532401
"Week49.2009",1060461.24319509
"Week50.2009",1033014.02541583
"Week51.2009",962767.577649336
"Week52.2009",915868.890040786
"Week1.2010",876251.630576366
"Week2.2010",834340.058798667
"Week3.2010",791254.527207846
"Week4.2010",762238.881069806
"Week5.2010",711369.24087306
"Week6.2010",675676.660271569
"Week7.2010",643344.734565464
"Week8.2010",601251.154107683
"Week9.2010",576622.79831523
"Week10.2010",536628.282131955
"Week11.2010",509385.032904314
"Week12.2010",477289.606010775
"Week13.2010",456674.8139339
"Week14.2010",431569.65400328
"Week15.2010",406275.496841958
"Week16.2010",382343.994307264
"Week17.2010",364013.174856851
"Week18.2010",348431.257325452
"Week19.2010",329986.978941024
"Week20.2010",318155.668977582
"Week21.2010",301153.938000727
"Week22.2010",292091.65703757
"Week23.2010",279930.472593779
"Week24.2010",274504.636473099
"Week25.2010",281243.913817223
"Week26.2010",295267.321412461
"Week27.2010",305435.068113406
"Week28.2010",318743.684720194
"Week29.2010",325044.717248271
"Week30.2010",326451.753335972
"Week31.2010",318644.265365234
"Week32.2010",312973.307759152
"Week33.2010",299301.798675936
"Week34.2010",285112.287652975
"Week35.2010",276377.05306028
"Week36.2010",269989.858943312
"Week37.2010",255170.720573985
"Week38.2010",243395.52515967
"Week39.2010",233867.495884501
"Week40.2010",227435.130042463
"Week41.2010",215378.389528309
"Week42.2010",206655.177550114
"Week43.2010",199324.151432649
"Week44.2010",190358.994629213
"Week45.2010",182398.512592437
"Week46.2010",172650.971482649
"Week47.2010",166736.645663928
"Week48.2010",161489.927790869
"Week49.2010",155765.943597977
"Week50.2010",150299.597250831
"Week51.2010",141055.175871584
"Week52.2010",134162.459841076
