# Minimum negative log likelihood

Minuit did successfully converge.
# of function calls: 1712
minimum function Value: 129.6340204599
minimum edm: 6.723096951188e-05
minimum internal state vector: LAVector parameters:
      -1.17913409016
    -0.9876718020264
     -1.287002217587
     -1.188946694826
      -1.55217402671
     -1.515652046206
    -0.1792505735282
    -0.9628612700845
     -1.318586074298
      -1.47102245092
     -1.253865743629
     -1.262751065973

minimum internal covariance matrix: LASymMatrix parameters:
     0.87995659   -0.021822421              0   0.0082049892  0.00061727172   0.0024354591   0.0010183927   -0.012214701    0.017130893   0.0064769881    0.019654376     0.01913254
   -0.021822421  0.00055186928              0 -0.00020072351 -1.5877771e-05 -6.0856373e-05 -2.1919593e-05  0.00026156148 -0.00042420401 -0.00015959173  -0.0004851192 -0.00047219277
              0              0              2              0              0              0              0              0              0              0              0              0
   0.0082049892 -0.00020072351              0  0.00068102398  1.0569342e-05  1.9883738e-05  1.1359389e-05 -0.00011029877   0.0001714042  6.5951243e-05   0.0001825796  0.00017936188
  0.00061727172 -1.5877771e-05              0  1.0569342e-05   1.512108e-05  2.6576887e-06  5.6479344e-07  -1.043012e-05  1.8055102e-05   4.459015e-06  1.3594861e-05   1.344993e-05
   0.0024354591 -6.0856373e-05              0  1.9883738e-05  2.6576887e-06   1.401728e-05  2.5498115e-06 -3.9781298e-05  2.9134508e-05  1.7943493e-05  5.3853319e-05   5.221016e-05
   0.0010183927 -2.1919593e-05              0  1.1359389e-05  5.6479344e-07  2.5498115e-06  3.6806079e-06 -2.8341563e-05  1.7735013e-05  7.7984743e-06  2.3918157e-05   2.320126e-05
   -0.012214701  0.00026156148              0 -0.00011029877  -1.043012e-05 -3.9781298e-05 -2.8341563e-05  0.00067244092 -0.00026087977 -9.3601892e-05 -0.00028238083 -0.00027377291
    0.017130893 -0.00042420401              0   0.0001714042  1.8055102e-05  2.9134508e-05  1.7735013e-05 -0.00026087977  0.00040200884  0.00012614349  0.00038331748  0.00037369899
   0.0064769881 -0.00015959173              0  6.5951243e-05   4.459015e-06  1.7943493e-05  7.7984743e-06 -9.3601892e-05  0.00012614349  5.2366531e-05   0.0001450966  0.00014053785
    0.019654376  -0.0004851192              0   0.0001825796  1.3594861e-05  5.3853319e-05  2.3918157e-05 -0.00028238083  0.00038331748   0.0001450966  0.00044369312  0.00042761163
     0.01913254 -0.00047219277              0  0.00017936188   1.344993e-05   5.221016e-05   2.320126e-05 -0.00027377291  0.00037369899  0.00014053785  0.00042761163  0.00042096693


# ext. ||   Name    ||   type  ||     Value     ||  Error +/- 

   0   ||Natural mortality || limited ||    0.01135862711085 ||0.03525580149246
   1   ||Targeted q || limited ||      8.262687235388 ||0.4573164291189
   2   ||Nontargeted q || limited ||                   2 ||22.06548931833
   3   ||     sigma || limited ||      3.601150946751 ||0.3437938820036
   4   ||  Biomass1 || limited ||    0.08669500965308 ||0.02560083220379
   5   ||  Biomass2 || limited ||     0.7600302936484 ||0.07295695785092
   6   ||   vm_mean || limited ||     -1.782922047122 ||0.01334841972407
   7   ||  vm_sigma || limited ||      7.167742081117 ||0.4189001399821
   8   ||Recruit year 1 || limited ||      1.591680302913 ||0.1768738032803
   9   ||Recruit year 2 || limited ||     0.2586394044003 ||0.02548194845358
  10   ||Recruit year 3 || limited ||      2.499926935347 ||0.2320630871672
  11   ||Recruit year 4 || limited ||      2.363361633354 ||0.2199097580062





