# Minimum negative log likelihood

Minuit did successfully converge.
# of function calls: 1127
minimum function Value: 616.2717039043
minimum edm: 3.6349185018e-06
minimum internal state vector: LAVector parameters:
      0.144052876206
     -1.268177173152
     -1.287002217587
     -1.134557099241
         -1.43410584
      -1.43848619792
    -0.4505618672971
     -1.212259050742
    -0.9494258651412
     -1.105199049629
     -1.394141662193
    0.08471224068073
    0.03992942234542
     0.1158676126706
    0.04366301383282

minimum internal covariance matrix: LASymMatrix parameters:
    0.020850926  -0.0020980197              0 -0.00010398307  0.00095674271  0.00091352195  -0.0052940879    0.003323692   0.0058939523   0.0042457038   0.0015977147  0.00017630623  0.00018055438   0.0001330537  0.00020535172
  -0.0020980197  0.00023246114              0  1.1671079e-05 -0.00010641112 -0.00010133018  0.00041695523 -0.00034917351 -0.00061771265 -0.00044445545 -0.00016613418  -1.429564e-05 -1.5875903e-05 -1.1311567e-05 -2.3967739e-05
              0              0              2              0              0              0              0              0              0              0              0              0              0              0              0
 -0.00010398307  1.1671079e-05              0   0.0002811683 -8.3644104e-06 -7.7952608e-06  2.0139085e-05 -1.6307311e-05 -3.1958545e-05 -2.3980758e-05 -6.3763917e-06  3.8267632e-07  5.0835304e-08   1.868865e-06  5.4374756e-06
  0.00095674271 -0.00010641112              0 -8.3644104e-06  6.1723779e-05  5.7468304e-05 -0.00017935168  0.00016050855  0.00028181609  0.00020204242  7.5892746e-05  5.9541223e-06  6.9311865e-06  5.0961046e-06  1.0146799e-05
  0.00091352195 -0.00010133018              0 -7.7952608e-06  5.7468304e-05  5.3676028e-05 -0.00017252035  0.00015289461  0.00026883128  0.00019279685  7.2432492e-05  5.8367337e-06  6.6554229e-06   4.912484e-06  9.6850377e-06
  -0.0052940879  0.00041695523              0  2.0139085e-05 -0.00017935168 -0.00017252035   0.0062443155   -0.000742388  -0.0013428935 -0.00096327056 -0.00037363401 -9.4437027e-05 -0.00010237122 -7.0405023e-05 -7.8794835e-05
    0.003323692 -0.00034917351              0 -1.6307311e-05  0.00016050855  0.00015289461   -0.000742388  0.00055557928  0.00095660207  0.00069048237  0.00025952674  2.4345084e-05  2.7194079e-05  1.9429917e-05  3.5954763e-05
   0.0058939523 -0.00061771265              0 -3.1958545e-05  0.00028181609  0.00026883128  -0.0013428935  0.00095660207   0.0017149143   0.0012215701  0.00045620929  4.5638999e-05  4.7838278e-05  3.5216667e-05  6.2212299e-05
   0.0042457038 -0.00044445545              0 -2.3980758e-05  0.00020204242  0.00019279685 -0.00096327056  0.00069048237   0.0012215701  0.00089601605  0.00032785677   3.315792e-05  3.4513594e-05  2.3423632e-05  4.7071127e-05
   0.0015977147 -0.00016613418              0 -6.3763917e-06  7.5892746e-05  7.2432492e-05 -0.00037363401  0.00025952674  0.00045620929  0.00032785677  0.00016140316  1.2699159e-05  1.3381997e-05  9.6060775e-06  1.9669484e-05
  0.00017630623  -1.429564e-05              0  3.8267632e-07  5.9541223e-06  5.8367337e-06 -9.4437027e-05  2.4345084e-05  4.5638999e-05   3.315792e-05  1.2699159e-05  8.7990501e-06  2.2511182e-06  1.4034914e-06  1.4276049e-06
  0.00018055438 -1.5875903e-05              0  5.0835304e-08  6.9311865e-06  6.6554229e-06 -0.00010237122  2.7194079e-05  4.7838278e-05  3.4513594e-05  1.3381997e-05  2.2511182e-06  3.4399704e-06  1.6049877e-06  2.3667601e-06
   0.0001330537 -1.1311567e-05              0   1.868865e-06  5.0961046e-06   4.912484e-06 -7.0405023e-05  1.9429917e-05  3.5216667e-05  2.3423632e-05  9.6060775e-06  1.4034914e-06  1.6049877e-06  6.9470887e-06  8.7375932e-07
  0.00020535172 -2.3967739e-05              0  5.4374756e-06  1.0146799e-05  9.6850377e-06 -7.8794835e-05  3.5954763e-05  6.2212299e-05  4.7071127e-05  1.9669484e-05  1.4276049e-06  2.3667601e-06  8.7375932e-07  4.0946655e-05


# ext. ||   Name    ||   type  ||     Value     ||  Error +/- 

   0   ||Natural mortality || limited ||    0.04858887951137 ||0.00252180242579
   1   ||Targeted q || limited ||      2.272039980068 ||0.160645723685
   2   ||Nontargeted q || limited ||                   2 ||22.06548931833
   3   ||     sigma || limited ||      4.682643864055 ||0.2504895224813
   4   ||  Biomass1 || limited ||      4.663803851115 ||0.378498408672
   5   ||  Biomass2 || limited ||      4.370111712783 ||0.3417184881932
   6   ||  vm_sigma || limited ||      22.58186184746 ||2.010926595255
   7   ||Recruit year 1 || limited ||      3.189126943168 ||0.292384212723
   8   ||Recruit year 2 || limited ||      9.354995096738 ||0.8521295535285
   9   ||Recruit year 3 || limited ||      5.331789093278 ||0.4750522527131
  10   ||Recruit year 4 || limited ||      0.788067164716 ||0.07892701456511
  11   ||Mean Rec dist 1 || limited ||     0.8461095887692 ||0.02089981436417
  12   ||Mean Rec dist 2 || limited ||     0.3991881288711 ||0.01310436339623
  13   ||Mean Rec dist 3 || limited ||      1.156085269994 ||0.01851246966944
  14   ||Mean Rec dist 4 || limited ||     0.4364914153257 ||0.04520418291935





