# Minimum negative log likelihood

WARNING: Minuit did not converge.

# of function calls: 249
minimum function Value: 606.3889283376
minimum edm: 232.279576984
minimum internal state vector: LAVector parameters:
    -0.6159351728618
     -1.137027250698
     -1.287002217587
     -1.156360137487
     -1.392227820167
     -1.401511005523
      0.915280433367
      2.529918807522
     -1.095724718987
     -1.105416335394
    -0.9814740259009
     -1.160422164686

minimum internal covariance matrix: LASymMatrix parameters:
      1.1098465  5.1284021e-05              0  0.00015706032  2.2205843e-06  3.3558937e-06  -3.914188e-05   -0.007182866 -9.5737377e-05 -0.00010480028 -0.00010690402  0.00011316273
  5.1284021e-05      1.1100484              0 -5.0832541e-05 -9.1974111e-08 -1.1067636e-06  1.3128819e-05   0.0016203474   2.244479e-05  2.4577014e-05  2.5848194e-05 -3.8322686e-05
              0              0      3.1100424              0              0              0              0              0              0              0              0              0
  0.00015706032 -5.0832541e-05              0      1.1104468 -1.1403871e-06 -2.4383874e-06  2.8592321e-05   0.0084622942  6.4409144e-05  7.0430607e-05  7.3306368e-05  -0.0001135592
  2.2205843e-06 -9.1974111e-08              0 -1.1403871e-06      1.1100425 -2.1159244e-08  4.9924253e-07   0.0001001343  8.7075678e-07  9.3431843e-07  9.6887881e-07 -3.4282275e-07
  3.3558937e-06 -1.1067636e-06              0 -2.4383874e-06 -2.1159244e-08      1.1100425   5.819813e-07  7.8790153e-05  1.4362002e-06  1.5803822e-06  1.6517375e-06 -2.2713063e-06
  -3.914188e-05  1.3128819e-05              0  2.8592321e-05  4.9924253e-07   5.819813e-07      1.1100523  -0.0014815322 -2.2119609e-05 -2.3990305e-05 -2.5607268e-05  2.2090491e-05
   -0.007182866   0.0016203474              0   0.0084622942   0.0001001343  7.8790153e-05  -0.0014815322       1.000002   -0.003394269  -0.0035805439  -0.0038182373  0.00078928618
 -9.5737377e-05   2.244479e-05              0  6.4409144e-05  8.7075678e-07  1.4362002e-06 -2.2119609e-05   -0.003394269      1.1100472 -5.1803859e-05 -5.4800195e-05  5.2930478e-05
 -0.00010480028  2.4577014e-05              0  7.0430607e-05  9.3431843e-07  1.5803822e-06 -2.3990305e-05  -0.0035805439 -5.1803859e-05      1.1100396 -5.9747225e-05  5.9698393e-05
 -0.00010690402  2.5848194e-05              0  7.3306368e-05  9.6887881e-07  1.6517375e-06 -2.5607268e-05  -0.0038182373 -5.4800195e-05 -5.9747225e-05      1.1100309  6.2006642e-05
  0.00011316273 -3.8322686e-05              0  -0.0001135592 -3.4282275e-07 -2.2713063e-06  2.2090491e-05  0.00078928618  5.2930478e-05  5.9698393e-05  6.2006642e-05      1.1101111


# ext. ||   Name    ||   type  ||     Value     ||  Error +/- 

   0   ||Natural mortality || limited ||    0.06334168586298 ||0.08300135193448
   1   ||Targeted q || limited ||       4.63059603642 ||14.24735878335
   2   ||Nontargeted q || limited ||                   2 ||59.7278301877
   3   ||     sigma || limited ||      4.232825108676 ||13.65204832185
   4   ||  Biomass1 || limited ||      7.950517842326 ||130.3490251967
   5   ||  Biomass2 || limited ||      7.147286888041 ||130.5618011115
   6   ||   vm_mean || limited ||      2.490445932535 ||1.298327454904
   7   ||  vm_sigma || limited ||      62.96975774281 ||21.27374976569
   8   ||Recruit year 1 || limited ||      5.546447782864 ||15.50372133624
   9   ||Recruit year 2 || limited ||      5.326913041955 ||15.21083424212
  10   ||Recruit year 3 || limited ||      8.443279906489 ||18.83874617209
  11   ||Recruit year 4 || limited ||      4.161004152265 ||13.52287399521



WARNING: FunctionMinimum is invalid: 
	 Edm is above max


