# Minimum negative log likelihood

Minuit did successfully converge.
# of function calls: 1311
minimum function Value: 255.1068737153
minimum edm: 1.311151456631e-05
minimum internal state vector: LAVector parameters:
     -1.049728141173
     -1.217621619161
     -1.287002217587
      -1.38889996583
     -1.359512994616
      -1.36067097646
     0.2585477895597
    -0.5805354564148
     -1.097766982763
      -1.23135166853
     -1.026318152299
     -1.134784846287

minimum internal covariance matrix: LASymMatrix parameters:
  0.00013853534 -5.1107045e-05              0  -3.335369e-06   2.993482e-05  2.9251445e-05 -3.5067528e-07 -1.8670467e-05   6.065102e-05  4.8299767e-05  8.1274928e-05  6.8391406e-05
 -5.1107045e-05  1.9373755e-05              0  8.9374072e-07 -1.1356023e-05 -1.1089137e-05  3.3421445e-07  3.5202825e-06 -2.2461729e-05 -1.7848381e-05 -3.0194067e-05 -2.5419539e-05
              0              0              2              0              0              0              0              0              0              0              0              0
  -3.335369e-06  8.9374072e-07              0  4.3323584e-05 -2.5754068e-07 -2.9144972e-07  -9.536463e-08 -5.9590559e-06 -1.5292726e-06 -1.0303634e-06  -1.936945e-06 -1.5744294e-06
   2.993482e-05 -1.1356023e-05              0 -2.5754068e-07  7.0831788e-06  6.8829377e-06 -2.2386122e-07 -2.3592246e-06  1.3235298e-05  1.0445668e-05   1.768747e-05  1.4893351e-05
  2.9251445e-05 -1.1089137e-05              0 -2.9144972e-07  6.8829377e-06  6.6923209e-06 -2.1177918e-07 -2.2909491e-06   1.291779e-05  1.0207982e-05   1.728082e-05  1.4549908e-05
 -3.5067528e-07  3.3421445e-07              0  -9.536463e-08 -2.2386122e-07 -2.1177918e-07  3.1410412e-07 -2.6478325e-06 -2.1163048e-07 -1.3335253e-07 -2.8047208e-07 -2.1543623e-07
 -1.8670467e-05  3.5202825e-06              0 -5.9590559e-06 -2.3592246e-06 -2.2909491e-06 -2.6478325e-06  0.00011125915 -7.6178821e-06 -6.2642955e-06 -9.5504016e-06 -8.5744112e-06
   6.065102e-05 -2.2461729e-05              0 -1.5292726e-06  1.3235298e-05   1.291779e-05 -2.1163048e-07 -7.6178821e-06  2.6953529e-05  2.1108428e-05  3.5620372e-05  2.9970073e-05
  4.8299767e-05 -1.7848381e-05              0 -1.0303634e-06  1.0445668e-05  1.0207982e-05 -1.3335253e-07 -6.2642955e-06  2.1108428e-05  1.7201732e-05  2.8312193e-05   2.386199e-05
  8.1274928e-05 -3.0194067e-05              0  -1.936945e-06   1.768747e-05   1.728082e-05 -2.8047208e-07 -9.5504016e-06  3.5620372e-05  2.8312193e-05  4.8094828e-05  4.0134608e-05
  6.8391406e-05 -2.5419539e-05              0 -1.5744294e-06  1.4893351e-05  1.4549908e-05 -2.1543623e-07 -8.5744112e-06  2.9970073e-05   2.386199e-05  4.0134608e-05  3.4429645e-05


# ext. ||   Name    ||   type  ||     Value     ||  Error +/- 

   0   ||Natural mortality || limited ||    0.01990681133103 ||0.0006214588727058
   1   ||Targeted q || limited ||      3.086030973354 ||0.05382506084284
   2   ||Nontargeted q || limited ||                   2 ||22.06548931833
   3   ||     sigma || limited ||     0.8248790372205 ||0.04209612569133
   4   ||  Biomass1 || limited ||      11.11870693986 ||0.1973322506723
   5   ||  Biomass2 || limited ||      10.99761173885 ||0.1907747968969
   6   ||   vm_mean || limited ||     0.8032326069246 ||0.001203625508291
   7   ||  vm_sigma || limited ||      18.06190433591 ||0.2494580486875
   8   ||Recruit year 1 || limited ||      5.499838411087 ||0.08361571429289
   9   ||Recruit year 2 || limited ||      2.862728726378 ||0.04881953634291
  10   ||Recruit year 3 || limited ||       7.23939208232 ||0.1269887156957
  11   ||Recruit year 4 || limited ||      4.687365713684 ||0.08760440204044





