# Minimum negative log likelihood

Minuit did successfully converge.
# of function calls: 1217
minimum function Value: 671.1700410806
minimum edm: 8.533753265333e-06
minimum internal state vector: LAVector parameters:
  -0.008926818934799
    -0.9609574213489
     -1.287002217587
     -1.071761716414
     -1.513316705907
     -1.518197265708
    -0.2816982432684
     -1.144497547668
     -1.184673883686
     -1.070240815421
     -1.176040190045
     0.1204238964987
     0.1001256264741
    0.03212910002494
    0.07842100573603

minimum internal covariance matrix: LASymMatrix parameters:
    0.021671662  -0.0014895893              0  0.00031111733  0.00011394369  0.00010427153  -0.0033214031   0.0017965694   0.0016799846   0.0018871625   0.0016708848  9.9636192e-05  0.00010110119  0.00010099831  9.0470762e-05
  -0.0014895893  0.00012699414              0 -1.7458273e-05 -8.3729235e-06 -7.7278179e-06  0.00015364128 -0.00012710271 -0.00011917851 -0.00013483074 -0.00012587602 -3.7272828e-06  -4.643156e-06 -4.8545815e-06 -4.5532891e-06
              0              0              2              0              0              0              0              0              0              0              0              0              0              0              0
  0.00031111733 -1.7458273e-05              0  0.00031825248   1.076865e-06  1.1714331e-06  -6.170259e-05  2.7840833e-05  2.5783049e-05  2.6661322e-05  1.9316866e-05  2.6899868e-06  4.8037842e-06  3.8209016e-06  3.8909435e-08
  0.00011394369 -8.3729235e-06              0   1.076865e-06  1.1242287e-05  8.8562912e-06 -1.5799278e-05   8.327627e-06  7.7342681e-06  7.8168614e-06  7.2592914e-06  7.3252333e-07  4.9737459e-07  4.4019578e-07  1.1723892e-06
  0.00010427153 -7.7278179e-06              0  1.1714331e-06  8.8562912e-06  7.1044915e-06 -1.4859789e-05   7.791572e-06  7.2501063e-06  7.4412896e-06  6.9450439e-06  6.2596745e-07  4.6851115e-07   3.969564e-07  9.4409908e-07
  -0.0033214031  0.00015364128              0  -6.170259e-05 -1.5799278e-05 -1.4859789e-05   0.0026479298 -0.00024330885 -0.00023227682 -0.00025165419 -0.00022186242 -4.4961584e-05 -3.5904639e-05 -3.7967698e-05 -3.8553638e-05
   0.0017965694 -0.00012710271              0  2.7840833e-05   8.327627e-06   7.791572e-06 -0.00024330885  0.00017078556  0.00014484259  0.00015779504  0.00014363269  7.3379053e-06   7.791331e-06  8.2293011e-06  7.5108559e-06
   0.0016799846 -0.00011917851              0  2.5783049e-05  7.7342681e-06  7.2501063e-06 -0.00023227682  0.00014484259  0.00015387058  0.00014428059  0.00013653848  6.9173501e-06    6.97658e-06  7.5512405e-06  6.7910211e-06
   0.0018871625 -0.00013483074              0  2.6661322e-05  7.8168614e-06  7.4412896e-06 -0.00025165419  0.00015779504  0.00014428059  0.00019787802  0.00014405483  7.8845265e-06  8.2925729e-06    8.41384e-06  7.6040662e-06
   0.0016708848 -0.00012587602              0  1.9316866e-05  7.2592914e-06  6.9450439e-06 -0.00022186242  0.00014363269  0.00013653848  0.00014405483  0.00016347587  5.8164456e-06  6.1442419e-06  6.5208342e-06  6.6360843e-06
  9.9636192e-05 -3.7272828e-06              0  2.6899868e-06  7.3252333e-07  6.2596745e-07 -4.4961584e-05  7.3379053e-06  6.9173501e-06  7.8845265e-06  5.8164456e-06  3.2759085e-06  8.5887888e-07  8.9673006e-07    7.23385e-07
  0.00010110119  -4.643156e-06              0  4.8037842e-06  4.9737459e-07  4.6851115e-07 -3.5904639e-05   7.791331e-06    6.97658e-06  8.2925729e-06  6.1442419e-06  8.5887888e-07  3.0379505e-06  7.0383305e-07  6.0051635e-07
  0.00010099831 -4.8545815e-06              0  3.8209016e-06  4.4019578e-07   3.969564e-07 -3.7967698e-05  8.2293011e-06  7.5512405e-06    8.41384e-06  6.5208342e-06  8.9673006e-07  7.0383305e-07  1.5546913e-06  6.6989012e-07
  9.0470762e-05 -4.5532891e-06              0  3.8909435e-08  1.1723892e-06  9.4409908e-07 -3.8553638e-05  7.5108559e-06  6.7910211e-06  7.6040662e-06  6.6360843e-06    7.23385e-07  6.0051635e-07  6.6989012e-07  2.6628536e-06


# ext. ||   Name    ||   type  ||     Value     ||  Error +/- 

   0   ||Natural mortality || limited ||    0.04477683249062 ||0.002597581642311
   1   ||Targeted q || limited ||      9.012985348124 ||0.228189833973
   2   ||Nontargeted q || limited ||                   2 ||22.06548931833
   3   ||     sigma || limited ||       6.09775073434 ||0.3018437689853
   4   ||  Biomass1 || limited ||     0.8257493168981 ||0.06810149592365
   5   ||  Biomass2 || limited ||     0.6915058545447 ||0.04954490095305
   6   ||  vm_sigma || limited ||       28.8811447857 ||1.397760115806
   7   ||Recruit year 1 || limited ||      4.484429957391 ||0.1910338535638
   8   ||Recruit year 2 || limited ||       3.69081662302 ||0.1651441411454
   9   ||Recruit year 3 || limited ||      6.143581572681 ||0.2386523309136
  10   ||Recruit year 4 || limited ||      3.855096577242 ||0.1738291767616
  11   ||Mean Rec dist 1 || limited ||      1.201330446255 ||0.0127055677088
  12   ||Mean Rec dist 2 || limited ||      0.999584147237 ||0.01226294151914
  13   ||Mean Rec dist 3 || limited ||     0.3212357261066 ||0.008812169303916
  14   ||Mean Rec dist 4 || limited ||     0.7834065082409 ||0.01150328182837





