# Minimum negative log likelihood

Minuit did successfully converge.
# of function calls: 1619
minimum function Value: 529.2496684338
minimum edm: 6.573275111032e-05
minimum internal state vector: LAVector parameters:
      2.491129232212
     -1.040480934095
     -1.287002217587
     -1.217888252351
     -1.473630307023
     -1.480501217526
   -0.07512326368636
     -1.182774421475
    -0.9602221889372
     -1.040139313912
     -1.031853683169
    0.09267425515983
    0.05590728232564
     -4.982992136375
    0.09092165444174

minimum internal covariance matrix: LASymMatrix parameters:
   0.0071610757  0.00049629755              0 -0.00018577168  -9.811402e-05 -8.7614397e-05  0.00087270311 -0.00050472541 -0.00079519126  -0.0006188158 -0.00077508808 -1.2823598e-05 -2.4065663e-05 -6.4190423e-05 -2.3175587e-05
  0.00049629755  4.0861104e-05              0 -1.4551065e-05 -8.0150998e-06  -7.097846e-06  3.5233194e-05 -3.6590662e-05 -5.7698106e-05 -4.4616942e-05  -5.766333e-05  -6.208382e-07 -1.2074742e-06 -2.8526689e-06 -1.5007563e-06
              0              0              2              0              0              0              0              0              0              0              0              0              0              0              0
 -0.00018577168 -1.4551065e-05              0  0.00018898496  2.9184321e-06  2.5306551e-06  3.7362285e-05  1.2148069e-05  2.0942573e-05  1.5846447e-05  2.7251654e-05 -1.2364412e-06  1.0413073e-06 -4.6254111e-07  1.0655194e-06
  -9.811402e-05 -8.0150998e-06              0  2.9184321e-06  4.5704321e-06  3.7611072e-06 -2.9437324e-06  7.0862453e-06  1.1313203e-05  8.9465362e-06  1.1785369e-05 -2.0007952e-08  2.6765152e-07  5.5861033e-07  2.5563303e-07
 -8.7614397e-05  -7.097846e-06              0  2.5306551e-06  3.7611072e-06  3.1577958e-06 -2.9756685e-06  6.2585215e-06  1.0057369e-05  7.9524022e-06  1.0459663e-05  8.3261248e-09  2.4072518e-07  5.1757249e-07  2.4242202e-07
  0.00087270311  3.5233194e-05              0  3.7362285e-05 -2.9437324e-06 -2.9756685e-06   0.0011516002 -5.1648464e-05 -8.4016388e-05 -7.4630845e-05 -6.6098749e-05 -8.5042837e-06 -9.6458868e-06 -2.8437452e-05 -8.8051576e-06
 -0.00050472541 -3.6590662e-05              0  1.2148069e-05  7.0862453e-06  6.2585215e-06 -5.1648464e-05  4.2664008e-05  5.6793209e-05  4.3811546e-05  5.5343014e-05  9.5454145e-07  1.4198399e-06  4.3035769e-06   1.552941e-06
 -0.00079519126 -5.7698106e-05              0  2.0942573e-05  1.1313203e-05  1.0057369e-05 -8.4016388e-05  5.6793209e-05  9.5859392e-05  6.9346025e-05   8.759078e-05  1.4076632e-06   2.441135e-06   6.382119e-06  2.5126752e-06
  -0.0006188158 -4.4616942e-05              0  1.5846447e-05  8.9465362e-06  7.9524022e-06 -7.4630845e-05  4.3811546e-05  6.9346025e-05  6.0092865e-05  6.8248394e-05  9.8028783e-07   2.014032e-06  5.1250417e-06  1.9836066e-06
 -0.00077508808  -5.766333e-05              0  2.7251654e-05  1.1785369e-05  1.0459663e-05 -6.6098749e-05  5.5343014e-05   8.759078e-05  6.8248394e-05  0.00010005473  1.0022119e-06  2.2666033e-06  5.1010813e-06   3.044671e-06
 -1.2823598e-05  -6.208382e-07              0 -1.2364412e-06 -2.0007952e-08  8.3261248e-09 -8.5042837e-06  9.5454145e-07  1.4076632e-06  9.8028783e-07  1.0022119e-06   7.093345e-07 -1.9757485e-09  2.4402793e-07  1.5725937e-07
 -2.4065663e-05 -1.2074742e-06              0  1.0413073e-06  2.6765152e-07  2.4072518e-07 -9.6458868e-06  1.4198399e-06   2.441135e-06   2.014032e-06  2.2666033e-06 -1.9757485e-09  3.3319767e-07  4.1822733e-07  8.0697094e-08
 -6.4190423e-05 -2.8526689e-06              0 -4.6254111e-07  5.5861033e-07  5.1757249e-07 -2.8437452e-05  4.3035769e-06   6.382119e-06  5.1250417e-06  5.1010813e-06  2.4402793e-07  4.1822733e-07     3.7052e-06  1.0063488e-07
 -2.3175587e-05 -1.5007563e-06              0  1.0655194e-06  2.5563303e-07  2.4242202e-07 -8.8051576e-06   1.552941e-06  2.5126752e-06  1.9836066e-06   3.044671e-06  1.5725937e-07  8.0697094e-08  1.0063488e-07  5.2719339e-07


# ext. ||   Name    ||   type  ||     Value     ||  Error +/- 

   0   ||Natural mortality || limited ||    0.06013888157473 ||0.001189763544554
   1   ||Targeted q || limited ||      6.867620696051 ||0.1143120653613
   2   ||Nontargeted q || limited ||                   2 ||22.06548931833
   3   ||     sigma || limited ||      3.081421509216 ||0.1679851359598
   4   ||  Biomass1 || limited ||      2.358452414599 ||0.07332706299532
   5   ||  Biomass2 || limited ||      2.036917174513 ||0.0566527289011
   6   ||  vm_sigma || limited ||       36.9984325714 ||0.9570224501921
   7   ||Recruit year 1 || limited ||      3.726663369999 ||0.08736629271767
   8   ||Recruit year 2 || limited ||      9.043147701129 ||0.1984431599318
   9   ||Recruit year 3 || limited ||      6.885575253773 ||0.138693876011
  10   ||Recruit year 4 || limited ||      7.096699920617 ||0.1814837678107
  11   ||Mean Rec dist 1 || limited ||     0.9254165636921 ||0.005929838556547
  12   ||Mean Rec dist 2 || limited ||     0.5587816268428 ||0.004075274717888
  13   ||Mean Rec dist 3 || limited ||      9.636098404032 ||0.003638398589445
  14   ||Mean Rec dist 4 || limited ||     0.9079643515468 ||0.005112959817746





