# Minimum negative log likelihood

Minuit did successfully converge.
# of function calls: 938
minimum function Value: 449.4889228491
minimum edm: 4.462226779797e-05
minimum internal state vector: LAVector parameters:
      -0.70964843382
     -1.026819970678
     -1.287002217587
     -1.279933224953
     -1.512372449746
     -1.516651247461
    -0.1733367740605
      1.936511154804
     -1.135916799075
      -1.03494225103
     -1.040431523348
      -1.14312118782

minimum internal covariance matrix: LASymMatrix parameters:
  0.00015164888 -7.0139626e-05              0  1.5163026e-05  8.6978845e-06  7.7000644e-06 -2.3209366e-06  -0.0004996921  4.3694188e-05  5.6610962e-05  5.5761454e-05  4.2604834e-05
 -7.0139626e-05  3.5622834e-05              0 -9.0734966e-06 -4.3747556e-06  -3.837298e-06  1.5142314e-06   0.0003391812 -2.0839228e-05 -2.7099271e-05  -2.612475e-05 -2.0987305e-05
              0              0              2              0              0              0              0              0              0              0              0              0
  1.5163026e-05 -9.0734966e-06              0  0.00011799003  2.6779611e-07   2.657074e-07 -7.6669315e-07 -0.00019722719  5.5975284e-06  5.9394386e-06  5.2048269e-06  5.3912687e-06
  8.6978845e-06 -4.3747556e-06              0  2.6779611e-07  2.2811307e-06  1.8239351e-06 -1.6968241e-07  -1.957766e-05  2.6361615e-06  3.2483701e-06  3.4753434e-06  2.5121522e-06
  7.7000644e-06  -3.837298e-06              0   2.657074e-07  1.8239351e-06  1.4843055e-06 -1.4557342e-07 -1.8032921e-05  2.3106702e-06  2.8940498e-06  3.0932451e-06  2.2016559e-06
 -2.3209366e-06  1.5142314e-06              0 -7.6669315e-07 -1.6968241e-07 -1.4557342e-07   2.459867e-07   4.550631e-05 -7.8499333e-07  -9.752242e-07 -9.0511945e-07 -7.8784489e-07
  -0.0004996921   0.0003391812              0 -0.00019722719  -1.957766e-05 -1.8032921e-05   4.550631e-05    0.018259689 -0.00017572354 -0.00022534768 -0.00017295551 -0.00019892265
  4.3694188e-05 -2.0839228e-05              0  5.5975284e-06  2.6361615e-06  2.3106702e-06 -7.8499333e-07 -0.00017572354  1.5247248e-05  1.6457332e-05  1.6316323e-05  1.2524678e-05
  5.6610962e-05 -2.7099271e-05              0  5.9394386e-06  3.2483701e-06  2.8940498e-06  -9.752242e-07 -0.00022534768  1.6457332e-05   2.403896e-05  2.0966102e-05  1.6560878e-05
  5.5761454e-05  -2.612475e-05              0  5.2048269e-06  3.4753434e-06  3.0932451e-06 -9.0511945e-07 -0.00017295551  1.6316323e-05  2.0966102e-05  2.3605788e-05  1.5491389e-05
  4.2604834e-05 -2.0987305e-05              0  5.3912687e-06  2.5121522e-06  2.2016559e-06 -7.8784489e-07 -0.00019892265  1.2524678e-05  1.6560878e-05  1.5491389e-05  1.5378751e-05


# ext. ||   Name    ||   type  ||     Value     ||  Error +/- 

   0   ||Natural mortality || limited ||    0.05226493254656 ||0.0009908275051563
   1   ||Targeted q || limited ||      7.217124091308 ||0.1092103880831
   2   ||Nontargeted q || limited ||                   2 ||22.06548931833
   3   ||     sigma || limited ||      2.100164363416 ||0.1101338999114
   4   ||  Biomass1 || limited ||     0.8530946517579 ||0.03117979731068
   5   ||  Biomass2 || limited ||     0.7327433630954 ||0.02331113214019
   6   ||   vm_mean || limited ||    -0.5418307199762 ||0.001085259049484
   7   ||  vm_sigma || limited ||      77.35476767278 ||1.364719164551
   8   ||Recruit year 1 || limited ||      4.663494404516 ||0.0581566512608
   9   ||Recruit year 2 || limited ||      7.017655529727 ||0.08849700724418
  10   ||Recruit year 3 || limited ||      6.878183472895 ||0.08688405140835
  11   ||Recruit year 4 || limited ||      4.512926711614 ||0.05749958499129





