# Minimum negative log likelihood

WARNING: Minuit did not converge.

# of function calls: 1252
minimum function Value: 668.6836970117
minimum edm: 6827.7731166
minimum internal state vector: LAVector parameters:
     -1.887407768572
      -1.25617727594
     -1.287002217587
     -1.069038175696
     -1.426736659354
     -1.427542422648
    -0.6326362459992
     -1.205876382708
     -1.299250925115
     -1.172342657018
     -1.382986289883
     0.1118484366779
    0.06200578446957
     0.0586441184637
    -0.3195803875512

minimum internal covariance matrix: LASymMatrix parameters:
   0.0069015839  0.00022082899              0  0.00033198461 -0.00010381739 -9.1377198e-05  -0.0039363327 -0.00021240634 -0.00016467467 -0.00021838882 -5.5896673e-05  0.00010036486 -3.8146724e-05 -6.9172784e-06 -2.3889369e-08
  0.00022082899  4.3277352e-05              0  1.6804303e-05  -2.493684e-06 -2.9017961e-06 -0.00010963263 -2.0023872e-05 -4.0450081e-06 -1.9753771e-05  3.8717443e-06   4.812596e-06  3.5705019e-07 -3.6028338e-06  6.3599861e-10
              0              0              2              0              0              0              0              0              0              0              0              0              0              0              0
  0.00033198461  1.6804303e-05              0   0.0002470713 -3.1544525e-06 -2.1808736e-06 -0.00014857169 -1.3532597e-05 -3.7009141e-06 -2.9154971e-05  2.0858166e-05  7.5584648e-06 -1.5161856e-06 -1.4304954e-05  2.0308001e-09
 -0.00010381739  -2.493684e-06              0 -3.1544525e-06   2.203497e-06  1.8706611e-06  7.0518685e-05  3.1776315e-06  2.9256085e-06  2.7465915e-06  4.8905592e-07  -7.633632e-07  7.0846764e-07 -5.4773087e-07  1.1208844e-09
 -9.1377198e-05 -2.9017961e-06              0 -2.1808736e-06  1.8706611e-06  1.8195083e-06  6.5300862e-05  3.0954581e-06  2.0670991e-06  3.0540209e-06  5.1803999e-07 -9.7863668e-07  9.5749409e-07 -9.1455177e-07   1.097679e-09
  -0.0039363327 -0.00010963263              0 -0.00014857169  7.0518685e-05  6.5300862e-05   0.0028426735  0.00012531042  9.9424491e-05   0.0001204255  2.2702038e-05 -4.7429719e-05  3.5035776e-05 -2.8217495e-05  3.6642899e-08
 -0.00021240634 -2.0023872e-05              0 -1.3532597e-05  3.1776315e-06  3.0954581e-06  0.00012531042  3.6590602e-05 -9.2674603e-06  1.0546257e-05 -5.5719854e-06 -6.6199799e-06  2.0593445e-08 -8.3716689e-07  6.8548804e-10
 -0.00016467467 -4.0450081e-06              0 -3.7009141e-06  2.9256085e-06  2.0670991e-06  9.9424491e-05 -9.2674603e-06  3.9394961e-05 -6.0521149e-06  -2.269843e-06  2.7183499e-06 -4.9534865e-06 -2.7555611e-06  1.7329962e-09
 -0.00021838882 -1.9753771e-05              0 -2.9154971e-05  2.7465915e-06  3.0540209e-06   0.0001204255  1.0546257e-05 -6.0521149e-06  3.7599866e-05 -1.7891944e-05 -8.2959278e-06  5.9250287e-06  3.5767787e-06  1.2530514e-09
 -5.5896673e-05  3.8717443e-06              0  2.0858166e-05  4.8905592e-07  5.1803999e-07  2.2702038e-05 -5.5719854e-06  -2.269843e-06 -1.7891944e-05  9.1686327e-05  5.1023479e-06   7.732781e-06 -7.0259126e-06  2.4919844e-09
  0.00010036486   4.812596e-06              0  7.5584648e-06  -7.633632e-07 -9.7863668e-07 -4.7429719e-05 -6.6199799e-06  2.7183499e-06 -8.2959278e-06  5.1023479e-06  3.1904412e-05 -4.1656384e-06  -3.394293e-06 -5.6192563e-10
 -3.8146724e-05  3.5705019e-07              0 -1.5161856e-06  7.0846764e-07  9.5749409e-07  3.5035776e-05  2.0593445e-08 -4.9534865e-06  5.9250287e-06   7.732781e-06 -4.1656384e-06  3.3816492e-05  2.0999261e-06  5.0767037e-10
 -6.9172784e-06 -3.6028338e-06              0 -1.4304954e-05 -5.4773087e-07 -9.1455177e-07 -2.8217495e-05 -8.3716689e-07 -2.7555611e-06  3.5767787e-06 -7.0259126e-06  -3.394293e-06  2.0999261e-06  1.4116436e-05 -1.0366048e-09
 -2.3889369e-08  6.3599861e-10              0  2.0308001e-09  1.1208844e-09   1.097679e-09  3.6642899e-08  6.8548804e-10  1.7329962e-09  1.2530514e-09  2.4919844e-09 -5.6192563e-10  5.0767037e-10 -1.0366048e-09   1.191389e-11


# ext. ||   Name    ||   type  ||     Value     ||  Error +/- 

   0   ||Natural mortality || limited ||    0.02124260266405 ||0.0004569787229482
   1   ||Targeted q || limited ||       2.45428328799 ||0.07197475997455
   2   ||Nontargeted q || limited ||                   2 ||22.06548931833
   3   ||     sigma || limited ||      6.163084827918 ||0.2672841139713
   4   ||  Biomass1 || limited ||      5.179330342234 ||0.07534429346109
   5   ||  Biomass2 || limited ||      5.121652525495 ||0.06808508829509
   6   ||  vm_sigma || limited ||      16.34988093463 ||1.215875847056
   7   ||Recruit year 1 || limited ||      3.302054058018 ||0.07631511459214
   8   ||Recruit year 2 || limited ||      1.841939865245 ||0.05951446079804
   9   ||Recruit year 3 || limited ||      3.926505214116 ||0.08410618616385
  10   ||Recruit year 4 || limited ||     0.8891383783427 ||0.06320089346794
  11   ||Mean Rec dist 1 || limited ||       1.11615377158 ||0.03969053995131
  12   ||Mean Rec dist 2 || limited ||     0.6196605965475 ||0.04104050072943
  13   ||Mean Rec dist 3 || limited ||     0.5861051009317 ||0.02652160496322
  14   ||Mean Rec dist 4 || limited ||      -3.14168221936 ||2.317106903416e-05



WARNING: FunctionMinimum is invalid: 
	 Edm is above max


