# Minimum negative log likelihood

Minuit did successfully converge.
# of function calls: 659
minimum function Value: 378.9448888302
minimum edm: 1.151738867516e-05
minimum internal state vector: LAVector parameters:
    0.06554551900477
     -1.148230255732
     -1.287002217587
     -1.325531309896
     -1.498207127003
     -1.501446532702
     0.1770224085272
     -0.274227541138
     -1.254728081839
    -0.9495402570028
     -1.202618030248
    -0.9592559090459

minimum internal covariance matrix: LASymMatrix parameters:
   0.0051903832 -0.00053636562              0  2.0469226e-05  9.4758484e-05  9.2762262e-05 -1.0538864e-05  0.00023494543  0.00035523029  0.00083930102  0.00046041603  0.00072028718
 -0.00053636562  5.6889664e-05              0  -1.865953e-06 -1.0052136e-05 -9.8343635e-06   1.512167e-06 -3.2675806e-05  -3.704153e-05 -8.7543776e-05 -4.7888563e-05 -7.5353771e-05
              0              0              2              0              0              0              0              0              0              0              0              0
  2.0469226e-05  -1.865953e-06              0  7.3261226e-05  9.9895418e-07  8.8050279e-07  9.0938362e-08 -1.4577789e-06  1.4048656e-06  3.2353619e-06  1.8380027e-06  2.5647578e-06
  9.4758484e-05 -1.0052136e-05              0  9.9895418e-07  3.2515509e-06  2.9856497e-06 -2.6140027e-07  5.1297772e-06  6.6503151e-06  1.5442901e-05  8.4805988e-06  1.3320559e-05
  9.2762262e-05 -9.8343635e-06              0  8.8050279e-07  2.9856497e-06  2.7620725e-06 -2.5422963e-07   5.084415e-06  6.4864839e-06  1.5115253e-05  8.3001054e-06  1.3034509e-05
 -1.0538864e-05   1.512167e-06              0  9.0938362e-08 -2.6140027e-07 -2.5422963e-07   4.586799e-07 -7.6885054e-06 -8.1378481e-07 -1.9352711e-06 -1.0465834e-06 -1.6805507e-06
  0.00023494543 -3.2675806e-05              0 -1.4577789e-06  5.1297772e-06   5.084415e-06 -7.6885054e-06  0.00030289606  1.7940419e-05  4.2583918e-05  2.3011385e-05   3.687356e-05
  0.00035523029  -3.704153e-05              0  1.4048656e-06  6.6503151e-06  6.4864839e-06 -8.1378481e-07  1.7940419e-05  2.5605717e-05   5.759468e-05  3.1579263e-05  4.9497903e-05
  0.00083930102 -8.7543776e-05              0  3.2353619e-06  1.5442901e-05  1.5115253e-05 -1.9352711e-06  4.2583918e-05   5.759468e-05  0.00013749488  7.4572246e-05  0.00011692156
  0.00046041603 -4.7888563e-05              0  1.8380027e-06  8.4805988e-06  8.3001054e-06 -1.0465834e-06  2.3011385e-05  3.1579263e-05  7.4572246e-05  4.2159182e-05   6.405733e-05
  0.00072028718 -7.5353771e-05              0  2.5647578e-06  1.3320559e-05  1.3034509e-05 -1.6805507e-06   3.687356e-05  4.9497903e-05  0.00011692156   6.405733e-05  0.00010197348


# ext. ||   Name    ||   type  ||     Value     ||  Error +/- 

   0   ||Natural mortality || limited ||    0.04663746490361 ||0.001270291170762
   1   ||Targeted q || limited ||      4.398020352739 ||0.1093608020607
   2   ||Nontargeted q || limited ||                   2 ||22.06548931833
   3   ||     sigma || limited ||      1.496349530989 ||0.07347881297708
   4   ||  Biomass1 || limited ||       1.31671965854 ||0.04623711316354
   5   ||  Biomass2 || limited ||      1.201866681789 ||0.04071640739686
   6   ||   vm_mean || limited ||     0.5532322656816 ||0.001480979831986
   7   ||  vm_sigma || limited ||      29.16849851603 ||0.4738456665111
   8   ||Recruit year 1 || limited ||      2.486508494632 ||0.05560384343681
   9   ||Recruit year 2 || limited ||      9.351666034541 ||0.241276689229
  10   ||Recruit year 3 || limited ||      3.360437207239 ||0.08261478674633
  11   ||Recruit year 4 || limited ||      9.070864296687 ||0.2049563007705





