# Minimum negative log likelihood

Minuit did successfully converge.
# of function calls: 715
minimum function Value: 448.4396927284
minimum edm: 3.866218223217e-05
minimum internal state vector: LAVector parameters:
     -1.138944861889
     -1.287002217587
     -1.280648169735
     -1.335583972184
     -1.338152075282
     0.2946590466437
    -0.5964066780165
     -1.101497896504
     -1.133131116872
     -1.445997078366
     -1.007520193295

minimum internal covariance matrix: LASymMatrix parameters:
  2.9671668e-06              0  9.4996998e-07 -1.5712292e-06 -1.3287221e-06  1.6041598e-07 -2.0707327e-06 -1.4979541e-06 -2.6392094e-07 -9.0398225e-08 -3.7340438e-06
              0              2              0              0              0              0              0              0              0              0              0
  9.4996998e-07              0   0.0001248762  9.8769338e-07  4.4187934e-07 -2.0606457e-07 -8.1584429e-06 -2.3155853e-06  1.7269467e-06  1.9044477e-06  2.8027032e-06
 -1.5712292e-06              0  9.8769338e-07  3.0848881e-06  2.4788407e-06 -8.5741827e-08  1.9774255e-06  2.5034722e-07  1.7500052e-07  4.6850035e-07  1.9868268e-06
 -1.3287221e-06              0  4.4187934e-07  2.4788407e-06  2.0203641e-06 -5.5258259e-08    1.38969e-06  2.5022574e-07  2.1654305e-07  1.3816654e-07  1.5907534e-06
  1.6041598e-07              0 -2.0606457e-07 -8.5741827e-08 -5.5258259e-08  7.5256592e-08   4.211951e-07 -4.1474583e-08  1.7345868e-07  -4.934102e-07  -2.052465e-07
 -2.0707327e-06              0 -8.1584429e-06  1.9774255e-06    1.38969e-06   4.211951e-07  0.00015723862  8.7542846e-08 -6.0317944e-06  1.7992212e-06  3.4116811e-05
 -1.4979541e-06              0 -2.3155853e-06  2.5034722e-07  2.5022574e-07 -4.1474583e-08  8.7542846e-08  6.2143575e-06 -4.9376456e-07     3.5023e-07  1.2291881e-06
 -2.6392094e-07              0  1.7269467e-06  1.7500052e-07  2.1654305e-07  1.7345868e-07 -6.0317944e-06 -4.9376456e-07   4.739946e-06 -4.4518118e-06  1.2178971e-06
 -9.0398225e-08              0  1.9044477e-06  4.6850035e-07  1.3816654e-07  -4.934102e-07  1.7992212e-06     3.5023e-07 -4.4518118e-06    2.04112e-05  -8.083114e-06
 -3.7340438e-06              0  2.8027032e-06  1.9868268e-06  1.5907534e-06  -2.052465e-07  3.4116811e-05  1.2291881e-06  1.2178971e-06  -8.083114e-06  2.6645356e-05


# ext. ||   Name    ||   type  ||     Value     ||  Error +/- 

   0   ||Targeted q || limited ||      4.590381473832 ||0.02549038207975
   1   ||Nontargeted q || limited ||                   2 ||22.06548931833
   2   ||     sigma || limited ||      2.089925042249 ||0.1130314696434
   3   ||  Biomass1 || limited ||      13.76756293803 ||0.1447180751304
   4   ||  Biomass2 || limited ||      13.46991908582 ||0.1158610367934
   5   ||   vm_mean || limited ||       2.90413608329 ||0.001856198339668
   6   ||  vm_sigma || limited ||      17.53385532253 ||0.2934320836943
   7   ||Recruit year 1 || limited ||      5.415169426303 ||0.03985642061994
   8   ||Recruit year 2 || limited ||      4.722344941251 ||0.03262012303976
   9   ||Recruit year 3 || limited ||     0.3988273191596 ||0.0198805844065
  10   ||Recruit year 4 || limited ||      7.733711030827 ||0.0974382195958





