# Minimum negative log likelihood

Minuit did successfully converge.
# of function calls: 1102
minimum function Value: 675.670227447
minimum edm: 5.557910541474e-05
minimum internal state vector: LAVector parameters:
    -0.4720394381084
     -1.077981401874
     -1.287002217587
     -1.066202567548
     -1.416401043655
     -1.424108591934
     0.9027086236456
     -1.032345600013
     -1.154990958289
    -0.9852820774523
     -1.287661578945
     0.1106241278613
    0.09013512300493
    0.07502379955985
    0.05119341415757

minimum internal covariance matrix: LASymMatrix parameters:
    0.021769575  -0.0013919607              0  7.5467986e-05  0.00049346504  0.00045061336   -0.020351737   0.0026174462   0.0019841956   0.0029916852   0.0014243458  7.4746167e-05  9.9374458e-05  8.1373742e-05  9.1161782e-05
  -0.0013919607  9.9156122e-05              0 -5.8241924e-06 -3.5459075e-05 -3.2227094e-05   0.0010332141  -0.0001699839 -0.00012806775 -0.00019453045 -9.4743979e-05 -3.8546978e-06 -5.7498494e-06 -4.4808793e-06 -5.7796493e-06
              0              0              2              0              0              0              0              0              0              0              0              0              0              0              0
  7.5467986e-05 -5.8241924e-06              0   0.0003247606  4.6814171e-06  3.7836544e-06 -0.00017307779  1.0214008e-05   4.937861e-06   1.411356e-05  1.1452369e-05   5.841631e-07    2.30344e-06  3.5565725e-07  4.5879654e-07
  0.00049346504 -3.5459075e-05              0  4.6814171e-06  2.5067283e-05  2.1607454e-05 -0.00038882708  6.0312341e-05  4.4510546e-05  6.9446156e-05  3.5397394e-05  1.5887793e-06  2.4836161e-06  1.5655078e-06  2.0485256e-06
  0.00045061336 -3.2227094e-05              0  3.7836544e-06  2.1607454e-05  1.8795511e-05 -0.00035224387  5.5177488e-05  4.0792617e-05  6.3498139e-05  3.2094828e-05  1.4420325e-06  2.1978589e-06   1.419878e-06  1.8827182e-06
   -0.020351737   0.0010332141              0 -0.00017307779 -0.00038882708 -0.00035224387     0.13173804  -0.0023064885  -0.0017562629  -0.0026660262  -0.0013379681 -0.00023524732 -0.00025487573  -0.0002180369  -0.0002139085
   0.0026174462  -0.0001699839              0  1.0214008e-05  6.0312341e-05  5.5177488e-05  -0.0023064885   0.0003333278  0.00023897377  0.00036289331  0.00017357139  8.4119452e-06  1.1601929e-05  9.3434141e-06  1.0734898e-05
   0.0019841956 -0.00012806775              0   4.937861e-06  4.4510546e-05  4.0792617e-05  -0.0017562629  0.00023897377  0.00019814746  0.00027223041  0.00012740363  6.4825122e-06  8.0711246e-06   7.232844e-06  7.9589203e-06
   0.0029916852 -0.00019453045              0   1.411356e-05  6.9446156e-05  6.3498139e-05  -0.0026660262  0.00036289331  0.00027223041  0.00043324978  0.00020122667  9.8338882e-06  1.3698521e-05  1.0762069e-05  1.2799746e-05
   0.0014243458 -9.4743979e-05              0  1.1452369e-05  3.5397394e-05  3.2094828e-05  -0.0013379681  0.00017357139  0.00012740363  0.00020122667  0.00012910623  4.8407586e-06  7.4570087e-06  5.2798026e-06  7.6967894e-06
  7.4746167e-05 -3.8546978e-06              0   5.841631e-07  1.5887793e-06  1.4420325e-06 -0.00023524732  8.4119452e-06  6.4825122e-06  9.8338882e-06  4.8407586e-06  1.8750068e-06  6.4674426e-07  3.3387888e-07  5.9804734e-07
  9.9374458e-05 -5.7498494e-06              0    2.30344e-06  2.4836161e-06  2.1978589e-06 -0.00025487573  1.1601929e-05  8.0711246e-06  1.3698521e-05  7.4570087e-06  6.4674426e-07  2.4655571e-06  6.4535272e-07  6.2186965e-07
  8.1373742e-05 -4.4808793e-06              0  3.5565725e-07  1.5655078e-06   1.419878e-06  -0.0002180369  9.3434141e-06   7.232844e-06  1.0762069e-05  5.2798026e-06  3.3387888e-07  6.4535272e-07  1.2650035e-06  5.1313837e-07
  9.1161782e-05 -5.7796493e-06              0  4.5879654e-07  2.0485256e-06  1.8827182e-06  -0.0002139085  1.0734898e-05  7.9589203e-06  1.2799746e-05  7.6967894e-06  5.9804734e-07  6.2186965e-07  5.1313837e-07    4.54821e-06


# ext. ||   Name    ||   type  ||     Value     ||  Error +/- 

   0   ||Natural mortality || limited ||    0.03363240898462 ||0.002318811237423
   1   ||Targeted q || limited ||      5.949770594737 ||0.1665601952339
   2   ||Nontargeted q || limited ||                   2 ||22.06548931833
   3   ||     sigma || limited ||      6.231452774796 ||0.3080194653959
   4   ||  Biomass1 || limited ||       5.94764681589 ||0.2722168083281
   5   ||  Biomass2 || limited ||      5.369684100377 ||0.22403537614
   6   ||  vm_sigma || limited ||       71.4004171575 ||6.289966843697
   7   ||Recruit year 1 || limited ||      7.084083080387 ||0.3309701620587
   8   ||Recruit year 2 || limited ||      4.270008592672 ||0.2010024442069
   9   ||Recruit year 3 || limited ||      8.337766765456 ||0.4066286648146
  10   ||Recruit year 4 || limited ||      2.000580297885 ||0.1122161947867
  11   ||Mean Rec dist 1 || limited ||      1.103986351092 ||0.009623289302356
  12   ||Mean Rec dist 2 || limited ||     0.9001312450314 ||0.01105798194812
  13   ||Mean Rec dist 3 || limited ||     0.7495343990647 ||0.007930625553136
  14   ||Mean Rec dist 4 || limited ||     0.5117105609729 ||0.01506037378594





