# Minimum negative log likelihood

Minuit did successfully converge.
# of function calls: 1153
minimum function Value: 260.485389681
minimum edm: 4.019268389308e-05
minimum internal state vector: LAVector parameters:
    -0.6872774003141
    -0.9906351006232
     -1.287002217587
     -1.386537300192
     -1.521556331648
     -1.525216062908
   0.004574597558658
    -0.2671156230863
     -1.348781196144
     -1.290362911813
     -1.283590634212
     -1.029845685423

minimum internal covariance matrix: LASymMatrix parameters:
  9.6395999e-05 -3.4605785e-05              0  1.6513556e-07  2.7046769e-06  2.6328039e-06   6.456886e-07 -1.1728057e-05  1.3781456e-05   1.417773e-05  1.6045693e-05  3.4898989e-05
 -3.4605785e-05  1.3510038e-05              0 -9.7707668e-08 -1.0647727e-06 -1.0322268e-06  1.0428332e-08  4.5072299e-07    -5.0225e-06 -5.1684178e-06 -5.8473245e-06 -1.2851154e-05
              0              0              2              0              0              0              0              0              0              0              0              0
  1.6513556e-07 -9.7707668e-08              0  4.1262563e-05   4.291642e-08   3.500277e-08  3.7819747e-08  2.7606042e-08 -1.3234538e-07  3.0640543e-08  2.2530531e-08  3.8341119e-08
  2.7046769e-06 -1.0647727e-06              0   4.291642e-08  3.3797631e-07   2.836478e-07 -6.8034117e-10 -6.6896962e-08  3.9983344e-07  4.0542088e-07  4.5778331e-07  1.0058956e-06
  2.6328039e-06 -1.0322268e-06              0   3.500277e-08   2.836478e-07   2.426091e-07  4.4151465e-10 -6.1453248e-08  3.8431621e-07  3.9411048e-07  4.4535693e-07  9.7810683e-07
   6.456886e-07  1.0428332e-08              0  3.7819747e-08 -6.8034117e-10  4.4151465e-10  1.4383176e-07 -2.0240029e-06   7.144599e-08  7.7982765e-08  8.6713276e-08  1.6766297e-07
 -1.1728057e-05  4.5072299e-07              0  2.7606042e-08 -6.6896962e-08 -6.1453248e-08 -2.0240029e-06  6.3710663e-05 -1.4895388e-06 -1.4823125e-06 -1.6167056e-06 -3.2393835e-06
  1.3781456e-05    -5.0225e-06              0 -1.3234538e-07  3.9983344e-07  3.8431621e-07   7.144599e-08 -1.4895388e-06  2.3485009e-06  2.0299792e-06  2.2963107e-06  5.0004062e-06
   1.417773e-05 -5.1684178e-06              0  3.0640543e-08  4.0542088e-07  3.9411048e-07  7.7982765e-08 -1.4823125e-06  2.0299792e-06   2.413729e-06  2.3656053e-06   5.155885e-06
  1.6045693e-05 -5.8473245e-06              0  2.2530531e-08  4.5778331e-07  4.4535693e-07  8.6713276e-08 -1.6167056e-06  2.2963107e-06  2.3656053e-06   3.001919e-06  5.8366788e-06
  3.4898989e-05 -1.2851154e-05              0  3.8341119e-08  1.0058956e-06  9.7810683e-07  1.6766297e-07 -3.2393835e-06  5.0004062e-06   5.155885e-06  5.8366788e-06  1.3123355e-05


# ext. ||   Name    ||   type  ||     Value     ||  Error +/- 

   0   ||Natural mortality || limited ||    0.05483474527832 ||0.0008049490513854
   1   ||Targeted q || limited ||      8.181285837861 ||0.07123430513503
   2   ||Nontargeted q || limited ||                   2 ||22.06548931833
   3   ||     sigma || limited ||     0.8463859865425 ||0.04161023012118
   4   ||  Biomass1 || limited ||      0.606021820124 ||0.01011674065135
   5   ||  Biomass2 || limited ||     0.5193001981999 ||0.007934781750873
   6   ||   vm_mean || limited ||    0.01437147195813 ||0.000842476371655
   7   ||  vm_sigma || limited ||      29.44261387654 ||0.2177518581019
   8   ||Recruit year 1 || limited ||      1.237091929137 ||0.01192932209259
   9   ||Recruit year 2 || limited ||      1.963026109372 ||0.01520120944954
  10   ||Recruit year 3 || limited ||      2.057836603814 ||0.01735069498796
  11   ||Recruit year 4 || limited ||      7.148309351215 ||0.0659476849825





