# Minimum negative log likelihood

Minuit did successfully converge.
# of function calls: 596
minimum function Value: 595.4866852557
minimum edm: 3.109082538565e-05
minimum internal state vector: LAVector parameters:
      0.411114451309
     -1.090043443685
     -1.287002217587
     -1.156157979179
     -1.442482809713
      -1.44955346219
     0.3854096636796
      -0.80754971298
    -0.9927332992925
     -1.017654296164
    -0.9418630593929
     -1.117147051079

minimum internal covariance matrix: LASymMatrix parameters:
   0.0049869391  -0.0003023294              0  -9.798579e-05 -7.5564185e-05 -4.8619723e-05  5.3341266e-05 -0.00022705235  0.00053077644  0.00042459142  0.00050670886  0.00037454169
  -0.0003023294  2.7703293e-05              0  7.4816556e-06  5.0890991e-06  3.1074321e-06  8.9482138e-07 -9.4903163e-06 -3.5955943e-05 -2.8707722e-05 -3.3845154e-05 -2.6967305e-05
              0              0              2              0              0              0              0              0              0              0              0              0
  -9.798579e-05  7.4816556e-06              0  0.00021319763 -2.2760252e-06 -2.1369094e-06 -5.4291964e-07   1.955608e-06 -1.1075212e-05   -8.93638e-06 -1.0437311e-05 -7.9363031e-06
 -7.5564185e-05  5.0890991e-06              0 -2.2760252e-06  1.6357714e-06  1.1007223e-06 -8.0964053e-07  2.8734953e-06 -8.2194803e-06 -7.0636568e-06 -8.1661069e-06 -5.8763649e-06
 -4.8619723e-05  3.1074321e-06              0 -2.1369094e-06  1.1007223e-06  7.9961243e-07 -6.3875997e-07  2.5217413e-06 -5.2465038e-06 -4.5774179e-06 -5.2635228e-06 -3.6978572e-06
  5.3341266e-05  8.9482138e-07              0 -5.4291964e-07 -8.0964053e-07 -6.3875997e-07  5.2743056e-06 -2.1345608e-05  3.8870015e-06  3.2001157e-06  3.9844971e-06  2.5277422e-06
 -0.00022705235 -9.4903163e-06              0   1.955608e-06  2.8734953e-06  2.5217413e-06 -2.1345608e-05  0.00022237477 -1.4199157e-05 -1.2074008e-05 -1.5618266e-05 -9.0428839e-06
  0.00053077644 -3.5955943e-05              0 -1.1075212e-05 -8.2194803e-06 -5.2465038e-06  3.8870015e-06 -1.4199157e-05  6.8166549e-05  4.6288186e-05  5.5193682e-05  4.1636513e-05
  0.00042459142 -2.8707722e-05              0   -8.93638e-06 -7.0636568e-06 -4.5774179e-06  3.2001157e-06 -1.2074008e-05  4.6288186e-05  4.6672963e-05  4.3991603e-05  3.3269795e-05
  0.00050670886 -3.3845154e-05              0 -1.0437311e-05 -8.1661069e-06 -5.2635228e-06  3.9844971e-06 -1.5618266e-05  5.5193682e-05  4.3991603e-05  6.2246358e-05  3.9320516e-05
  0.00037454169 -2.6967305e-05              0 -7.9363031e-06 -5.8763649e-06 -3.6978572e-06  2.5277422e-06 -9.0428839e-06  4.1636513e-05  3.3269795e-05  3.9320516e-05  4.2972021e-05


# ext. ||   Name    ||   type  ||     Value     ||  Error +/- 

   0   ||Natural mortality || limited ||    0.05499077916844 ||0.00114387196495
   1   ||Targeted q || limited ||       5.66764971593 ||0.08605607284873
   2   ||Nontargeted q || limited ||                   2 ||22.06548931833
   3   ||     sigma || limited ||      4.236896237714 ||0.2079655929492
   4   ||  Biomass1 || limited ||      4.110445366861 ||0.05786237791697
   5   ||  Biomass2 || limited ||      3.670458487427 ||0.0382372282588
   6   ||   vm_mean || limited ||      1.181046512209 ||0.00472748852125
   7   ||  vm_sigma || limited ||      11.09703998877 ||0.2915564490209
   8   ||Recruit year 1 || limited ||      8.133058242983 ||0.1594805047754
   9   ||Recruit year 2 || limited ||       7.46535352667 ||0.1268826688386
  10   ||Recruit year 3 || limited ||      9.576267858715 ||0.164078698969
  11   ||Recruit year 4 || limited ||      5.066804219075 ||0.1015601783356





