# Minimum negative log likelihood

Minuit did successfully converge.
# of function calls: 902
minimum function Value: 728.7851895467
minimum edm: 2.341089140036e-05
minimum internal state vector: LAVector parameters:
    -0.7161794666981
     -1.184760788081
     -1.287002217587
    -0.9956744277289
     -1.392967597063
     -1.399485907025
    0.08600532260172
     -1.052231973899
     -1.091069577409
     -1.070831092045
     -1.041516026598
    0.04749280844348
    0.07378330352281
     0.0862929837511
    0.05933600821731

minimum internal covariance matrix: LASymMatrix parameters:
    0.044480851  -0.0026818616              0  0.00015396196   0.0013055421   0.0012293311   -0.019410598   0.0058692968   0.0052893274   0.0056133564   0.0058012165  0.00021845123  0.00024326879  0.00022107858  0.00021382282
  -0.0026818616  0.00018491415              0 -9.7977367e-06 -8.9423533e-05 -8.4122992e-05  0.00091440438 -0.00036262995 -0.00032331057 -0.00034588151 -0.00037118627  -1.074981e-05 -1.3797195e-05 -1.1273386e-05 -1.2488769e-05
              0              0              2              0              0              0              0              0              0              0              0              0              0              0              0
  0.00015396196 -9.7977367e-06              0  0.00043029519  9.6860678e-07  1.1628657e-06  1.8069381e-05  1.7182344e-05   2.016292e-05  2.1149452e-05   2.283909e-05   1.333411e-06  1.3007117e-06  1.0521146e-06  1.5995708e-06
   0.0013055421 -8.9423533e-05              0  9.6860678e-07   6.896299e-05  6.2629291e-05 -0.00047502868  0.00017970825  0.00015971009  0.00016847469  0.00017954097  4.9695131e-06  6.2794738e-06  5.4651061e-06  5.9813628e-06
   0.0012293311 -8.4122992e-05              0  1.1628657e-06  6.2629291e-05  5.7131791e-05 -0.00044322259  0.00016873391  0.00015013775   0.0001585636   0.0001690703  4.7688059e-06  5.9718797e-06  5.1437845e-06  5.6388194e-06
   -0.019410598  0.00091440438              0  1.8069381e-05 -0.00047502868 -0.00044322259    0.042942645  -0.0024413596   -0.002219308  -0.0023435801  -0.0024415522 -0.00021876453 -0.00024123099 -0.00023129091 -0.00021888731
   0.0058692968 -0.00036262995              0  1.7182344e-05  0.00017970825  0.00016873391  -0.0024413596  0.00080916066  0.00069965441  0.00074320617  0.00077170008  2.6876816e-05  3.1626528e-05  2.8045064e-05  2.7430691e-05
   0.0052893274 -0.00032331057              0   2.016292e-05  0.00015971009  0.00015013775   -0.002219308  0.00069965441  0.00066318385  0.00066924366  0.00069792981   2.617828e-05   2.565882e-05  2.7078793e-05  2.5510297e-05
   0.0056133564 -0.00034588151              0  2.1149452e-05  0.00016847469   0.0001585636  -0.0023435801  0.00074320617  0.00066924366  0.00073948143  0.00073903484  2.6895172e-05  2.9971292e-05  2.6641053e-05  2.7373618e-05
   0.0058012165 -0.00037118627              0   2.283909e-05  0.00017954097   0.0001690703  -0.0024415522  0.00077170008  0.00069792981  0.00073903484   0.0008475953  2.8230481e-05  3.0686456e-05  2.8386604e-05  3.1589847e-05
  0.00021845123  -1.074981e-05              0   1.333411e-06  4.9695131e-06  4.7688059e-06 -0.00021876453  2.6876816e-05   2.617828e-05  2.6895172e-05  2.8230481e-05  4.3010975e-06  1.4378919e-06  1.8630771e-06  1.6574855e-06
  0.00024326879 -1.3797195e-05              0  1.3007117e-06  6.2794738e-06  5.9718797e-06 -0.00024123099  3.1626528e-05   2.565882e-05  2.9971292e-05  3.0686456e-05  1.4378919e-06  6.5498114e-06  1.6391331e-06  1.6746432e-06
  0.00022107858 -1.1273386e-05              0  1.0521146e-06  5.4651061e-06  5.1437845e-06 -0.00023129091  2.8045064e-05  2.7078793e-05  2.6641053e-05  2.8386604e-05  1.8630771e-06  1.6391331e-06  5.6900882e-06  1.7824067e-06
  0.00021382282 -1.2488769e-05              0  1.5995708e-06  5.9813628e-06  5.6388194e-06 -0.00021888731  2.7430691e-05  2.5510297e-05  2.7373618e-05  3.1589847e-05  1.6574855e-06  1.6746432e-06  1.7824067e-06  4.8633783e-06


# ext. ||   Name    ||   type  ||     Value     ||  Error +/- 

   0   ||Natural mortality || limited ||    0.02858731080514 ||0.002801920724831
   1   ||Targeted q || limited ||      3.679548510225 ||0.1810172270792
   2   ||Nontargeted q || limited ||                   2 ||22.06548931833
   3   ||     sigma || limited ||      8.043699838357 ||0.3989067153434
   4   ||  Biomass1 || limited ||      7.884952524983 ||0.5193631217221
   5   ||  Biomass2 || limited ||      7.318889572441 ||0.4555639290604
   6   ||  vm_sigma || limited ||        43.436430362 ||5.818626684114
   7   ||Recruit year 1 || limited ||      6.582761176125 ||0.4983799210749
   8   ||Recruit year 2 || limited ||      5.653382050011 ||0.420156287629
   9   ||Recruit year 3 || limited ||      6.129426560692 ||0.460831305994
  10   ||Recruit year 4 || limited ||      6.850781889591 ||0.5196262400713
  11   ||Mean Rec dist 1 || limited ||     0.4747495658949 ||0.01464820859594
  12   ||Mean Rec dist 2 || limited ||      0.737163759889 ||0.01804745399402
  13   ||Mean Rec dist 3 || limited ||     0.8618592713608 ||0.01680448863619
  14   ||Mean Rec dist 4 || limited ||     0.5930119635353 ||0.01556642484279





