# Minimum negative log likelihood

Minuit did successfully converge.
# of function calls: 1839
minimum function Value: 586.8426439856
minimum edm: 1.537678656473e-05
minimum internal state vector: LAVector parameters:
    0.08678674798839
     -1.337107310969
     -1.287002217587
     -1.164757850857
     -1.381562501911
     -1.386375973925
      3.034650244956
     -1.092270820613
     -1.022524614812
     -1.077226079415
     -1.065868605369
      0.111051679079
    0.08928099088876
    0.07859937103374
    0.05786670349052

minimum internal covariance matrix: LASymMatrix parameters:
    0.021762629  -0.0026830417              0  3.2614016e-05   0.0022143176   0.0021422286     0.01346246   0.0068840093   0.0080085375   0.0072540858   0.0072381412  0.00012576582  0.00014471594   0.0001550892  0.00013567995
  -0.0026830417  0.00035602116              0 -2.7620196e-06 -0.00029530304 -0.00028519625  -0.0013961113   -0.000885395  -0.0010279195 -0.00092994735 -0.00093820883 -1.3221721e-05 -1.6468575e-05 -1.8059951e-05 -1.6650669e-05
              0              0              2              0              0              0              0              0              0              0              0              0              0              0              0
  3.2614016e-05 -2.7620196e-06              0   0.0002016638  1.5188478e-06  1.4941693e-06 -7.4798518e-05  7.7681937e-06  1.1986824e-05  9.9476311e-06  1.1346116e-05  7.9888596e-07  8.7333249e-08  6.4319595e-08  2.9351821e-07
   0.0022143176 -0.00029530304              0  1.5188478e-06  0.00025822693  0.00024809491   0.0011731632  0.00073474477  0.00085094823  0.00076995824  0.00077687055  1.0017618e-05   1.320192e-05  1.5011279e-05  1.3719225e-05
   0.0021422286 -0.00028519625              0  1.4941693e-06  0.00024809491  0.00023853594   0.0011350473  0.00070981421  0.00082243443  0.00074419275  0.00075073411  9.8516976e-06  1.2817598e-05  1.4524417e-05  1.3275067e-05
     0.01346246  -0.0013961113              0 -7.4798518e-05   0.0011731632   0.0011350473     0.04568304   0.0038430181   0.0044994224   0.0040919323   0.0040900749   0.0001710057  0.00019901207   0.0001928688  0.00017759264
   0.0068840093   -0.000885395              0  7.7681937e-06  0.00073474477  0.00070981421   0.0038430181    0.002247564   0.0025939041   0.0023461753   0.0023549817  3.4561791e-05  4.3853254e-05  4.7616958e-05  4.2566215e-05
   0.0080085375  -0.0010279195              0  1.1986824e-05  0.00085094823  0.00082243443   0.0044994224   0.0025939041   0.0030271871   0.0027271754   0.0027387987  4.1951308e-05  5.0091477e-05   5.563432e-05  4.9892731e-05
   0.0072540858 -0.00092994735              0  9.9476311e-06  0.00076995824  0.00074419275   0.0040919323   0.0023461753   0.0027271754   0.0024844885   0.0024799232   3.887019e-05  4.6041865e-05  4.9014503e-05  4.5409813e-05
   0.0072381412 -0.00093820883              0  1.1346116e-05  0.00077687055  0.00075073411   0.0040900749   0.0023549817   0.0027387987   0.0024799232   0.0025290761  3.7962879e-05  4.5599386e-05  4.9428396e-05  4.6863019e-05
  0.00012576582 -1.3221721e-05              0  7.9888596e-07  1.0017618e-05  9.8516976e-06   0.0001710057  3.4561791e-05  4.1951308e-05   3.887019e-05  3.7962879e-05  5.6132949e-06  1.2289244e-06  1.0574835e-06  9.4885096e-07
  0.00014471594 -1.6468575e-05              0  8.7333249e-08   1.320192e-05  1.2817598e-05  0.00019901207  4.3853254e-05  5.0091477e-05  4.6041865e-05  4.5599386e-05  1.2289244e-06  3.8476898e-06  1.2821635e-06   1.063067e-06
   0.0001550892 -1.8059951e-05              0  6.4319595e-08  1.5011279e-05  1.4524417e-05   0.0001928688  4.7616958e-05   5.563432e-05  4.9014503e-05  4.9428396e-05  1.0574835e-06  1.2821635e-06  4.8159644e-06  1.3336593e-06
  0.00013567995 -1.6650669e-05              0  2.9351821e-07  1.3719225e-05  1.3275067e-05  0.00017759264  4.2566215e-05  4.9892731e-05  4.5409813e-05  4.6863019e-05  9.4885096e-07   1.063067e-06  1.3336593e-06  3.8403203e-06


# ext. ||   Name    ||   type  ||     Value     ||  Error +/- 

   0   ||Natural mortality || limited ||    0.04716694608963 ||0.002593314528175
   1   ||Targeted q || limited ||       1.35906205029 ||0.1544750201063
   2   ||Nontargeted q || limited ||                   2 ||22.06548931833
   3   ||     sigma || limited ||       4.06536386786 ||0.1983029166143
   4   ||  Biomass1 || limited ||      8.925677070648 ||1.068685992572
   5   ||  Biomass2 || limited ||       8.47864521211 ||1.001307691527
   6   ||  vm_sigma || limited ||      44.26999386417 ||5.987896550802
   7   ||Recruit year 1 || limited ||      5.625695931736 ||0.7715931490491
   8   ||Recruit year 2 || limited ||      7.337937010626 ||1.013530722621
   9   ||Recruit year 3 || limited ||      5.977053837918 ||0.834661690562
  10   ||Recruit year 4 || limited ||      6.248903994595 ||0.859838221663
  11   ||Mean Rec dist 1 || limited ||      1.108235627692 ||0.01664984691737
  12   ||Mean Rec dist 2 || limited ||     0.8916242693787 ||0.0138150252658
  13   ||Mean Rec dist 3 || limited ||     0.7851846669542 ||0.01546975995143
  14   ||Mean Rec dist 4 || limited ||     0.5783441392035 ||0.01383378587782





