# Minimum negative log likelihood

Minuit did successfully converge.
# of function calls: 905
minimum function Value: 613.3655561593
minimum edm: 1.2795121925e-06
minimum internal state vector: LAVector parameters:
     0.2330022067223
     -1.176756691171
     -1.287002217587
     -1.137640192349
     -1.469093431727
      -1.47339273596
     0.3294609649572
     -1.170427525087
     -1.112493211201
     -1.397433547835
     -1.047816666962
     0.1071218472504
     0.0546498161181
    0.07751139009904
    0.05046922418925

minimum internal covariance matrix: LASymMatrix parameters:
    0.014872489  -0.0012933413              0 -3.1671843e-05  0.00035449233  0.00033010508  -0.0072019391   0.0018703465   0.0021748644  0.00082767489   0.0024096397  5.8244993e-05  7.1689993e-05  6.7392656e-05  6.4085897e-05
  -0.0012933413  0.00013282802              0  3.3217981e-06 -3.6802956e-05 -3.4045406e-05  0.00046084446 -0.00017118155 -0.00019822966 -7.4434064e-05 -0.00022931085 -3.5947296e-06 -4.9762934e-06 -5.3601058e-06  -4.652792e-06
              0              0              2              0              0              0              0              0              0              0              0              0              0              0              0
 -3.1671843e-05  3.3217981e-06              0  0.00022511948 -3.5355403e-07 -2.9752857e-07 -5.7027253e-06 -5.7478936e-06  -5.226852e-06 -1.7484729e-06 -5.7899759e-06  3.4899328e-07  2.0649616e-07  2.9307532e-07    1.63757e-07
  0.00035449233 -3.6802956e-05              0 -3.5355403e-07  1.9094843e-05   1.684506e-05  -0.0001225509   4.746577e-05  5.4667245e-05  2.0503061e-05  6.3417586e-05  8.5978076e-07  1.3119885e-06  1.4521998e-06  1.2785307e-06
  0.00033010508 -3.4045406e-05              0 -2.9752857e-07   1.684506e-05  1.4958594e-05 -0.00011513906  4.4055207e-05  5.0787219e-05  1.9060155e-05  5.8822227e-05  8.3228992e-07  1.2346579e-06  1.3514201e-06  1.1926916e-06
  -0.0072019391  0.00046084446              0 -5.7027253e-06  -0.0001225509 -0.00011513906    0.023911436 -0.00081873451 -0.00097526907 -0.00036823959  -0.0010677491 -8.7214463e-05 -9.1307205e-05 -6.1111229e-05 -0.00010675394
   0.0018703465 -0.00017118155              0 -5.7478936e-06   4.746577e-05  4.4055207e-05 -0.00081873451  0.00025179975   0.0002770858  0.00010511485  0.00031130186  6.2107231e-06  8.5758797e-06  8.2927752e-06  7.6535083e-06
   0.0021748644 -0.00019822966              0  -5.226852e-06  5.4667245e-05  5.0787219e-05 -0.00097526907   0.0002770858   0.0003358434  0.00012160817   0.0003610163  7.8189623e-06  9.8158185e-06  9.8603107e-06  8.9629503e-06
  0.00082767489 -7.4434064e-05              0 -1.7484729e-06  2.0503061e-05  1.9060155e-05 -0.00036823959  0.00010511485  0.00012160817  6.0390979e-05  0.00013638743  3.0457141e-06  3.7944636e-06  2.4505796e-06   3.467137e-06
   0.0024096397 -0.00022931085              0 -5.7899759e-06  6.3417586e-05  5.8822227e-05  -0.0010677491  0.00031130186   0.0003610163  0.00013638743  0.00043330278  8.0987986e-06  1.0577856e-05  1.0486801e-05   1.029541e-05
  5.8244993e-05 -3.5947296e-06              0  3.4899328e-07  8.5978076e-07  8.3228992e-07 -8.7214463e-05  6.2107231e-06  7.8189623e-06  3.0457141e-06  8.0987986e-06  2.3036503e-06  4.8708073e-07   3.610474e-07  4.6629142e-07
  7.1689993e-05 -4.9762934e-06              0  2.0649616e-07  1.3119885e-06  1.2346579e-06 -9.1307205e-05  8.5758797e-06  9.8158185e-06  3.7944636e-06  1.0577856e-05  4.8708073e-07  1.4170477e-06  4.2320556e-07  5.1889291e-07
  6.7392656e-05 -5.3601058e-06              0  2.9307532e-07  1.4521998e-06  1.3514201e-06 -6.1111229e-05  8.2927752e-06  9.8603107e-06  2.4505796e-06  1.0486801e-05   3.610474e-07  4.2320556e-07  9.3937305e-06   3.970167e-07
  6.4085897e-05  -4.652792e-06              0    1.63757e-07  1.2785307e-06  1.1926916e-06 -0.00010675394  7.6535083e-06  8.9629503e-06   3.467137e-06   1.029541e-05  4.6629142e-07  5.1889291e-07   3.970167e-07  1.1450095e-06


# ext. ||   Name    ||   type  ||     Value     ||  Error +/- 

   0   ||Natural mortality || limited ||    0.05077249098831 ||0.002094986740333
   1   ||Targeted q || limited ||      3.831715262855 ||0.1564363193892
   2   ||Nontargeted q || limited ||                   2 ||22.06548931833
   3   ||     sigma || limited ||      4.617723781193 ||0.2226543607419
   4   ||  Biomass1 || limited ||      2.583641577247 ||0.1568544107032
   5   ||  Biomass2 || limited ||      2.369990222145 ||0.1329804739006
   6   ||  vm_sigma || limited ||      52.94165948819 ||4.130164543938
   7   ||Recruit year 1 || limited ||      3.963738925685 ||0.2186377516977
   8   ||Recruit year 2 || limited ||      5.169257236175 ||0.2866219337526
   9   ||Recruit year 3 || limited ||     0.7594114259683 ||0.04738857753395
  10   ||Recruit year 4 || limited ||      6.692591890394 ||0.3675323656654
  11   ||Mean Rec dist 1 || limited ||      1.069170926221 ||0.01067079138252
  12   ||Mean Rec dist 2 || limited ||     0.5462261730134 ||0.00840481822371
  13   ||Mean Rec dist 3 || limited ||     0.7743379847121 ||0.0216071645184
  14   ||Mean Rec dist 4 || limited ||     0.5044780153269 ||0.007556769215971





