# Minimum negative log likelihood

WARNING: Minuit did not converge.

# of function calls: 1065
minimum function Value: 584.0774859335
minimum edm: 108.8257863034
minimum internal state vector: LAVector parameters:
      -1.60849371929
     -1.272121896004
     -1.287002217587
     -1.131871218607
     -1.508230775854
     -1.509117182162
    -0.5209659102467
     -1.274622202065
     -1.408255935312
     -1.343443184648
     -1.244719055969
     0.1128956839343
    -0.3195730149773
    0.05085818691722
    0.07721653453374

minimum internal covariance matrix: LASymMatrix parameters:
    0.008125171  0.00013254237              0  0.00065541295 -1.8003763e-05 -1.5701428e-05  -0.0031569146   0.0001163169  0.00023745881  4.7467184e-05  0.00017348943   0.0001423623 -3.9175989e-08  0.00012422852  6.6970696e-05
  0.00013254237  4.6334923e-05              0   1.417081e-05  3.3941543e-07 -2.8207471e-07 -2.5927135e-05 -1.3213226e-05  1.8561928e-05 -1.2165506e-05 -2.7526034e-05 -9.3683517e-06  1.4583256e-09  4.9001364e-06   2.654468e-06
              0              0              2              0              0              0              0              0              0              0              0              0              0              0              0
  0.00065541295   1.417081e-05              0  0.00041585641 -6.2443334e-07 -6.1851136e-07 -0.00032435215  1.6212404e-05  4.1018496e-05  1.3472524e-05   6.401454e-05  6.8293399e-06 -1.5811269e-08  2.4498959e-05  3.9995041e-06
 -1.8003763e-05  3.3941543e-07              0 -6.2443334e-07  3.7655923e-07  2.6693992e-07  1.9853615e-05 -2.2313165e-08 -1.1839669e-08 -5.7956807e-07 -1.1319859e-06 -7.8693465e-07  9.5106977e-10  4.6957522e-10 -5.6202664e-07
 -1.5701428e-05 -2.8207471e-07              0 -6.1851136e-07  2.6693992e-07  2.7740454e-07  1.7717295e-05 -3.1198874e-07 -4.0441377e-07 -6.4229196e-08 -4.8607913e-08 -4.9491394e-07   6.604088e-10 -3.8134307e-07 -2.9417145e-07
  -0.0031569146 -2.5927135e-05              0 -0.00032435215  1.9853615e-05  1.7717295e-05   0.0029778289  -2.735848e-05 -7.3125693e-05 -3.5324223e-05   -8.84114e-05 -0.00011303869  1.1751176e-07 -5.7862702e-05 -6.1239424e-05
   0.0001163169 -1.3213226e-05              0  1.6212404e-05 -2.2313165e-08 -3.1198874e-07  -2.735848e-05  2.2380337e-05 -3.4312359e-06   4.779944e-06  1.5527005e-05  3.3319307e-06 -1.7393037e-10  5.8920343e-07 -1.5319504e-06
  0.00023745881  1.8561928e-05              0  4.1018496e-05 -1.1839669e-08 -4.0441377e-07 -7.3125693e-05 -3.4312359e-06  3.6231169e-05 -8.8333554e-06 -1.0533318e-05 -6.0711466e-06  4.4135654e-09  1.5956131e-05  -1.198067e-06
  4.7467184e-05 -1.2165506e-05              0  1.3472524e-05 -5.7956807e-07 -6.4229196e-08 -3.5324223e-05   4.779944e-06 -8.8333554e-06  1.9862415e-05  1.1750762e-05   2.351503e-06  2.5891606e-09 -7.4178365e-06   3.911003e-06
  0.00017348943 -2.7526034e-05              0   6.401454e-05 -1.1319859e-06 -4.8607913e-08   -8.84114e-05  1.5527005e-05 -1.0533318e-05  1.1750762e-05  7.0166734e-05  1.0533692e-05  3.4490485e-09 -2.8236458e-06  4.8419551e-06
   0.0001423623 -9.3683517e-06              0  6.8293399e-06 -7.8693465e-07 -4.9491394e-07 -0.00011303869  3.3319307e-06 -6.0711466e-06   2.351503e-06  1.0533692e-05  3.0107486e-05 -3.7978954e-10 -6.5059858e-09  -8.167357e-08
 -3.9175989e-08  1.4583256e-09              0 -1.5811269e-08  9.5106977e-10   6.604088e-10  1.1751176e-07 -1.7393037e-10  4.4135654e-09  2.5891606e-09  3.4490485e-09 -3.7978954e-10  1.9049587e-11 -1.0538622e-09 -3.6956544e-09
  0.00012422852  4.9001364e-06              0  2.4498959e-05  4.6957522e-10 -3.8134307e-07 -5.7862702e-05  5.8920343e-07  1.5956131e-05 -7.4178365e-06 -2.8236458e-06 -6.5059858e-09 -1.0538622e-09  3.5688514e-05 -3.6708515e-06
  6.6970696e-05   2.654468e-06              0  3.9995041e-06 -5.6202664e-07 -2.9417145e-07 -6.1239424e-05 -1.5319504e-06  -1.198067e-06   3.911003e-06  4.8419551e-06  -8.167357e-08 -3.6956544e-09 -3.6708515e-06  7.9085068e-06


# ext. ||   Name    ||   type  ||     Value     ||  Error +/- 

   0   ||Natural mortality || limited ||    0.02001776156396 ||6.001441953661e-05
   1   ||Targeted q || limited ||       2.21363089147 ||0.0708156608495
   2   ||Nontargeted q || limited ||                   2 ||22.06548931833
   3   ||     sigma || limited ||       4.73955103481 ||0.3063843430831
   4   ||  Biomass1 || limited ||     0.9782928556091 ||0.0135651168687
   5   ||  Biomass2 || limited ||     0.9507777416529 ||0.0114782246573
   6   ||  vm_sigma || limited ||      20.09202320463 ||1.338352299516
   7   ||Recruit year 1 || limited ||       2.18677639846 ||0.0488116172719
   8   ||Recruit year 2 || limited ||     0.6689657159346 ||0.03443489419387
   9   ||Recruit year 3 || limited ||      1.296550946153 ||0.03551239575895
  10   ||Recruit year 4 || limited ||       2.64442680289 ||0.09485747708007
  11   ||Mean Rec dist 1 || limited ||      1.126560192748 ||0.03855206297887
  12   ||Mean Rec dist 2 || limited ||     -3.141612226466 ||2.929969646814e-05
  13   ||Mean Rec dist 3 || limited ||     0.5083626516806 ||0.04218771826079
  14   ||Mean Rec dist 4 || limited ||     0.7713982484917 ||0.01982603900486



WARNING: FunctionMinimum is invalid: 
	 Edm is above max


