# Minimum negative log likelihood

Minuit did successfully converge.
# of function calls: 1166
minimum function Value: 548.4087264613
minimum edm: 1.171827397514e-05
minimum internal state vector: LAVector parameters:
    -0.5548059917333
      -1.20846023192
     -1.287002217587
       -1.2010419488
     -1.391118382719
     -1.396930306878
   -0.07195132220312
    -0.9328074813709
     -1.316254553456
      -1.07931261424
     -1.050568461697
     0.1147886165165
    0.07646479083005
    0.03694949886549
    0.03255804414104

minimum internal covariance matrix: LASymMatrix parameters:
   0.0067659598 -0.00049222305              0 -1.0752812e-09  0.00025399279  0.00024101764   -0.002297361   0.0013073835  0.00055269753   0.0010275251   0.0010281249  3.3241202e-05  5.6498909e-05  4.2455272e-05  3.5719065e-05
 -0.00049222305  4.0245983e-05              0  5.6989829e-07 -2.0854445e-05  -1.972292e-05   0.0001265979 -9.7943637e-05 -3.9920623e-05 -7.6793781e-05 -7.8929291e-05 -1.9297143e-06 -4.2069683e-06 -2.6053897e-06 -2.5050874e-06
              0              0              2              0              0              0              0              0              0              0              0              0              0              0              0
 -1.0752812e-09  5.6989829e-07              0  0.00017106978 -9.9806792e-07 -8.2578458e-07 -1.9970603e-05 -1.4361239e-06 -3.4186895e-07 -2.4381053e-07 -8.7572096e-07  1.3083772e-07 -3.3141798e-07  -8.303876e-08  1.0435108e-07
  0.00025399279 -2.0854445e-05              0 -9.9806792e-07  1.5612741e-05  1.4336923e-05 -6.6881333e-05  5.0930428e-05  2.0573476e-05  3.9626576e-05  4.0940729e-05  8.8276055e-07  2.1589646e-06  1.3579494e-06  1.2481487e-06
  0.00024101764  -1.972292e-05              0 -8.2578458e-07  1.4336923e-05  1.3215678e-05 -6.3862521e-05  4.8232665e-05  1.9530053e-05  3.7568605e-05  3.8782216e-05   8.590201e-07   2.045302e-06  1.2893249e-06  1.1906278e-06
   -0.002297361   0.0001265979              0 -1.9970603e-05 -6.6881333e-05 -6.3862521e-05   0.0051050695 -0.00041328609 -0.00018400468 -0.00032844031 -0.00033422101 -3.1944705e-05 -2.2453972e-05 -3.6016687e-05 -2.8430595e-05
   0.0013073835 -9.7943637e-05              0 -1.4361239e-06  5.0930428e-05  4.8232665e-05 -0.00041328609  0.00026021616   0.0001060703  0.00019999732  0.00020113318  5.8836504e-06   1.144778e-05  7.8931601e-06  6.7876322e-06
  0.00055269753 -3.9920623e-05              0 -3.4186895e-07  2.0573476e-05  1.9530053e-05 -0.00018400468   0.0001060703  5.2077029e-05  8.3644454e-05  8.3711471e-05  2.6836093e-06  3.0757345e-06  3.5367107e-06  2.8968629e-06
   0.0010275251 -7.6793781e-05              0 -2.4381053e-07  3.9626576e-05  3.7568605e-05 -0.00032844031  0.00019999732  8.3644454e-05  0.00016261526  0.00015812613  4.7544594e-06  8.5562814e-06  6.1414375e-06  5.4971631e-06
   0.0010281249 -7.8929291e-05              0 -8.7572096e-07  4.0940729e-05  3.8782216e-05 -0.00033422101  0.00020113318  8.3711471e-05  0.00015812613  0.00017173902  4.6966873e-06   8.520004e-06  6.0494739e-06  5.8769722e-06
  3.3241202e-05 -1.9297143e-06              0  1.3083772e-07  8.8276055e-07   8.590201e-07 -3.1944705e-05  5.8836504e-06  2.6836093e-06  4.7544594e-06  4.6966873e-06  9.6202657e-07  3.2120679e-07  3.3142002e-07  2.3984646e-07
  5.6498909e-05 -4.2069683e-06              0 -3.3141798e-07  2.1589646e-06   2.045302e-06 -2.2453972e-05   1.144778e-05  3.0757345e-06  8.5562814e-06   8.520004e-06  3.2120679e-07   7.404319e-06  4.2404298e-07  3.0876524e-07
  4.2455272e-05 -2.6053897e-06              0  -8.303876e-08  1.3579494e-06  1.2893249e-06 -3.6016687e-05  7.8931601e-06  3.5367107e-06  6.1414375e-06  6.0494739e-06  3.3142002e-07  4.2404298e-07  9.4411138e-07  3.0016299e-07
  3.5719065e-05 -2.5050874e-06              0  1.0435108e-07  1.2481487e-06  1.1906278e-06 -2.8430595e-05  6.7876322e-06  2.8968629e-06  5.4971631e-06  5.8769722e-06  2.3984646e-07  3.0876524e-07  3.0016299e-07  8.4629531e-07


# ext. ||   Name    ||   type  ||     Value     ||  Error +/- 

   0   ||Natural mortality || limited ||    0.03183053993559 ||0.001235279130907
   1   ||Targeted q || limited ||      3.246433767834 ||0.0795026455198
   2   ||Nontargeted q || limited ||                   2 ||22.06548931833
   3   ||     sigma || limited ||      3.379193090557 ||0.1671118666906
   4   ||  Biomass1 || limited ||      8.049350350146 ||0.2496602847787
   5   ||  Biomass2 || limited ||      7.538329556076 ||0.2223431137409
   6   ||  vm_sigma || limited ||      37.12496569028 ||2.014793210375
   7   ||Recruit year 1 || limited ||      9.844257111717 ||0.3396332435979
   8   ||Recruit year 2 || limited ||      1.620899910653 ||0.06423798630597
   9   ||Recruit year 3 || limited ||      5.927727460947 ||0.212749262082
  10   ||Recruit year 4 || limited ||      6.624041754303 ||0.2302842716057
  11   ||Mean Rec dist 1 || limited ||      1.145366985816 ||0.006889869105835
  12   ||Mean Rec dist 2 || limited ||     0.7639029940197 ||0.01918476244015
  13   ||Mean Rec dist 3 || limited ||      0.369410917936 ||0.006865940796608
  14   ||Mean Rec dist 4 || limited ||     0.3255229238239 ||0.006501532170628





