# Minimum negative log likelihood

Minuit did successfully converge.
# of function calls: 1500
minimum function Value: 558.7191666653
minimum edm: 9.625759090999e-05
minimum internal state vector: LAVector parameters:
     -1.146401553118
     -1.081457987946
     -1.287002217587
     -1.191659041278
     -1.360132332918
     -1.369422426295
     0.1325380204312
     -1.013056927146
      -1.50737010262
     -1.241699143328
     -1.126416605427
      0.118810140935
    0.07956477629588
    0.06007029337089
    0.02534719014871

minimum internal covariance matrix: LASymMatrix parameters:
    0.038181669  -0.0011128754              0  0.00029690965  0.00049714249  0.00046255183  -0.0083927334   0.0022530176   0.0002843054   0.0013905013   0.0016652595  0.00010448526   0.0006328123  9.6954777e-05  6.6297256e-05
  -0.0011128754  3.7625523e-05              0 -1.1625908e-05 -1.6791292e-05 -1.5534142e-05  0.00022721021  -6.665405e-05 -5.1851204e-06 -4.0721585e-05 -5.1485796e-05 -2.7359592e-06 -3.1261365e-05  -2.613328e-06 -1.5530297e-06
              0              0              2              0              0              0              0              0              0              0              0              0              0              0              0
  0.00029690965 -1.1625908e-05              0  0.00019109455  3.4178896e-06  3.5062179e-06 -0.00012336269  1.9812726e-05 -2.8758396e-06  1.1455778e-05  1.8705639e-05  1.5822788e-06  4.5480715e-05  1.3083809e-06  -3.193343e-07
  0.00049714249 -1.6791292e-05              0  3.4178896e-06  1.1233159e-05  1.0005487e-05 -9.8102381e-05  2.9879321e-05  2.7320838e-06  1.8141511e-05  2.2562775e-05  1.1225193e-06  1.1666805e-05  1.1127323e-06  7.8569877e-07
  0.00046255183 -1.5534142e-05              0  3.5062179e-06  1.0005487e-05  8.9686872e-06 -9.2409737e-05   2.776716e-05  2.4914074e-06  1.6877647e-05  2.1044053e-05  1.0731876e-06  1.1161529e-05  1.0526021e-06  7.1919573e-07
  -0.0083927334  0.00022721021              0 -0.00012336269 -9.8102381e-05 -9.2409737e-05   0.0068137388 -0.00049759191  -5.201183e-05 -0.00029551841 -0.00038189619 -4.5982853e-05 -0.00029062371 -4.6658171e-05 -2.9307683e-05
   0.0022530176  -6.665405e-05              0  1.9812726e-05  2.9879321e-05   2.776716e-05 -0.00049759191   0.0001380082  1.5983588e-05  8.2567734e-05  9.8890568e-05  6.2689621e-06  4.1806719e-05   5.611157e-06  3.7896542e-06
   0.0002843054 -5.1851204e-06              0 -2.8758396e-06  2.7320838e-06  2.4914074e-06  -5.201183e-05  1.5983588e-05  1.4074943e-05  1.0699013e-05  9.3835109e-06   8.022448e-07  -1.977162e-05  4.7398209e-07  8.2966872e-07
   0.0013905013 -4.0721585e-05              0  1.1455778e-05  1.8141511e-05  1.6877647e-05 -0.00029551841  8.2567734e-05  1.0699013e-05  5.5850919e-05  6.0921681e-05  3.9284566e-06  1.9360173e-05  3.1900072e-06  2.3516678e-06
   0.0016652595 -5.1485796e-05              0  1.8705639e-05  2.2562775e-05  2.1044053e-05 -0.00038189619  9.8890568e-05  9.3835109e-06  6.0921681e-05  8.2807166e-05  4.6134834e-06   4.043024e-05  4.3686617e-06  2.7304885e-06
  0.00010448526 -2.7359592e-06              0  1.5822788e-06  1.1225193e-06  1.0731876e-06 -4.5982853e-05  6.2689621e-06   8.022448e-07  3.9284566e-06  4.6134834e-06  9.5507848e-07  2.6709134e-06  3.6672813e-07  2.2132177e-07
   0.0006328123 -3.1261365e-05              0  4.5480715e-05  1.1666805e-05  1.1161529e-05 -0.00029062371  4.1806719e-05  -1.977162e-05  1.9360173e-05   4.043024e-05  2.6709134e-06  0.00022142342  3.7235177e-06 -6.2709758e-07
  9.6954777e-05  -2.613328e-06              0  1.3083809e-06  1.1127323e-06  1.0526021e-06 -4.6658171e-05   5.611157e-06  4.7398209e-07  3.1900072e-06  4.3686617e-06  3.6672813e-07  3.7235177e-06  1.0853057e-06  2.4446978e-07
  6.6297256e-05 -1.5530297e-06              0  -3.193343e-07  7.8569877e-07  7.1919573e-07 -2.9307683e-05  3.7896542e-06  8.2966872e-07  2.3516678e-06  2.7304885e-06  2.2132177e-07 -6.2709758e-07  2.4446978e-07  5.1818193e-07


# ext. ||   Name    ||   type  ||     Value     ||  Error +/- 

   0   ||Natural mortality || limited ||    0.02221779716316 ||0.001417828587586
   1   ||Targeted q || limited ||      5.867796984325 ||0.1019369334376
   2   ||Nontargeted q || limited ||                   2 ||22.06548931833
   3   ||     sigma || limited ||      3.550785579686 ||0.1808896883983
   4   ||  Biomass1 || limited ||      11.05385848188 ||0.2477871680466
   5   ||  Biomass2 || limited ||      10.10364947684 ||0.2117791074137
   6   ||  vm_sigma || limited ||      45.28644699447 ||2.31291663647
   7   ||Recruit year 1 || limited ||      7.586555027371 ||0.2198041711553
   8   ||Recruit year 2 || limited ||     0.1105283826478 ||0.008406438075774
   9   ||Recruit year 3 || limited ||      2.693006205391 ||0.08538488741406
  10   ||Recruit year 4 || limited ||      4.865639609151 ||0.1382954492714
  11   ||Mean Rec dist 1 || limited ||      1.185308204704 ||0.006861704963009
  12   ||Mean Rec dist 2 || limited ||     0.7948085468327 ||0.1048848223582
  13   ||Mean Rec dist 3 || limited ||     0.6003417321201 ||0.007353209941599
  14   ||Mean Rec dist 4 || limited ||     0.2534447605858 ||0.005088462596698





