# Minimum negative log likelihood

Minuit did successfully converge.
# of function calls: 1340
minimum function Value: 400.109357967
minimum edm: 5.726089789648e-05
minimum internal state vector: LAVector parameters:
     0.4269551221095
     -1.066031577995
     -1.287002217587
     -1.312695790262
     -1.503373874569
     -1.507691305514
    -0.2360070755262
     -0.956175173967
     -1.404020257069
     -1.040841771947
     -1.165465063021
     0.1150062287981
    0.07976827671988
    0.09055495242251
    0.04813231423365

minimum internal covariance matrix: LASymMatrix parameters:
   0.0041201491  -0.0002422068              0  0.00010036771  3.8138941e-05  3.4072379e-05   -0.000679039  0.00051118499   0.0001425628  0.00044566563  0.00031146785  1.6635431e-05  2.5249847e-05  1.8537508e-05   1.843115e-05
  -0.0002422068   1.724564e-05              0 -7.7723668e-06 -2.6023324e-06 -2.3102397e-06  2.9328415e-05 -3.1001519e-05 -8.8799469e-06 -2.7452665e-05 -1.9286753e-05 -6.0799255e-07  -1.311632e-06 -9.1554345e-07 -1.0052938e-06
              0              0              2              0              0              0              0              0              0              0              0              0              0              0              0
  0.00010036771 -7.7723668e-06              0  0.00012715922 -8.8806188e-08  3.8190247e-08  -9.127356e-06  1.2982486e-05  3.4757308e-06  1.1767996e-05  1.0830081e-05  4.7891296e-07  2.1675654e-07   5.274082e-07  4.6603237e-07
  3.8138941e-05 -2.6023324e-06              0 -8.8806188e-08  1.7183343e-06  1.3843313e-06 -4.4229011e-06  4.8245071e-06  1.2362356e-06  4.3072178e-06  3.1690753e-06  9.6594104e-08  1.6809422e-07  1.8743006e-07  1.1913002e-07
  3.4072379e-05 -2.3102397e-06              0  3.8190247e-08  1.3843313e-06  1.1289831e-06 -3.9942183e-06  4.3048558e-06  1.1127204e-06  3.8363809e-06  2.8049828e-06  8.8569947e-08  1.6441011e-07  1.6409606e-07  1.0960579e-07
   -0.000679039  2.9328415e-05              0  -9.127356e-06 -4.4229011e-06 -3.9942183e-06  0.00049602992 -8.2722762e-05 -1.8675924e-05 -7.2808153e-05 -4.6776129e-05 -6.5502358e-06 -6.7920893e-06 -6.3314332e-06 -7.4333398e-06
  0.00051118499 -3.1001519e-05              0  1.2982486e-05  4.8245071e-06  4.3048558e-06 -8.2722762e-05  6.6125348e-05  1.8012447e-05  5.5493879e-05  3.9789854e-05  1.8745014e-06  3.3387473e-06  2.3356929e-06  2.3343085e-06
   0.0001425628 -8.8799469e-06              0  3.4757308e-06  1.2362356e-06  1.1127204e-06 -1.8675924e-05  1.8012447e-05  7.8608565e-06  1.4917429e-05  1.1091753e-05  5.4616838e-07  4.6259133e-07  4.8064895e-07  6.0307632e-07
  0.00044566563 -2.7452665e-05              0  1.1767996e-05  4.3072178e-06  3.8363809e-06 -7.2808153e-05  5.5493879e-05  1.4917429e-05  5.1290983e-05   3.356513e-05  1.7552612e-06  2.5087853e-06  1.8975935e-06  1.9491746e-06
  0.00031146785 -1.9286753e-05              0  1.0830081e-05  3.1690753e-06  2.8049828e-06 -4.6776129e-05  3.9789854e-05  1.1091753e-05   3.356513e-05  2.8474131e-05  1.0409149e-06  2.5143179e-06  1.4721018e-06  1.1248609e-06
  1.6635431e-05 -6.0799255e-07              0  4.7891296e-07  9.6594104e-08  8.8569947e-08 -6.5502358e-06  1.8745014e-06  5.4616838e-07  1.7552612e-06  1.0409149e-06  2.9912144e-07 -6.6430396e-08   8.272707e-08  9.6216518e-08
  2.5249847e-05  -1.311632e-06              0  2.1675654e-07  1.6809422e-07  1.6441011e-07 -6.7920893e-06  3.3387473e-06  4.6259133e-07  2.5087853e-06  2.5143179e-06 -6.6430396e-08  1.7792199e-06  2.2505711e-07  7.9794637e-08
  1.8537508e-05 -9.1554345e-07              0   5.274082e-07  1.8743006e-07  1.6409606e-07 -6.3314332e-06  2.3356929e-06  4.8064895e-07  1.8975935e-06  1.4721018e-06   8.272707e-08  2.2505711e-07  2.6344965e-07   1.504659e-07
   1.843115e-05 -1.0052938e-06              0  4.6603237e-07  1.1913002e-07  1.0960579e-07 -7.4333398e-06  2.3343085e-06  6.0307632e-07  1.9491746e-06  1.1248609e-06  9.6216518e-08  7.9794637e-08   1.504659e-07  3.8201688e-07


# ext. ||   Name    ||   type  ||     Value     ||  Error +/- 

   0   ||Natural mortality || limited ||    0.05535252961324 ||0.00103248537296
   1   ||Targeted q || limited ||      6.235586675571 ||0.07100382001855
   2   ||Nontargeted q || limited ||                   2 ||22.06548931833
   3   ||     sigma || limited ||      1.656172519557 ||0.1017608381988
   4   ||  Biomass1 || limited ||      1.136016327506 ||0.03122369058339
   5   ||  Biomass2 || limited ||     0.9952305910497 ||0.02369050491688
   6   ||  vm_sigma || limited ||      30.64772640457 ||0.6124443222075
   7   ||Recruit year 1 || limited ||      9.159486590517 ||0.1657695455749
   8   ||Recruit year 2 || limited ||     0.7036768195363 ||0.01645374738093
   9   ||Recruit year 3 || limited ||      6.867811967046 ||0.1279812496328
  10   ||Recruit year 4 || limited ||      4.061003729243 ||0.07438547155884
  11   ||Mean Rec dist 1 || limited ||      1.147528760469 ||0.003841760853966
  12   ||Mean Rec dist 2 || limited ||     0.7968370966469 ||0.009401920703194
  13   ||Mean Rec dist 3 || limited ||     0.9043124171148 ||0.00361452068469
  14   ||Mean Rec dist 4 || limited ||     0.4811373153977 ||0.00436538949204





