# Minimum negative log likelihood

Minuit did successfully converge.
# of function calls: 438
minimum function Value: 124.2416043137
minimum edm: 7.799408225944e-05
minimum internal state vector: LAVector parameters:
     -1.098957374122
     -1.287002217587
     -1.209824795876
     -1.521442957733
     -1.525831255523
    0.02815316245407
    -0.9535088443813
     -1.171549947191
      -1.18048345443
     -1.077003960195
     -1.366018302036

minimum internal covariance matrix: LASymMatrix parameters:
  2.3713823e-05              0  7.2038424e-05  2.2317525e-07 -1.3168669e-06  1.2196269e-05 -4.7000374e-05 -3.1857722e-06 -1.9939477e-06 -5.6052652e-06  7.0951857e-07
              0              2              0              0              0              0              0              0              0              0              0
  7.2038424e-05              0   0.0017770127   3.257888e-05  9.2684697e-06  4.1037373e-05 -9.2085788e-05 -1.7294853e-05 -2.2977653e-05 -2.5349099e-05  8.5433336e-06
  2.2317525e-07              0   3.257888e-05  1.2722825e-05  6.1409689e-06  8.2874326e-08 -2.1843977e-06   7.368052e-07  3.7544517e-08 -1.2710324e-06  4.8899857e-07
 -1.3168669e-06              0  9.2684697e-06  6.1409689e-06  3.6610439e-06 -5.8397095e-07  2.8831733e-06  2.2109222e-07 -3.0140208e-07  1.7556774e-07   4.651769e-08
  1.2196269e-05              0  4.1037373e-05  8.2874326e-08 -5.8397095e-07  8.9313035e-06 -2.8286651e-05 -1.6774832e-06   -2.11012e-06 -1.9139614e-06  1.0767927e-07
 -4.7000374e-05              0 -9.2085788e-05 -2.1843977e-06  2.8831733e-06 -2.8286651e-05  0.00017153693  5.3521592e-06  4.5851219e-06  8.5293606e-06 -9.8239325e-07
 -3.1857722e-06              0 -1.7294853e-05   7.368052e-07  2.2109222e-07 -1.6774832e-06  5.3521592e-06  5.9960526e-06  1.2500495e-06 -6.5758142e-08   9.931321e-08
 -1.9939477e-06              0 -2.2977653e-05  3.7544517e-08 -3.0140208e-07   -2.11012e-06  4.5851219e-06  1.2500495e-06  3.0062804e-05 -2.2357181e-05  5.6587735e-06
 -5.6052652e-06              0 -2.5349099e-05 -1.2710324e-06  1.7556774e-07 -1.9139614e-06  8.5293606e-06 -6.5758142e-08 -2.2357181e-05  2.8210568e-05 -5.8507428e-06
  7.0951857e-07              0  8.5433336e-06  4.8899857e-07   4.651769e-08  1.0767927e-07 -9.8239325e-07   9.931321e-08  5.6587735e-06 -5.8507428e-06  6.7922349e-06


# ext. ||   Name    ||   type  ||     Value     ||  Error +/- 

   0   ||Targeted q || limited ||       5.46330276545 ||0.07825512251172
   1   ||Nontargeted q || limited ||                   2 ||22.06548931833
   2   ||     sigma || limited ||      3.222293163059 ||0.5263033583081
   3   ||  Biomass1 || limited ||     0.6088151673428 ||0.06221381012694
   4   ||  Biomass2 || limited ||      0.505379249607 ||0.03040788911277
   5   ||   vm_mean || limited ||    0.08843408510983 ||0.006636205751209
   6   ||  vm_sigma || limited ||      7.382846579158 ||0.2144172535356
   7   ||Recruit year 1 || limited ||      3.941896469768 ||0.03365003671547
   8   ||Recruit year 2 || limited ||      3.770120743256 ||0.0737487266221
   9   ||Recruit year 3 || limited ||      5.982316102595 ||0.08899509371773
  10   ||Recruit year 4 || limited ||       1.05458816734 ||0.01873533594481





