# Minimum negative log likelihood

Minuit did successfully converge.
# of function calls: 997
minimum function Value: 566.5355370724
minimum edm: 2.735077185833e-05
minimum internal state vector: LAVector parameters:
    -0.1821458940809
     -1.238188695716
     -1.287002217587
      -1.18434327391
     -1.441008946897
     -1.443223239477
     0.2422550678554
    -0.4558108517018
     -1.101217503775
     -1.246392676091
     -1.091729038917
     -1.078948816838

minimum internal covariance matrix: LASymMatrix parameters:
     0.10885891   -0.013142479              0  9.7624259e-05   0.0051697729   0.0050009849 -0.00010266087 -0.00041014725    0.018654707    0.013220367    0.018938245     0.01894282
   -0.013142479   0.0016005955              0 -1.3276501e-05 -0.00062950801 -0.00060886784  1.6569128e-05 -2.0522358e-05  -0.0022609621  -0.0016008681  -0.0022951865  -0.0022980522
              0              0              2              0              0              0              0              0              0              0              0              0
  9.7624259e-05 -1.3276501e-05              0  0.00017926358   3.272418e-06  3.3220015e-06 -1.1173501e-06  7.4340743e-06  1.7557255e-05  1.3978949e-05  1.8062447e-05  1.8469394e-05
   0.0051697729 -0.00062950801              0   3.272418e-06  0.00025806698  0.00024875114 -6.6188495e-06  9.6783701e-07  0.00089083872  0.00062946815  0.00090266941  0.00090369865
   0.0050009849 -0.00060886784              0  3.3220015e-06  0.00024875114  0.00023986944 -6.3403227e-06  1.6674222e-06  0.00086150117  0.00060892929  0.00087316136  0.00087413694
 -0.00010266087  1.6569128e-05              0 -1.1173501e-06 -6.6188495e-06 -6.3403227e-06   5.532787e-06 -5.1851393e-05 -2.0024243e-05 -1.3980147e-05 -2.0293942e-05 -2.0296901e-05
 -0.00041014725 -2.0522358e-05              0  7.4340743e-06  9.6783701e-07  1.6674222e-06 -5.1851393e-05   0.0022862647 -3.4561525e-05 -2.5779353e-05 -3.0582583e-05 -3.3238503e-05
    0.018654707  -0.0022609621              0  1.7557255e-05  0.00089083872  0.00086150117 -2.0024243e-05 -3.4561525e-05   0.0032097574   0.0022680758   0.0032514438   0.0032535543
    0.013220367  -0.0016008681              0  1.3978949e-05  0.00062946815  0.00060892929 -1.3980147e-05 -2.5779353e-05   0.0022680758   0.0016142657   0.0023032534   0.0023045599
    0.018938245  -0.0022951865              0  1.8062447e-05  0.00090266941  0.00087316136 -2.0293942e-05 -3.0582583e-05   0.0032514438   0.0023032534   0.0033065911   0.0033027594
     0.01894282  -0.0022980522              0  1.8469394e-05  0.00090369865  0.00087413694 -2.0296901e-05 -3.3238503e-05   0.0032535543   0.0023045599   0.0033027594     0.00331494


# ext. ||   Name    ||   type  ||     Value     ||  Error +/- 

   0   ||Natural mortality || limited ||    0.04047149040102 ||0.005684150636363
   1   ||Targeted q || limited ||      2.740292830243 ||0.4617775656657
   2   ||Nontargeted q || limited ||                   2 ||22.06548931833
   3   ||     sigma || limited ||       3.68741264128 ||0.1784131825683
   4   ||  Biomass1 || limited ||      4.205282936832 ||0.7350627319756
   5   ||  Biomass2 || limited ||      4.063207975298 ||0.6966492881149
   6   ||   vm_mean || limited ||     0.7536443686764 ||0.005072664971826
   7   ||  vm_sigma || limited ||      22.39309906564 ||1.214088023706
   8   ||Recruit year 1 || limited ||      5.421511075266 ||0.9060671713736
   9   ||Recruit year 2 || limited ||      2.617690331612 ||0.4526704395823
  10   ||Recruit year 3 || limited ||      5.638174929722 ||0.9367798277652
  11   ||Recruit year 4 || limited ||      5.936313946305 ||0.9609619353149





