# Minimum negative log likelihood

Minuit did successfully converge.
# of function calls: 805
minimum function Value: 470.202864432
minimum edm: 1.013763476473e-05
minimum internal state vector: LAVector parameters:
    -0.4099628025719
     -1.045771872395
     -1.287002217587
     -1.264972728055
     -1.531751299753
     -1.532823315868
    -0.4275528210658
     -1.178971103771
     -1.241527466572
     -1.346716563029
    -0.9510548793565
     -1.126699452017

minimum internal covariance matrix: LASymMatrix parameters:
    0.033239183  -0.0025710815              0  5.2073832e-05  0.00020118037  0.00018671211  0.00011394392 -0.00016035628   0.0016756555   0.0011038122   0.0029743466   0.0023902747
  -0.0025710815  0.00021433353              0 -4.7725267e-06 -1.6264311e-05 -1.5281423e-05  9.1879389e-07  9.8386026e-07 -0.00013112355 -8.6342481e-05 -0.00023255108 -0.00018660069
              0              0              2              0              0              0              0              0              0              0              0              0
  5.2073832e-05 -4.7725267e-06              0  0.00013662063 -2.7206044e-07 -2.5639684e-08  -4.630966e-07  7.1299772e-07  2.8210898e-06  2.1134949e-06  5.2231075e-06  4.1087711e-06
  0.00020118037 -1.6264311e-05              0 -2.7206044e-07  4.4520269e-06  3.3811151e-06  1.4817764e-07 -4.9745009e-07  1.1123888e-05  6.7813274e-06  1.8551691e-05  1.4607328e-05
  0.00018671211 -1.5281423e-05              0 -2.5639684e-08  3.3811151e-06  2.7571647e-06  1.2118471e-07 -3.0446771e-07  9.7875327e-06  6.2808109e-06  1.7186676e-05  1.3544883e-05
  0.00011394392  9.1879389e-07              0  -4.630966e-07  1.4817764e-07  1.2118471e-07  9.1139113e-06 -8.5632893e-06  4.4740535e-06  3.1896389e-06  8.9348405e-06  7.1434022e-06
 -0.00016035628  9.8386026e-07              0  7.1299772e-07 -4.9745009e-07 -3.0446771e-07 -8.5632893e-06  1.4954073e-05 -7.1412345e-06 -4.5119783e-06 -1.2808022e-05 -1.0300438e-05
   0.0016756555 -0.00013112355              0  2.8210898e-06  1.1123888e-05  9.7875327e-06  4.4740535e-06 -7.1412345e-06  8.8750721e-05  5.6159876e-05  0.00015016511  0.00012090162
   0.0011038122 -8.6342481e-05              0  2.1134949e-06  6.7813274e-06  6.2808109e-06  3.1896389e-06 -4.5119783e-06  5.6159876e-05  3.9495329e-05  9.9005002e-05  7.9144383e-05
   0.0029743466 -0.00023255108              0  5.2231075e-06  1.8551691e-05  1.7186676e-05  8.9348405e-06 -1.2808022e-05  0.00015016511  9.9005002e-05  0.00026969851  0.00021424169
   0.0023902747 -0.00018660069              0  4.1087711e-06  1.4607328e-05  1.3544883e-05  7.1434022e-06 -1.0300438e-05  0.00012090162  7.9144383e-05  0.00021424169   0.0001752391


# ext. ||   Name    ||   type  ||     Value     ||  Error +/- 

   0   ||Natural mortality || limited ||    0.03503561967068 ||0.002947678542229
   1   ||Targeted q || limited ||      6.734415774951 ||0.2594376335587
   2   ||Nontargeted q || limited ||                   2 ||22.06548931833
   3   ||     sigma || limited ||      2.320034599461 ||0.1244194223229
   4   ||  Biomass1 || limited ||     0.3810801169843 ||0.02911984830034
   5   ||  Biomass2 || limited ||     0.3604440747507 ||0.02228727231035
   6   ||   vm_mean || limited ||     -1.302646171417 ||0.006102675972738
   7   ||  vm_sigma || limited ||       3.03241846859 ||0.04176774901195
   8   ||Recruit year 1 || limited ||      2.695780825351 ||0.1076883827667
   9   ||Recruit year 2 || limited ||      1.259924752337 ||0.0493679506391
  10   ||Recruit year 3 || limited ||      9.307637263972 ||0.3371989204545
  11   ||Recruit year 4 || limited ||      4.859562264698 ||0.2010610782145





