# Minimum negative log likelihood

Minuit did successfully converge.
# of function calls: 535
minimum function Value: 655.2201114166
minimum edm: 3.956833230757e-06
minimum internal state vector: LAVector parameters:
     0.1017334980179
     -1.173229212295
     -1.287002217587
     -1.090938227351
     -1.514711679187
     -1.516140634899
    -0.6506622285426
    -0.0747353796849
     -1.229096391608
    -0.9342816809574
     -1.007872105981
     -1.097719106179

minimum internal covariance matrix: LASymMatrix parameters:
     0.05523729  -0.0053252235              0  9.1121955e-05  0.00081885433  0.00076049022  0.00010749157  -0.0021260696   0.0048375111    0.009389757   0.0078005262   0.0064399764
  -0.0053252235  0.00052752813              0 -9.6901437e-06 -8.1341457e-05 -7.5579116e-05 -5.0500711e-06  7.8822023e-05 -0.00047048229 -0.00091419748 -0.00075891089 -0.00062557783
              0              0              2              0              0              0              0              0              0              0              0              0
  9.1121955e-05 -9.6901437e-06              0  0.00029215791 -4.4322476e-07 -1.6316434e-07 -2.3742966e-07  3.7588487e-06  6.9730171e-06   1.644303e-05  1.4513711e-05  1.1023164e-05
  0.00081885433 -8.1341457e-05              0 -4.4322476e-07  8.1322812e-05  6.3664551e-05  5.0681923e-07 -6.3014682e-05  0.00010272109  0.00014106697    0.000117288  9.6543413e-05
  0.00076049022 -7.5579116e-05              0 -1.6316434e-07  6.3664551e-05  5.0830967e-05  5.5882729e-07 -4.1087031e-05  8.7864052e-05  0.00013099917  0.00010889126  8.9671708e-05
  0.00010749157 -5.0500711e-06              0 -2.3742966e-07  5.0681923e-07  5.5882729e-07  9.1548902e-06 -0.00018075633  7.5263922e-06  1.5018761e-05  1.2504278e-05  1.0417762e-05
  -0.0021260696  7.8822023e-05              0  3.7588487e-06 -6.3014682e-05 -4.1087031e-05 -0.00018075633   0.0076485843 -0.00019921462 -0.00027932567 -0.00023544201 -0.00020213516
   0.0048375111 -0.00047048229              0  6.9730171e-06  0.00010272109  8.7864052e-05  7.5263922e-06 -0.00019921462  0.00046334283  0.00082469837   0.0006851041  0.00056518516
    0.009389757 -0.00091419748              0   1.644303e-05  0.00014106697  0.00013099917  1.5018761e-05 -0.00027932567  0.00082469837   0.0016198083   0.0013294621   0.0010976281
   0.0078005262 -0.00075891089              0  1.4513711e-05    0.000117288  0.00010889126  1.2504278e-05 -0.00023544201   0.0006851041   0.0013294621   0.0011223412  0.00091092288
   0.0064399764 -0.00062557783              0  1.1023164e-05  9.6543413e-05  8.9671708e-05  1.0417762e-05 -0.00020213516  0.00056518516   0.0010976281  0.00091092288  0.00076920358


# ext. ||   Name    ||   type  ||     Value     ||  Error +/- 

   0   ||Natural mortality || limited ||    0.04753895258827 ||0.004114233600197
   1   ||Targeted q || limited ||      3.899716127026 ||0.3143891521819
   2   ||Nontargeted q || limited ||                   2 ||22.06548931833
   3   ||     sigma || limited ||      5.646977971461 ||0.2789775171121
   4   ||  Biomass1 || limited ||     0.7861658189949 ||0.1787205738396
   5   ||  Biomass2 || limited ||      0.746625273692 ||0.1377008124228
   6   ||   vm_mean || limited ||     -1.902904963688 ||0.005348119625841
   7   ||  vm_sigma || limited ||      37.01390420359 ||2.4651268265
   8   ||Recruit year 1 || limited ||      2.900391072847 ||0.2549802242326
   9   ||Recruit year 2 || limited ||      9.800404887312 ||0.8455918793471
  10   ||Recruit year 3 || limited ||      7.724319239629 ||0.6319740716116
  11   ||Recruit year 4 || limited ||       5.50092894588 ||0.4466984983497





