# Minimum negative log likelihood

Minuit did successfully converge.
# of function calls: 824
minimum function Value: 386.7774291746
minimum edm: 7.061387643128e-05
minimum internal state vector: LAVector parameters:
    -0.9536984448819
      -1.17244219909
     -1.287002217587
     -1.320839173812
     -1.357429578703
     -1.364044894219
     0.4037652502348
    -0.7067664569001
    -0.9838160646222
     -1.050634059617
     -1.056142254304
     -1.207571127569

minimum internal covariance matrix: LASymMatrix parameters:
  0.00039060592  -9.542476e-05              0  3.1943955e-06  5.4121287e-05  5.1469603e-05  4.0659378e-05 -0.00020505941  0.00024378015  0.00021599273  0.00021286329  0.00014704005
  -9.542476e-05  2.3953976e-05              0 -8.3167909e-07  -1.360435e-05 -1.2921075e-05 -9.5129454e-06   4.594216e-05 -5.9779165e-05 -5.2922675e-05 -5.2159376e-05 -3.6223918e-05
              0              0              2              0              0              0              0              0              0              0              0              0
  3.1943955e-06 -8.3167909e-07              0   7.786356e-05  9.2488269e-07  8.2896141e-07  5.3576586e-07 -1.8806833e-06  2.1038263e-06  1.9078832e-06  1.9964319e-06   1.602434e-06
  5.4121287e-05  -1.360435e-05              0  9.2488269e-07  8.7629227e-06  8.2162965e-06  5.3598974e-06 -2.6225859e-05  3.3970533e-05   3.002463e-05  2.9577134e-05   2.052129e-05
  5.1469603e-05 -1.2921075e-05              0  8.2896141e-07  8.2162965e-06  7.7190907e-06  5.1109567e-06 -2.4979579e-05  3.2288881e-05  2.8548936e-05  2.8125484e-05  1.9506942e-05
  4.0659378e-05 -9.5129454e-06              0  5.3576586e-07  5.3598974e-06  5.1109567e-06  6.1864752e-06 -3.4523293e-05  2.5191382e-05  2.2281687e-05  2.1975822e-05  1.5260439e-05
 -0.00020505941   4.594216e-05              0 -1.8806833e-06 -2.6225859e-05 -2.4979579e-05 -3.4523293e-05   0.0003123533 -0.00012678813 -0.00011196149 -0.00011062684  -7.616763e-05
  0.00024378015 -5.9779165e-05              0  2.1038263e-06  3.3970533e-05  3.2288881e-05  2.5191382e-05 -0.00012678813  0.00015340003  0.00013477488  0.00013283127  9.1919023e-05
  0.00021599273 -5.2922675e-05              0  1.9078832e-06   3.002463e-05  2.8548936e-05  2.2281687e-05 -0.00011196149  0.00013477488   0.0001206433  0.00011768131  8.1353642e-05
  0.00021286329 -5.2159376e-05              0  1.9964319e-06  2.9577134e-05  2.8125484e-05  2.1975822e-05 -0.00011062684  0.00013283127  0.00011768131  0.00011721183  8.0108688e-05
  0.00014704005 -3.6223918e-05              0   1.602434e-06   2.052129e-05  1.9506942e-05  1.5260439e-05  -7.616763e-05  9.1919023e-05  8.1353642e-05  8.0108688e-05   5.846665e-05


# ext. ||   Name    ||   type  ||     Value     ||  Error +/- 

   0   ||Natural mortality || limited ||    0.02766581106201 ||0.001213006323934
   1   ||Targeted q || limited ||      3.914966047716 ||0.06712198914201
   2   ||Nontargeted q || limited ||                   2 ||22.06548931833
   3   ||     sigma || limited ||      1.553848932851 ||0.07717081370595
   4   ||  Biomass1 || limited ||       11.3382294507 ||0.2216183238045
   5   ||  Biomass2 || limited ||       10.6485255479 ||0.2016451756282
   6   ||   vm_mean || limited ||      1.234280227795 ||0.005081005738226
   7   ||  vm_sigma || limited ||      14.02569781851 ||0.3801289172297
   8   ||Recruit year 1 || limited ||      8.378315465841 ||0.2424992134678
   9   ||Recruit year 2 || limited ||      6.622411646944 ||0.192989422091
  10   ||Recruit year 3 || limited ||      6.486199736453 ||0.1883928643027
  11   ||Recruit year 4 || limited ||      3.271883603506 ||0.09603899069133





