# Minimum negative log likelihood

Minuit did successfully converge.
# of function calls: 1514
minimum function Value: 269.5710579605
minimum edm: 3.496218346597e-05
minimum internal state vector: LAVector parameters:
    -0.5515900729904
     -1.048238801702
     -1.287002217587
     -1.382440691034
     -1.349989050309
     -1.363600820863
      1.003930583885
    -0.7251644055169
      -1.03236951608
    -0.9551737308132
     -1.003418468975
     -1.370927578144

minimum internal covariance matrix: LASymMatrix parameters:
  0.00022225361 -9.6470229e-05              0  3.2830506e-06  3.9118205e-05  3.8134686e-05 -3.7822006e-06  4.7497053e-06  9.5683968e-05   0.0001121895  9.5672554e-05  3.5027341e-05
 -9.6470229e-05  4.2534965e-05              0 -1.5455848e-06  -1.729808e-05 -1.6820626e-05  2.0215932e-06 -3.2282016e-06 -4.1781065e-05 -4.8950021e-05 -4.1630258e-05 -1.5285038e-05
              0              0              2              0              0              0              0              0              0              0              0              0
  3.2830506e-06 -1.5455848e-06              0  4.2056536e-05  7.0757745e-07  6.8449784e-07 -1.8086451e-07  5.4061193e-08  1.5348598e-06  1.8384079e-06  1.4232141e-06  4.0297459e-07
  3.9118205e-05  -1.729808e-05              0  7.0757745e-07  7.3053513e-06  7.0482399e-06  -8.588818e-07  1.4150804e-06  1.6962259e-05  1.9890226e-05  1.6885286e-05  6.1874045e-06
  3.8134686e-05 -1.6820626e-05              0  6.8449784e-07  7.0482399e-06  6.8166597e-06 -8.0439643e-07  1.2541664e-06  1.6521805e-05  1.9372681e-05  1.6457918e-05  6.0302181e-06
 -3.7822006e-06  2.0215932e-06              0 -1.8086451e-07  -8.588818e-07 -8.0439643e-07  5.8051618e-07 -1.4027788e-06 -1.7698871e-06 -2.0610151e-06 -1.6067969e-06 -5.7627494e-07
  4.7497053e-06 -3.2282016e-06              0  5.4061193e-08  1.4150804e-06  1.2541664e-06 -1.4027788e-06  1.0476764e-05  2.5311775e-06  2.7546684e-06  1.7531406e-06  6.7256402e-07
  9.5683968e-05 -4.1781065e-05              0  1.5348598e-06  1.6962259e-05  1.6521805e-05 -1.7698871e-06  2.5311775e-06  4.1836145e-05  4.8365855e-05  4.1241087e-05  1.5118147e-05
   0.0001121895 -4.8950021e-05              0  1.8384079e-06  1.9890226e-05  1.9372681e-05 -2.0610151e-06  2.7546684e-06  4.8365855e-05  5.7290978e-05  4.8309397e-05  1.7661157e-05
  9.5672554e-05 -4.1630258e-05              0  1.4232141e-06  1.6885286e-05  1.6457918e-05 -1.6067969e-06  1.7531406e-06  4.1241087e-05  4.8309397e-05   4.173784e-05  1.5119476e-05
  3.5027341e-05 -1.5285038e-05              0  4.0297459e-07  6.1874045e-06  6.0302181e-06 -5.7627494e-07  6.7256402e-07  1.5118147e-05  1.7661157e-05  1.5119476e-05  6.5479515e-06


# ext. ||   Name    ||   type  ||     Value     ||  Error +/- 

   0   ||Natural mortality || limited ||    0.07139367842815 ||0.001346713973908
   1   ||Targeted q || limited ||      6.672722026523 ||0.1150833033206
   2   ||Nontargeted q || limited ||                   2 ||22.06548931833
   3   ||     sigma || limited ||     0.8843269923242 ||0.04293167535305
   4   ||  Biomass1 || limited ||      12.13952014367 ||0.209292591316
   5   ||  Biomass2 || limited ||       10.6941538426 ||0.1898930471868
   6   ||   vm_mean || limited ||      2.650210437537 ||0.0009088846235752
   7   ||  vm_sigma || limited ||      13.47049198384 ||0.06851425977049
   8   ||Recruit year 1 || limited ||      7.083469938181 ||0.1172524868958
   9   ||Recruit year 2 || limited ||       9.18837824212 ||0.1545182352838
  10   ||Recruit year 3 || limited ||       7.84356300538 ||0.1227413750406
  11   ||Recruit year 4 || limited ||       1.00526821237 ||0.01796030057098





