# Minimum negative log likelihood

Minuit did successfully converge.
# of function calls: 724
minimum function Value: 590.0508068563
minimum edm: 2.916361524243e-05
minimum internal state vector: LAVector parameters:
    -0.1168657228905
     -1.038530397698
     -1.287002217587
      -1.16158606792
     -1.523631482459
     -1.528150317959
      0.308465786788
     -1.013865010023
     -0.915371188008
     -1.388259063788
     -1.495650363333
    -0.9663023503453

minimum internal covariance matrix: LASymMatrix parameters:
    0.063038968  -0.0058160137              0  0.00011774822  0.00049866275  0.00049279634  -9.085749e-05  0.00034455719   0.0062596911   0.0015674299  0.00070367067   0.0068793836
  -0.0058160137  0.00056697091              0 -9.1626283e-06 -4.6876275e-05 -4.6684007e-05  2.0713295e-05 -5.6917274e-05 -0.00058429089 -0.00014315116 -6.6338864e-05 -0.00064910514
              0              0              2              0              0              0              0              0              0              0              0              0
  0.00011774822 -9.1626283e-06              0  0.00023907121  1.8758979e-06  1.6005808e-06  2.1752048e-06  3.6567727e-06  1.1841701e-05  3.1708013e-07  1.1818164e-06  1.2495193e-05
  0.00049866275 -4.6876275e-05              0  1.8758979e-06  1.0067383e-05  8.7819623e-06 -1.3003075e-06  3.2419483e-06  4.9750604e-05  1.3001151e-05  5.3832382e-06  5.4500164e-05
  0.00049279634 -4.6684007e-05              0  1.6005808e-06  8.7819623e-06  7.8066098e-06 -1.3873262e-06  3.5836426e-06  4.9281074e-05  1.2736822e-05   5.346762e-06  5.4057132e-05
  -9.085749e-05  2.0713295e-05              0  2.1752048e-06 -1.3003075e-06 -1.3873262e-06  9.1472335e-06 -1.7449901e-05 -1.1373511e-05  -2.164742e-06 -1.2834555e-06 -1.4953568e-05
  0.00034455719 -5.6917274e-05              0  3.6567727e-06  3.2419483e-06  3.5836426e-06 -1.7449901e-05  6.9944463e-05  3.9504395e-05  6.9950302e-06  4.8332086e-06  4.7916033e-05
   0.0062596911 -0.00058429089              0  1.1841701e-05  4.9750604e-05  4.9281074e-05 -1.1373511e-05  3.9504395e-05   0.0006327714  0.00015481912  7.0239867e-05  0.00068611607
   0.0015674299 -0.00014315116              0  3.1708013e-07  1.3001151e-05  1.2736822e-05  -2.164742e-06  6.9950302e-06  0.00015481912  4.7723054e-05  1.7305762e-05    0.000170181
  0.00070367067 -6.6338864e-05              0  1.1818164e-06  5.3832382e-06   5.346762e-06 -1.2834555e-06  4.8332086e-06  7.0239867e-05  1.7305762e-05  1.6242823e-05  7.7051207e-05
   0.0068793836 -0.00064910514              0  1.2495193e-05  5.4500164e-05  5.4057132e-05 -1.4953568e-05  4.7916033e-05  0.00068611607    0.000170181  7.7051207e-05  0.00077025447


# ext. ||   Name    ||   type  ||     Value     ||  Error +/- 

   0   ||Natural mortality || limited ||    0.04208500282513 ||0.004385036524269
   1   ||Targeted q || limited ||      6.917032311225 ||0.4272084983925
   2   ||Nontargeted q || limited ||                   2 ||22.06548931833
   3   ||     sigma || limited ||      4.128233251846 ||0.2175041086693
   4   ||  Biomass1 || limited ||        0.5560275492 ||0.05288960321115
   5   ||  Biomass2 || limited ||     0.4546016131532 ||0.04211460240613
   6   ||   vm_mean || limited ||     0.9537787182368 ||0.006401494702716
   7   ||  vm_sigma || limited ||      6.045677984101 ||0.1250338213107
   8   ||Recruit year 1 || limited ||      10.36951998346 ||0.5419799227393
   9   ||Recruit year 2 || limited ||       0.84060286559 ||0.04433135844928
  10   ||Recruit year 3 || limited ||     0.1510923648489 ||0.01069642328367
  11   ||Recruit year 4 || limited ||      8.869623982978 ||0.5575880598121





