# Minimum negative log likelihood

Minuit did successfully converge.
# of function calls: 874
minimum function Value: 412.8880053978
minimum edm: 1.954154551383e-05
minimum internal state vector: LAVector parameters:
     -1.012011326101
     -1.287002217587
     -1.304559219905
     -1.509212333412
     -1.513637563736
    0.01763277541766
      2.546294574876
     -1.399557876774
    -0.9895238863598
     -1.301394938816
     -1.287022665684

minimum internal covariance matrix: LASymMatrix parameters:
  3.4586427e-06              0 -5.6799432e-07 -7.9673546e-08 -7.0633536e-08  2.6642832e-07  3.2646434e-05 -2.9937073e-07 -7.5043106e-07 -3.7840386e-07 -8.5891521e-07
              0              2              0              0              0              0              0              0              0              0              0
 -5.6799432e-07              0   8.260632e-05   2.100547e-07  1.6658181e-07  3.9519735e-08  9.8659294e-06  -1.973228e-07  6.4718189e-07  8.5026126e-07  2.9201531e-07
 -7.9673546e-08              0   2.100547e-07   1.105317e-06  8.7512112e-07  1.6867607e-09  6.4183946e-07 -5.5996626e-07  4.4926581e-08 -1.1559005e-07 -8.7569409e-08
 -7.0633536e-08              0  1.6658181e-07  8.7512112e-07  7.0294506e-07  1.7001593e-09  2.5490722e-07 -4.2831261e-07    3.55656e-08 -9.1136248e-08 -6.6920538e-08
  2.6642832e-07              0  3.9519735e-08  1.6867607e-09  1.7001593e-09  4.7802492e-08  6.2662505e-06 -5.2192495e-09 -5.7695792e-08 -3.5255124e-08 -6.0091614e-08
  3.2646434e-05              0  9.8659294e-06  6.4183946e-07  2.5490722e-07  6.2662505e-06   0.0019513683 -7.3277828e-06 -6.7072899e-06 -6.6396111e-06 -6.2252152e-06
 -2.9937073e-07              0  -1.973228e-07 -5.5996626e-07 -4.2831261e-07 -5.2192495e-09 -7.3277828e-06  3.2329905e-06  1.6641597e-08  3.7281931e-07  3.0939323e-07
 -7.5043106e-07              0  6.4718189e-07  4.4926581e-08    3.55656e-08 -5.7695792e-08 -6.7072899e-06  1.6641597e-08  1.7620028e-06  7.8951569e-08   1.883201e-07
 -3.7840386e-07              0  8.5026126e-07 -1.1559005e-07 -9.1136248e-08 -3.5255124e-08 -6.6396111e-06  3.7281931e-07  7.8951569e-08  1.4731725e-06  1.6350027e-07
 -8.5891521e-07              0  2.9201531e-07 -8.7569409e-08 -6.6920538e-08 -6.0091614e-08 -6.2252152e-06  3.0939323e-07   1.883201e-07  1.6350027e-07  2.0078384e-06


# ext. ||   Name    ||   type  ||     Value     ||  Error +/- 

   0   ||Targeted q || limited ||      7.605006182605 ||0.03485874364645
   1   ||Nontargeted q || limited ||                   2 ||22.06548931833
   2   ||     sigma || limited ||      1.761612365046 ||0.08454432063655
   3   ||  Biomass1 || limited ||     0.9478474371734 ||0.02287661087835
   4   ||  Biomass2 || limited ||     0.8165586957261 ||0.01693409474643
   5   ||   vm_mean || limited ||     0.1763186171682 ||0.001545762438862
   6   ||  vm_sigma || limited ||      62.43044294355 ||1.034330031865
   7   ||Recruit year 1 || limited ||     0.7412025096837 ||0.01083154581692
   8   ||Recruit year 2 || limited ||      8.220946566897 ||0.02576657146577
   9   ||Recruit year 3 || limited ||      1.813300035774 ||0.01142015709969
  10   ||Recruit year 4 || limited ||      2.009513765298 ||0.01402501919965





