# Minimum negative log likelihood

Minuit did successfully converge.
# of function calls: 1073
minimum function Value: 440.8238980958
minimum edm: 1.229597926825e-05
minimum internal state vector: LAVector parameters:
    -0.7396668828886
     -1.039632662901
     -1.287002217587
     -1.285966583746
     -1.554568482499
     -1.552457663954
    -0.7261661681809
    -0.8115108851633
      -1.07584653149
    -0.9299277109847
     -1.433933605237
      -1.05969196818

minimum internal covariance matrix: LASymMatrix parameters:
  0.00072503205 -0.00027037091              0  3.6112232e-06 -2.6767436e-07  9.3252273e-06  4.2260653e-06  1.0616629e-05   0.0002251492  0.00033865757  6.1970075e-05  0.00027589995
 -0.00027037091  0.00010434061              0 -2.7136379e-06 -4.9460361e-07 -4.1865601e-06  6.4747987e-08 -1.1762641e-05 -8.4415492e-05 -0.00012713412 -2.2623542e-05 -0.00010354132
              0              0              2              0              0              0              0              0              0              0              0              0
  3.6112232e-06 -2.7136379e-06              0  0.00010990595 -1.4460365e-06   1.095245e-06 -8.5044055e-07  9.3950397e-06 -6.7497668e-07  1.7975486e-06 -1.1205287e-06  5.0802498e-07
 -2.6767436e-07 -4.9460361e-07              0 -1.4460365e-06  2.9869219e-05  1.4465786e-05 -1.2426481e-06 -2.1520028e-06  5.8388526e-06  1.7325368e-07  -3.363549e-07  4.6114045e-08
  9.3252273e-06 -4.1865601e-06              0   1.095245e-06  1.4465786e-05  8.4625016e-06 -4.4717354e-07  1.2646282e-06  4.5642584e-06   4.571317e-06  3.5185521e-07  3.5296006e-06
  4.2260653e-06  6.4747987e-08              0 -8.5044055e-07 -1.2426481e-06 -4.4717354e-07  2.2015156e-06  -6.659423e-06  1.0218085e-06  1.3362032e-06  6.2939723e-07  1.3833434e-06
  1.0616629e-05 -1.1762641e-05              0  9.3950397e-06 -2.1520028e-06  1.2646282e-06  -6.659423e-06  6.0601286e-05  4.2020248e-07   6.881333e-06 -4.6383419e-07  4.5790667e-06
   0.0002251492 -8.4415492e-05              0 -6.7497668e-07  5.8388526e-06  4.5642584e-06  1.0218085e-06  4.2020248e-07  7.4689624e-05  0.00010507482  1.9513855e-05  8.6062909e-05
  0.00033865757 -0.00012713412              0  1.7975486e-06  1.7325368e-07   4.571317e-06  1.3362032e-06   6.881333e-06  0.00010507482  0.00016049688  2.8674269e-05  0.00012898347
  6.1970075e-05 -2.2623542e-05              0 -1.1205287e-06  -3.363549e-07  3.5185521e-07  6.2939723e-07 -4.6383419e-07  1.9513855e-05  2.8674269e-05  7.6997059e-06  2.3672203e-05
  0.00027589995 -0.00010354132              0  5.0802498e-07  4.6114045e-08  3.5296006e-06  1.3833434e-06  4.5790667e-06  8.6062909e-05  0.00012898347  2.3672203e-05  0.00010725675


# ext. ||   Name    ||   type  ||     Value     ||  Error +/- 

   0   ||Natural mortality || limited ||    0.04889371834384 ||0.002109563910824
   1   ||Targeted q || limited ||      6.889089220901 ||0.1829317575295
   2   ||Nontargeted q || limited ||                   2 ||22.06548931833
   3   ||     sigma || limited ||      2.014524612076 ||0.1041498762893
   4   ||  Biomass1 || limited ||     0.0658342878514 ||0.03135505943133
   5   ||  Biomass2 || limited ||    0.08407428242752 ||0.0188602482335
   6   ||   vm_mean || limited ||     -2.086042239281 ||0.002464551643674
   7   ||  vm_sigma || limited ||      10.98773865467 ||0.1515727937447
   8   ||Recruit year 1 || limited ||      6.009772085455 ||0.1451179601047
   9   ||Recruit year 2 || limited ||      9.930171785639 ||0.2677698985608
  10   ||Recruit year 3 || limited ||     0.4775078447726 ||0.01338372071907
  11   ||Recruit year 4 || limited ||      6.399118384063 ||0.1790827955986





