# Minimum negative log likelihood

Minuit did successfully converge.
# of function calls: 680
minimum function Value: 521.9486900013
minimum edm: 1.548437701773e-05
minimum internal state vector: LAVector parameters:
    -0.4100807546945
     -1.138595951892
     -1.287002217587
     -1.224070800005
     -1.468894657606
     -1.471785803387
     0.9624197578627
     -0.533254776776
     -1.055008060147
     -1.017663976782
     -1.228626306732
    -0.9562897953262

minimum internal covariance matrix: LASymMatrix parameters:
    0.035116106  -0.0031545929              0  5.0740415e-05  0.00071401552  0.00070820293 -4.8798999e-06 -8.7536862e-05   0.0037896786   0.0041311706     0.00233524   0.0044446378
  -0.0031545929  0.00028828774              0 -3.8600281e-06 -6.5737603e-05 -6.4993464e-05  3.1470023e-06 -9.9042336e-06 -0.00034173586 -0.00037222098 -0.00021066774 -0.00040290309
              0              0              2              0              0              0              0              0              0              0              0              0
  5.0740415e-05 -3.8600281e-06              0  0.00014649206  5.1164854e-07  5.5321931e-07   9.702231e-07  -7.140541e-06  4.5125979e-06   4.992831e-06  3.2642575e-06  7.6193875e-06
  0.00071401552 -6.5737603e-05              0  5.1164854e-07  1.8404648e-05  1.7661506e-05 -9.9372313e-07  3.7172763e-06  7.7441614e-05  8.4152045e-05  4.7771651e-05  9.1837191e-05
  0.00070820293 -6.4993464e-05              0  5.5321931e-07  1.7661506e-05  1.7046291e-05 -8.0137939e-07   2.391418e-06  7.6745271e-05  8.3443651e-05  4.7330727e-05  9.0972229e-05
 -4.8798999e-06  3.1470023e-06              0   9.702231e-07 -9.9372313e-07 -8.0137939e-07  5.7074514e-06 -2.8164156e-05 -1.3661465e-06 -9.0551015e-07 -1.4803535e-06  1.2372733e-06
 -8.7536862e-05 -9.9042336e-06              0  -7.140541e-06  3.7172763e-06   2.391418e-06 -2.8164156e-05  0.00036115419 -3.1502026e-06 -9.4191793e-06  4.4875001e-06 -1.8892152e-05
   0.0037896786 -0.00034173586              0  4.5125979e-06  7.7441614e-05  7.6745271e-05 -1.3661465e-06 -3.1502026e-06  0.00041329765  0.00044604352   0.0002523842  0.00048043339
   0.0041311706 -0.00037222098              0   4.992831e-06  8.4152045e-05  8.3443651e-05 -9.0551015e-07 -9.4191793e-06  0.00044604352  0.00049075689  0.00027438923  0.00052400032
     0.00233524 -0.00021066774              0  3.2642575e-06  4.7771651e-05  4.7330727e-05 -1.4803535e-06  4.4875001e-06   0.0002523842  0.00027438923  0.00016044205  0.00029513914
   0.0044446378 -0.00040290309              0  7.6193875e-06  9.1837191e-05  9.0972229e-05  1.2372733e-06 -1.8892152e-05  0.00048043339  0.00052400032  0.00029513914  0.00058258754


# ext. ||   Name    ||   type  ||     Value     ||  Error +/- 

   0   ||Natural mortality || limited ||    0.03503291528759 ||0.003029129615557
   1   ||Targeted q || limited ||      4.597686104116 ||0.2514413882131
   2   ||Nontargeted q || limited ||                   2 ||22.06548931833
   3   ||     sigma || limited ||      2.975475776467 ||0.1454138284187
   4   ||  Biomass1 || limited ||      2.593741939505 ||0.1542934623798
   5   ||  Biomass2 || limited ||      2.448769497769 ||0.1442915479757
   6   ||   vm_mean || limited ||      2.577918512066 ||0.003033188626409
   7   ||  vm_sigma || limited ||      19.66719805096 ||0.4628659290591
   8   ||Recruit year 1 || limited ||      6.514139363055 ||0.354461765351
   9   ||Recruit year 2 || limited ||      7.465099262018 ||0.4114148295208
  10   ||Recruit year 3 || limited ||      2.908271508534 ||0.1502446238734
  11   ||Recruit year 4 || limited ||      9.156182374434 ||0.4919399940552





