# Minimum negative log likelihood

Minuit did successfully converge.
# of function calls: 942
minimum function Value: 537.4937589342
minimum edm: 8.573075590944e-05
minimum internal state vector: LAVector parameters:
    -0.5284789902317
     -1.091633512125
     -1.287002217587
     -1.210750073262
     -1.484200152816
     -1.491126578782
      0.186829497718
    -0.8306284639821
     -1.284487314031
    -0.9986574314451
     -1.026876639449
     -1.017281280673

minimum internal covariance matrix: LASymMatrix parameters:
   0.0017027522  -0.0007599574              0  1.1170318e-05  0.00013641868  0.00012794128  4.1008586e-05 -0.00015998892  0.00047032349    0.001028053  0.00088887541  0.00099296485
  -0.0007599574  0.00035424592              0 -6.7538462e-06 -6.3844436e-05 -5.9801863e-05  -1.372139e-05  4.7943027e-05 -0.00021350179 -0.00046632811 -0.00040341025 -0.00045230417
              0              0              2              0              0              0              0              0              0              0              0              0
  1.1170318e-05 -6.7538462e-06              0  0.00016711106  1.6127089e-06  1.5145099e-06  -4.471481e-07 -1.0473484e-06  3.6422872e-06  8.1264991e-06  6.7097123e-06  4.7683677e-06
  0.00013641868 -6.3844436e-05              0  1.6127089e-06   1.573618e-05   1.412651e-05  2.3836971e-06 -8.7165822e-06   3.848322e-05  8.3870188e-05  7.2485317e-05  8.1210401e-05
  0.00012794128 -5.9801863e-05              0  1.5145099e-06   1.412651e-05  1.2800892e-05  2.2423229e-06 -8.1036354e-06   3.603421e-05  7.8595875e-05  6.7942059e-05  7.6145223e-05
  4.1008586e-05  -1.372139e-05              0  -4.471481e-07  2.3836971e-06  2.2423229e-06  4.1020761e-06 -1.7236025e-05  1.0240834e-05   2.239928e-05  1.9490304e-05  2.1537472e-05
 -0.00015998892  4.7943027e-05              0 -1.0473484e-06 -8.7165822e-06 -8.1036354e-06 -1.7236025e-05  0.00015032965 -3.9075285e-05 -8.4485455e-05 -7.4304174e-05 -7.8787995e-05
  0.00047032349 -0.00021350179              0  3.6422872e-06   3.848322e-05   3.603421e-05  1.0240834e-05 -3.9075285e-05  0.00013827565  0.00028548264  0.00024697097  0.00027646606
    0.001028053 -0.00046632811              0  8.1264991e-06  8.3870188e-05  7.8595875e-05   2.239928e-05 -8.4485455e-05  0.00028548264  0.00063227147  0.00053974403  0.00060399034
  0.00088887541 -0.00040341025              0  6.7097123e-06  7.2485317e-05  6.7942059e-05  1.9490304e-05 -7.4304174e-05  0.00024697097  0.00053974403  0.00047446026   0.0005223082
  0.00099296485 -0.00045230417              0  4.7683677e-06  8.1210401e-05  7.6145223e-05  2.1537472e-05 -7.8787995e-05  0.00027646606  0.00060399034   0.0005223082  0.00059321275


# ext. ||   Name    ||   type  ||     Value     ||  Error +/- 

   0   ||Natural mortality || limited ||    0.07436693715596 ||0.003779117729984
   1   ||Targeted q || limited ||      5.630939667618 ||0.3067819914024
   2   ||Nontargeted q || limited ||                   2 ||22.06548931833
   3   ||     sigma || limited ||      3.205973562556 ||0.1610222140796
   4   ||  Biomass1 || limited ||      1.873553099287 ||0.1212997404201
   5   ||  Biomass2 || limited ||      1.585978035061 ||0.100671970259
   6   ||   vm_mean || limited ||     0.5835335701918 ||0.004420918315122
   7   ||  vm_sigma || limited ||      10.46665475926 ||0.2338738449577
   8   ||Recruit year 1 || limited ||      2.045156870303 ||0.1173990978915
   9   ||Recruit year 2 || limited ||      7.971962035754 ||0.4812647422316
  10   ||Recruit year 3 || limited ||      7.224936169421 ||0.3984736695798
  11   ||Recruit year 4 || limited ||      7.475153938611 ||0.4526029088921





