# Minimum negative log likelihood

Minuit did successfully converge.
# of function calls: 976
minimum function Value: 330.4983611127
minimum edm: 9.917793408461e-06
minimum internal state vector: LAVector parameters:
    -0.6216823206361
     -1.142669374046
     -1.287002217587
      -1.35261920552
     -1.531889263178
     -1.532213957839
      0.349484427054
    -0.2932913031726
     -1.419764652816
     -1.052546579238
     -1.306842524051
     -1.240325122111

minimum internal covariance matrix: LASymMatrix parameters:
    0.019553699  -0.0017567528              0 -1.3393494e-05  0.00016531368   0.0001557519  2.3097643e-05 -0.00028417478  0.00059243411   0.0021670901  0.00099627447   0.0013421533
  -0.0017567528  0.00015931186              0 -7.0014129e-08 -1.5031705e-05 -1.4149657e-05  -1.560801e-06  1.5345413e-05 -5.3350956e-05 -0.00019513179 -8.9555955e-05 -0.00012108132
              0              0              2              0              0              0              0              0              0              0              0              0
 -1.3393494e-05 -7.0014129e-08              0  6.1874949e-05  7.4829857e-08  7.0634732e-08  -7.005857e-07   1.414055e-05 -3.2952559e-07 -1.3350034e-06 -8.4627579e-07 -1.2571056e-07
  0.00016531368 -1.5031705e-05              0  7.4829857e-08  2.1106909e-06  1.9393775e-06  9.5084641e-08 -1.2516435e-06  5.0733915e-06  1.8342277e-05  8.4107466e-06    1.13988e-05
   0.0001557519 -1.4149657e-05              0  7.0634732e-08  1.9393775e-06  1.7876133e-06  9.6726767e-08 -1.2718837e-06   4.771337e-06  1.7279321e-05  7.9282069e-06  1.0735119e-05
  2.3097643e-05  -1.560801e-06              0  -7.005857e-07  9.5084641e-08  9.6726767e-08  7.1657006e-07 -1.1214017e-05  6.5000704e-07  2.3983009e-06  1.1457563e-06  1.5010236e-06
 -0.00028417478  1.5345413e-05              0   1.414055e-05 -1.2516435e-06 -1.2718837e-06 -1.1214017e-05  0.00038314353 -7.5883258e-06 -2.8382212e-05 -1.4099515e-05 -1.6379596e-05
  0.00059243411 -5.3350956e-05              0 -3.2952559e-07  5.0733915e-06   4.771337e-06  6.5000704e-07 -7.5883258e-06  1.8691842e-05  6.5670453e-05   3.018346e-05  4.0636777e-05
   0.0021670901 -0.00019513179              0 -1.3350034e-06  1.8342277e-05  1.7279321e-05  2.3983009e-06 -2.8382212e-05  6.5670453e-05  0.00024090373  0.00011040765  0.00014887691
  0.00099627447 -8.9555955e-05              0 -8.4627579e-07  8.4107466e-06  7.9282069e-06  1.1457563e-06 -1.4099515e-05   3.018346e-05  0.00011040765  5.1593977e-05  6.8203276e-05
   0.0013421533 -0.00012108132              0 -1.2571056e-07    1.13988e-05  1.0735119e-05  1.5010236e-06 -1.6379596e-05  4.0636777e-05  0.00014887691  6.8203276e-05  9.3468971e-05


# ext. ||   Name    ||   type  ||     Value     ||  Error +/- 

   0   ||Natural mortality || limited ||    0.03043991144523 ||0.002006173987285
   1   ||Targeted q || limited ||      4.512751326788 ||0.1852664060836
   2   ||Nontargeted q || limited ||                   2 ||22.06548931833
   3   ||     sigma || limited ||       1.18531830753 ||0.06019610952669
   4   ||  Biomass1 || limited ||     0.3783921633094 ||0.01997956968705
   5   ||  Biomass2 || limited ||     0.3721036356991 ||0.01823361850592
   6   ||   vm_mean || limited ||      1.075723568788 ||0.001766785340811
   7   ||  vm_sigma || limited ||      28.43646288404 ||0.5299725606994
   8   ||Recruit year 1 || limited ||     0.5791240653556 ||0.0229960180692
   9   ||Recruit year 2 || limited ||      6.574967653705 ||0.2717978182743
  10   ||Recruit year 3 || limited ||      1.741527758492 ||0.06624946396695
  11   ||Recruit year 4 || limited ||      2.715252052014 ||0.1109025663071





