# Minimum negative log likelihood

Minuit did successfully converge.
# of function calls: 932
minimum function Value: 385.4668388019
minimum edm: 4.698356416828e-05
minimum internal state vector: LAVector parameters:
    -0.3154392417359
    -0.9853172716686
     -1.287002217587
     -1.321658732854
     -1.511995189121
     -1.503718862075
    -0.7893874771002
     -1.122448905893
      -1.10451974347
     -1.011392903993
     -1.460177232931
    -0.9700258549668

minimum internal covariance matrix: LASymMatrix parameters:
     0.01330421 -0.00087328214              0  6.7772658e-05  9.2177621e-05  8.9814863e-05  6.1839196e-05  -2.009926e-05   0.0008096193  0.00097763966  0.00019138599  0.00094206786
 -0.00087328214  6.0628337e-05              0 -5.9499096e-06   -6.51749e-06 -6.2357169e-06 -1.2162863e-06 -1.8808677e-06 -5.3747044e-05 -6.4302208e-05 -1.2766052e-05 -6.1873549e-05
              0              0              2              0              0              0              0              0              0              0              0              0
  6.7772658e-05 -5.9499096e-06              0  9.4720289e-05  2.3133746e-06  8.2952974e-07 -3.4780012e-07  1.1252196e-06  6.1043711e-06  4.5920254e-06  3.5783065e-07   4.729439e-06
  9.2177621e-05   -6.51749e-06              0  2.3133746e-06  2.1070338e-06   1.195466e-06 -6.7021182e-08  4.2456199e-07  6.8770862e-06  6.7833106e-06   1.194166e-06  6.5181782e-06
  8.9814863e-05 -6.2357169e-06              0  8.2952974e-07   1.195466e-06   1.073399e-06  1.9282385e-07  1.5666995e-07   5.161507e-06  6.6367126e-06  1.4280555e-06  6.2195541e-06
  6.1839196e-05 -1.2162863e-06              0 -3.4780012e-07 -6.7021182e-08  1.9282385e-07  4.1886028e-06 -2.9468707e-06  2.2999625e-06  4.4479516e-06  9.6953826e-07  4.1435401e-06
  -2.009926e-05 -1.8808677e-06              0  1.1252196e-06  4.2456199e-07  1.5666995e-07 -2.9468707e-06  5.9448625e-06 -6.7944345e-07 -1.2925698e-06   5.611252e-07 -1.8283084e-06
   0.0008096193 -5.3747044e-05              0  6.1043711e-06  6.8770862e-06   5.161507e-06  2.2999625e-06 -6.7944345e-07  5.5132149e-05  5.8923495e-05  1.0976395e-05  5.8208749e-05
  0.00097763966 -6.4302208e-05              0  4.5920254e-06  6.7833106e-06  6.6367126e-06  4.4479516e-06 -1.2925698e-06  5.8923495e-05  7.3696505e-05  1.3511254e-05   6.885287e-05
  0.00019138599 -1.2766052e-05              0  3.5783065e-07   1.194166e-06  1.4280555e-06  9.6953826e-07   5.611252e-07  1.0976395e-05  1.3511254e-05  5.5797758e-06  1.3038754e-05
  0.00094206786 -6.1873549e-05              0   4.729439e-06  6.5181782e-06  6.2195541e-06  4.1435401e-06 -1.8283084e-06  5.8208749e-05   6.885287e-05  1.3038754e-05  6.8514352e-05


# ext. ||   Name    ||   type  ||     Value     ||  Error +/- 

   0   ||Natural mortality || limited ||    0.03724414823052 ||0.001936258201024
   1   ||Targeted q || limited ||      8.327627185678 ||0.152124971551
   2   ||Nontargeted q || limited ||                   2 ||22.06548931833
   3   ||     sigma || limited ||      1.543728797688 ||0.08484187858354
   4   ||  Biomass1 || limited ||     0.8641444179505 ||0.03015963704744
   5   ||  Biomass2 || limited ||      1.124424871623 ||0.02455197758774
   6   ||   vm_mean || limited ||     -2.230285795786 ||0.003201952216929
   7   ||  vm_sigma || limited ||      3.954363086057 ||0.02989346083218
   8   ||Recruit year 1 || limited ||      5.347046823117 ||0.1180057193296
   9   ||Recruit year 2 || limited ||      7.630645169394 ||0.1610518082343
  10   ||Recruit year 3 || limited ||     0.3155722193109 ||0.00921857448934
  11   ||Recruit year 4 || limited ||      8.764108058476 ||0.1654101330498





