# Minimum negative log likelihood

Minuit did successfully converge.
# of function calls: 1331
minimum function Value: 149.189952213
minimum edm: 2.847460663421e-06
minimum internal state vector: LAVector parameters:
     0.4766245317171
     -1.143963595718
     -1.287002217587
     -1.101055692022
     -1.548782632734
     -1.550447686969
    -0.1468749313727
      3.708785790229
     -1.317126757589
    -0.8707668855028
     -1.144463686743
      -1.20131703414

minimum internal covariance matrix: LASymMatrix parameters:
     0.45291472    -0.03432614              0 -4.1002565e-05   0.0018656214   0.0019356464  0.00092481149    0.064333191    0.024718106    0.070187371    0.042522418    0.036320871
    -0.03432614   0.0026175595              0  4.9572948e-06 -0.00014293486 -0.00014733019 -6.6575309e-05   -0.004661222  -0.0018751679  -0.0053256834  -0.0032254685  -0.0027552131
              0              0              2              0              0              0              0              0              0              0              0              0
 -4.1002565e-05  4.9572948e-06              0   0.0011811657 -6.7280953e-07  -3.724195e-06  3.7181188e-07 -1.1783226e-05  7.2817375e-07 -1.0045151e-05 -7.3748428e-06 -3.4803143e-06
   0.0018656214 -0.00014293486              0 -6.7280953e-07  6.3188555e-05  1.1746014e-05  3.4773752e-06  0.00026041167  0.00011998091  0.00029041248  0.00017558846  0.00014966945
   0.0019356464 -0.00014733019              0  -3.724195e-06  1.1746014e-05  4.6160101e-05  4.3709955e-06  0.00027363212  8.3025587e-05  0.00030051748  0.00018169317  0.00015560203
  0.00092481149 -6.6575309e-05              0  3.7181188e-07  3.4773752e-06  4.3709955e-06  3.6543104e-06  0.00022585585   4.986947e-05  0.00014196845  8.6132304e-05  7.3525458e-05
    0.064333191   -0.004661222              0 -1.1783226e-05  0.00026041167  0.00027363212  0.00022585585    0.018011282   0.0035103124   0.0098919712   0.0060039869   0.0051247955
    0.024718106  -0.0018751679              0  7.2817375e-07  0.00011998091  8.3025587e-05   4.986947e-05   0.0035103124   0.0013841876   0.0038312847   0.0023212868   0.0019831797
    0.070187371  -0.0053256834              0 -1.0045151e-05  0.00029041248  0.00030051748  0.00014196845   0.0098919712   0.0038312847    0.010895157   0.0065906734   0.0056296221
    0.042522418  -0.0032254685              0 -7.3748428e-06  0.00017558846  0.00018169317  8.6132304e-05   0.0060039869   0.0023212868   0.0065906734   0.0040066551   0.0034104803
    0.036320871  -0.0027552131              0 -3.4803143e-06  0.00014966945  0.00015560203  7.3525458e-05   0.0051247955   0.0019831797   0.0056296221   0.0034104803   0.0029258379


# ext. ||   Name    ||   type  ||     Value     ||  Error +/- 

   0   ||Natural mortality || limited ||     0.2188173790941 ||0.06105884533312
   1   ||Targeted q || limited ||      4.485923488908 ||0.7486833381798
   2   ||Nontargeted q || limited ||                   2 ||22.06548931833
   3   ||     sigma || limited ||      5.415713941993 ||0.5499649580278
   4   ||  Biomass1 || limited ||     0.1211457891308 ||0.06186282944895
   5   ||  Biomass2 || limited ||     0.1035132138321 ||0.048875602328
   6   ||   vm_mean || limited ||      -1.46347430318 ||0.01337168977826
   7   ||  vm_sigma || limited ||      18.51009562954 ||3.196684520573
   8   ||Recruit year 1 || limited ||      1.609938277932 ||0.3300347073755
   9   ||Recruit year 2 || limited ||      11.76766309851 ||2.375099297267
  10   ||Recruit year 3 || limited ||      4.485129994327 ||0.9250586949634
  11   ||Recruit year 4 || limited ||      3.383886826805 ||0.690389648531





