# Minimum negative log likelihood

Minuit did successfully converge.
# of function calls: 1873
minimum function Value: 665.2471477485
minimum edm: 2.235378807693e-05
minimum internal state vector: LAVector parameters:
       5.13651497415
    -0.9154990688742
     -1.287002217587
     -1.078954835484
      -1.43617659794
      -1.44623575772
    -0.3970028744076
     -1.142351418592
     -1.246056967667
     -1.023176337581
     -1.020371930733
     0.1117055346401
     0.1002494257991
    0.08307754896867
    0.04242552007451

minimum internal covariance matrix: LASymMatrix parameters:
    0.074853004  -0.0019383193              0  0.00011912768  0.00041010271  0.00035560043  -0.0049178019   0.0024396729    0.001844466   0.0031748882   0.0028365558  0.00016820176  0.00015525472  0.00016824361  0.00015171524
  -0.0019383193  6.2407094e-05              0 -4.7946522e-06 -1.3730501e-05 -1.1651881e-05  9.1247039e-05 -6.3413705e-05 -4.7600545e-05 -8.2339356e-05 -7.5826619e-05 -3.1845206e-06 -3.0149422e-06 -3.2871918e-06 -3.2273725e-06
              0              0              2              0              0              0              0              0              0              0              0              0              0              0              0
  0.00011912768 -4.7946522e-06              0  0.00027392526  4.0545865e-06  3.1188103e-06 -1.2183868e-05  3.1224042e-06  5.6871578e-06  3.7854076e-06  5.9240697e-06  3.8500804e-07 -2.9887656e-07 -1.3118565e-07  5.6640411e-07
  0.00041010271 -1.3730501e-05              0  4.0545865e-06  1.0744196e-05  8.4430768e-06 -2.0120781e-05  1.4055498e-05  1.0311214e-05  1.7888289e-05  1.5514569e-05  7.1847366e-07  5.5097007e-07  7.1273583e-07  7.0652672e-07
  0.00035560043 -1.1651881e-05              0  3.1188103e-06  8.4430768e-06  6.7759954e-06 -1.7683243e-05  1.2081564e-05  8.9160893e-06   1.545632e-05  1.3552366e-05   6.240364e-07  4.7968338e-07  6.2357705e-07  6.1483505e-07
  -0.0049178019  9.1247039e-05              0 -1.2183868e-05 -2.0120781e-05 -1.7683243e-05   0.0015143955 -0.00016023396 -0.00012015177 -0.00020521431  -0.0001808994 -2.7592972e-05 -2.4211774e-05 -2.5735324e-05  -2.339591e-05
   0.0024396729 -6.3413705e-05              0  3.1224042e-06  1.4055498e-05  1.2081564e-05 -0.00016023396  9.1162495e-05  6.0285567e-05  0.00010329964  9.1945932e-05  5.4335015e-06  5.1455791e-06  5.4935193e-06  4.9869709e-06
    0.001844466 -4.7600545e-05              0  5.6871578e-06  1.0311214e-05  8.9160893e-06 -0.00012015177  6.0285567e-05   5.614736e-05  7.8267922e-05   6.979821e-05  4.0320946e-06  3.5631955e-06  4.2005948e-06   3.658254e-06
   0.0031748882 -8.2339356e-05              0  3.7854076e-06  1.7888289e-05   1.545632e-05 -0.00020521431  0.00010329964  7.8267922e-05  0.00014661476  0.00011999538  7.1678102e-06  6.6109776e-06  6.9549887e-06  6.4217513e-06
   0.0028365558 -7.5826619e-05              0  5.9240697e-06  1.5514569e-05  1.3552366e-05  -0.0001808994  9.1945932e-05   6.979821e-05  0.00011999538  0.00012390233  6.1437061e-06  5.7419571e-06  6.1042906e-06  5.7342994e-06
  0.00016820176 -3.1845206e-06              0  3.8500804e-07  7.1847366e-07   6.240364e-07 -2.7592972e-05  5.4335015e-06  4.0320946e-06  7.1678102e-06  6.1437061e-06  2.0736626e-06  5.7823717e-07  6.3728692e-07  5.3946877e-07
  0.00015525472 -3.0149422e-06              0 -2.9887656e-07  5.5097007e-07  4.7968338e-07 -2.4211774e-05  5.1455791e-06  3.5631955e-06  6.6109776e-06  5.7419571e-06  5.7823717e-07  2.6018584e-06  5.6550791e-07  4.8660846e-07
  0.00016824361 -3.2871918e-06              0 -1.3118565e-07  7.1273583e-07  6.2357705e-07 -2.5735324e-05  5.4935193e-06  4.2005948e-06  6.9549887e-06  6.1042906e-06  6.3728692e-07  5.6550791e-07  1.2213334e-06  5.3295326e-07
  0.00015171524 -3.2273725e-06              0  5.6640411e-07  7.0652672e-07  6.1483505e-07  -2.339591e-05  4.9869709e-06   3.658254e-06  6.4217513e-06  5.7342994e-06  5.3946877e-07  4.8660846e-07  5.3295326e-07   9.087175e-07


# ext. ||   Name    ||   type  ||     Value     ||  Error +/- 

   0   ||Natural mortality || limited ||    0.02221503110307 ||0.001977938478711
   1   ||Targeted q || limited ||      10.35665921717 ||0.1702035375001
   2   ||Nontargeted q || limited ||                   2 ||22.06548931833
   3   ||     sigma || limited ||      5.926764520927 ||0.2763331640262
   4   ||  Biomass1 || limited ||       4.52377981509 ||0.1555384414577
   5   ||  Biomass2 || limited ||      3.873821317715 ||0.1143400234778
   6   ||  vm_sigma || limited ||      24.53445085046 ||1.014941054081
   7   ||Recruit year 1 || limited ||      4.528901929702 ||0.1402304157095
   8   ||Recruit year 2 || limited ||      2.623042712322 ||0.0845179577879
   9   ||Recruit year 3 || limited ||      7.320963451201 ||0.2228674270016
  10   ||Recruit year 4 || limited ||      7.394130568611 ||0.2058207669837
  11   ||Mean Rec dist 1 || limited ||      1.114733669069 ||0.01011902646745
  12   ||Mean Rec dist 2 || limited ||      1.000815932478 ||0.0113485597794
  13   ||Mean Rec dist 3 || limited ||     0.8298201674182 ||0.00778756385147
  14   ||Mean Rec dist 4 || limited ||     0.4241279409589 ||0.006734547958458





