# Minimum negative log likelihood

Minuit did successfully converge.
# of function calls: 1683
minimum function Value: 347.1848846275
minimum edm: 3.398849291997e-06
minimum internal state vector: LAVector parameters:
    -0.6837853686682
    -0.9796336664405
     -1.287002217587
     -1.343657593741
     -1.395200032998
     -1.408170467415
     0.6538063083661
      3.429661697685
     -1.338683133244
     -1.106524579906
     -1.087975060757
     -1.235932155613

minimum internal covariance matrix: LASymMatrix parameters:
  0.00073744125 -0.00018270418              0  8.4756443e-07  5.5930764e-05  5.0354491e-05  3.7161792e-05  0.00035478325  0.00011680625  0.00023444531   0.0002449145  0.00016490083
 -0.00018270418  4.6278527e-05              0 -1.2928346e-07 -1.4200703e-05 -1.2755736e-05 -8.6445123e-06 -8.0386283e-05 -2.8989381e-05 -5.8262977e-05 -6.0819877e-05 -4.1248421e-05
              0              0              2              0              0              0              0              0              0              0              0              0
  8.4756443e-07 -1.2928346e-07              0  7.0557938e-05   7.075928e-07   5.577336e-07  2.2265368e-07 -1.2482541e-05 -5.6608121e-08 -9.9024701e-08  3.1307968e-07 -3.0634875e-07
  5.5930764e-05 -1.4200703e-05              0   7.075928e-07  4.8589275e-06  4.2960639e-06  2.6302931e-06  2.3107255e-05  8.8612326e-06  1.7811116e-05  1.8624032e-05  1.2594069e-05
  5.0354491e-05 -1.2755736e-05              0   5.577336e-07  4.2960639e-06  3.8147211e-06  2.3875418e-06  2.1172093e-05  7.9759975e-06   1.603631e-05  1.6763435e-05  1.1331348e-05
  3.7161792e-05 -8.6445123e-06              0  2.2265368e-07  2.6302931e-06  2.3875418e-06  3.7797504e-06  4.0631534e-05  5.8678488e-06  1.1589014e-05    1.21981e-05   8.063789e-06
  0.00035478325 -8.0386283e-05              0 -1.2482541e-05  2.3107255e-05  2.1172093e-05  4.0631534e-05  0.00081096325  5.7277161e-05  0.00011105014  0.00011650074  7.4569302e-05
  0.00011680625 -2.8989381e-05              0 -5.6608121e-08  8.8612326e-06  7.9759975e-06  5.8678488e-06  5.7277161e-05   1.931947e-05  3.7111315e-05  3.8813261e-05  2.6166889e-05
  0.00023444531 -5.8262977e-05              0 -9.9024701e-08  1.7811116e-05   1.603631e-05  1.1589014e-05  0.00011105014  3.7111315e-05  7.5424482e-05  7.7892153e-05  5.2451148e-05
   0.0002449145 -6.0819877e-05              0  3.1307968e-07  1.8624032e-05  1.6763435e-05    1.21981e-05  0.00011650074  3.8813261e-05  7.7892153e-05  8.2156784e-05  5.4801659e-05
  0.00016490083 -4.1248421e-05              0 -3.0634875e-07  1.2594069e-05  1.1331348e-05   8.063789e-06  7.4569302e-05  2.6166889e-05  5.2451148e-05  5.4801659e-05  3.8618269e-05


# ext. ||   Name    ||   type  ||     Value     ||  Error +/- 

   0   ||Natural mortality || limited ||     0.0552402132887 ||0.00223264529888
   1   ||Targeted q || limited ||      8.485337064111 ||0.1340457301377
   2   ||Nontargeted q || limited ||                   2 ||22.06548931833
   3   ||     sigma || limited ||      1.284264347951 ||0.06687684766799
   4   ||  Biomass1 || limited ||      7.688727879557 ||0.1361464255667
   5   ||  Biomass2 || limited ||      6.597233441402 ||0.1118046509397
   6   ||   vm_mean || limited ||      1.910754837601 ||0.003428178659743
   7   ||  vm_sigma || limited ||      28.63658739126 ||0.7722114252998
   8   ||Recruit year 1 || limited ||      1.350742875486 ||0.0357438690918
   9   ||Recruit year 2 || limited ||      5.302076046569 ||0.1374743607571
  10   ||Recruit year 3 || limited ||      5.724998814561 ||0.1487681933023
  11   ||Recruit year 4 || limited ||      2.786974412363 ||0.07219850038669





