# Minimum negative log likelihood

Minuit did successfully converge.
# of function calls: 1075
minimum function Value: 588.8590579165
minimum edm: 1.526060043483e-05
minimum internal state vector: LAVector parameters:
   -0.07061500952062
     -1.097749781808
     -1.287002217587
     -1.162775154488
     -1.385894696541
     -1.394906113926
    -0.8654356953947
     -1.091096466931
     -1.062813075953
    -0.9530419051664
      -1.21293173722
    0.05427284831935
    0.02343846803682
     0.1003475269099
    0.05332776285489

minimum internal covariance matrix: LASymMatrix parameters:
    0.013840449 -0.00091646238              0  0.00015291593  0.00040192658  0.00036562277  -0.0014426159   0.0017355815    0.001692196   0.0022233492    0.001204768  0.00015719061  0.00013910941  0.00014621032  0.00014404529
 -0.00091646238  7.1743531e-05              0 -1.5841986e-05 -3.1516893e-05 -2.8615647e-05  7.1780664e-05 -0.00011652134 -0.00011255365 -0.00015283672 -8.5618131e-05  -8.858622e-06 -7.7589555e-06  -7.643375e-06 -9.1784199e-06
              0              0              2              0              0              0              0              0              0              0              0              0              0              0              0
  0.00015291593 -1.5841986e-05              0  0.00025468845  7.1399996e-06  6.2088323e-06 -9.3288543e-06  1.4525127e-05  1.9066329e-05  3.3061193e-05  2.9132045e-05  1.6658706e-06  8.4745305e-07  3.0572271e-07  2.8423543e-06
  0.00040192658 -3.1516893e-05              0  7.1399996e-06  1.9967262e-05  1.7513947e-05 -3.3952191e-05  5.2322964e-05  4.8799803e-05  6.7697788e-05  3.6874479e-05  3.8383399e-06  3.4543549e-06  3.3974367e-06  4.0847771e-06
  0.00036562277 -2.8615647e-05              0  6.2088323e-06  1.7513947e-05  1.5474341e-05 -3.0408383e-05  4.7403407e-05  4.4355979e-05  6.1522941e-05  3.3559116e-05  3.5484641e-06  3.1283768e-06  3.1019861e-06  3.7438142e-06
  -0.0014426159  7.1780664e-05              0 -9.3288543e-06 -3.3952191e-05 -3.0408383e-05  0.00037557987 -0.00017648444 -0.00017319218 -0.00021853004 -0.00011253975 -2.3364821e-05 -2.2036292e-05 -2.5537029e-05 -1.9978411e-05
   0.0017355815 -0.00011652134              0  1.4525127e-05  5.2322964e-05  4.7403407e-05 -0.00017648444  0.00023317111  0.00020987901  0.00027955995  0.00015206618   1.928682e-05  1.7294421e-05   1.801988e-05  1.7730951e-05
    0.001692196 -0.00011255365              0  1.9066329e-05  4.8799803e-05  4.4355979e-05 -0.00017319218  0.00020987901  0.00021867708  0.00027175909  0.00014681396  1.9186025e-05  1.7015078e-05  1.7961092e-05   1.730997e-05
   0.0022233492 -0.00015283672              0  3.3061193e-05  6.7697788e-05  6.1522941e-05 -0.00021853004  0.00027955995  0.00027175909  0.00037521381  0.00019451163  2.4462014e-05  2.1649514e-05  2.2312364e-05  2.3008059e-05
    0.001204768 -8.5618131e-05              0  2.9132045e-05  3.6874479e-05  3.3559116e-05 -0.00011253975  0.00015206618  0.00014681396  0.00019451163  0.00013130505  1.2819484e-05  1.1378938e-05  1.1636571e-05  1.3768971e-05
  0.00015719061  -8.858622e-06              0  1.6658706e-06  3.8383399e-06  3.5484641e-06 -2.3364821e-05   1.928682e-05  1.9186025e-05  2.4462014e-05  1.2819484e-05   3.460367e-06  1.8985783e-06  2.0609887e-06  1.7164183e-06
  0.00013910941 -7.7589555e-06              0  8.4745305e-07  3.4543549e-06  3.1283768e-06 -2.2036292e-05  1.7294421e-05  1.7015078e-05  2.1649514e-05  1.1378938e-05  1.8985783e-06  2.6058928e-06    1.89484e-06  1.5591301e-06
  0.00014621032  -7.643375e-06              0  3.0572271e-07  3.3974367e-06  3.1019861e-06 -2.5537029e-05   1.801988e-05  1.7961092e-05  2.2312364e-05  1.1636571e-05  2.0609887e-06    1.89484e-06  3.1742914e-06  1.7522475e-06
  0.00014404529 -9.1784199e-06              0  2.8423543e-06  4.0847771e-06  3.7438142e-06 -1.9978411e-05  1.7730951e-05   1.730997e-05  2.3008059e-05  1.3768971e-05  1.7164183e-06  1.5591301e-06  1.7522475e-06   4.802544e-06


# ext. ||   Name    ||   type  ||     Value     ||  Error +/- 

   0   ||Natural mortality || limited ||    0.04323609156415 ||0.002072122255062
   1   ||Targeted q || limited ||      5.490779281338 ||0.1364356499713
   2   ||Nontargeted q || limited ||                   2 ||22.06548931833
   3   ||     sigma || limited ||      4.104609706645 ||0.2238799525967
   4   ||  Biomass1 || limited ||      8.522829675866 ||0.2904536245617
   5   ||  Biomass2 || limited ||      7.714422283361 ||0.2433663739646
   6   ||  vm_sigma || limited ||      9.545768653136 ||0.3553520363085
   7   ||Recruit year 1 || limited ||      5.652761602926 ||0.2491290533787
   8   ||Recruit year 2 || limited ||      6.323005477131 ||0.2542806309137
   9   ||Recruit year 3 || limited ||      9.250017730037 ||0.396616251544
  10   ||Recruit year 4 || limited ||      3.177336267541 ||0.14189156252
  11   ||Mean Rec dist 1 || limited ||     0.5424620841682 ||0.0131342727059
  12   ||Mean Rec dist 2 || limited ||     0.2343632206267 ||0.0114115299917
  13   ||Mean Rec dist 3 || limited ||      1.001792013341 ||0.01253481742774
  14   ||Mean Rec dist 4 || limited ||     0.5330249041972 ||0.01547400295789





