# Minimum negative log likelihood

Minuit did successfully converge.
# of function calls: 1202
minimum function Value: 402.3182157382
minimum edm: 1.813514279522e-05
minimum internal state vector: LAVector parameters:
    -0.7697107844033
    -0.9377750532864
     -1.287002217587
     -1.311274569545
      -1.55674759234
     -1.557301589089
   -0.04550877281052
   -0.07331959053709
     -1.071397900322
     -1.253365746503
     -1.178166247115
     -1.290482047592

minimum internal covariance matrix: LASymMatrix parameters:
    0.022362335  -0.0011186351              0 -4.0259051e-07  2.0572265e-05  1.8749976e-05 -4.5033962e-06  5.9931381e-05   0.0007787302  0.00062609544  0.00080905273   0.0005309739
  -0.0011186351  5.7505859e-05              0  -9.709214e-08 -1.0337254e-06 -9.4969041e-07    6.93841e-07 -1.4191971e-05  -3.889421e-05 -3.1233576e-05 -4.0412852e-05 -2.6606382e-05
              0              0              2              0              0              0              0              0              0              0              0              0
 -4.0259051e-07  -9.709214e-08              0  7.8523088e-05 -5.3007615e-07 -4.9750249e-07  -4.939124e-07  2.5470202e-06  3.7333609e-07 -1.8162488e-08  4.5903828e-07 -2.0397061e-09
  2.0572265e-05 -1.0337254e-06              0 -5.3007615e-07  7.6404358e-07  6.2717745e-07 -1.4105364e-08 -5.1333261e-07  7.3948668e-07  6.6733974e-07  7.8706833e-07  5.0400441e-07
  1.8749976e-05 -9.4969041e-07              0 -4.9750249e-07  6.2717745e-07  5.2395556e-07 -1.5241755e-08  -2.857735e-07  6.6886947e-07  5.9396846e-07  7.0941048e-07  4.5723677e-07
 -4.5033962e-06    6.93841e-07              0  -4.939124e-07 -1.4105364e-08 -1.5241755e-08  4.1432411e-07 -8.0183969e-06 -1.3675941e-07 -8.3252602e-08 -1.4630711e-07 -1.2124791e-07
  5.9931381e-05 -1.4191971e-05              0  2.5470202e-06 -5.1333261e-07  -2.857735e-07 -8.0183969e-06   0.0003572704  1.0028359e-06  2.1956024e-07  4.4728495e-07  1.6656257e-06
   0.0007787302  -3.889421e-05              0  3.7333609e-07  7.3948668e-07  6.6886947e-07 -1.3675941e-07  1.0028359e-06  2.8213158e-05  2.1805443e-05  2.8227461e-05  1.8456647e-05
  0.00062609544 -3.1233576e-05              0 -1.8162488e-08  6.6733974e-07  5.9396846e-07 -8.3252602e-08  2.1956024e-07  2.1805443e-05  1.8666634e-05  2.2716839e-05  1.4914213e-05
  0.00080905273 -4.0412852e-05              0  4.5903828e-07  7.8706833e-07  7.0941048e-07 -1.4630711e-07  4.4728495e-07  2.8227461e-05  2.2716839e-05  3.0379636e-05  1.9207772e-05
   0.0005309739 -2.6606382e-05              0 -2.0397061e-09  5.0400441e-07  4.5723677e-07 -1.2124791e-07  1.6656257e-06  1.8456647e-05  1.4914213e-05  1.9207772e-05  1.3725269e-05


# ext. ||   Name    ||   type  ||     Value     ||  Error +/- 

   0   ||Natural mortality || limited ||    0.02760181053617 ||0.001894812003212
   1   ||Targeted q || limited ||      9.687807215114 ||0.1586079332442
   2   ||Nontargeted q || limited ||                   2 ||22.06548931833
   3   ||     sigma || limited ||      1.674359273725 ||0.08039676339889
   4   ||  Biomass1 || limited ||    0.04934092341502 ||0.004341471571384
   5   ||  Biomass2 || limited ||    0.04552629553817 ||0.003453452455476
   6   ||   vm_mean || limited ||    -0.1429206818046 ||0.001428417241555
   7   ||  vm_sigma || limited ||      37.07037995725 ||0.5331590340587
   8   ||Recruit year 1 || limited ||      6.115848714515 ||0.08992469964164
   9   ||Recruit year 2 || limited ||      2.507723336282 ||0.04767323336162
  10   ||Recruit year 3 || limited ||      3.814322717625 ||0.07455367678402
  11   ||Recruit year 4 || limited ||      1.961377941852 ||0.03623382947822





