# Minimum negative log likelihood

Minuit did successfully converge.
# of function calls: 1013
minimum function Value: 648.4501689053
minimum edm: 8.652900788024e-06
minimum internal state vector: LAVector parameters:
   -0.01482085303849
     -1.055413185992
     -1.287002217587
     -1.098838388883
     -1.400139974067
      -1.41125924756
     0.1120038790304
     -1.251402210858
    -0.9593259411185
     -1.052540453436
     -1.209379258297
      0.026985201468
    0.07037971701432
    0.09985882130004
    0.07303412068804

minimum internal covariance matrix: LASymMatrix parameters:
    0.013654809  -0.0009929861              0  0.00012057529  0.00034041052  0.00030666948  -0.0045045842  0.00097494588   0.0019990545   0.0017187272   0.0011306015  6.1371069e-05  6.7375601e-05  5.9896076e-05  7.4564673e-05
  -0.0009929861  8.4500058e-05              0 -1.2594032e-05 -2.9014547e-05  -2.602132e-05  0.00025586406 -7.2372821e-05  -0.0001492948 -0.00012726066 -8.7852919e-05  -3.611534e-06 -3.6879439e-06 -3.0879695e-06 -5.0097567e-06
              0              0              2              0              0              0              0              0              0              0              0              0              0              0              0
  0.00012057529 -1.2594032e-05              0  0.00031684078  3.0528386e-06  2.2478579e-06  3.5869105e-06  8.9957055e-06  1.9839028e-05   1.354439e-05  1.9529008e-05  8.0054705e-08 -1.9939614e-08 -2.2273287e-07   1.668172e-06
  0.00034041052 -2.9014547e-05              0  3.0528386e-06  2.0138419e-05  1.7125704e-05 -8.2675852e-05  2.3746169e-05  5.0715912e-05   4.383814e-05  3.2024081e-05   6.236958e-07   1.293094e-06   1.135088e-06  1.9752744e-06
  0.00030666948  -2.602132e-05              0  2.2478579e-06  1.7125704e-05  1.4709813e-05 -7.5995485e-05   2.139071e-05  4.5692598e-05  3.9302698e-05  2.8674416e-05  6.5486898e-07   1.166366e-06  1.0328264e-06  1.7798227e-06
  -0.0045045842  0.00025586406              0  3.5869105e-06 -8.2675852e-05 -7.5995485e-05   0.0078673575  -0.0003126824 -0.00066804578 -0.00050167622 -0.00031760765 -6.0375496e-05 -5.6521626e-05 -6.2369934e-05 -5.6625236e-05
  0.00097494588 -7.2372821e-05              0  8.9957055e-06  2.3746169e-05   2.139071e-05  -0.0003126824  8.7281285e-05  0.00014323949  0.00012448163  7.8982325e-05  4.8562283e-06  4.7018611e-06  4.1180595e-06  4.7150703e-06
   0.0019990545  -0.0001492948              0  1.9839028e-05  5.0715912e-05  4.5692598e-05 -0.00066804578  0.00014323949  0.00031478708  0.00024822335  0.00016354353  9.7037092e-06  9.7457191e-06  8.6667798e-06  1.1464533e-05
   0.0017187272 -0.00012726066              0   1.354439e-05   4.383814e-05  3.9302698e-05 -0.00050167622  0.00012448163  0.00024822335  0.00024090864   0.0001405175  6.8100333e-06  7.8389148e-06  6.4542709e-06  9.1777818e-06
   0.0011306015 -8.7852919e-05              0  1.9529008e-05  3.2024081e-05  2.8674416e-05 -0.00031760765  7.8982325e-05  0.00016354353   0.0001405175  0.00012981254  3.5834267e-06  4.7330108e-06  4.3507864e-06  6.7707213e-06
  6.1371069e-05  -3.611534e-06              0  8.0054705e-08   6.236958e-07  6.5486898e-07 -6.0375496e-05  4.8562283e-06  9.7037092e-06  6.8100333e-06  3.5834267e-06  2.0518293e-06  5.4591179e-07  5.3945161e-07  4.0942589e-07
  6.7375601e-05 -3.6879439e-06              0 -1.9939614e-08   1.293094e-06   1.166366e-06 -5.6521626e-05  4.7018611e-06  9.7457191e-06  7.8389148e-06  4.7330108e-06  5.4591179e-07  1.2102966e-06  5.6963203e-07  5.5814505e-07
  5.9896076e-05 -3.0879695e-06              0 -2.2273287e-07   1.135088e-06  1.0328264e-06 -6.2369934e-05  4.1180595e-06  8.6667798e-06  6.4542709e-06  4.3507864e-06  5.3945161e-07  5.6963203e-07  1.7385265e-06  5.6106314e-07
  7.4564673e-05 -5.0097567e-06              0   1.668172e-06  1.9752744e-06  1.7798227e-06 -5.6625236e-05  4.7150703e-06  1.1464533e-05  9.1777818e-06  6.7707213e-06  4.0942589e-07  5.5814505e-07  5.6106314e-07  2.6859775e-06


# ext. ||   Name    ||   type  ||     Value     ||  Error +/- 

   0   ||Natural mortality || limited ||    0.04462949223853 ||0.002063126367771
   1   ||Targeted q || limited ||      6.494802588651 ||0.1601811111255
   2   ||Nontargeted q || limited ||                   2 ||22.06548931833
   3   ||     sigma || limited ||      5.466007169408 ||0.2861034998168
   4   ||  Biomass1 || limited ||      7.263244336567 ||0.2694507125684
   5   ||  Biomass2 || limited ||      6.349535350068 ||0.2154149503113
   6   ||  vm_sigma || limited ||      44.47123799016 ||2.491376958808
   7   ||Recruit year 1 || limited ||      2.538455393846 ||0.103701897314
   8   ||Recruit year 2 || limited ||      9.068854224584 ||0.3600601253427
   9   ||Recruit year 3 || limited ||      6.575119363349 ||0.2718035069842
  10   ||Recruit year 4 || limited ||      3.239842611069 ||0.1424221665272
  11   ||Mean Rec dist 1 || limited ||     0.2698192647835 ||0.01012505500856
  12   ||Mean Rec dist 2 || limited ||     0.7032162937352 ||0.007759868864087
  13   ||Mean Rec dist 3 || limited ||     0.9969294225788 ||0.009276980592237
  14   ||Mean Rec dist 4 || limited ||      0.729692108781 ||0.01155784328995





