# Minimum negative log likelihood

Minuit did successfully converge.
# of function calls: 683
minimum function Value: 639.2532194701
minimum edm: 5.611277501189e-06
minimum internal state vector: LAVector parameters:
    -0.5032085476396
     -1.050046732303
     -1.287002217587
     -1.109352361627
     -1.541157554013
     -1.536844215808
    -0.4918788669948
     -1.153282331172
    -0.9993169275729
    -0.9349523467905
     -1.256024589309
     -1.089017530735

minimum internal covariance matrix: LASymMatrix parameters:
    0.056990434  -0.0042547748              0 -6.4504816e-05  0.00016240546  0.00026153018   8.855585e-05 -0.00023741927   0.0043779911   0.0050922297   0.0023543057   0.0046111928
  -0.0042547748   0.0003625633              0  1.5153219e-06 -1.5102377e-05 -2.2806215e-05  2.2058279e-05 -3.0222964e-05 -0.00033250361 -0.00038225616 -0.00017617278 -0.00035221877
              0              0              2              0              0              0              0              0              0              0              0              0
 -6.4504816e-05  1.5153219e-06              0  0.00028469711  3.2232867e-06  3.9820507e-07 -2.2108031e-06   5.942051e-06 -6.7458833e-06 -3.0000855e-06 -4.9719096e-06 -2.1369605e-06
  0.00016240546 -1.5102377e-05              0  3.2232867e-06  4.6678973e-05  2.7837529e-05 -4.3614006e-06  3.3719042e-06  2.2671649e-05  1.5947641e-05  5.6371022e-06  1.3710732e-05
  0.00026153018 -2.2806215e-05              0  3.9820507e-07  2.7837529e-05  1.9299095e-05  -1.689759e-06  3.3536179e-06  2.2555392e-05  2.4354977e-05  1.0532547e-05  2.1594461e-05
   8.855585e-05  2.2058279e-05              0 -2.2108031e-06 -4.3614006e-06  -1.689759e-06  2.7488884e-05 -3.2995938e-05 -7.2124722e-07  6.6200083e-06  3.5590058e-06   1.879946e-06
 -0.00023741927 -3.0222964e-05              0   5.942051e-06  3.3719042e-06  3.3536179e-06 -3.2995938e-05  8.0073854e-05 -1.5984485e-05 -1.8804446e-05 -8.5941052e-06 -1.0760496e-05
   0.0043779911 -0.00033250361              0 -6.7458833e-06  2.2671649e-05  2.2555392e-05 -7.2124722e-07 -1.5984485e-05  0.00035994439  0.00038979597   0.0001801982  0.00035528116
   0.0050922297 -0.00038225616              0 -3.0000855e-06  1.5947641e-05  2.4354977e-05  6.6200083e-06 -1.8804446e-05  0.00038979597  0.00046933376  0.00020850011  0.00041225137
   0.0023543057 -0.00017617278              0 -4.9719096e-06  5.6371022e-06  1.0532547e-05  3.5590058e-06 -8.5941052e-06   0.0001801982  0.00020850011  0.00011116325  0.00019085256
   0.0046111928 -0.00035221877              0 -2.1369605e-06  1.3710732e-05  2.1594461e-05   1.879946e-06 -1.0760496e-05  0.00035528116  0.00041225137  0.00019085256  0.00038663949


# ext. ||   Name    ||   type  ||     Value     ||  Error +/- 

   0   ||Natural mortality || limited ||    0.03294402921393 ||0.003679470364425
   1   ||Targeted q || limited ||      6.627676135599 ||0.3349295961113
   2   ||Nontargeted q || limited ||                   2 ||22.06548931833
   3   ||     sigma || limited ||      5.229474100249 ||0.2656023285731
   4   ||  Biomass1 || limited ||     0.2195981366739 ||0.07158311477551
   5   ||  Biomass2 || limited ||     0.2881587773671 ||0.05272372887313
   6   ||   vm_mean || limited ||     -1.483720308712 ||0.01026617507493
   7   ||  vm_sigma || limited ||      3.436964570054 ||0.1026269399542
   8   ||Recruit year 1 || limited ||      7.954119362663 ||0.3627561104385
   9   ||Recruit year 2 || limited ||      9.780483861672 ||0.454796586322
  10   ||Recruit year 3 || limited ||      2.466400653861 ||0.1153953567752
  11   ||Recruit year 4 || limited ||      5.700825412669 ||0.3220814342167





