# Minimum negative log likelihood

Minuit did successfully converge.
# of function calls: 598
minimum function Value: 634.6750027609
minimum edm: 5.527594328111e-05
minimum internal state vector: LAVector parameters:
    -0.2292920837267
     -1.228260911917
     -1.287002217587
     -1.114475385214
     -1.533666118037
     -1.534446401829
    0.02273220748316
    -0.5857573928264
    -0.9053260646771
     -1.454168253672
     -1.124298215351
     -1.469372196894

minimum internal covariance matrix: LASymMatrix parameters:
     0.14827984   -0.015527473              0  -0.0001519674   0.0015991235   0.0015356153  0.00046453021  -0.0034511449    0.031626337   0.0052681875    0.021207023   0.0051545845
   -0.015527473   0.0016440924              0  1.6794306e-05 -0.00016877194 -0.00016215125 -4.0063815e-05  0.00027877447  -0.0033291482 -0.00054544214  -0.0022327509 -0.00053717688
              0              0              2              0              0              0              0              0              0              0              0              0
  -0.0001519674  1.6794306e-05              0  0.00026089055 -3.8979996e-06 -3.6138652e-06  -3.436624e-07  1.0776195e-06 -3.6070517e-05 -6.0560809e-06 -2.4411881e-05 -5.7014447e-06
   0.0015991235 -0.00016877194              0 -3.8979996e-06   3.537745e-05  3.2176074e-05  4.2318849e-06 -4.2632423e-05  0.00034148449  5.5810895e-05  0.00022863683  5.5005877e-05
   0.0015356153 -0.00016215125              0 -3.6138652e-06  3.2176074e-05  2.9451999e-05  4.0513894e-06 -3.7752467e-05  0.00032814004  5.3669479e-05  0.00021978289  5.2867872e-05
  0.00046453021 -4.0063815e-05              0  -3.436624e-07  4.2318849e-06  4.0513894e-06  1.6296351e-05 -0.00013675503  9.1755046e-05  1.8649741e-05  6.1595694e-05  1.6591693e-05
  -0.0034511449  0.00027877447              0  1.0776195e-06 -4.2632423e-05 -3.7752467e-05 -0.00013675503   0.0027699999 -0.00066252873 -0.00014217865 -0.00044498513 -0.00012612166
    0.031626337  -0.0033291482              0 -3.6070517e-05  0.00034148449  0.00032814004  9.1755046e-05 -0.00066252873   0.0067817838   0.0011185515   0.0045388133   0.0010985787
   0.0052681875 -0.00054544214              0 -6.0560809e-06  5.5810895e-05  5.3669479e-05  1.8649741e-05 -0.00014217865   0.0011185515  0.00021700086  0.00075092481   0.0001850823
    0.021207023  -0.0022327509              0 -2.4411881e-05  0.00022863683  0.00021978289  6.1595694e-05 -0.00044498513   0.0045388133  0.00075092481   0.0030577758  0.00073415402
   0.0051545845 -0.00053717688              0 -5.7014447e-06  5.5005877e-05  5.2867872e-05  1.6591693e-05 -0.00012612166   0.0010985787   0.0001850823  0.00073415402  0.00021005385


# ext. ||   Name    ||   type  ||     Value     ||  Error +/- 

   0   ||Natural mortality || limited ||    0.03931779519545 ||0.006547392338143
   1   ||Targeted q || limited ||      2.904694593384 ||0.4814353358969
   2   ||Nontargeted q || limited ||                   2 ||22.06548931833
   3   ||     sigma || limited ||      5.116012968897 ||0.2516326651848
   4   ||  Biomass1 || limited ||     0.3446235048747 ||0.07806288299092
   5   ||  Biomass2 || limited ||     0.3302928903832 ||0.06972992554927
   6   ||   vm_mean || limited ||    0.07140918550331 ||0.008965350104412
   7   ||  vm_sigma || limited ||      17.88754955773 ||1.240158626286
   8   ||Recruit year 1 || limited ||      10.67760720296 ||1.796491580301
   9   ||Recruit year 2 || limited ||     0.3496334412286 ||0.06059719926178
  10   ||Recruit year 3 || limited ||      4.911270879929 ||0.8439097916798
  11   ||Recruit year 4 || limited ||     0.2669252766223 ||0.05187591172507





