# Minimum negative log likelihood

Minuit did successfully converge.
# of function calls: 1461
minimum function Value: 581.7080464393
minimum edm: 8.509153146173e-05
minimum internal state vector: LAVector parameters:
     -1.120385509737
    -0.8991871599851
     -1.287002217587
     -1.169831592126
       -1.5194659625
     -1.521457919147
    0.04029321523274
      2.934300708606
      -1.21375990653
     -1.035441175064
     -1.291881007252
     -1.254106024571

minimum internal covariance matrix: LASymMatrix parameters:
     0.32071372  -0.0097567289              0  0.00024815342  0.00070210032  0.00065747859  6.8684805e-06  0.00015171446   0.0044207457   0.0083490893   0.0032835559   0.0048949927
  -0.0097567289  0.00030623392              0 -1.0768816e-05 -2.1589357e-05 -2.0294712e-05  1.1095413e-06  3.4447493e-05 -0.00013528964 -0.00025448845 -0.00010042629 -0.00014942686
              0              0              2              0              0              0              0              0              0              0              0              0
  0.00024815342 -1.0768816e-05              0  0.00018267921  1.1939372e-07  1.7127803e-07  1.3800539e-07  4.2517525e-05  4.3495656e-06  5.9181618e-06  3.3222694e-06  3.9139535e-06
  0.00070210032 -2.1589357e-05              0  1.1939372e-07  6.5031342e-06  5.5099729e-06 -1.3302192e-07  1.5517587e-06  9.5521279e-06  1.7818171e-05  6.9230248e-06  1.0531002e-05
  0.00065747859 -2.0294712e-05              0  1.7127803e-07  5.5099729e-06  4.7245651e-06 -1.0029707e-07  1.6528462e-06  9.0037271e-06  1.6780032e-05  6.5791425e-06  9.9623832e-06
  6.8684805e-06  1.1095413e-06              0  1.3800539e-07 -1.3302192e-07 -1.0029707e-07  1.4151532e-06  3.8365907e-05  4.7560996e-07  5.6119989e-07  4.9217535e-07  3.5126092e-07
  0.00015171446  3.4447493e-05              0  4.2517525e-05  1.5517587e-06  1.6528462e-06  3.8365907e-05   0.0030976888  1.8662851e-05  1.9026646e-05  1.8406603e-05  2.4631822e-05
   0.0044207457 -0.00013528964              0  4.3495656e-06  9.5521279e-06  9.0037271e-06  4.7560996e-07  1.8662851e-05  6.8157067e-05  0.00011611001  4.6169883e-05  6.8197523e-05
   0.0083490893 -0.00025448845              0  5.9181618e-06  1.7818171e-05  1.6780032e-05  5.6119989e-07  1.9026646e-05  0.00011611001   0.0002241073  8.6064507e-05  0.00012796603
   0.0032835559 -0.00010042629              0  3.3222694e-06  6.9230248e-06  6.5791425e-06  4.9217535e-07  1.8406603e-05  4.6169883e-05  8.6064507e-05  4.0326593e-05  5.0636011e-05
   0.0048949927 -0.00014942686              0  3.9139535e-06  1.0531002e-05  9.9623832e-06  3.5126092e-07  2.4631822e-05  6.8197523e-05  0.00012796603  5.0636011e-05   8.127313e-05


# ext. ||   Name    ||   type  ||     Value     ||  Error +/- 

   0   ||Natural mortality || limited ||    0.02249329162219 ||0.00424265857783
   1   ||Targeted q || limited ||      10.85893092741 ||0.3849754370634
   2   ||Nontargeted q || limited ||                   2 ||22.06548931833
   3   ||     sigma || limited ||        3.9657559968 ||0.186508664623
   4   ||  Biomass1 || limited ||     0.6585569580965 ||0.04625937335001
   5   ||  Biomass2 || limited ||     0.6084461750043 ||0.03790047665514
   6   ||   vm_mean || limited ||     0.1265506190781 ||0.002640486208962
   7   ||  vm_sigma || limited ||        48.232820182 ||1.540096506123
   8   ||Recruit year 1 || limited ||      3.162849431928 ||0.1020024488129
   9   ||Recruit year 2 || limited ||      7.004925232666 ||0.2699767779241
  10   ||Recruit year 3 || limited ||      1.942075249799 ||0.0618062904458
  11   ||Recruit year 4 || limited ||      2.496184485538 ||0.09925057569667





