# Minimum negative log likelihood

Minuit did successfully converge.
# of function calls: 1138
minimum function Value: 557.2400583699
minimum edm: 3.061771600058e-05
minimum internal state vector: LAVector parameters:
     0.1776700507999
     -1.056419517747
     -1.287002217587
     -1.192997047003
     -1.519618794444
     -1.522716625099
    -0.2131478587953
     -1.203440308126
     -1.227875186655
      -1.42181584448
     -1.021382692323
    0.03175165131027
     0.1145687239479
     0.1154924946044
    0.03120790531683

minimum internal covariance matrix: LASymMatrix parameters:
   0.0078027287 -0.00062490476              0 -2.0107035e-05  6.9378128e-05  6.3397296e-05  -0.0013234884  0.00062818246  0.00061485073  0.00026578714  0.00091272264  3.2460539e-05  3.6136125e-05  1.7718084e-05  3.2164351e-05
 -0.00062490476  7.0239723e-05              0  4.0950152e-06 -7.3852892e-06 -6.6559664e-06  6.5001209e-05 -5.7042775e-05 -5.3212882e-05 -2.2303997e-05 -8.5969249e-05 -1.1950158e-06  -2.785573e-06 -1.2498651e-06 -1.4571876e-06
              0              0              2              0              0              0              0              0              0              0              0              0              0              0              0
 -2.0107035e-05  4.0950152e-06              0  0.00018798847  1.9281234e-06  1.4481025e-06  8.2491974e-06 -2.9979909e-06 -5.4364097e-06  -2.467068e-06 -5.4740834e-06 -1.7850067e-07 -1.6034301e-06 -2.5794699e-06  5.0298969e-07
  6.9378128e-05 -7.3852892e-06              0  1.9281234e-06  4.5152279e-06  3.7181521e-06 -7.6375466e-06  6.2326085e-06  5.7323084e-06  2.3574889e-06  9.0076019e-06   1.346712e-07  3.9009392e-07  6.1846243e-08  2.2148441e-07
  6.3397296e-05 -6.6559664e-06              0  1.4481025e-06  3.7181521e-06  3.1084536e-06 -7.1158167e-06  5.6215159e-06  5.2336784e-06  2.1680651e-06   8.160162e-06  1.3774205e-07   3.333143e-07  4.5594046e-08  2.0968761e-07
  -0.0013234884  6.5001209e-05              0  8.2491974e-06 -7.6375466e-06 -7.1158167e-06   0.0017242626 -0.00010338704 -9.4049046e-05 -3.9841341e-05 -0.00013290648 -1.7861952e-05 -2.0527144e-05 -1.2085953e-05  -1.900792e-05
  0.00062818246 -5.7042775e-05              0 -2.9979909e-06  6.2326085e-06  5.6215159e-06 -0.00010338704  6.1913102e-05  5.0738922e-05  2.1048989e-05  7.8232505e-05  2.0726819e-06  3.7297092e-06  8.4051677e-07  2.3521543e-06
  0.00061485073 -5.3212882e-05              0 -5.4364097e-06  5.7323084e-06  5.2336784e-06 -9.4049046e-05  5.0738922e-05  5.7103759e-05  2.1636124e-05  7.4856324e-05  2.3786998e-06  2.8448787e-06  2.6873781e-06  2.0647513e-06
  0.00026578714 -2.2303997e-05              0  -2.467068e-06  2.3574889e-06  2.1680651e-06 -3.9841341e-05  2.1048989e-05  2.1636124e-05  1.6542335e-05  3.2029359e-05  1.0914671e-06  1.2673769e-06  8.6700621e-07  8.6884508e-07
  0.00091272264 -8.5969249e-05              0 -5.4740834e-06  9.0076019e-06   8.160162e-06 -0.00013290648  7.8232505e-05  7.4856324e-05  3.2029359e-05   0.0001250645  2.9048589e-06  4.4887945e-06   2.694219e-06  3.1011853e-06
  3.2460539e-05 -1.1950158e-06              0 -1.7850067e-07   1.346712e-07  1.3774205e-07 -1.7861952e-05  2.0726819e-06  2.3786998e-06  1.0914671e-06  2.9048589e-06  7.7756787e-07  1.9778427e-07  2.9159309e-07  2.3527405e-07
  3.6136125e-05  -2.785573e-06              0 -1.6034301e-06  3.9009392e-07   3.333143e-07 -2.0527144e-05  3.7297092e-06  2.8448787e-06  1.2673769e-06  4.4887945e-06  1.9778427e-07  1.8632443e-06  1.7570809e-07  2.8637657e-07
  1.7718084e-05 -1.2498651e-06              0 -2.5794699e-06  6.1846243e-08  4.5594046e-08 -1.2085953e-05  8.4051677e-07  2.6873781e-06  8.6700621e-07   2.694219e-06  2.9159309e-07  1.7570809e-07  8.5809885e-06 -2.3790243e-07
  3.2164351e-05 -1.4571876e-06              0  5.0298969e-07  2.2148441e-07  2.0968761e-07  -1.900792e-05  2.3521543e-06  2.0647513e-06  8.6884508e-07  3.1011853e-06  2.3527405e-07  2.8637657e-07 -2.3790243e-07  5.8522285e-07


# ext. ||   Name    ||   type  ||     Value     ||  Error +/- 

   0   ||Natural mortality || limited ||    0.04941841959323 ||0.001535942144231
   1   ||Targeted q || limited ||      6.470025172829 ||0.1457814440393
   2   ||Nontargeted q || limited ||                   2 ||22.06548931833
   3   ||     sigma || limited ||      3.526066087453 ||0.1788109131516
   4   ||  Biomass1 || limited ||     0.6546420524201 ||0.03843124251959
   5   ||  Biomass2 || limited ||     0.5778031089994 ||0.0299586003332
   6   ||  vm_sigma || limited ||      31.53910316225 ||1.147724902118
   7   ||Recruit year 1 || limited ||      3.345656892747 ||0.09990228380372
   8   ||Recruit year 2 || limited ||      2.920884777682 ||0.08982364924645
   9   ||Recruit year 3 || limited ||     0.5637986717847 ||0.02134179882155
  10   ||Recruit year 4 || limited ||      7.367721091537 ||0.2064430843978
  11   ||Mean Rec dist 1 || limited ||     0.3174631641612 ||0.00623211083873
  12   ||Mean Rec dist 2 || limited ||      1.143182503548 ||0.009588778803399
  13   ||Mean Rec dist 3 || limited ||      1.152359160293 ||0.02057550336331
  14   ||Mean Rec dist 4 || limited ||     0.3120283982686 ||0.005406722691511





