# Minimum negative log likelihood

Minuit did successfully converge.
# of function calls: 851
minimum function Value: 520.6376005698
minimum edm: 2.063538429766e-05
minimum internal state vector: LAVector parameters:
     -1.049346250222
     -1.082265622032
     -1.287002217587
     -1.225191625497
     -1.470089010946
     -1.471549703775
    0.07378232923619
    -0.9569393361783
     -1.113965758483
     -1.134550908999
      -1.22704961407
     -0.967602497852

minimum internal covariance matrix: LASymMatrix parameters:
    0.049566945  -0.0020695066              0 -6.5408432e-05  0.00041898608  0.00040404275  1.3371577e-05 -0.00026399922   0.0022937502   0.0018565201   0.0017027514   0.0026243199
  -0.0020695066  9.2801242e-05              0  2.0901328e-06 -1.8742705e-05 -1.8089831e-05  3.0150412e-06 -8.4339537e-06 -9.6215255e-05 -7.7484949e-05 -7.1613619e-05 -0.00011130467
              0              0              2              0              0              0              0              0              0              0              0              0
 -6.5408432e-05  2.0901328e-06              0  0.00018615592  5.8400191e-06   5.318849e-06 -3.6057886e-06  2.4545166e-06  -3.361612e-06 -4.1545186e-06 -3.3649607e-06 -6.2599464e-06
  0.00041898608 -1.8742705e-05              0  5.8400191e-06  9.5287956e-06  8.6804913e-06 -9.9227786e-07  6.6059761e-07  1.9884464e-05  1.5446167e-05  1.4302615e-05  2.1943947e-05
  0.00040404275 -1.8089831e-05              0   5.318849e-06  8.6804913e-06  7.9511846e-06  -9.401832e-07  1.0758048e-06  1.9101273e-05  1.4921385e-05  1.3810073e-05  2.1190038e-05
  1.3371577e-05  3.0150412e-06              0 -3.6057886e-06 -9.9227786e-07  -9.401832e-07  4.4116777e-06 -1.4795155e-05 -2.6759833e-08  3.4875695e-07  1.7360947e-07 -7.2038367e-08
 -0.00026399922 -8.4339537e-06              0  2.4545166e-06  6.6059761e-07  1.0758048e-06 -1.4795155e-05  0.00014535762 -1.0367443e-05 -9.1284252e-06 -6.6484706e-06 -8.2788874e-06
   0.0022937502 -9.6215255e-05              0  -3.361612e-06  1.9884464e-05  1.9101273e-05 -2.6759833e-08 -1.0367443e-05  0.00011009268  8.5942859e-05  7.8749603e-05   0.0001215873
   0.0018565201 -7.7484949e-05              0 -4.1545186e-06  1.5446167e-05  1.4921385e-05  3.4875695e-07 -9.1284252e-06  8.5942859e-05   7.288653e-05   6.377941e-05  9.8391906e-05
   0.0017027514 -7.1613619e-05              0 -3.3649607e-06  1.4302615e-05  1.3810073e-05  1.7360947e-07 -6.6484706e-06  7.8749603e-05   6.377941e-05  6.2082345e-05  9.0423888e-05
   0.0026243199 -0.00011130467              0 -6.2599464e-06  2.1943947e-05  2.1190038e-05 -7.2038367e-08 -8.2788874e-06   0.0001215873  9.8391906e-05  9.0423888e-05  0.00014390342


# ext. ||   Name    ||   type  ||     Value     ||  Error +/- 

   0   ||Natural mortality || limited ||    0.02332255616771 ||0.001952429692547
   1   ||Targeted q || limited ||      5.848830283252 ||0.1598475217677
   2   ||Nontargeted q || limited ||                   2 ||22.06548931833
   3   ||     sigma || limited ||       2.95646137046 ||0.163412814562
   4   ||  Biomass1 || limited ||      2.533348686027 ||0.109723673719
   5   ||  Biomass2 || limited ||      2.460452450921 ||0.09878094646218
   6   ||   vm_mean || limited ||     0.2315837727719 ||0.004653218172923
   7   ||  vm_sigma || limited ||      7.303613427516 ||0.1964238462023
   8   ||Recruit year 1 || limited ||      5.136734384538 ||0.1636174770301
   9   ||Recruit year 2 || limited ||      4.692306366809 ||0.1275263399257
  10   ||Recruit year 3 || limited ||      2.934778942835 ||0.09387396475028
  11   ||Recruit year 4 || limited ||      8.832715786715 ||0.240566975371





