# Minimum negative log likelihood

Minuit did successfully converge.
# of function calls: 1274
minimum function Value: 717.621470372
minimum edm: 4.303360789906e-05
minimum internal state vector: LAVector parameters:
    -0.3536350436513
    -0.9409824859615
     -1.287002217587
     -1.011303778159
     -1.430643608658
     -1.441911081998
     0.4511766288202
    -0.9722492027263
     -1.051410821474
     -1.171059622747
     -1.319044664863
    0.08015401155662
    0.02796497078901
     0.1044192227448
    0.06159473654383

minimum internal covariance matrix: LASymMatrix parameters:
    0.020672952   -0.001377872              0  8.8002718e-05  0.00019743029  0.00018217795  -0.0091753114   0.0023659973   0.0018935445   0.0015072641   0.0011113278  5.4324604e-05  6.3663499e-05  5.9108332e-05  9.5367095e-05
   -0.001377872   0.0001142425              0 -1.7152434e-05 -1.9886716e-05 -1.7722304e-05  0.00045573473 -0.00016057148 -0.00012645063 -0.00010038477 -7.5125715e-05 -2.0320132e-06 -3.5469927e-06 -2.1226575e-06 -5.4740098e-06
              0              0              2              0              0              0              0              0              0              0              0              0              0              0              0
  8.8002718e-05 -1.7152434e-05              0  0.00046029987  9.6987545e-06  7.3532561e-06 -1.6090899e-05  3.8131277e-07  2.2627638e-06 -3.4629528e-06 -8.6334669e-06 -3.0804151e-07 -4.9456564e-07 -9.2785435e-07  3.6886774e-06
  0.00019743029 -1.9886716e-05              0  9.6987545e-06  2.2154616e-05  1.7873003e-05 -6.8120155e-05  2.0962398e-05  1.6755521e-05  1.3598165e-05  2.7886407e-06  3.3999377e-07  6.2225138e-07  4.6183534e-07   7.658061e-07
  0.00018217795 -1.7722304e-05              0  7.3532561e-06  1.7873003e-05  1.4669194e-05 -6.1639881e-05  1.9258071e-05  1.5837155e-05   1.266193e-05  3.0981847e-06  3.3392718e-07  5.8372122e-07   3.386808e-07  7.7751509e-07
  -0.0091753114  0.00045573473              0 -1.6090899e-05 -6.8120155e-05 -6.1639881e-05    0.020447095 -0.00093901915 -0.00079380445 -0.00062723923 -0.00042813911 -7.8777425e-05 -6.9897755e-05 -7.6043264e-05 -0.00010083506
   0.0023659973 -0.00016057148              0  3.8131277e-07  2.0962398e-05  1.9258071e-05 -0.00093901915  0.00031638664  0.00020118914   0.0001596267  0.00013596711  5.3461372e-06  6.9761362e-06  5.9725427e-06  1.0818069e-05
   0.0018935445 -0.00012645063              0  2.2627638e-06  1.6755521e-05  1.5837155e-05 -0.00079380445  0.00020118914  0.00023676001  0.00013024134  9.5353494e-05  4.3139268e-06  5.8904282e-06  5.9041457e-06  8.9828636e-06
   0.0015072641 -0.00010038477              0 -3.4629528e-06  1.3598165e-05   1.266193e-05 -0.00062723923   0.0001596267  0.00013024134  0.00015679883  8.6657704e-05  3.4716323e-06  4.6919197e-06  3.4071111e-06  7.2339745e-06
   0.0011113278 -7.5125715e-05              0 -8.6334669e-06  2.7886407e-06  3.0981847e-06 -0.00042813911  0.00013596711  9.5353494e-05  8.6657704e-05  0.00011176247  1.3016245e-06  3.0179227e-06  3.9287712e-06  7.4224048e-06
  5.4324604e-05 -2.0320132e-06              0 -3.0804151e-07  3.3999377e-07  3.3392718e-07 -7.8777425e-05  5.3461372e-06  4.3139268e-06  3.4716323e-06  1.3016245e-06  1.3858098e-06  1.2140389e-07  1.4836903e-07  3.4972527e-07
  6.3663499e-05 -3.5469927e-06              0 -4.9456564e-07  6.2225138e-07  5.8372122e-07 -6.9897755e-05  6.9761362e-06  5.8904282e-06  4.6919197e-06  3.0179227e-06  1.2140389e-07  1.0480258e-06   1.476136e-07  2.4265222e-07
  5.9108332e-05 -2.1226575e-06              0 -9.2785435e-07  4.6183534e-07   3.386808e-07 -7.6043264e-05  5.9725427e-06  5.9041457e-06  3.4071111e-06  3.9287712e-06  1.4836903e-07   1.476136e-07  3.7791507e-06  5.1359758e-07
  9.5367095e-05 -5.4740098e-06              0  3.6886774e-06   7.658061e-07  7.7751509e-07 -0.00010083506  1.0818069e-05  8.9828636e-06  7.2339745e-06  7.4224048e-06  3.4972527e-07  2.4265222e-07  5.1359758e-07  6.3930661e-06


# ext. ||   Name    ||   type  ||     Value     ||  Error +/- 

   0   ||Natural mortality || limited ||    0.03634224511733 ||0.002380324949147
   1   ||Targeted q || limited ||      9.593141549626 ||0.2225747148212
   2   ||Nontargeted q || limited ||                   2 ||22.06548931833
   3   ||     sigma || limited ||      7.623772346228 ||0.4025815235915
   4   ||  Biomass1 || limited ||      4.902663049556 ||0.2324690382976
   5   ||  Biomass2 || limited ||      4.147106038347 ||0.1740434819816
   6   ||  vm_sigma || limited ||      57.44127097897 ||3.633507839101
   7   ||Recruit year 1 || limited ||      8.701375825421 ||0.3542900848854
   8   ||Recruit year 2 || limited ||      6.603123321058 ||0.2699867063188
   9   ||Recruit year 3 || limited ||      3.951431100044 ||0.1722753574875
  10   ||Recruit year 4 || limited ||      1.585964019391 ||0.09309591298069
  11   ||Mean Rec dist 1 || limited ||     0.8006821200322 ||0.00829736452737
  12   ||Mean Rec dist 2 || limited ||     0.2796132597914 ||0.007236042378034
  13   ||Mean Rec dist 3 || limited ||      1.042295725246 ||0.01367130641422
  14   ||Mean Rec dist 4 || limited ||     0.6155579643406 ||0.01784493656846





