# Minimum negative log likelihood

Minuit did successfully converge.
# of function calls: 621
minimum function Value: 409.5646620377
minimum edm: 7.851103402351e-06
minimum internal state vector: LAVector parameters:
     -1.236347171385
     -1.287002217587
     -1.306693066443
     -1.491299887158
      -1.49358414341
       0.67992761825
   -0.01278112004918
      -1.05469785609
     -1.060084451915
     -0.950274810325
     -0.982321425712

minimum internal covariance matrix: LASymMatrix parameters:
  1.5566831e-06              0 -6.6400177e-07 -3.8920196e-07 -3.5136504e-07  5.6336509e-07 -3.2405217e-05 -1.2767431e-06 -8.6393176e-07 -1.1204858e-06 -2.4003961e-06
              0              2              0              0              0              0              0              0              0              0              0
 -6.6400177e-07              0  9.1394709e-05  5.9131998e-07  5.2568354e-07 -1.8295157e-06  8.4133557e-05 -2.9730486e-07  4.6135281e-08  1.0783977e-06  1.2454547e-06
 -3.8920196e-07              0  5.9131998e-07  1.8781393e-06  1.5997413e-06 -1.3606359e-07  1.1191919e-05  1.6483447e-07  2.8863544e-07  2.1718893e-07   6.103685e-07
 -3.5136504e-07              0  5.2568354e-07  1.5997413e-06  1.3709165e-06 -1.4140162e-07  1.0225263e-05  1.4999936e-07  2.5750816e-07  2.0550195e-07  5.4825125e-07
  5.6336509e-07              0 -1.8295157e-06 -1.3606359e-07 -1.4140162e-07  6.2203475e-06 -0.00010961548 -2.5428291e-07 -8.6509918e-07  -8.727599e-07  2.9932858e-08
 -3.2405217e-05              0  8.4133557e-05  1.1191919e-05  1.0225263e-05 -0.00010961548   0.0062466158  2.1425408e-05  1.9144884e-05  2.5802365e-05  3.6493551e-05
 -1.2767431e-06              0 -2.9730486e-07  1.6483447e-07  1.4999936e-07 -2.5428291e-07  2.1425408e-05  3.3169081e-06  5.7866448e-07   8.850769e-07  1.7841205e-06
 -8.6393176e-07              0  4.6135281e-08  2.8863544e-07  2.5750816e-07 -8.6509918e-07  1.9144884e-05  5.7866448e-07  2.5058194e-06  4.0820523e-07  1.1950352e-06
 -1.1204858e-06              0  1.0783977e-06  2.1718893e-07  2.0550195e-07  -8.727599e-07  2.5802365e-05   8.850769e-07  4.0820523e-07  3.0626291e-06  1.5662076e-06
 -2.4003961e-06              0  1.2454547e-06   6.103685e-07  5.4825125e-07  2.9932858e-08  3.6493551e-05  1.7841205e-06  1.1950352e-06  1.5662076e-06  1.0146681e-05


# ext. ||   Name    ||   type  ||     Value     ||  Error +/- 

   0   ||Targeted q || limited ||      2.770436646952 ||0.01447965907815
   1   ||Nontargeted q || limited ||                   2 ||22.06548931833
   2   ||     sigma || limited ||      1.733651138039 ||0.08823187064838
   3   ||  Biomass1 || limited ||      1.579089103905 ||0.0384776895036
   4   ||  Biomass2 || limited ||      1.489690002042 ||0.0319311584667
   5   ||   vm_mean || limited ||       1.97523472436 ||0.00430832449536
   6   ||  vm_sigma || limited ||      39.48927550754 ||2.234088607939
   7   ||Recruit year 1 || limited ||      6.521790643822 ||0.0317729112442
   8   ||Recruit year 2 || limited ||       6.38952371294 ||0.02735370432843
   9   ||Recruit year 3 || limited ||      9.330301547063 ||0.03597312429581
  10   ||Recruit year 4 || limited ||       8.41974804052 ||0.06250849420116





