# Minimum negative log likelihood

Minuit did successfully converge.
# of function calls: 2122
minimum function Value: 381.1062753512
minimum edm: 3.110026222153e-05
minimum internal state vector: LAVector parameters:
     -0.549464631115
     -1.206810905526
     -1.287002217587
      -1.32425135392
     -1.377348365921
       -1.3825338531
     -1.335982031855
     -1.342117214735
     -1.328454200412
     -1.227130743694
     -1.147066335735
    0.03835332423427
    0.08238512894608
    0.03102853518932
    0.02701814022588

minimum internal covariance matrix: LASymMatrix parameters:
    0.049183373  -0.0016703857              0 -2.9192861e-05  0.00089269834  0.00088358604  -0.0010988611   0.0030333856   0.0027531764   0.0038374874   0.0047127803   0.0011861644   0.0012253584   0.0013038247   0.0012337196
  -0.0016703857  0.00011044617              0 -8.3375634e-07 -5.9787237e-05 -5.7612393e-05  6.0955441e-06 -0.00010300466 -0.00010764882 -0.00015003814 -0.00018502013 -5.5045641e-05 -4.3301235e-05 -4.4350587e-05  -4.425004e-05
              0              0              2              0              0              0              0              0              0              0              0              0              0              0              0
 -2.9192861e-05 -8.3375634e-07              0  7.1232879e-05  6.9816042e-07  5.7644273e-07   2.093018e-06 -1.6216386e-06 -9.4747654e-07  -1.639294e-06 -2.0710964e-06 -3.6046636e-07 -6.2999019e-07 -5.0510034e-07 -1.2070191e-06
  0.00089269834 -5.9787237e-05              0  6.9816042e-07  3.3573883e-05  3.2181197e-05 -2.8201175e-06  5.5789944e-05  5.7748513e-05  8.0526424e-05  9.9240478e-05  2.8026251e-05  2.2963134e-05  2.3674115e-05  2.3678696e-05
  0.00088358604 -5.7612393e-05              0  5.7644273e-07  3.2181197e-05  3.0898229e-05 -3.6690044e-06  5.5010996e-05  5.6742711e-05  7.9123609e-05  9.7490429e-05  2.7788301e-05  2.2729279e-05  2.3438503e-05  2.3362674e-05
  -0.0010988611  6.0955441e-06              0   2.093018e-06 -2.8201175e-06 -3.6690044e-06   4.689849e-05 -6.8064591e-05 -5.3113621e-05 -7.4011877e-05  -9.161459e-05 -1.6522906e-05 -2.6990131e-05  -2.912458e-05 -2.7145217e-05
   0.0030333856 -0.00010300466              0 -1.6216386e-06  5.5789944e-05  5.5010996e-05 -6.8064591e-05  0.00019036909  0.00016953957  0.00023679793  0.00029069806  6.8265887e-05   7.573422e-05  8.0318951e-05   7.616422e-05
   0.0027531764 -0.00010764882              0 -9.4747654e-07  5.7748513e-05  5.6742711e-05 -5.3113621e-05  0.00016953957  0.00015932247  0.00021980542  0.00027048416  6.9687054e-05  6.8719257e-05  7.3427382e-05  6.9644199e-05
   0.0038374874 -0.00015003814              0  -1.639294e-06  8.0526424e-05  7.9123609e-05 -7.4011877e-05  0.00023679793  0.00021980542  0.00030797989  0.00037665405  9.8053452e-05  9.5717962e-05  0.00010159285  9.7369228e-05
   0.0047127803 -0.00018502013              0 -2.0710964e-06  9.9240478e-05  9.7490429e-05  -9.161459e-05  0.00029069806  0.00027048416  0.00037665405  0.00046582178  0.00012006396  0.00011801562  0.00012467676  0.00012033613
   0.0011861644 -5.5045641e-05              0 -3.6046636e-07  2.8026251e-05  2.7788301e-05 -1.6522906e-05  6.8265887e-05  6.9687054e-05  9.8053452e-05  0.00012006396  5.2045224e-05  3.1326786e-05  3.1574878e-05   3.008778e-05
   0.0012253584 -4.3301235e-05              0 -6.2999019e-07  2.2963134e-05  2.2729279e-05 -2.6990131e-05   7.573422e-05  6.8719257e-05  9.5717962e-05  0.00011801562  3.1326786e-05  3.9069734e-05  3.3249281e-05  3.0835592e-05
   0.0013038247 -4.4350587e-05              0 -5.0510034e-07  2.3674115e-05  2.3438503e-05  -2.912458e-05  8.0318951e-05  7.3427382e-05  0.00010159285  0.00012467676  3.1574878e-05  3.3249281e-05  3.7250845e-05  3.2952406e-05
   0.0012337196  -4.425004e-05              0 -1.2070191e-06  2.3678696e-05  2.3362674e-05 -2.7145217e-05   7.616422e-05  6.9644199e-05  9.7369228e-05  0.00012033613   3.008778e-05  3.0835592e-05  3.2952406e-05  3.3793224e-05


# ext. ||   Name    ||   type  ||     Value     ||  Error +/- 

   0   ||Natural mortality || limited ||    0.03194423152642 ||0.003329676537329
   1   ||Targeted q || limited ||      3.275728325735 ||0.1322750717403
   2   ||Nontargeted q || limited ||                   2 ||22.06548931833
   3   ||     sigma || limited ||      1.511928782549 ||0.07282494359284
   4   ||  Biomass1 || limited ||      9.326389456797 ||0.393828047129
   5   ||  Biomass2 || limited ||      8.834550041826 ||0.3678035977369
   6   ||  vm_sigma || limited ||      1.098683691427 ||0.04506542449248
   7   ||Recruit year 1 || limited ||      1.311535919414 ||0.1105700760021
   8   ||Recruit year 2 || limited ||      1.470924812652 ||0.1070813619264
   9   ||Recruit year 3 || limited ||      2.933412131435 ||0.2090330405225
  10   ||Recruit year 4 || limited ||      4.431475349502 ||0.3137032957237
  11   ||Mean Rec dist 1 || limited ||     0.3834392211311 ||0.05097462747971
  12   ||Mean Rec dist 2 || limited ||     0.8229196500733 ||0.04404821330625
  13   ||Mean Rec dist 3 || limited ||     0.3102355653854 ||0.04313627328799
  14   ||Mean Rec dist 4 || limited ||      0.270148532293 ||0.04109037088686





