# Minimum negative log likelihood

Minuit did successfully converge.
# of function calls: 1067
minimum function Value: 626.0832634239
minimum edm: 2.060482560294e-05
minimum internal state vector: LAVector parameters:
      3.797365361594
    -0.9902036487576
     -1.287002217587
     -1.123957329355
     -1.527612868835
     -1.521052865389
    -0.8948146090264
    -0.6374315898189
     -1.090439700313
     -1.339776182673
     -1.318041906927
     -1.192800775337

minimum internal covariance matrix: LASymMatrix parameters:
     0.25311192    0.014891229              0  -0.0003769422  -0.0013007044   -0.001255834  -0.0003298406   0.0009513586   -0.011821867  -0.0061490944  -0.0080039983   -0.010099767
    0.014891229  0.00089431697              0 -2.1596043e-05 -8.4974347e-05 -7.5870667e-05 -8.4230609e-06  1.6888941e-06 -0.00070647777 -0.00036259701 -0.00047222311    -0.00059518
              0              0              2              0              0              0              0              0              0              0              0              0
  -0.0003769422 -2.1596043e-05              0  0.00027516606 -2.5311471e-06  1.4613406e-06  1.5386402e-06  3.9973311e-06  1.0435859e-05   9.765679e-06    1.36383e-05  1.8023941e-05
  -0.0013007044 -8.4974347e-05              0 -2.5311471e-06  7.1249939e-05  2.5233086e-05 -7.9781474e-06   2.319012e-05  0.00012485798  3.0474949e-05  4.1324605e-05  5.3184429e-05
   -0.001255834 -7.5870667e-05              0  1.4613406e-06  2.5233086e-05   1.661471e-05  1.3623681e-06  2.1147481e-06  6.4302932e-05  3.0208761e-05  3.9473733e-05   5.042016e-05
  -0.0003298406 -8.4230609e-06              0  1.5386402e-06 -7.9781474e-06  1.3623681e-06  1.9141801e-05 -6.1750121e-05 -3.9749607e-06  8.2979837e-06  9.8786891e-06  1.2124686e-05
   0.0009513586  1.6888941e-06              0  3.9973311e-06   2.319012e-05  2.1147481e-06 -6.1750121e-05  0.00092865772 -7.8179101e-05 -2.1390444e-05 -2.5924185e-05  -4.151195e-05
   -0.011821867 -0.00070647777              0  1.0435859e-05  0.00012485798  6.4302932e-05 -3.9749607e-06 -7.8179101e-05  0.00067208112  0.00028665782  0.00037579585  0.00047530747
  -0.0061490944 -0.00036259701              0   9.765679e-06  3.0474949e-05  3.0208761e-05  8.2979837e-06 -2.1390444e-05  0.00028665782  0.00015987591  0.00019439239  0.00024613898
  -0.0080039983 -0.00047222311              0    1.36383e-05  4.1324605e-05  3.9473733e-05  9.8786891e-06 -2.5924185e-05  0.00037579585  0.00019439239  0.00026411417  0.00031896504
   -0.010099767    -0.00059518              0  1.8023941e-05  5.3184429e-05   5.042016e-05  1.2124686e-05  -4.151195e-05  0.00047530747  0.00024613898  0.00031896504  0.00041420074


# ext. ||   Name    ||   type  ||     Value     ||  Error +/- 

   0   ||Natural mortality || limited ||    0.02975570360269 ||0.006901180442317
   1   ||Targeted q || limited ||      8.193114936402 ||0.5799098974952
   2   ||Nontargeted q || limited ||                   2 ||22.06548931833
   3   ||     sigma || limited ||      4.909123568592 ||0.2534217480314
   4   ||  Biomass1 || limited ||     0.4661303164983 ||0.1288329950161
   5   ||  Biomass2 || limited ||     0.6184754421321 ||0.07165684271532
   6   ||   vm_mean || limited ||     -2.450734759053 ||0.006080879024613
   7   ||  vm_sigma || limited ||      16.19546304873 ||0.6926092493481
   8   ||Recruit year 1 || limited ||      5.667924966163 ||0.4234769831912
   9   ||Recruit year 2 || limited ||       1.33820124305 ||0.1023474873679
  10   ||Recruit year 3 || limited ||      1.598476501089 ||0.1436688452336
  11   ||Recruit year 4 || limited ||      3.539334007672 ||0.2655198262435





