# Minimum negative log likelihood

Minuit did successfully converge.
# of function calls: 848
minimum function Value: 260.7788930835
minimum edm: 6.057069187853e-05
minimum internal state vector: LAVector parameters:
    0.04968425221097
     -1.253207244405
     -1.287002217587
     -1.386399997424
     -1.541152723161
     -1.542020553033
    -0.5224014641928
     0.2766271626902
      -1.32960892981
     -1.374117428635
     -1.336369464419
     -1.241156734375

minimum internal covariance matrix: LASymMatrix parameters:
   0.0098302352  -0.0012966443              0 -5.3568132e-06  0.00011992288  0.00011389438  1.8985059e-05  -0.0010414269    0.001014275  0.00080783399  0.00098510525   0.0014309976
  -0.0012966443  0.00017397257              0  1.0541284e-06 -1.6031859e-05 -1.5242783e-05 -1.7125279e-06  9.7999994e-05 -0.00013493434 -0.00010734505 -0.00013107402 -0.00019043627
              0              0              2              0              0              0              0              0              0              0              0              0
 -5.3568132e-06  1.0541284e-06              0  4.2134251e-05 -5.4715852e-07 -4.5328705e-07  5.0464217e-08 -1.8604223e-06 -8.7906903e-07  -5.163746e-07 -6.7180979e-07 -1.0236409e-06
  0.00011992288 -1.6031859e-05              0 -5.4715852e-07  2.0393223e-06  1.8343134e-06  1.2577206e-07 -1.2493933e-05  1.2608647e-05  9.9089809e-06  1.2103341e-05  1.7587119e-05
  0.00011389438 -1.5242783e-05              0 -4.5328705e-07  1.8343134e-06  1.6749684e-06  1.3284538e-07 -1.0838894e-05  1.1928712e-05  9.4128199e-06  1.1500026e-05  1.6713788e-05
  1.8985059e-05 -1.7125279e-06              0  5.0464217e-08  1.2577206e-07  1.3284538e-07  1.0299764e-06 -2.9505325e-05  1.6270427e-06  1.3274836e-06  1.6002432e-06   2.320593e-06
  -0.0010414269  9.7999994e-05              0 -1.8604223e-06 -1.2493933e-05 -1.0838894e-05 -2.9505325e-05   0.0036953527 -9.3685313e-05   -7.49038e-05 -8.9033537e-05 -0.00012971363
    0.001014275 -0.00013493434              0 -8.7906903e-07  1.2608647e-05  1.1928712e-05  1.6270427e-06 -9.3685313e-05  0.00010564871  8.3643828e-05  0.00010209209  0.00014830105
  0.00080783399 -0.00010734505              0  -5.163746e-07  9.9089809e-06  9.4128199e-06  1.3274836e-06   -7.49038e-05  8.3643828e-05  6.7035933e-05  8.1262748e-05   0.0001180555
  0.00098510525 -0.00013107402              0 -6.7180979e-07  1.2103341e-05  1.1500026e-05  1.6002432e-06 -8.9033537e-05  0.00010209209  8.1262748e-05  9.9589848e-05  0.00014405193
   0.0014309976 -0.00019043627              0 -1.0236409e-06  1.7587119e-05  1.6713788e-05   2.320593e-06 -0.00012971363  0.00014830105   0.0001180555  0.00014405193  0.00020975794


# ext. ||   Name    ||   type  ||     Value     ||  Error +/- 

   0   ||Natural mortality || limited ||    0.04624159533995 ||0.001749100991319
   1   ||Targeted q || limited ||      2.500447365858 ||0.1456227629909
   2   ||Nontargeted q || limited ||                   2 ||22.06548931833
   3   ||     sigma || limited ||     0.8476442678416 ||0.04207842233032
   4   ||  Biomass1 || limited ||     0.2196697222818 ||0.01496460483588
   5   ||  Biomass2 || limited ||     0.2069970047386 ||0.01316513524519
   6   ||   vm_mean || limited ||     -1.567537677663 ||0.001953794559764
   7   ||  vm_sigma || limited ||      50.92486740998 ||1.653486842103
   8   ||Recruit year 1 || limited ||      1.457103135909 ||0.08679119918948
   9   ||Recruit year 2 || limited ||     0.9738549656296 ||0.05656101387384
  10   ||Recruit year 3 || limited ||      1.377481604578 ||0.08194787995329
  11   ||Recruit year 4 || limited ||      2.701777312988 ||0.1657328621108





