# Minimum negative log likelihood

Minuit did successfully converge.
# of function calls: 1893
minimum function Value: 413.9542980293
minimum edm: 3.822214774395e-05
minimum internal state vector: LAVector parameters:
    -0.7392811626464
    -0.9669400589107
     -1.287002217587
     -1.303873597813
     -1.558066320721
     -1.559102758913
    -0.8501861793172
  -0.007666801143451
     -1.207856022783
     -1.253236286887
    -0.9669105083553
     -1.213592052723

minimum internal covariance matrix: LASymMatrix parameters:
   0.0009308675 -0.00031485691              0    8.11475e-06  7.6442652e-06  8.8651327e-06 -1.5753918e-07 -1.8660134e-06  0.00018454975  0.00016125826  0.00029904575  0.00017998041
 -0.00031485691  0.00010937434              0 -3.5912498e-06 -2.6427951e-06 -3.0875252e-06  9.0714661e-07 -7.8981708e-06 -6.2512414e-05  -5.490794e-05 -0.00010161227 -6.0996055e-05
              0              0      4.3293555              0              0              0              0              0              0              0              0              0
    8.11475e-06 -3.5912498e-06              0  9.5377292e-05  4.3911847e-07  8.5258046e-07 -2.9325933e-07 -6.4700548e-06  1.4628938e-06 -3.2922953e-07  2.9957266e-06   5.174853e-07
  7.6442652e-06 -2.6427951e-06              0  4.3911847e-07  1.9608546e-06  7.6627021e-07 -1.7939702e-09 -8.4453331e-07  1.9904147e-06  1.2923156e-06  2.5972836e-06  1.5324782e-06
  8.8651327e-06 -3.0875252e-06              0  8.5258046e-07  7.6627021e-07  1.1383158e-06  -1.830957e-09  2.3927636e-06  1.5051863e-06  1.3526036e-06  3.1318011e-06  1.6608043e-06
 -1.5753918e-07  9.0714661e-07              0 -2.9325933e-07 -1.7939702e-09  -1.830957e-09  9.7644027e-07 -1.0761296e-05   7.416161e-08  -1.743753e-07 -3.2981611e-07 -8.0187536e-08
 -1.8660134e-06 -7.8981708e-06              0 -6.4700548e-06 -8.4453331e-07  2.3927636e-06 -1.0761296e-05  0.00041479456 -2.9227054e-06  1.5868413e-06  3.7586855e-06   1.169906e-06
  0.00018454975 -6.2512414e-05              0  1.4628938e-06  1.9904147e-06  1.5051863e-06   7.416161e-08 -2.9227054e-06  3.8568208e-05  3.1844171e-05  5.9305024e-05  3.5644478e-05
  0.00016125826  -5.490794e-05              0 -3.2922953e-07  1.2923156e-06  1.3526036e-06  -1.743753e-07  1.5868413e-06  3.1844171e-05  2.9952518e-05  5.1692891e-05   3.149977e-05
  0.00029904575 -0.00010161227              0  2.9957266e-06  2.5972836e-06  3.1318011e-06 -3.2981611e-07  3.7586855e-06  5.9305024e-05  5.1692891e-05  9.8325191e-05  5.7761666e-05
  0.00017998041 -6.0996055e-05              0   5.174853e-07  1.5324782e-06  1.6608043e-06 -8.0187536e-08   1.169906e-06  3.5644478e-05   3.149977e-05  5.7761666e-05   3.637664e-05


# ext. ||   Name    ||   type  ||     Value     ||  Error +/- 

   0   ||Natural mortality || limited ||     0.0489364651983 ||0.002391130960786
   1   ||Targeted q || limited ||      8.842396451176 ||0.2099520929015
   2   ||Nontargeted q || limited ||                   2 ||64.65028393509
   3   ||     sigma || limited ||      1.770643163352 ||0.09107312077639
   4   ||  Biomass1 || limited ||    0.04051271655298 ||0.00630223377035
   5   ||  Biomass2 || limited ||     0.0341844929167 ||0.004410862225829
   6   ||   vm_mean || limited ||     -2.360602984528 ||0.001448433182273
   7   ||  vm_sigma || limited ||      39.69383479197 ||0.5760077368398
   8   ||Recruit year 1 || limited ||      3.266824973104 ||0.07794410421342
   9   ||Recruit year 2 || limited ||      2.509743921366 ||0.0604127987528
  10   ||Recruit year 3 || limited ||      8.852351116874 ||0.1990537921435
  11   ||Recruit year 4 || limited ||      3.165783036068 ||0.0745526299866





