# Minimum negative log likelihood

Minuit did successfully converge.
# of function calls: 821
minimum function Value: 543.3622445986
minimum edm: 2.899273689131e-06
minimum internal state vector: LAVector parameters:
     0.4742264182521
    -0.9484803448991
     -1.287002217587
     -1.205540699224
     -1.560040290028
     -1.581968203024
    -0.7434357329213
    -0.5690398282978
     -1.068197143847
     -1.308076041637
     -1.036317576359
    -0.9692311206687

minimum internal covariance matrix: LASymMatrix parameters:
    0.050100571  -0.0032324886              0 -4.7588014e-05  7.0095928e-05 -5.0211237e-05  2.1355058e-05 -0.00020553024   0.0028672147   0.0012110996   0.0028135833    0.002815882
  -0.0032324886   0.0002158669              0  2.8895319e-06 -4.5991358e-06  3.6075179e-06  1.2715239e-06 -5.6763034e-06 -0.00018560349 -7.8575988e-05 -0.00018275393 -0.00018272281
              0              0              2              0              0              0              0              0              0              0              0              0
 -4.7588014e-05  2.8895319e-06              0  0.00017419028  8.9861337e-07 -7.4267913e-08  1.9277326e-07 -5.7284366e-06 -3.5807665e-06 -1.0782983e-06 -2.3244513e-06 -2.4801987e-06
  7.0095928e-05 -4.5991358e-06              0  8.9861337e-07  7.8322144e-06 -2.1655686e-06 -3.2819625e-08 -2.3038458e-06  5.1312324e-06  1.6655557e-06  4.0164301e-06  3.9209812e-06
 -5.0211237e-05  3.6075179e-06              0 -7.4267913e-08 -2.1655686e-06  3.5638243e-06  7.2096933e-08 -4.1975603e-06 -1.8966578e-06 -1.2356802e-06  -2.958733e-06 -2.8874381e-06
  2.1355058e-05  1.2715239e-06              0  1.9277326e-07 -3.2819625e-08  7.2096933e-08  2.3546785e-06 -1.4898606e-05  8.6542994e-07  3.4786304e-07  8.0480612e-07  8.0428126e-07
 -0.00020553024 -5.6763034e-06              0 -5.7284366e-06 -2.3038458e-06 -4.1975603e-06 -1.4898606e-05  0.00022372014 -1.3645661e-05 -3.7745905e-06 -8.4023407e-06 -8.6669675e-06
   0.0028672147 -0.00018560349              0 -3.5807665e-06  5.1312324e-06 -1.8966578e-06  8.6542994e-07 -1.3645661e-05  0.00017112892  6.9345972e-05  0.00016091527  0.00016118999
   0.0012110996 -7.8575988e-05              0 -1.0782983e-06  1.6655557e-06 -1.2356802e-06  3.4786304e-07 -3.7745905e-06  6.9345972e-05  3.4398225e-05  6.8037441e-05  6.8105017e-05
   0.0028135833 -0.00018275393              0 -2.3244513e-06  4.0164301e-06  -2.958733e-06  8.0480612e-07 -8.4023407e-06  0.00016091527  6.8037441e-05   0.0001637383   0.0001582498
    0.002815882 -0.00018272281              0 -2.4801987e-06  3.9209812e-06 -2.8874381e-06  8.0428126e-07 -8.6669675e-06  0.00016118999  6.8105017e-05   0.0001582498  0.00016375758


# ext. ||   Name    ||   type  ||     Value     ||  Error +/- 

   0   ||Natural mortality || limited ||    0.05641625924468 ||0.003505492020067
   1   ||Targeted q || limited ||      9.373469588772 ||0.3027945681607
   2   ||Nontargeted q || limited ||                   2 ||22.06548931833
   3   ||     sigma || limited ||      3.298375771789 ||0.166670064946
   4   ||  Biomass1 || limited ||    0.02892280288536 ||0.01064243267362
   5   ||  Biomass2 || limited ||    0.03120238008564 ||0.007456415467677
   6   ||   vm_mean || limited ||     -2.126296219569 ||0.002509374360696
   7   ||  vm_sigma || limited ||      18.44783218714 ||0.3563789306846
   8   ||Recruit year 1 || limited ||      6.192707455159 ||0.222765621225
   9   ||Recruit year 2 || limited ||      1.725474886845 ||0.05384736191353
  10   ||Recruit year 3 || limited ||      6.982589330629 ||0.230427011705
  11   ||Recruit year 4 || limited ||      8.786581132627 ||0.2560187879611





