# Minimum negative log likelihood

Minuit did successfully converge.
# of function calls: 1325
minimum function Value: 328.8945685136
minimum edm: 2.339752626868e-05
minimum internal state vector: LAVector parameters:
     0.4840994346094
     -1.002632126324
     -1.287002217587
     -1.353468501722
     -1.480140440265
      -1.48683876984
     -1.128387983115
     -1.084161128651
    -0.9456577815152
    -0.9536664573385
     -1.245246200187
    0.06358907382753
     0.1193189600406
    0.03755193645656
    0.03631038953424

minimum internal covariance matrix: LASymMatrix parameters:
    0.002042545  -0.0001082668              0 -3.5654853e-05  1.8025521e-05  1.5775363e-05 -4.9460865e-05  0.00015970736  0.00020908023  0.00019783061  9.8049506e-05  1.8319748e-05   1.632162e-05  1.8783191e-05  1.8336766e-05
  -0.0001082668  6.9801284e-06              0  1.4436579e-06 -1.1082737e-06 -9.6977246e-07  1.8928362e-06 -8.7343574e-06 -1.1375657e-05 -1.0719899e-05 -5.4045649e-06 -8.1517922e-07 -6.4465997e-07 -8.6706972e-07  -9.817927e-07
              0              0              2              0              0              0              0              0              0              0              0              0              0              0              0
 -3.5654853e-05  1.4436579e-06              0  5.5648167e-05 -4.4328823e-07 -4.0384959e-07  3.4641717e-07 -2.8020083e-06 -3.9981618e-06 -3.5505263e-06 -2.0475254e-06 -3.3297019e-07 -4.4603229e-07  -3.211649e-07 -5.0279942e-08
  1.8025521e-05 -1.1082737e-06              0 -4.4328823e-07  5.8714343e-07  4.7045079e-07 -3.5733507e-07  1.4578173e-06  1.8910265e-06  1.7867802e-06  9.0041989e-07  1.3647609e-07  1.2176393e-07  1.5012618e-07  1.5343785e-07
  1.5775363e-05 -9.6977246e-07              0 -4.0384959e-07  4.7045079e-07  3.8485663e-07  -2.830775e-07  1.2758031e-06  1.6669532e-06  1.5703309e-06  7.9367833e-07   1.201467e-07  1.0679462e-07  1.3020178e-07  1.2943204e-07
 -4.9460865e-05  1.8928362e-06              0  3.4641717e-07 -3.5733507e-07  -2.830775e-07  3.5767977e-06 -3.5836982e-06 -4.4648991e-06 -4.4260924e-06 -2.0769939e-06 -6.4699238e-07 -6.0418974e-07 -6.2864833e-07 -6.9453615e-07
  0.00015970736 -8.7343574e-06              0 -2.8020083e-06  1.4578173e-06  1.2758031e-06 -3.5836982e-06  1.3338976e-05  1.6430822e-05      1.554e-05  7.7413361e-06  1.3872708e-06  1.2325599e-06  1.4350986e-06  1.4187444e-06
  0.00020908023 -1.1375657e-05              0 -3.9981618e-06  1.8910265e-06  1.6669532e-06 -4.4648991e-06  1.6430822e-05  2.2480091e-05  2.0431765e-05  1.0220366e-05  1.8212059e-06  1.6188413e-06  1.8804362e-06  1.7726406e-06
  0.00019783061 -1.0719899e-05              0 -3.5505263e-06  1.7867802e-06  1.5703309e-06 -4.4260924e-06      1.554e-05  2.0431765e-05  2.0083323e-05  9.6142163e-06  1.7365997e-06  1.5515934e-06  1.7902761e-06  1.7209099e-06
  9.8049506e-05 -5.4045649e-06              0 -2.0475254e-06  9.0041989e-07  7.9367833e-07 -2.0769939e-06  7.7413361e-06  1.0220366e-05  9.6142163e-06  5.7959918e-06  8.3797678e-07  7.7420207e-07  8.7669082e-07    9.07549e-07
  1.8319748e-05 -8.1517922e-07              0 -3.3297019e-07  1.3647609e-07   1.201467e-07 -6.4699238e-07  1.3872708e-06  1.8212059e-06  1.7365997e-06  8.3797678e-07  2.8495694e-07  1.8100852e-07  1.8940819e-07   1.742367e-07
   1.632162e-05 -6.4465997e-07              0 -4.4603229e-07  1.2176393e-07  1.0679462e-07 -6.0418974e-07  1.2325599e-06  1.6188413e-06  1.5515934e-06  7.7420207e-07  1.8100852e-07   2.715795e-07  1.7930901e-07  1.3423354e-07
  1.8783191e-05 -8.6706972e-07              0  -3.211649e-07  1.5012618e-07  1.3020178e-07 -6.2864833e-07  1.4350986e-06  1.8804362e-06  1.7902761e-06  8.7669082e-07  1.8940819e-07  1.7930901e-07  2.4446816e-07  1.8278703e-07
  1.8336766e-05  -9.817927e-07              0 -5.0279942e-08  1.5343785e-07  1.2943204e-07 -6.9453615e-07  1.4187444e-06  1.7726406e-06  1.7209099e-06    9.07549e-07   1.742367e-07  1.3423354e-07  1.8278703e-07  4.3533867e-07


# ext. ||   Name    ||   type  ||     Value     ||  Error +/- 

   0   ||Natural mortality || limited ||    0.05663528657159 ||0.000707011566768
   1   ||Targeted q || limited ||      7.855489390176 ||0.05026177400052
   2   ||Nontargeted q || limited ||                   2 ||22.06548931833
   3   ||     sigma || limited ||      1.176144392066 ||0.05686822055098
   4   ||  Biomass1 || limited ||      2.053215668252 ||0.0245260754389
   5   ||  Biomass2 || limited ||        1.7611829484 ||0.01839305795748
   6   ||  vm_sigma || limited ||      3.852022591201 ||0.02290072773408
   7   ||Recruit year 1 || limited ||      5.813848374614 ||0.0603805849801
   8   ||Recruit year 2 || limited ||      9.464951947395 ||0.09808921241984
   9   ||Recruit year 3 || limited ||      9.231940268058 ||0.09168108471873
  10   ||Recruit year 4 || limited ||      2.635991236293 ||0.0272204019238
  11   ||Mean Rec dist 1 || limited ||     0.6354622800912 ||0.003767003016759
  12   ||Mean Rec dist 2 || limited ||       1.19036037226 ||0.003658765617139
  13   ||Mean Rec dist 3 || limited ||     0.3754311144789 ||0.003493734217812
  14   ||Mean Rec dist 4 || limited ||     0.3630241118866 ||0.00466242918181





