# Minimum negative log likelihood

Minuit did successfully converge.
# of function calls: 1062
minimum function Value: 833.5544700767
minimum edm: 1.81054789833e-05
minimum internal state vector: LAVector parameters:
     -1.569349852463
      -1.13116756315
     -1.287002217587
    -0.8238931650595
     -1.408447719663
      -1.39159857242
     -1.570819216938
    -0.9130963396161
    -0.9596259936865
      -1.39471652612
     -1.241856275009
     -1.201234422814

minimum internal covariance matrix: LASymMatrix parameters:
      1.2237097  -0.0024291349              0 -0.00018875785  0.00089456186  0.00089459572 -0.00023903784  -0.0013153444    0.003146916   0.0012160102   0.0016374325   0.0028656922
  -0.0024291349   9.354436e-05              0 -1.3639149e-06 -4.3029824e-05  -4.073021e-05  5.3850298e-06 -8.4309237e-05  -6.729864e-05  0.00011866375 -5.5142004e-05  5.2162179e-07
              0              0              2              0              0              0              0              0              0              0              0              0
 -0.00018875785 -1.3639149e-06              0  0.00073194122  -1.457685e-06 -1.4261297e-06 -5.6304604e-06 -4.5883234e-06 -6.7702988e-06 -5.7883299e-06  8.9733217e-07 -1.5082199e-05
  0.00089456186 -4.3029824e-05              0  -1.457685e-06  0.00010628075   8.070243e-05  1.1822555e-06 -7.1610624e-05  8.8029342e-06 -1.8424217e-05   1.052073e-05 -4.5439172e-07
  0.00089459572  -4.073021e-05              0 -1.4261297e-06   8.070243e-05  6.5828616e-05  -1.249277e-06  4.0841489e-05  2.2022164e-05 -4.5608279e-05   1.833383e-05 -3.7025448e-06
 -0.00023903784  5.3850298e-06              0 -5.6304604e-06  1.1822555e-06  -1.249277e-06    0.001090169 -3.0256695e-05 -1.2109349e-05  1.0097247e-05 -8.4361083e-06   -7.50824e-06
  -0.0013153444 -8.4309237e-05              0 -4.5883234e-06 -7.1610624e-05  4.0841489e-05 -3.0256695e-05   0.0024810917  0.00011459004 -0.00045270878  0.00012213077 -7.1393115e-05
    0.003146916  -6.729864e-05              0 -6.7702988e-06  8.8029342e-06  2.2022164e-05 -1.2109349e-05  0.00011459004  0.00030013567 -0.00038425558  0.00013377277 -5.4426272e-05
   0.0012160102  0.00011866375              0 -5.7883299e-06 -1.8424217e-05 -4.5608279e-05  1.0097247e-05 -0.00045270878 -0.00038425558   0.0010346545 -0.00036633537    0.000264248
   0.0016374325 -5.5142004e-05              0  8.9733217e-07   1.052073e-05   1.833383e-05 -8.4361083e-06  0.00012213077  0.00013377277 -0.00036633537  0.00028885738 -0.00018594431
   0.0028656922  5.2162179e-07              0 -1.5082199e-05 -4.5439172e-07 -3.7025448e-06   -7.50824e-06 -7.1393115e-05 -5.4426272e-05    0.000264248 -0.00018594431  0.00040747492


# ext. ||   Name    ||   type  ||     Value     ||  Error +/- 

   0   ||Natural mortality || limited ||     0.0200000261536* ||0.007266079934335
   1   ||Targeted q || limited ||       4.75451374569 ||0.145534405287
   2   ||Nontargeted q || limited ||                   2 ||22.06548931833
   3   ||     sigma || limited ||        13.310185905 ||0.6497895315634
   4   ||  Biomass1 || limited ||      6.574807453178 ||0.5891387225458
   5   ||  Biomass2 || limited ||      8.006499067559 ||0.5112881452324
   6   ||   vm_mean || limited ||     -3.141592652767* ||0.0008561778124507
   7   ||  vm_sigma || limited ||      8.344883007253 ||0.8610419614936
   8   ||Recruit year 1 || limited ||      9.060244339269 ||0.3514309380691
   9   ||Recruit year 2 || limited ||     0.7830245509918 ||0.1991750194904
  10   ||Recruit year 3 || limited ||      2.690467883471 ||0.1940882635988
  11   ||Recruit year 4 || limited ||      3.385378507787 ||0.2577527847323

* Parameter is at Lower limit




