# Minimum negative log likelihood

Minuit did successfully converge.
# of function calls: 2219
minimum function Value: 421.8260621877
minimum edm: 1.349917606055e-05
minimum internal state vector: LAVector parameters:
    -0.5428164296193
    -0.9577919707157
     -1.287002217587
     -1.298757221928
     -1.437383421956
     -1.447120119045
   -0.03076181894341
     -1.457603412667
     -1.040761412202
    -0.9574956497306
     -1.278461380443
    0.06151475701685
    0.08146014756744
    0.02670639035154
    0.05407839815116

minimum internal covariance matrix: LASymMatrix parameters:
   0.0026600736 -0.00016007161              0  8.1394337e-05   4.447094e-05  3.8565174e-05 -0.00045052526  5.1366195e-05  0.00024498935   0.0002575002  0.00013272036  7.3088642e-06  9.7816471e-06  7.9807233e-06  5.5926261e-06
 -0.00016007161  1.1986194e-05              0 -5.8048027e-06 -2.9201854e-06 -2.6331224e-06  1.6943013e-05 -3.2056439e-06 -1.4903655e-05 -1.6125534e-05 -9.0432345e-06 -2.3750015e-07  -4.215662e-07 -3.0327462e-07 -2.4145635e-07
              0              0              2              0              0              0              0              0              0              0              0              0              0              0              0
  8.1394337e-05 -5.8048027e-06              0  0.00012064637  1.8246908e-06  1.7893991e-06 -3.5212795e-05  2.7146694e-07  8.0178933e-06  7.8110003e-06  6.4602469e-06 -3.6326946e-07  4.1954327e-07  5.9821928e-07  6.7919227e-07
   4.447094e-05 -2.9201854e-06              0  1.8246908e-06  2.2408442e-06  1.7957367e-06 -1.1518846e-05  1.1835253e-06  3.9231018e-06  4.1317452e-06  2.1929783e-06   5.727246e-07  1.1441634e-07  1.2924548e-07  5.1974813e-08
  3.8565174e-05 -2.6331224e-06              0  1.7893991e-06  1.7957367e-06  1.4697975e-06    -8.7288e-06  9.9017719e-07   3.397139e-06  3.6661723e-06  1.9660314e-06  4.1315178e-07  8.9045175e-08  9.7180783e-08  4.7370299e-08
 -0.00045052526  1.6943013e-05              0 -3.5212795e-05 -1.1518846e-05    -8.7288e-06  0.00058861005 -1.0567063e-05 -3.9976216e-05 -4.2593266e-05 -2.2869371e-05 -1.2819073e-05 -6.7569149e-06 -5.4155919e-06 -4.4670915e-06
  5.1366195e-05 -3.2056439e-06              0  2.7146694e-07  1.1835253e-06  9.9017719e-07 -1.0567063e-05  4.5299805e-06  4.2238432e-06  4.5674898e-06   2.757391e-06 -4.1749443e-07  2.7640163e-07  1.4972247e-07  7.5361317e-08
  0.00024498935 -1.4903655e-05              0  8.0178933e-06  3.9231018e-06   3.397139e-06 -3.9976216e-05  4.2238432e-06  2.5382665e-05  2.3529744e-05  1.3212075e-05  3.9551708e-07  8.7711438e-07  7.2342669e-07  4.9541826e-07
   0.0002575002 -1.6125534e-05              0  7.8110003e-06  4.1317452e-06  3.6661723e-06 -4.2593266e-05  4.5674898e-06  2.3529744e-05  2.7722524e-05  1.2948948e-05  8.4048762e-07  1.0695877e-06  7.2220904e-07   4.879124e-07
  0.00013272036 -9.0432345e-06              0  6.4602469e-06  2.1929783e-06  1.9660314e-06 -2.2869371e-05   2.757391e-06  1.3212075e-05  1.2948948e-05  1.0085337e-05  4.0185911e-07  4.9157342e-07  3.6454211e-07     3.6386e-07
  7.3088642e-06 -2.3750015e-07              0 -3.6326946e-07   5.727246e-07  4.1315178e-07 -1.2819073e-05 -4.1749443e-07  3.9551708e-07  8.4048762e-07  4.0185911e-07  2.8484508e-06  1.1223615e-07  1.0027289e-07  1.1989139e-07
  9.7816471e-06  -4.215662e-07              0  4.1954327e-07  1.1441634e-07  8.9045175e-08 -6.7569149e-06  2.7640163e-07  8.7711438e-07  1.0695877e-06  4.9157342e-07  1.1223615e-07  2.0424781e-07  8.1882548e-08  7.0710646e-08
  7.9807233e-06 -3.0327462e-07              0  5.9821928e-07  1.2924548e-07  9.7180783e-08 -5.4155919e-06  1.4972247e-07  7.2342669e-07  7.2220904e-07  3.6454211e-07  1.0027289e-07  8.1882548e-08  1.0781685e-07  2.3347884e-08
  5.5926261e-06 -2.4145635e-07              0  6.7919227e-07  5.1974813e-08  4.7370299e-08 -4.4670915e-06  7.5361317e-08  4.9541826e-07   4.879124e-07     3.6386e-07  1.1989139e-07  7.0710646e-08  2.3347884e-08  3.1932783e-07


# ext. ||   Name    ||   type  ||     Value     ||  Error +/- 

   0   ||Natural mortality || limited ||    0.03208625936346 ||0.0007805124359102
   1   ||Targeted q || limited ||      9.103838826706 ||0.07042231039998
   2   ||Nontargeted q || limited ||                   2 ||22.06548931833
   3   ||     sigma || limited ||       1.83875001411 ||0.1043444026423
   4   ||  Biomass1 || limited ||      4.443154614967 ||0.07039948712423
   5   ||  Biomass2 || limited ||      3.819079374653 ||0.05287643382459
   6   ||  vm_sigma || limited ||      38.77023667548 ||0.6858459541368
   7   ||Recruit year 1 || limited ||     0.3299420362725 ||0.008498670900585
   8   ||Recruit year 2 || limited ||      6.869842972189 ||0.09004403522516
   9   ||Recruit year 3 || limited ||      9.121453464461 ||0.1071334021493
  10   ||Recruit year 4 || limited ||      2.131108825151 ||0.03235442270958
  11   ||Mean Rec dist 1 || limited ||     0.6147596837996 ||0.01191151614167
  12   ||Mean Rec dist 2 || limited ||     0.8137008584837 ||0.003185086017251
  13   ||Mean Rec dist 3 || limited ||     0.2670321582589 ||0.002320990832704
  14   ||Mean Rec dist 4 || limited ||     0.5405204353459 ||0.003989955217805





