# Minimum negative log likelihood

Minuit did successfully converge.
# of function calls: 802
minimum function Value: 563.6810390318
minimum edm: 2.808162507767e-06
minimum internal state vector: LAVector parameters:
     0.4699517900913
     -1.188308853519
     -1.287002217587
     -1.187043112468
     -1.458015573261
     -1.464304365957
     0.3292037085807
     0.2229503256928
    -0.9770441762546
      -1.22089829232
     -1.125675484347
     -1.090689921686

minimum internal covariance matrix: LASymMatrix parameters:
    0.071602791  -0.0071351357              0 -4.1299959e-05   0.0020042112   0.0019511998 -3.5785248e-05   0.0033395631     0.01105835   0.0063898328   0.0095268565   0.0086014254
  -0.0071351357  0.00072094484              0  3.3080202e-06 -0.00020272701 -0.00019728684  6.0879103e-06 -0.00042418715  -0.0011087702 -0.00064018553 -0.00095520349 -0.00086442654
              0              0              2              0              0              0              0              0              0              0              0              0
 -4.1299959e-05  3.3080202e-06              0  0.00016560257  9.5671392e-07  8.4957167e-07 -1.5437873e-07 -1.9518368e-05 -5.9645604e-06 -3.7868648e-06 -5.3596334e-06 -5.0574488e-06
   0.0020042112 -0.00020272701              0  9.5671392e-07  6.2409134e-05  5.9987977e-05 -1.7767403e-06  0.00012086614   0.0003118483  0.00018002503  0.00026848682  0.00024292937
   0.0019511998 -0.00019728684              0  8.4957167e-07  5.9987977e-05  5.7791097e-05 -1.6998091e-06  0.00011802244  0.00030349693  0.00017521543  0.00026135153  0.00023643294
 -3.5785248e-05  6.0879103e-06              0 -1.5437873e-07 -1.7767403e-06 -1.6998091e-06   3.203793e-06 -0.00010611536 -7.3680457e-06 -4.1670082e-06   -6.42771e-06 -5.2239011e-06
   0.0033395631 -0.00042418715              0 -1.9518368e-05  0.00012086614  0.00011802244 -0.00010611536   0.0068466324  0.00058420158   0.0003340422  0.00050638631  0.00042756949
     0.01105835  -0.0011087702              0 -5.9645604e-06   0.0003118483  0.00030349693 -7.3680457e-06  0.00058420158   0.0017205402  0.00098932253   0.0014756412   0.0013335012
   0.0063898328 -0.00064018553              0 -3.7868648e-06  0.00018002503  0.00017521543 -4.1670082e-06   0.0003340422  0.00098932253  0.00057899834  0.00085240589  0.00077014961
   0.0095268565 -0.00095520349              0 -5.3596334e-06  0.00026848682  0.00026135153   -6.42771e-06  0.00050638631   0.0014756412  0.00085240589    0.001279253   0.0011486872
   0.0086014254 -0.00086442654              0 -5.0574488e-06  0.00024292937  0.00023643294 -5.2239011e-06  0.00042756949   0.0013335012  0.00077014961   0.0011486872   0.0010485318


# ext. ||   Name    ||   type  ||     Value     ||  Error +/- 

   0   ||Natural mortality || limited ||    0.05632108256067 ||0.004192380983922
   1   ||Targeted q || limited ||      3.613044564626 ||0.3542874102971
   2   ||Nontargeted q || limited ||                   2 ||22.06548931833
   3   ||     sigma || limited ||      3.636702301966 ||0.1703421965898
   4   ||  Biomass1 || limited ||      3.176505486478 ||0.3143335661549
   5   ||  Biomass2 || limited ||      2.832456114318 ||0.2856794773631
   6   ||   vm_mean || limited ||      1.015644233408 ||0.003762667664374
   7   ||  vm_sigma || limited ||      48.84470482372 ||2.281108417834
   8   ||Recruit year 1 || limited ||      8.566780014527 ||0.8202803982549
   9   ||Recruit year 2 || limited ||      3.039313452406 ||0.2915900198761
  10   ||Recruit year 3 || limited ||      4.881580732121 ||0.5443574664906
  11   ||Recruit year 4 || limited ||      5.662145624168 ||0.5286734922301





