# Minimum negative log likelihood

Minuit did successfully converge.
# of function calls: 969
minimum function Value: 269.1655432147
minimum edm: 8.027088377084e-05
minimum internal state vector: LAVector parameters:
    -0.6831551699565
     -1.136864742589
     -1.287002217587
      -1.38261333822
       -1.4815324387
     -1.466050030102
    -0.8820667309049
     -1.057039509818
    -0.9872560182224
     -1.117016227658
     -1.294271902692
     -1.004240525778

minimum internal covariance matrix: LASymMatrix parameters:
  8.1163284e-05 -3.4578005e-05              0  9.3286364e-06  2.5148546e-06  6.6260808e-06 -1.6760557e-06 -1.9767954e-06  4.8441984e-05  4.1309933e-05  2.1134879e-05   4.119609e-05
 -3.4578005e-05  1.6746812e-05              0 -5.4438483e-06 -1.8945961e-06 -3.4469539e-06  2.7367769e-06 -2.0812705e-06 -2.3475117e-05  -1.845373e-05 -9.1885917e-06 -1.8587608e-05
              0              0              2              0              0              0              0              0              0              0              0              0
  9.3286364e-06 -5.4438483e-06              0  4.4891692e-05   1.831776e-06   1.173912e-06 -1.8099899e-06  3.1056674e-06  1.1454212e-05  5.5518502e-06  1.3178506e-06  5.3691267e-06
  2.5148546e-06 -1.8945961e-06              0   1.831776e-06  4.2167531e-06  2.2000684e-06 -4.5039642e-07  1.5776483e-06  9.4877764e-06   1.363028e-06  7.4647047e-07   1.630741e-06
  6.6260808e-06 -3.4469539e-06              0   1.173912e-06  2.2000684e-06  1.7855561e-06 -6.5910048e-07  6.2106225e-07  6.3768526e-06  3.5303813e-06  1.9205132e-06  3.6994695e-06
 -1.6760557e-06  2.7367769e-06              0 -1.8099899e-06 -4.5039642e-07 -6.5910048e-07  3.0283966e-06 -3.0821548e-06 -3.3501111e-06 -1.6526482e-06 -6.9378938e-07 -2.0470351e-06
 -1.9767954e-06 -2.0812705e-06              0  3.1056674e-06  1.5776483e-06  6.2106225e-07 -3.0821548e-06  7.6625178e-06  5.5869828e-06  1.9779196e-07 -2.1968243e-07  1.6386431e-07
  4.8441984e-05 -2.3475117e-05              0  1.1454212e-05  9.4877764e-06  6.3768526e-06 -3.3501111e-06  5.5869828e-06  5.6737701e-05  2.5152288e-05  1.2055301e-05  2.5740401e-05
  4.1309933e-05  -1.845373e-05              0  5.5518502e-06   1.363028e-06  3.5303813e-06 -1.6526482e-06  1.9779196e-07  2.5152288e-05  2.2092451e-05  1.0571818e-05  2.1393398e-05
  2.1134879e-05 -9.1885917e-06              0  1.3178506e-06  7.4647047e-07  1.9205132e-06 -6.9378938e-07 -2.1968243e-07  1.2055301e-05  1.0571818e-05  6.7193731e-06  1.0797037e-05
   4.119609e-05 -1.8587608e-05              0  5.3691267e-06   1.630741e-06  3.6994695e-06 -2.0470351e-06  1.6386431e-07  2.5740401e-05  2.1393398e-05  1.0797037e-05  2.1998604e-05


# ext. ||   Name    ||   type  ||     Value     ||  Error +/- 

   0   ||Natural mortality || limited ||    0.05531351037244 ||0.0007411096643235
   1   ||Targeted q || limited ||       4.63401169296 ||0.06083111718477
   2   ||Nontargeted q || limited ||                   2 ||22.06548931833
   3   ||     sigma || limited ||     0.8827113679882 ||0.04431496693034
   4   ||  Biomass1 || limited ||      1.990688078879 ||0.06472064584745
   5   ||  Biomass2 || limited ||      2.740439665927 ||0.04939533226642
   6   ||   vm_mean || limited ||     -2.425479337513 ||0.002456945715997
   7   ||  vm_sigma || limited ||      5.164761028875 ||0.03847747946857
   8   ||Recruit year 1 || limited ||      8.283310680647 ||0.1467177536009
   9   ||Recruit year 2 || limited ||      5.069670976077 ||0.07283997454014
  10   ||Recruit year 3 || limited ||      1.909303709729 ||0.0250184416562
  11   ||Recruit year 4 || limited ||      7.821489866985 ||0.08899457757927





