# Minimum negative log likelihood

Minuit did successfully converge.
# of function calls: 1044
minimum function Value: 255.8370247923
minimum edm: 5.331380664582e-06
minimum internal state vector: LAVector parameters:
    -0.8568045940929
     -1.254781219424
     -1.287002217587
      -1.38857400508
     -1.519732351657
     -1.521030900491
     0.4467280212902
    -0.2590239351009
     -1.000053732775
    -0.9920419793297
     -1.008015532393
       -1.2138129027

minimum internal covariance matrix: LASymMatrix parameters:
  0.00010583202 -6.1040796e-05              0 -1.9341068e-06  9.1454183e-06  8.8824347e-06 -6.0921976e-07  1.0693969e-05   0.0001094011  0.00010806006  0.00011416223  7.3166079e-05
 -6.1040796e-05  3.5728528e-05              0   9.190658e-07 -5.3606071e-06 -5.2060314e-06  5.2387196e-07  -1.011573e-05  -6.358719e-05  -6.275097e-05 -6.6294163e-05 -4.2502047e-05
              0              0              2              0              0              0              0              0              0              0              0              0
 -1.9341068e-06   9.190658e-07              0  4.1884043e-05 -2.8613877e-07  -2.613344e-07 -1.2972278e-07  6.1670218e-06 -1.9640108e-06 -1.8107836e-06 -2.0296491e-06 -1.2083979e-06
  9.1454183e-06 -5.3606071e-06              0 -2.8613877e-07  1.1579134e-06  1.0892081e-06 -8.2081506e-08  1.1506691e-06  9.5422038e-06  9.4003354e-06  9.9509385e-06  6.3644376e-06
  8.8824347e-06 -5.2060314e-06              0  -2.613344e-07  1.0892081e-06  1.0289125e-06 -7.8886742e-08  1.2170823e-06  9.2646831e-06  9.1303306e-06  9.6635389e-06  6.1817531e-06
 -6.0921976e-07  5.2387196e-07              0 -1.2972278e-07 -8.2081506e-08 -7.8886742e-08  2.8775512e-07 -2.9740901e-06 -7.8961002e-07 -7.5307564e-07 -8.0565879e-07  -5.065654e-07
  1.0693969e-05  -1.011573e-05              0  6.1670218e-06  1.1506691e-06  1.2170823e-06 -2.9740901e-06  0.00019499244  1.4636761e-05  1.3863343e-05  1.5026089e-05  9.2017934e-06
   0.0001094011  -6.358719e-05              0 -1.9640108e-06  9.5422038e-06  9.2646831e-06 -7.8961002e-07  1.4636761e-05  0.00011393551  0.00011207948  0.00011845623  7.5920712e-05
  0.00010806006  -6.275097e-05              0 -1.8107836e-06  9.4003354e-06  9.1303306e-06 -7.5307564e-07  1.3863343e-05  0.00011207948  0.00011112595   0.0001168804  7.4952805e-05
  0.00011416223 -6.6294163e-05              0 -2.0296491e-06  9.9509385e-06  9.6635389e-06 -8.0565879e-07  1.5026089e-05  0.00011845623   0.0001168804  0.00012402461  7.9118176e-05
  7.3166079e-05 -4.2502047e-05              0 -1.2083979e-06  6.3644376e-06  6.1817531e-06  -5.065654e-07  9.2017934e-06  7.5920712e-05  7.4952805e-05  7.9118176e-05  5.1703825e-05


# ext. ||   Name    ||   type  ||     Value     ||  Error +/- 

   0   ||Natural mortality || limited ||    0.03663691576712 ||0.0007145401159734
   1   ||Targeted q || limited ||      2.475930394311 ||0.06567746713296
   2   ||Nontargeted q || limited ||                   2 ||22.06548931833
   3   ||     sigma || limited ||     0.8278298826641 ||0.04146419537357
   4   ||  Biomass1 || limited ||     0.6517407513199 ||0.01941864280725
   5   ||  Biomass2 || limited ||     0.6190216423472 ||0.01783990904883
   6   ||   vm_mean || limited ||       1.35722133065 ||0.001074702246598
   7   ||  vm_sigma || limited ||      29.75514125879 ||0.3817740053849
   8   ||Recruit year 1 || limited ||      7.934206723316 ||0.2038625621567
   9   ||Recruit year 2 || limited ||      8.151953313442 ||0.2038393333259
  10   ||Recruit year 3 || limited ||      7.720492999624 ||0.2100526423624
  11   ||Recruit year 4 || limited ||      3.161923484662 ||0.08882912408152





