# Minimum negative log likelihood

Minuit did successfully converge.
# of function calls: 720
minimum function Value: 624.3323196321
minimum edm: 2.988159403769e-05
minimum internal state vector: LAVector parameters:
     0.2969510079425
       -1.2370299073
     -1.287002217587
     -1.125881898194
     -1.514080756041
      -1.51731528248
    -0.8245860013972
    -0.2088515725539
     -1.223166808335
     -1.062555356245
    -0.9406098665295
     -1.124520387471

minimum internal covariance matrix: LASymMatrix parameters:
      0.1150995   -0.013484642              0  4.2341332e-05   0.0021929212   0.0022329467   -7.75717e-05  0.00075059849    0.013677917    0.019920412    0.027310542     0.01772552
   -0.013484642    0.001599668              0 -4.4470937e-06 -0.00026123681 -0.00026549629  1.7872915e-05 -0.00023875556  -0.0016135253  -0.0023485979  -0.0032190967  -0.0020888869
              0              0              2              0              0              0              0              0              0              0              0              0
  4.2341332e-05 -4.4470937e-06              0  0.00024456121 -1.2168272e-06 -5.5193604e-07  8.3226771e-07 -2.2783382e-05  6.2026754e-06  6.7783112e-06  1.0408709e-05  7.2039601e-06
   0.0021929212 -0.00026123681              0 -1.2168272e-06  6.7926552e-05   5.822189e-05 -2.8438215e-06  2.6226407e-05  0.00029111378  0.00038249086  0.00052404449   0.0003401287
   0.0022329467 -0.00026549629              0 -5.5193604e-07   5.822189e-05  5.8718199e-05 -1.3573646e-06  4.4185879e-05  0.00025999693  0.00038975769  0.00053404385   0.0003466219
   -7.75717e-05  1.7872915e-05              0  8.3226771e-07 -2.8438215e-06 -1.3573646e-06  1.5309275e-05 -0.00016873261  -1.922068e-05 -1.9050899e-05 -2.6385228e-05 -1.6895251e-05
  0.00075059849 -0.00023875556              0 -2.2783382e-05  2.6226407e-05  4.4185879e-05 -0.00016873261   0.0064833863  8.3047879e-05  0.00023358935  0.00032163206  0.00019433053
    0.013677917  -0.0016135253              0  6.2026754e-06  0.00029111378  0.00025999693  -1.922068e-05  8.3047879e-05   0.0017743318   0.0023728541   0.0032532609   0.0021112742
    0.019920412  -0.0023485979              0  6.7783112e-06  0.00038249086  0.00038975769 -1.9050899e-05  0.00023358935   0.0023728541   0.0034719748   0.0047418844   0.0030774737
    0.027310542  -0.0032190967              0  1.0408709e-05  0.00052404449  0.00053404385 -2.6385228e-05  0.00032163206   0.0032532609   0.0047418844   0.0065143052   0.0042183804
     0.01772552  -0.0020888869              0  7.2039601e-06   0.0003401287   0.0003466219 -1.6895251e-05  0.00019433053   0.0021112742   0.0030774737   0.0042183804   0.0027510305


# ext. ||   Name    ||   type  ||     Value     ||  Error +/- 

   0   ||Natural mortality || limited ||    0.05231515060445 ||0.005680046465739
   1   ||Targeted q || limited ||      2.759242289788 ||0.4631920825871
   2   ||Nontargeted q || limited ||                   2 ||22.06548931833
   3   ||     sigma || limited ||      4.867625151276 ||0.2379538128006
   4   ||  Biomass1 || limited ||     0.8039484546983 ||0.1651740373234
   5   ||  Biomass2 || limited ||     0.7148851066952 ||0.144821177223
   6   ||   vm_mean || limited ||     -2.306767177335 ||0.00590054998986
   7   ||  vm_sigma || limited ||      31.70714106508 ||2.226713988749
   8   ||Recruit year 1 || limited ||      3.000555626701 ||0.5072228079324
   9   ||Recruit year 2 || limited ||      6.329274252321 ||1.01340528278
  10   ||Recruit year 3 || limited ||      9.613157479294 ||1.680516958343
  11   ||Recruit year 4 || limited ||      4.906475669763 ||0.8001113126254





