# Minimum negative log likelihood

Minuit did successfully converge.
# of function calls: 1412
minimum function Value: 343.1872964506
minimum edm: 2.670105447212e-05
minimum internal state vector: LAVector parameters:
    -0.7853819476155
     -1.122575707301
     -1.287002217587
     -1.345839293567
     -1.414242124101
     -1.420718650225
    -0.6583444807298
     -1.378395708512
      -1.03706442845
     -1.020673447563
     -1.254228037864
    0.03586897179066
     0.1157892065429
     0.1057919553388
     0.0688002076404

minimum internal covariance matrix: LASymMatrix parameters:
   0.0035873286 -0.00017117201              0 -8.0529207e-06  6.5100447e-05   6.081939e-05 -0.00037733365  0.00013169883   0.0003638575  0.00038370514   0.0002218299  2.7860987e-05  2.0572891e-05  2.0652489e-05  2.3477251e-05
 -0.00017117201  8.8635631e-06              0 -1.6105957e-07 -3.3107379e-06 -3.0874419e-06  1.5593155e-05 -6.2204576e-06 -1.7456115e-05  -1.839802e-05 -1.0828141e-05 -1.4087528e-06 -8.8243269e-07 -9.2115332e-07 -1.1525482e-06
              0              0              2              0              0              0              0              0              0              0              0              0              0              0              0
 -8.0529207e-06 -1.6105957e-07              0  6.2486438e-05  4.9785299e-07  3.4993672e-07  9.9534082e-06 -3.8294529e-07 -8.9501604e-07 -3.4623896e-07 -3.8165111e-07  7.4841408e-07 -3.4534632e-07  -3.313936e-07 -1.9995285e-07
  6.5100447e-05 -3.3107379e-06              0  4.9785299e-07  1.7797214e-06  1.5983026e-06  -6.305618e-06  2.4438735e-06  6.6471752e-06   6.975761e-06  4.0623871e-06  4.4315956e-07   3.330051e-07  3.4433759e-07  4.0416794e-07
   6.081939e-05 -3.0874419e-06              0  3.4993672e-07  1.5983026e-06  1.4456222e-06  -5.923239e-06  2.2616744e-06  6.2097102e-06  6.5083569e-06  3.8040411e-06  4.3123742e-07  3.1718964e-07  3.2529818e-07  3.7769765e-07
 -0.00037733365  1.5593155e-05              0  9.9534082e-06  -6.305618e-06  -5.923239e-06  0.00017141199 -1.3966461e-05 -3.7832588e-05 -3.8832108e-05 -2.3846291e-05 -2.5669266e-06 -5.0120664e-06 -4.2935651e-06 -4.6984142e-06
  0.00013169883 -6.2204576e-06              0 -3.8294529e-07  2.4438735e-06  2.2616744e-06 -1.3966461e-05  5.9602066e-06  1.3261718e-05  1.4021365e-05  7.5363118e-06  7.3304734e-07  7.8346742e-07  7.4940319e-07  8.3939672e-07
   0.0003638575 -1.7456115e-05              0 -8.9501604e-07  6.6471752e-06  6.2097102e-06 -3.7832588e-05  1.3261718e-05  3.7596275e-05  3.8903692e-05  2.2658597e-05   2.810198e-06  2.0504154e-06  2.0687299e-06  2.3356018e-06
  0.00038370514  -1.839802e-05              0 -3.4623896e-07   6.975761e-06  6.5083569e-06 -3.8832108e-05  1.4021365e-05  3.8903692e-05  4.1817327e-05  2.3878939e-05  3.0179839e-06   2.140308e-06  2.1454269e-06  2.6194452e-06
   0.0002218299 -1.0828141e-05              0 -3.8165111e-07  4.0623871e-06  3.8040411e-06 -2.3846291e-05  7.5363118e-06  2.2658597e-05  2.3878939e-05  1.6098988e-05  1.9091587e-06  1.2263087e-06  1.2319548e-06  1.7146571e-06
  2.7860987e-05 -1.4087528e-06              0  7.4841408e-07  4.4315956e-07  4.3123742e-07 -2.5669266e-06  7.3304734e-07   2.810198e-06  3.0179839e-06  1.9091587e-06  1.0866318e-06  1.8988692e-07  1.2234882e-07    1.75134e-07
  2.0572891e-05 -8.8243269e-07              0 -3.4534632e-07   3.330051e-07  3.1718964e-07 -5.0120664e-06  7.8346742e-07  2.0504154e-06   2.140308e-06  1.2263087e-06  1.8988692e-07  3.2580887e-07  1.3491578e-07  1.7640516e-07
  2.0652489e-05 -9.2115332e-07              0  -3.313936e-07  3.4433759e-07  3.2529818e-07 -4.2935651e-06  7.4940319e-07  2.0687299e-06  2.1454269e-06  1.2319548e-06  1.2234882e-07  1.3491578e-07  3.3904147e-07  1.5888498e-07
  2.3477251e-05 -1.1525482e-06              0 -1.9995285e-07  4.0416794e-07  3.7769765e-07 -4.6984142e-06  8.3939672e-07  2.3356018e-06  2.6194452e-06  1.7146571e-06    1.75134e-07  1.7640516e-07  1.5888498e-07  7.1038787e-07


# ext. ||   Name    ||   type  ||     Value     ||  Error +/- 

   0   ||Natural mortality || limited ||    0.02732261712989 ||0.000748467239465
   1   ||Targeted q || limited ||      4.939017717935 ||0.04561527437468
   2   ||Nontargeted q || limited ||                   2 ||22.06548931833
   3   ||     sigma || limited ||      1.259815383536 ||0.06234132737945
   4   ||  Biomass1 || limited ||      6.114800194424 ||0.07353941989088
   5   ||  Biomass2 || limited ||      5.620266444217 ||0.06355751869053
   6   ||  vm_sigma || limited ||      15.52847930367 ||0.2929097508618
   7   ||Recruit year 1 || limited ||     0.9325063497209 ||0.0165031068548
   8   ||Recruit year 2 || limited ||       6.96358118851 ||0.1102774736722
   9   ||Recruit year 3 || limited ||      7.386247890529 ||0.1195135414838
  10   ||Recruit year 4 || limited ||      2.494285140898 ||0.04415698957835
  11   ||Mean Rec dist 1 || limited ||     0.3586128088305 ||0.007366254640743
  12   ||Mean Rec dist 2 || limited ||      1.155306462409 ||0.004009115729943
  13   ||Mean Rec dist 3 || limited ||      1.055947295738 ||0.00409427074487
  14   ||Mean Rec dist 4 || limited ||     0.6874594321485 ||0.005945714802616





