# Minimum negative log likelihood

Minuit did successfully converge.
# of function calls: 915
minimum function Value: 455.8715678903
minimum edm: 2.274385754855e-06
minimum internal state vector: LAVector parameters:
      0.719950601961
     -1.294641670256
     -1.287002217587
     -1.866199536808
     -1.524532391137
     -1.526051975854
     0.1179499039228
    -0.1153353725466
     -1.258299236687
     -1.340131723821
     -1.023469187523
     -1.035658150564

minimum internal covariance matrix: LASymMatrix parameters:
    0.044546299  -0.0043282373              0  1.1870956e-05  0.00074224753  0.00070777204  3.2348503e-05  -0.0011685521    0.005121183   0.0037432155   0.0086863172   0.0089023038
  -0.0043282373  0.00042764777              0 -1.7063847e-06  -7.340798e-05 -6.9994502e-05 -1.2404508e-06   6.033414e-05 -0.00050226371 -0.00036705696 -0.00085287057 -0.00087501651
              0              0              2              0              0              0              0              0              0              0              0              0
  1.1870956e-05 -1.7063847e-06              0  0.00010039122 -1.8678755e-07 -1.5264957e-07  1.2487973e-07  4.2822443e-06   1.743198e-06  1.9964804e-06  3.1336506e-06  2.7733446e-06
  0.00074224753  -7.340798e-05              0 -1.8678755e-07  1.7346195e-05  1.6098757e-05   1.851583e-07 -1.0724949e-05  8.6648526e-05  6.3096854e-05  0.00014626463  0.00015047117
  0.00070777204 -6.9994502e-05              0 -1.5264957e-07  1.6098757e-05  1.4991725e-05   1.843991e-07 -9.9952362e-06   8.255016e-05  6.0152603e-05  0.00013948435  0.00014344227
  3.2348503e-05 -1.2404508e-06              0  1.2487973e-07   1.851583e-07   1.843991e-07   2.270017e-06 -4.5946715e-05  2.4261432e-06  1.7229186e-06  3.8997072e-06  3.7323939e-06
  -0.0011685521   6.033414e-05              0  4.2822443e-06 -1.0724949e-05 -9.9952362e-06 -4.5946715e-05   0.0025895371 -0.00010034539 -6.9774157e-05 -0.00016058766 -0.00015746126
    0.005121183 -0.00050226371              0   1.743198e-06  8.6648526e-05   8.255016e-05  2.4261432e-06 -0.00010034539   0.0005958932  0.00043247122   0.0010045399   0.0010302117
   0.0037432155 -0.00036705696              0  1.9964804e-06  6.3096854e-05  6.0152603e-05  1.7229186e-06 -6.9774157e-05  0.00043247122  0.00031941479  0.00073421093  0.00075306958
   0.0086863172 -0.00085287057              0  3.1336506e-06  0.00014626463  0.00013948435  3.8997072e-06 -0.00016058766   0.0010045399  0.00073421093    0.001708517   0.0017491649
   0.0089023038 -0.00087501651              0  2.7733446e-06  0.00015047117  0.00014344227  3.7323939e-06 -0.00015746126   0.0010302117  0.00075306958   0.0017491649   0.0017978969


# ext. ||   Name    ||   type  ||     Value     ||  Error +/- 

   0   ||Natural mortality || limited ||    0.06148368833596 ||0.002794743062123
   1   ||Targeted q || limited ||      1.894449365809 ||0.1993429686451
   2   ||Nontargeted q || limited ||                   2 ||22.06548931833
   3   ||     sigma || limited ||      2.165758233605 ||0.1031287281162
   4   ||  Biomass1 || limited ||     0.5349925027543 ||0.06809953245338
   5   ||  Biomass2 || limited ||     0.5004307360151 ||0.06123131028968
   6   ||   vm_mean || limited ||      0.369691954802 ||0.003323696240144
   7   ||  vm_sigma || limited ||        35.397363969 ||1.429426852769
   8   ||Recruit year 1 || limited ||      2.431315711355 ||0.2652947077759
   9   ||Recruit year 2 || limited ||      1.334134301143 ||0.1444443086583
  10   ||Recruit year 3 || limited ||      7.313342329269 ||0.7603302229888
  11   ||Recruit year 4 || limited ||      6.999392333402 ||0.7643018847237





