# Minimum negative log likelihood

Minuit did successfully converge.
# of function calls: 766
minimum function Value: 526.9577420427
minimum edm: 7.924880342914e-05
minimum internal state vector: LAVector parameters:
    -0.1505850137227
     -1.061911690555
     -1.287002217587
     -1.219854531089
     -1.528793034991
     -1.529896426286
    -0.3116802846333
    -0.2873504793957
      -1.12979139893
     -1.300328945881
     -1.456678058267
      -1.04388755481

minimum internal covariance matrix: LASymMatrix parameters:
     0.10401348  -0.0086700784              0  0.00014413867  0.00076344562  0.00070245654  6.4580381e-05  -0.0021035671   0.0074156174   0.0050848728   0.0017282396   0.0090649164
  -0.0086700784  0.00073049268              0 -1.3235913e-05 -6.4184641e-05 -5.9095961e-05 -3.3424424e-06  0.00014239005 -0.00061939209 -0.00042485579 -0.00014439343 -0.00075774733
              0              0              2              0              0              0              0              0              0              0              0              0
  0.00014413867 -1.3235913e-05              0  0.00015301538   3.537236e-06  2.9086012e-06   1.557665e-07 -5.6327363e-06  1.2000944e-05  7.2797194e-06  1.6097085e-06  1.3286157e-05
  0.00076344562 -6.4184641e-05              0   3.537236e-06  1.1065703e-05  9.5797676e-06  4.7858001e-07 -2.1408222e-05  5.5341358e-05  3.7356015e-05  1.2517461e-05  6.6547988e-05
  0.00070245654 -5.9095961e-05              0  2.9086012e-06  9.5797676e-06  8.3795544e-06  4.1048852e-07 -1.7554656e-05  5.0785751e-05  3.4395781e-05  1.1538324e-05  6.1262216e-05
  6.4580381e-05 -3.3424424e-06              0   1.557665e-07  4.7858001e-07  4.1048852e-07  1.8432774e-06 -2.4925621e-05  4.2965318e-06  2.8547035e-06  9.9803805e-07  5.2235236e-06
  -0.0021035671  0.00014239005              0 -5.6327363e-06 -2.1408222e-05 -1.7554656e-05 -2.4925621e-05   0.0010847844 -0.00014731006 -9.9392405e-05 -3.3337893e-05 -0.00017670128
   0.0074156174 -0.00061939209              0  1.2000944e-05  5.5341358e-05  5.0785751e-05  4.2965318e-06 -0.00014731006   0.0005340387   0.0003625613   0.0001233597  0.00064651012
   0.0050848728 -0.00042485579              0  7.2797194e-06  3.7356015e-05  3.4395781e-05  2.8547035e-06 -9.9392405e-05   0.0003625613    0.000253545  8.4354858e-05  0.00044315208
   0.0017282396 -0.00014439343              0  1.6097085e-06  1.2517461e-05  1.1538324e-05  9.9803805e-07 -3.3337893e-05   0.0001233597  8.4354858e-05  3.3511762e-05   0.0001505801
   0.0090649164 -0.00075774733              0  1.3286157e-05  6.6547988e-05  6.1262216e-05  5.2235236e-06 -0.00017670128  0.00064651012  0.00044315208   0.0001505801  0.00079586246


# ext. ||   Name    ||   type  ||     Value     ||  Error +/- 

   0   ||Natural mortality || limited ||    0.04124958621205 ||0.005587997150475
   1   ||Targeted q || limited ||      6.335577006012 ||0.4655291894576
   2   ||Nontargeted q || limited ||                   2 ||22.06548931833
   3   ||     sigma || limited ||      3.047532169477 ||0.1503490184703
   4   ||  Biomass1 || limited ||     0.4410042870684 ||0.04938553112768
   5   ||  Biomass2 || limited ||     0.4181421714481 ||0.04184719264833
   6   ||   vm_mean || limited ||    -0.9633957656348 ||0.002870680256883
   7   ||  vm_sigma || limited ||      28.66414820628 ||0.893284465527
   8   ||Recruit year 1 || limited ||      4.793363215364 ||0.3487003083783
   9   ||Recruit year 2 || limited ||      1.827511934506 ||0.1503962066994
  10   ||Recruit year 3 || limited ||     0.3351887823661 ||0.02330349846943
  11   ||Recruit year 4 || limited ||      6.791038603451 ||0.5014783083641





