# Minimum negative log likelihood

Minuit did successfully converge.
# of function calls: 754
minimum function Value: 402.5917555911
minimum edm: 6.396155779843e-05
minimum internal state vector: LAVector parameters:
    -0.6865313632288
     -1.033621910169
     -1.287002217587
     -1.311108470413
     -1.547916443618
     -1.549641574692
     -0.172787361003
    -0.8505362378449
    -0.9564553689432
     -1.028693320615
     -1.136214404793
     -1.195068845001

minimum internal covariance matrix: LASymMatrix parameters:
  0.00020836773 -7.1828396e-05              0  2.2734191e-06  3.2329544e-06  2.9231724e-06 -2.6344715e-06  1.9956329e-05  5.8980134e-05  5.2251322e-05  4.1246462e-05  3.5800653e-05
 -7.1828396e-05  2.8504487e-05              0 -6.2106694e-07 -1.2338792e-06  -1.266374e-06  1.3391163e-06 -1.3591015e-05 -2.0912368e-05 -1.8505257e-05 -1.4654176e-05 -1.2740343e-05
              0              0              2              0              0              0              0              0              0              0              0              0
  2.2734191e-06 -6.2106694e-07              0  8.2831825e-05  -2.405546e-07 -1.4912189e-07  5.4617301e-09 -1.0327356e-07   4.897691e-07  7.1673024e-07  2.6498466e-07   5.420428e-07
  3.2329544e-06 -1.2338792e-06              0  -2.405546e-07    1.98987e-06  1.1867089e-06 -7.9709546e-08  7.0968623e-08  1.3117612e-06   7.756366e-07   6.136316e-07  5.9732709e-07
  2.9231724e-06  -1.266374e-06              0 -1.4912189e-07  1.1867089e-06  9.1219339e-07 -7.0845045e-08  9.5296383e-07  9.3687898e-07  7.5103399e-07  5.8832672e-07  5.3803615e-07
 -2.6344715e-06  1.3391163e-06              0  5.4617301e-09 -7.9709546e-08 -7.0845045e-08  1.0980048e-07 -1.1488286e-06 -8.2271138e-07 -7.1874899e-07  -5.709579e-07 -5.0300539e-07
  1.9956329e-05 -1.3591015e-05              0 -1.0327356e-07  7.0968623e-08  9.5296383e-07 -1.1488286e-06  2.6881772e-05  6.2041644e-06   5.745441e-06  4.5152916e-06  4.0063914e-06
  5.8980134e-05 -2.0912368e-05              0   4.897691e-07  1.3117612e-06  9.3687898e-07 -8.2271138e-07  6.2041644e-06  1.8436501e-05  1.4777253e-05  1.1684046e-05  1.0208179e-05
  5.2251322e-05 -1.8505257e-05              0  7.1673024e-07   7.756366e-07  7.5103399e-07 -7.1874899e-07   5.745441e-06  1.4777253e-05  1.4609842e-05  1.0428636e-05  8.9849447e-06
  4.1246462e-05 -1.4654176e-05              0  2.6498466e-07   6.136316e-07  5.8832672e-07  -5.709579e-07  4.5152916e-06  1.1684046e-05  1.0428636e-05  9.6315898e-06  7.0926766e-06
  3.5800653e-05 -1.2740343e-05              0   5.420428e-07  5.9732709e-07  5.3803615e-07 -5.0300539e-07  4.0063914e-06  1.0208179e-05  8.9849447e-06  7.0926766e-06  7.6055786e-06


# ext. ||   Name    ||   type  ||     Value     ||  Error +/- 

   0   ||Natural mortality || limited ||    0.05492127208904 ||0.001184174739726
   1   ||Targeted q || limited ||      7.042100519807 ||0.0965905955084
   2   ||Nontargeted q || limited ||                   2 ||22.06548931833
   3   ||     sigma || limited ||      1.676491144627 ||0.08262470764724
   4   ||  Biomass1 || limited ||     0.1308665544658 ||0.01140993576629
   5   ||  Biomass2 || limited ||     0.1118767117523 ||0.007142890298933
   6   ||   vm_mean || limited ||     -1.719288688335 ||0.00230819002039
   7   ||  vm_sigma || limited ||      9.935507615205 ||0.09672419922701
   8   ||Recruit year 1 || limited ||      9.151410293547 ||0.08749621891111
   9   ||Recruit year 2 || limited ||      7.178005411396 ||0.06971590116003
  10   ||Recruit year 3 || limited ||       4.65722795794 ||0.04619282448609
  11   ||Recruit year 4 || limited ||      3.497605248947 ||0.0357753229611





