# Minimum negative log likelihood

Minuit did successfully converge.
# of function calls: 1897
minimum function Value: 422.6904249845
minimum edm: 2.719583612257e-05
minimum internal state vector: LAVector parameters:
    -0.4457148389212
     -1.291602326528
     -1.287002217587
     -1.298198858354
     -1.431368007193
     -1.432867112087
     0.7122529650806
    -0.5906597298471
      -1.21247405645
     -1.208935954906
     -1.050685018457
     -1.044347567184

minimum internal covariance matrix: LASymMatrix parameters:
    0.024041011  -0.0033064132              0  2.2717623e-05   0.0016554551   0.0016231766 -5.0354459e-05  1.4794235e-05   0.0042587645   0.0039966243   0.0062029272   0.0063132538
  -0.0033064132  0.00046151024              0 -2.4646547e-06 -0.00023111777 -0.00022652045  9.7505805e-06 -4.2994625e-05 -0.00059061275 -0.00055383642 -0.00086016328 -0.00087588324
              0              0              2              0              0              0              0              0              0              0              0              0
  2.2717623e-05 -2.4646547e-06              0  9.0880498e-05  8.4151597e-07  8.3290008e-07 -2.0077188e-07  3.7630773e-06  2.2923793e-06   2.300264e-06    3.75154e-06  3.6698783e-06
   0.0016554551 -0.00023111777              0  8.4151597e-07  0.00011820917  0.00011560347 -5.1102118e-06  1.9738527e-05  0.00029609733  0.00027744325  0.00043078158  0.00043863002
   0.0016231766 -0.00022652045              0  8.3290008e-07  0.00011560347   0.0001130889 -4.9430781e-06  1.9038934e-05  0.00029021601  0.00027197425  0.00042229598  0.00042998795
 -5.0354459e-05  9.7505805e-06              0 -2.0077188e-07 -5.1102118e-06 -4.9430781e-06  5.1176078e-06 -3.3901952e-05 -1.0898165e-05 -1.0299525e-05 -1.5997438e-05 -1.4608543e-05
  1.4794235e-05 -4.2994625e-05              0  3.7630773e-06  1.9738527e-05  1.9038934e-05 -3.3901952e-05  0.00082679039  3.1413054e-05  2.7603374e-05  4.6522419e-05  3.2150176e-05
   0.0042587645 -0.00059061275              0  2.2923793e-06  0.00029609733  0.00029021601 -1.0898165e-05  3.1413054e-05  0.00075995638  0.00071113165   0.0011042768   0.0011242369
   0.0039966243 -0.00055383642              0   2.300264e-06  0.00027744325  0.00027197425 -1.0299525e-05  2.7603374e-05  0.00071113165  0.00066899548   0.0010357847   0.0010545155
   0.0062029272 -0.00086016328              0    3.75154e-06  0.00043078158  0.00042229598 -1.5997438e-05  4.6522419e-05   0.0011042768   0.0010357847   0.0016101948   0.0016374535
   0.0063132538 -0.00087588324              0  3.6698783e-06  0.00043863002  0.00042998795 -1.4608543e-05  3.2150176e-05   0.0011242369   0.0010545155   0.0016374535   0.0016767843


# ext. ||   Name    ||   type  ||     Value     ||  Error +/- 

   0   ||Natural mortality || limited ||    0.03422242521252 ||0.002468216310792
   1   ||Targeted q || limited ||      1.936106565119 ||0.2093043063266
   2   ||Nontargeted q || limited ||                   2 ||22.06548931833
   3   ||     sigma || limited ||      1.846259027362 ||0.09074376765719
   4   ||  Biomass1 || limited ||      4.852195769392 ||0.5342189113792
   5   ||  Biomass2 || limited ||      4.748581630933 ||0.5169389569045
   6   ||   vm_mean || limited ||      2.053158593129 ||0.003803660577419
   7   ||  vm_sigma || limited ||      17.72441452799 ||0.6754378538002
   8   ||Recruit year 1 || limited ||      3.185356074712 ||0.3417579090368
   9   ||Recruit year 2 || limited ||      3.247684028524 ||0.3236833035797
  10   ||Recruit year 3 || limited ||      6.621145449372 ||0.7049017150833
  11   ||Recruit year 4 || limited ||      6.779478154326 ||0.7272710036556





