# Minimum negative log likelihood

Minuit did successfully converge.
# of function calls: 786
minimum function Value: 474.7780498386
minimum edm: 1.428639979776e-05
minimum internal state vector: LAVector parameters:
    -0.7013712337906
      -1.06132465329
     -1.287002217587
     -1.261571879828
     -1.555063834417
     -1.556084110481
     -0.291799132437
    -0.5444427431677
     -1.003582860391
     -1.156388068504
     -1.129775767001
     -1.096189871824

minimum internal covariance matrix: LASymMatrix parameters:
   0.0013003013 -0.00053035413              0 -4.7899534e-06  1.6268257e-05  1.5208838e-05  5.4180057e-06 -7.5992049e-05  0.00063511529  0.00040974883  0.00047114351  0.00046356352
 -0.00053035413  0.00022000488              0  2.6890455e-06 -6.6541296e-06 -6.2461711e-06 -9.5322283e-07  1.8380516e-05 -0.00026021223 -0.00016783653 -0.00019305961 -0.00019004965
              0              0              2              0              0              0              0              0              0              0              0              0
 -4.7899534e-06  2.6890455e-06              0  0.00010217528 -3.8873242e-07 -3.8368875e-07  6.6256691e-07 -4.7763202e-06 -2.1366484e-06  -1.273831e-06 -1.8430828e-06  -2.164874e-06
  1.6268257e-05 -6.6541296e-06              0 -3.8873242e-07  2.5918153e-06  1.9917611e-06  7.5670384e-08 -1.8450555e-06  8.0376949e-06  5.1344672e-06  5.8919827e-06  5.7833068e-06
  1.5208838e-05 -6.2461711e-06              0 -3.8368875e-07  1.9917611e-06  1.5843202e-06   5.611384e-08 -1.2439539e-06    7.49563e-06  4.8065194e-06  5.5189947e-06  5.4205792e-06
  5.4180057e-06 -9.5322283e-07              0  6.6256691e-07  7.5670384e-08   5.611384e-08  1.0193844e-06 -7.8033727e-06  2.2411034e-06  1.4736794e-06  1.6709736e-06  1.6092984e-06
 -7.5992049e-05  1.8380516e-05              0 -4.7763202e-06 -1.8450555e-06 -1.2439539e-06 -7.8033727e-06  0.00016291463 -3.3824055e-05 -2.1879513e-05 -2.4414325e-05  -2.380235e-05
  0.00063511529 -0.00026021223              0 -2.1366484e-06  8.0376949e-06    7.49563e-06  2.2411034e-06 -3.3824055e-05   0.0003134951  0.00020025072  0.00023039965  0.00022679991
  0.00040974883 -0.00016783653              0  -1.273831e-06  5.1344672e-06  4.8065194e-06  1.4736794e-06 -2.1879513e-05  0.00020025072  0.00013201745  0.00014861166    0.000146386
  0.00047114351 -0.00019305961              0 -1.8430828e-06  5.8919827e-06  5.5189947e-06  1.6709736e-06 -2.4414325e-05  0.00023039965  0.00014861166   0.0001738575  0.00016813693
  0.00046356352 -0.00019004965              0  -2.164874e-06  5.7833068e-06  5.4205792e-06  1.6092984e-06  -2.380235e-05  0.00022679991    0.000146386  0.00016813693  0.00016822013


# ext. ||   Name    ||   type  ||     Value     ||  Error +/- 

   0   ||Natural mortality || limited ||     0.0532101211942 ||0.00292159984993
   1   ||Targeted q || limited ||      6.349884859819 ||0.25575861764
   2   ||Nontargeted q || limited ||                   2 ||22.06548931833
   3   ||     sigma || limited ||      2.371506369662 ||0.1087563604444
   4   ||  Biomass1 || limited ||     0.0618765528238 ||0.008954401323286
   5   ||  Biomass2 || limited ||    0.05411135117783 ||0.006546947487779
   6   ||   vm_mean || limited ||    -0.9037600825617 ||0.002148057778242
   7   ||  vm_sigma || limited ||      19.28309959033 ||0.308809824939
   8   ||Recruit year 1 || limited ||      7.839146633624 ||0.336294289607
   9   ||Recruit year 2 || limited ||      4.241839545647 ||0.1635491866362
  10   ||Recruit year 3 || limited ||      4.793696810776 ||0.1989711425482
  11   ||Recruit year 4 || limited ||      5.535815561911 ||0.2095316703299





