# Minimum negative log likelihood

Minuit did successfully converge.
# of function calls: 1204
minimum function Value: 172.6261021478
minimum edm: 2.812729771584e-05
minimum internal state vector: LAVector parameters:
    -0.6669852886024
    -0.9965202719077
     -1.287002217587
     -1.421679191908
     -1.528992717801
      -1.53079822857
    0.05683625240561
      3.300294195188
     -1.261632421389
     -1.150865856963
     -1.336354367412
     -1.458620184173

minimum internal covariance matrix: LASymMatrix parameters:
  0.00011882184 -4.6865342e-05              0  4.1834723e-06  3.7125121e-06  3.3403859e-06 -4.9542635e-07 -1.7073186e-05  2.0780998e-05  3.8443645e-05  1.8277859e-05  1.0262816e-05
 -4.6865342e-05  1.8963466e-05              0 -1.6014887e-06 -1.5036442e-06 -1.3515722e-06  2.9609522e-07  8.3868506e-06 -8.2466413e-06 -1.5265374e-05 -7.2548526e-06 -4.0808999e-06
              0              0              2              0              0              0              0              0              0              0              0              0
  4.1834723e-06 -1.6014887e-06              0  2.4215957e-05   7.084604e-09  1.2462184e-08 -1.8031667e-08  5.9071916e-07  7.0179144e-07  1.2915725e-06  5.6713477e-07  2.6802409e-07
  3.7125121e-06 -1.5036442e-06              0   7.084604e-09  2.3067594e-07  1.9775845e-07 -2.3427201e-08 -5.1382877e-07  6.5751859e-07  1.2151034e-06  5.7969054e-07  3.2225756e-07
  3.3403859e-06 -1.3515722e-06              0  1.2462184e-08  1.9775845e-07  1.7119371e-07 -2.0729311e-08 -4.7884505e-07    5.90651e-07  1.0924601e-06  5.2081303e-07  2.8995841e-07
 -4.9542635e-07  2.9609522e-07              0 -1.8031667e-08 -2.3427201e-08 -2.0729311e-08  8.4375277e-08  1.3463024e-06 -9.7415961e-08 -1.8309653e-07 -8.7152198e-08 -5.0153548e-08
 -1.7073186e-05  8.3868506e-06              0  5.9071916e-07 -5.1382877e-07 -4.7884505e-07  1.3463024e-06  5.1525999e-05  -3.161573e-06  -5.901667e-06 -2.7510849e-06 -1.5807958e-06
  2.0780998e-05 -8.2466413e-06              0  7.0179144e-07  6.5751859e-07    5.90651e-07 -9.7415961e-08  -3.161573e-06  3.7831763e-06  6.7371683e-06  3.2033249e-06  1.7988446e-06
  3.8443645e-05 -1.5265374e-05              0  1.2915725e-06  1.2151034e-06  1.0924601e-06 -1.8309653e-07  -5.901667e-06  6.7371683e-06  1.2625067e-05  5.9302795e-06  3.3304001e-06
  1.8277859e-05 -7.2548526e-06              0  5.6713477e-07  5.7969054e-07  5.2081303e-07 -8.7152198e-08 -2.7510849e-06  3.2033249e-06  5.9302795e-06  2.9693684e-06  1.5821731e-06
  1.0262816e-05 -4.0808999e-06              0  2.6802409e-07  3.2225756e-07  2.8995841e-07 -5.0153548e-08 -1.5807958e-06  1.7988446e-06  3.3304001e-06  1.5821731e-06  1.0498796e-06


# ext. ||   Name    ||   type  ||     Value     ||  Error +/- 

   0   ||Natural mortality || limited ||     0.0572069741104 ||0.0009083881021725
   1   ||Targeted q || limited ||      8.020710549185 ||0.08363626326933
   2   ||Nontargeted q || limited ||                   2 ||22.06548931833
   3   ||     sigma || limited ||     0.5548686858246 ||0.02584769453633
   4   ||  Biomass1 || limited ||     0.4368218119823 ||0.007096487255331
   5   ||  Biomass2 || limited ||     0.3999086450621 ||0.005849549680664
   6   ||   vm_mean || limited ||     0.1784602350033 ||0.0006442295431499
   7   ||  vm_sigma || limited ||      33.67913105375 ||0.2004742927069
   8   ||Recruit year 1 || limited ||      2.380348198158 ||0.02092126082358
   9   ||Recruit year 2 || limited ||      4.353701098557 ||0.05121125708399
  10   ||Recruit year 3 || limited ||      1.377656933423 ||0.01415119699859
  11   ||Recruit year 4 || limited ||     0.3242260033004 ||0.004054810631117





