# Minimum negative log likelihood

Minuit did successfully converge.
# of function calls: 1222
minimum function Value: 319.6384786517
minimum edm: 4.33587617295e-05
minimum internal state vector: LAVector parameters:
    -0.3702231936139
     -1.312817947906
     -1.287002217587
     -1.358243038505
     -1.481399425542
     -1.484382847525
     0.1877448826911
    -0.6033134337038
     -1.109765322032
     -1.148452608265
    -0.9997767826754
     -1.092991763852

minimum internal covariance matrix: LASymMatrix parameters:
    0.004162472 -0.00064763138              0 -2.6314831e-06  0.00020986917  0.00020948496  1.1709281e-05 -0.00035370815   0.0011187148   0.0011371592    0.001524208   0.0012661921
 -0.00064763138   0.0001033893              0  1.1036221e-06 -3.3471217e-05  -3.341318e-05 -9.4911308e-07  3.9832806e-05 -0.00017688232 -0.00017967608 -0.00024076373 -0.00020023371
              0              0              2              0              0              0              0              0              0              0              0              0
 -2.6314831e-06  1.1036221e-06              0   5.793873e-05 -6.6593369e-07 -6.0878861e-07  1.5670489e-07  1.5425049e-05 -1.3176666e-06  -1.893985e-06 -1.0157764e-06 -2.5950404e-06
  0.00020986917 -3.3471217e-05              0 -6.6593369e-07  1.1683437e-05  1.1548667e-05  2.7147801e-07 -1.3822486e-05  5.7388406e-05  5.8256793e-05  7.7980736e-05  6.4860599e-05
  0.00020948496  -3.341318e-05              0 -6.0878861e-07  1.1548667e-05  1.1436135e-05  2.8550965e-07 -1.3511515e-05  5.7259145e-05  5.8136455e-05  7.7843405e-05  6.4740471e-05
  1.1709281e-05 -9.4911308e-07              0  1.5670489e-07  2.7147801e-07  2.8550965e-07  1.4268945e-06 -1.3714106e-05  2.3122102e-06  2.0465742e-06  3.0073778e-06   2.566384e-06
 -0.00035370815  3.9832806e-05              0  1.5425049e-05 -1.3822486e-05 -1.3511515e-05 -1.3714106e-05    0.000506075 -7.9737839e-05 -7.8125281e-05 -0.00010455466  -9.402944e-05
   0.0011187148 -0.00017688232              0 -1.3176666e-06  5.7388406e-05  5.7259145e-05  2.3122102e-06 -7.9737839e-05   0.0003047088  0.00030840768  0.00041359679  0.00034376269
   0.0011371592 -0.00017967608              0  -1.893985e-06  5.8256793e-05  5.8136455e-05  2.0465742e-06 -7.8125281e-05  0.00030840768   0.0003151916  0.00042014527   0.0003494767
    0.001524208 -0.00024076373              0 -1.0157764e-06  7.7980736e-05  7.7843405e-05  3.0073778e-06 -0.00010455466  0.00041359679  0.00042014527  0.00056439317  0.00046781044
   0.0012661921 -0.00020023371              0 -2.5950404e-06  6.4860599e-05  6.4740471e-05   2.566384e-06  -9.402944e-05  0.00034376269   0.0003494767  0.00046781044  0.00039112734


# ext. ||   Name    ||   type  ||     Value     ||  Error +/- 

   0   ||Natural mortality || limited ||    0.03595441218835 ||0.001062871665964
   1   ||Targeted q || limited ||      1.654613877126 ||0.0917158466124
   2   ||Nontargeted q || limited ||                   2 ||22.06548931833
   3   ||     sigma || limited ||      1.125226547308 ||0.05677146828082
   4   ||  Biomass1 || limited ||      1.996621239451 ||0.1078906339428
   5   ||  Biomass2 || limited ||      1.865660963773 ||0.1031893988787
   6   ||   vm_mean || limited ||     0.5863590481505 ||0.00260694171799
   7   ||  vm_sigma || limited ||      17.30582113996 ||0.5239276219434
   8   ||Recruit year 1 || limited ||      5.229762533789 ||0.2745224294074
   9   ||Recruit year 2 || limited ||      4.403022771163 ||0.2572555283663
  10   ||Recruit year 3 || limited ||      7.941688801289 ||0.453910034736
  11   ||Recruit year 4 || limited ||      5.609110460596 ||0.3214803917604





