# Minimum negative log likelihood

Minuit did successfully converge.
# of function calls: 993
minimum function Value: 659.5721621045
minimum edm: 1.451109929803e-05
minimum internal state vector: LAVector parameters:
      3.133657095938
    -0.9992320598755
     -1.287002217587
     -1.085758199244
     -1.439226799793
     -1.446827660087
     0.4863556150267
      3.315746627631
     -1.246512614877
    -0.9535362784011
     -1.369282637185
     -1.280446859924

minimum internal covariance matrix: LASymMatrix parameters:
     0.29415159    0.023584415              0  0.00064639985  -0.0056666954  -0.0052597321 -5.9880345e-05  -0.0012213231   -0.012301752   -0.027302495  -0.0076779745   -0.014128333
    0.023584415   0.0019178166              0   4.941272e-05 -0.00046048086 -0.00042719952  3.5602599e-06  6.3096091e-05 -0.00098914256   -0.002192227  -0.0006155236  -0.0011409842
              0              0              2              0              0              0              0              0              0              0              0              0
  0.00064639985   4.941272e-05              0  0.00030505273 -9.5652604e-06 -1.0084033e-05 -3.2141312e-07  8.2666161e-06 -2.6794761e-05 -5.4168045e-05 -1.5192896e-05 -3.0000479e-05
  -0.0056666954 -0.00046048086              0 -9.5652604e-06  0.00012309372  0.00011277635 -2.2310309e-07 -1.0878247e-05  0.00023683179  0.00052589421  0.00014680814  0.00027495384
  -0.0052597321 -0.00042719952              0 -1.0084033e-05  0.00011277635  0.00010358574  -1.979011e-07 -9.7070767e-06  0.00021992692  0.00048806834  0.00013634308  0.00025504984
 -5.9880345e-05  3.5602599e-06              0 -3.2141312e-07 -2.2310309e-07  -1.979011e-07  8.5308478e-06  0.00011781828  1.2031695e-06  4.6534069e-06  9.0216765e-07  7.0969555e-07
  -0.0012213231  6.3096091e-05              0  8.2666161e-06 -1.0878247e-05 -9.7070767e-06  0.00011781828   0.0037880901  2.5848102e-05  8.7742253e-05  3.4715274e-05  1.8453009e-05
   -0.012301752 -0.00098914256              0 -2.6794761e-05  0.00023683179  0.00021992692  1.2031695e-06  2.5848102e-05  0.00053039038   0.0011407209  0.00032227135  0.00059203058
   -0.027302495   -0.002192227              0 -5.4168045e-05  0.00052589421  0.00048806834  4.6534069e-06  8.7742253e-05   0.0011407209   0.0025514354  0.00071250775   0.0013111315
  -0.0076779745  -0.0006155236              0 -1.5192896e-05  0.00014680814  0.00013634308  9.0216765e-07  3.4715274e-05  0.00032227135  0.00071250775  0.00021640394    0.000368103
   -0.014128333  -0.0011409842              0 -3.0000479e-05  0.00027495384  0.00025504984  7.0969555e-07  1.8453009e-05  0.00059203058   0.0013111315    0.000368103  0.00070385124


# ext. ||   Name    ||   type  ||     Value     ||  Error +/- 

   0   ||Natural mortality || limited ||    0.04519838685911 ||0.009354025474587
   1   ||Targeted q || limited ||      7.947209154627 ||0.83742309383
   2   ||Nontargeted q || limited ||                   2 ||22.06548931833
   3   ||     sigma || limited ||      5.767141345881 ||0.2879008181377
   4   ||  Biomass1 || limited ||      4.321395901461 ||0.5146003852356
   5   ||  Biomass2 || limited ||      3.837139632455 ||0.4449387268016
   6   ||   vm_mean || limited ||      1.468403055168 ||0.005735927182086
   7   ||  vm_sigma || limited ||      33.06958779075 ||   1.7139299
   8   ||Recruit year 1 || limited ||      2.615779377593 ||0.2594040447472
   9   ||Recruit year 2 || limited ||      9.235706943799 ||1.033337739068
  10   ||Recruit year 3 || limited ||      1.021662250521 ||0.1040872671038
  11   ||Recruit year 4 || limited ||      2.102596410848 ||0.2684901103177





