# Minimum negative log likelihood

Minuit did successfully converge.
# of function calls: 1800
minimum function Value: 397.196131094
minimum edm: 5.14934145992e-05
minimum internal state vector: LAVector parameters:
      2.672555368703
    -0.9581353165553
     -1.287002217587
     -1.314463413408
     -1.445085040438
     -1.455681494941
    -0.4701455906696
     -1.068414256458
     -1.270208684431
     -0.965090416994
     -1.127507976953
    0.09206887721953
    0.02683672696853
     0.1125363256154
    0.09530204443141

minimum internal covariance matrix: LASymMatrix parameters:
    0.003932314  0.00021865406              0 -0.00012191761 -3.2728723e-05 -2.9631422e-05  0.00053265859 -0.00033982402 -0.00017136231 -0.00040567729 -0.00029878929 -1.9158144e-05 -1.8664838e-05 -1.9617383e-05 -2.0437782e-05
  0.00021865406  1.3886929e-05              0 -6.2692358e-06 -2.2976667e-06 -2.0396522e-06  2.5283084e-05 -1.9204335e-05 -9.7217985e-06 -2.2895315e-05 -1.7276787e-05 -9.3074246e-07 -9.0441153e-07 -9.3802321e-07 -1.0392436e-06
              0              0              2              0              0              0              0              0              0              0              0              0              0              0              0
 -0.00012191761 -6.2692358e-06              0  9.3627929e-05  1.8359592e-07  2.3003359e-07  -2.239374e-05  1.1357943e-05  5.4920461e-06   1.236968e-05  1.0179478e-05  7.3473791e-07  6.7841728e-07  7.8804376e-07  8.2232352e-07
 -3.2728723e-05 -2.2976667e-06              0  1.8359592e-07  1.2238653e-06   9.846084e-07 -2.7483086e-06   2.863861e-06  1.4966037e-06  3.3459943e-06  2.6382618e-06  1.2564614e-07  8.9334019e-08  1.0942966e-07  1.3061409e-07
 -2.9631422e-05 -2.0396522e-06              0  2.3003359e-07   9.846084e-07  8.0685861e-07 -2.6242461e-06  2.5894974e-06  1.3468085e-06  3.0366064e-06  2.3734589e-06  1.1632657e-07  8.7212995e-08  1.0357284e-07  1.2147143e-07
  0.00053265859  2.5283084e-05              0  -2.239374e-05 -2.7483086e-06 -2.6242461e-06  0.00016853558 -4.5320418e-05 -2.2884143e-05 -5.3754259e-05 -3.9542656e-05 -3.9744867e-06 -3.8122391e-06  -4.210321e-06 -4.1846678e-06
 -0.00033982402 -1.9204335e-05              0  1.1357943e-05   2.863861e-06  2.5894974e-06 -4.5320418e-05  3.1022642e-05  1.4866167e-05  3.5033267e-05   2.608323e-05  1.6315521e-06  1.5790556e-06  1.6748199e-06  1.7611298e-06
 -0.00017136231 -9.7217985e-06              0  5.4920461e-06  1.4966037e-06  1.3468085e-06 -2.2884143e-05  1.4866167e-05  8.8894777e-06  1.7666947e-05  1.3123453e-05  8.2645199e-07   8.051853e-07  8.4120007e-07  8.8479631e-07
 -0.00040567729 -2.2895315e-05              0   1.236968e-05  3.3459943e-06  3.0366064e-06 -5.3754259e-05  3.5033267e-05  1.7666947e-05  4.3628438e-05  3.0841164e-05  1.9206934e-06  1.9384108e-06  1.9684908e-06  2.0802331e-06
 -0.00029878929 -1.7276787e-05              0  1.0179478e-05  2.6382618e-06  2.3734589e-06 -3.9542656e-05   2.608323e-05  1.3123453e-05  3.0841164e-05  2.5092794e-05  1.4293507e-06  1.3606817e-06  1.4524923e-06  1.5825677e-06
 -1.9158144e-05 -9.3074246e-07              0  7.3473791e-07  1.2564614e-07  1.1632657e-07 -3.9744867e-06  1.6315521e-06  8.2645199e-07  1.9206934e-06  1.4293507e-06  1.9288325e-07  1.0926742e-07  1.2231797e-07  1.2222381e-07
 -1.8664838e-05 -9.0441153e-07              0  6.7841728e-07  8.9334019e-08  8.7212995e-08 -3.8122391e-06  1.5790556e-06   8.051853e-07  1.9384108e-06  1.3606817e-06  1.0926742e-07  2.3836532e-07  1.1813471e-07  1.1680268e-07
 -1.9617383e-05 -9.3802321e-07              0  7.8804376e-07  1.0942966e-07  1.0357284e-07  -4.210321e-06  1.6748199e-06  8.4120007e-07  1.9684908e-06  1.4524923e-06  1.2231797e-07  1.1813471e-07   1.906346e-07  1.2755473e-07
 -2.0437782e-05 -1.0392436e-06              0  8.2232352e-07  1.3061409e-07  1.2147143e-07 -4.1846678e-06  1.7611298e-06  8.8479631e-07  2.0802331e-06  1.5825677e-06  1.2222381e-07  1.1680268e-07  1.2755473e-07   2.347133e-07


# ext. ||   Name    ||   type  ||     Value     ||  Error +/- 

   0   ||Natural mortality || limited ||    0.05630069373434 ||0.0009884928333521
   1   ||Targeted q || limited ||       9.09396442424 ||0.07576359681546
   2   ||Nontargeted q || limited ||                   2 ||22.06548931833
   3   ||     sigma || limited ||      1.633689254852 ||0.08673457189617
   4   ||  Biomass1 || limited ||      3.945631595257 ||0.04904012331491
   5   ||  Biomass2 || limited ||      3.309199405187 ||0.03647752688457
   6   ||  vm_sigma || limited ||      21.88008312393 ||0.3273420155023
   7   ||Recruit year 1 || limited ||      6.187479800154 ||0.09481113317086
   8   ||Recruit year 2 || limited ||      2.251642613692 ||0.03120762531734
   9   ||Recruit year 3 || limited ||      8.904090601401 ||0.1329439163763
  10   ||Recruit year 4 || limited ||      4.842209924408 ||0.07595452936019
  11   ||Mean Rec dist 1 || limited ||     0.9193885929776 ||0.00309235226168
  12   ||Mean Rec dist 2 || limited ||     0.2683350573839 ||0.003451040969706
  13   ||Mean Rec dist 3 || limited ||      1.122989413473 ||0.003067820783805
  14   ||Mean Rec dist 4 || limited ||     0.9515784678372 ||0.00341019030501





