# Minimum negative log likelihood

Minuit did successfully converge.
# of function calls: 2533
minimum function Value: 540.1746311429
minimum edm: 2.889763416692e-05
minimum internal state vector: LAVector parameters:
     0.1367494703897
    -0.9956533367759
     -1.287002217587
     -1.208360509546
      -1.50247545889
     -1.507159088207
     -12.65151951731
      -1.32899914876
     -1.256821430813
    -0.9795723985862
      -1.94973047583
     -10.78516396556
    0.09402679847362
     0.1113194239443
    0.04630380914855

minimum internal covariance matrix: LASymMatrix parameters:
   0.0084743869 -0.00055739185              0  2.1734448e-05  6.7263426e-05  5.9927496e-05  -0.0023032801  0.00037689937  0.00053019999   0.0010057979 -0.00058467089 -0.00018251662  4.1700055e-05  3.2796324e-05  3.7957609e-05
 -0.00055739185  4.5384543e-05              0 -5.3475627e-06 -5.8828356e-06 -5.1789734e-06  0.00010394289 -2.4829951e-05  -3.588457e-05   -6.79222e-05  4.0685013e-05  1.0266885e-05 -1.7401767e-06 -1.7079033e-06 -2.0248343e-06
              0              0      3.0656613              0              0              0              0              0              0              0              0              0              0              0              0
  2.1734448e-05 -5.3475627e-06              0  0.00027848541 -2.4582649e-06 -1.8806264e-06  2.8123453e-05 -3.8596581e-06  7.1923107e-07  6.2323864e-06  3.0908346e-06 -1.0235644e-05 -1.1527402e-06  -5.682891e-08  -7.848228e-07
  6.7263426e-05 -5.8828356e-06              0 -2.4582649e-06  4.2566184e-06   3.380585e-06 -2.3166415e-05   3.058164e-06  4.3962852e-06  8.0019796e-06 -4.9847216e-06  -1.547173e-06  1.6769939e-07  2.8100306e-07  2.6882151e-07
  5.9927496e-05 -5.1789734e-06              0 -1.8806264e-06   3.380585e-06  2.7502795e-06 -1.7998892e-05  2.8466155e-06  3.7750878e-06  7.1591574e-06 -4.3926581e-06 -1.4999979e-06  1.3692679e-07  2.2286392e-07    2.34369e-07
  -0.0023032801  0.00010394289              0  2.8123453e-05 -2.3166415e-05 -1.7998892e-05   0.0034092132 -0.00010533421 -0.00013322384 -0.00024899832  0.00014244211   0.0001201461 -3.1265456e-05  -2.622095e-05 -2.1347907e-05
  0.00037689937 -2.4829951e-05              0 -3.8596581e-06   3.058164e-06  2.8466155e-06 -0.00010533421  2.4841655e-05  2.2670708e-05  4.5497912e-05 -2.5139295e-05 -7.7299283e-06  1.6930099e-06  1.3443332e-06  1.6745449e-06
  0.00053019999  -3.588457e-05              0  7.1923107e-07  4.3962852e-06  3.7750878e-06 -0.00013322384  2.2670708e-05  4.1431019e-05  6.3002472e-05 -3.6120156e-05 -1.0952998e-05  2.2698584e-06  1.9133492e-06  2.6952555e-06
   0.0010057979   -6.79222e-05              0  6.2323864e-06  8.0019796e-06  7.1591574e-06 -0.00024899832  4.5497912e-05  6.3002472e-05   0.0001263017 -6.8524626e-05 -1.9331453e-05  4.6225554e-06  3.8206601e-06  4.2876108e-06
 -0.00058467089  4.0685013e-05              0  3.0908346e-06 -4.9847216e-06 -4.3926581e-06  0.00014244211 -2.5139295e-05 -3.6120156e-05 -6.8524626e-05  5.2910957e-05  1.3938867e-05 -2.8882131e-06 -2.1122659e-06 -2.4350376e-06
 -0.00018251662  1.0266885e-05              0 -1.0235644e-05  -1.547173e-06 -1.4999979e-06   0.0001201461 -7.7299283e-06 -1.0952998e-05 -1.9331453e-05  1.3938867e-05  2.7934227e-05 -1.2202023e-06 -7.7282263e-07 -1.2438484e-06
  4.1700055e-05 -1.7401767e-06              0 -1.1527402e-06  1.6769939e-07  1.3692679e-07 -3.1265456e-05  1.6930099e-06  2.2698584e-06  4.6225554e-06 -2.8882131e-06 -1.2202023e-06  1.1564883e-06  2.9815438e-07  2.6605761e-07
  3.2796324e-05 -1.7079033e-06              0  -5.682891e-08  2.8100306e-07  2.2286392e-07  -2.622095e-05  1.3443332e-06  1.9133492e-06  3.8206601e-06 -2.1122659e-06 -7.7282263e-07  2.9815438e-07  6.1134572e-07  1.3432583e-07
  3.7957609e-05 -2.0248343e-06              0  -7.848228e-07  2.6882151e-07    2.34369e-07 -2.1347907e-05  1.6745449e-06  2.6952555e-06  4.2876108e-06 -2.4350376e-06 -1.2438484e-06  2.6605761e-07  1.3432583e-07  7.0949419e-07


# ext. ||   Name    ||   type  ||     Value     ||  Error +/- 

   0   ||Natural mortality || limited ||    0.04840809141736 ||0.00161101264856
   1   ||Targeted q || limited ||      8.044273455263 ||0.1295597632931
   2   ||Nontargeted q || limited ||                   2 ||59.54511724285
   3   ||     sigma || limited ||      3.248201378011 ||0.2091833639378
   4   ||  Biomass1 || limited ||      1.166481405798 ||0.04979694168888
   5   ||  Biomass2 || limited ||      1.012082912078 ||0.03728734712152
   6   ||  vm_sigma || limited ||       36.5987006342 ||1.645004011965
   7   ||Recruit year 1 || limited ||      1.464393920771 ||0.04219023933131
   8   ||Recruit year 2 || limited ||      2.454081897292 ||0.07027627555075
   9   ||Recruit year 3 || limited ||      8.496195748285 ||0.2214425764925
  10   ||Recruit year 4 || limited ||      3.556672600137 ||0.09512672329534
  11   ||Mean Rec dist 1 || limited ||      9.779452967106 ||0.007805667933479
  12   ||Mean Rec dist 2 || limited ||     0.9388831061055 ||0.00757064608127
  13   ||Mean Rec dist 3 || limited ||      1.110896543765 ||0.005494547748484
  14   ||Mean Rec dist 4 || limited ||     0.4628726469793 ||0.005949680691252





