# Minimum negative log likelihood

Minuit did successfully converge.
# of function calls: 1098
minimum function Value: 662.1687490414
minimum edm: 3.226638539314e-06
minimum internal state vector: LAVector parameters:
      2.992232791119
     -1.049409930647
     -1.287002217587
     -1.082667354638
     -1.468504261834
     -1.477494677884
     0.3147961498885
      3.113428054904
     -1.120798086076
     -1.201854295168
     -1.172709801755
    -0.9764329613315

minimum internal covariance matrix: LASymMatrix parameters:
     0.12869016    0.011015865              0 -0.00015551974   -0.002042915  -0.0019491228   7.730379e-05    0.002711275   -0.010387358  -0.0070286519   -0.009103053   -0.011672549
    0.011015865  0.00096956611              0 -1.1484296e-05 -0.00017949283 -0.00017107855  1.2753925e-05  0.00039380327 -0.00089514986 -0.00060560486 -0.00078352849  -0.0010110028
              0              0              2              0              0              0              0              0              0              0              0              0
 -0.00015551974 -1.1484296e-05              0  0.00030526416 -4.8329609e-07 -1.5778554e-08  1.3488158e-06 -2.3280871e-05  1.2917256e-05  1.1452099e-05  1.1499466e-05  1.3150833e-05
   -0.002042915 -0.00017949283              0 -4.8329609e-07  4.2533775e-05  3.9036767e-05 -2.3647691e-06 -7.4237537e-05  0.00016600569  0.00011173488  0.00014521425  0.00018708064
  -0.0019491228 -0.00017107855              0 -1.5778554e-08  3.9036767e-05  3.6129282e-05 -2.2004116e-06 -6.9477887e-05  0.00015831516  0.00010665841  0.00013852271   0.0001784028
   7.730379e-05  1.2753925e-05              0  1.3488158e-06 -2.3647691e-06 -2.2004116e-06  4.8356473e-06  0.00011442651  -7.550095e-06 -5.2668306e-06 -6.3038532e-06 -9.0614781e-06
    0.002711275  0.00039380327              0 -2.3280871e-05 -7.4237537e-05 -6.9477887e-05  0.00011442651   0.0072204242 -0.00025723022 -0.00018028838 -0.00022242074  -0.0002818568
   -0.010387358 -0.00089514986              0  1.2917256e-05  0.00016600569  0.00015831516  -7.550095e-06 -0.00025723022  0.00085706707  0.00056747084  0.00073602682  0.00094564147
  -0.0070286519 -0.00060560486              0  1.1452099e-05  0.00011173488  0.00010665841 -5.2668306e-06 -0.00018028838  0.00056747084  0.00040355486  0.00049592771  0.00063842745
   -0.009103053 -0.00078352849              0  1.1499466e-05  0.00014521425  0.00013852271 -6.3038532e-06 -0.00022242074  0.00073602682  0.00049592771  0.00066293069  0.00082777922
   -0.011672549  -0.0010110028              0  1.3150833e-05  0.00018708064   0.0001784028 -9.0614781e-06  -0.0002818568  0.00094564147  0.00063842745  0.00082777922   0.0010851431


# ext. ||   Name    ||   type  ||     Value     ||  Error +/- 

   0   ||Natural mortality || limited ||    0.04872012881059 ||0.00620394420443
   1   ||Targeted q || limited ||      6.643526341276 ||0.548289811334
   2   ||Nontargeted q || limited ||                   2 ||22.06548931833
   3   ||     sigma || limited ||      5.839406608711 ||0.2896882061781
   4   ||  Biomass1 || limited ||      2.613636427327 ||0.2354532696517
   5   ||  Biomass2 || limited ||      2.174721120691 ||0.1979896089471
   6   ||   vm_mean || limited ||     0.9727082264266 ||0.004644921362524
   7   ||  vm_sigma || limited ||      41.12692093011 ||2.40097313634
   8   ||Recruit year 1 || limited ||      4.987108860436 ||0.4501333863363
   9   ||Recruit year 2 || limited ||      3.374193474539 ||0.2560995025143
  10   ||Recruit year 3 || limited ||      3.919386541459 ||0.3528314283271
  11   ||Recruit year 4 || limited ||      8.583884014806 ||0.6520628061906





