# Minimum negative log likelihood

Minuit did successfully converge.
# of function calls: 1097
minimum function Value: 455.3710990062
minimum edm: 1.645832487343e-05
minimum internal state vector: LAVector parameters:
      0.717606297542
     -1.220105643368
     -1.287002217587
     -1.275740745731
     -1.425700065608
     -1.432560664633
      0.382435918281
     -1.268383370021
     -1.498082878984
     -1.161783785839
     -1.014405800189
     0.1109951155849
    0.04325678728065
    0.03985329659133
     0.1109481501419

minimum internal covariance matrix: LASymMatrix parameters:
    0.011428218  -0.0008814986              0 -8.3357334e-05  0.00037431731  0.00035016752   -0.004036379  0.00099635473  0.00025406338   0.0013637114   0.0018759982  3.2258428e-05   8.042044e-05  3.5462559e-05  3.4086545e-05
  -0.0008814986  7.7592163e-05              0  5.3716862e-06 -3.3520671e-05 -3.1209607e-05  0.00024243604 -8.1075742e-05 -1.9511793e-05 -0.00011071226 -0.00015664816 -1.8660114e-06 -6.6181471e-06 -2.1162514e-06 -2.3150508e-06
              0              0              2              0              0              0              0              0              0              0              0              0              0              0              0
 -8.3357334e-05  5.3716862e-06              0  9.9492922e-05 -4.2495443e-06 -3.7404982e-06  7.9742821e-05 -7.0275587e-06  -1.237942e-06 -8.4138101e-06 -1.1992819e-05  3.2756531e-07  1.0912751e-06  -4.653174e-07 -1.3132033e-06
  0.00037431731 -3.3520671e-05              0 -4.2495443e-06  1.7044008e-05  1.5619678e-05 -0.00010835718  3.4784663e-05  8.3643983e-06  4.7494897e-05  6.7454114e-05  5.5657467e-07  2.4973867e-06  8.4188731e-07  9.8021099e-07
  0.00035016752 -3.1209607e-05              0 -3.7404982e-06  1.5619678e-05  1.4351015e-05 -0.00010121973  3.2450119e-05  7.8208047e-06  4.4327149e-05   6.289122e-05  5.7210174e-07  2.3552647e-06  7.9884934e-07  9.2351622e-07
   -0.004036379  0.00024243604              0  7.9742821e-05 -0.00010835718 -0.00010121973     0.01132013 -0.00030990272 -8.9917256e-05 -0.00044096359 -0.00057248545 -3.9718828e-05 -3.3850416e-05  -4.248363e-05 -3.8066042e-05
  0.00099635473 -8.1075742e-05              0 -7.0275587e-06  3.4784663e-05  3.2450119e-05 -0.00030990272  9.2646517e-05  2.1965719e-05  0.00012145071  0.00016867598  2.1167993e-06  7.5144417e-06  2.7895283e-06  2.8225217e-06
  0.00025406338 -1.9511793e-05              0  -1.237942e-06  8.3643983e-06  7.8208047e-06 -8.9917256e-05  2.1965719e-05  1.1146228e-05  3.0104043e-05  4.1341241e-05  6.5232768e-07 -1.9365968e-07  8.1840709e-07  7.9480378e-07
   0.0013637114 -0.00011071226              0 -8.4138101e-06  4.7494897e-05  4.4327149e-05 -0.00044096359  0.00012145071  3.0104043e-05  0.00016976569  0.00023033489  3.4428479e-06  9.8149018e-06  3.8894673e-06  3.9566091e-06
   0.0018759982 -0.00015664816              0 -1.1992819e-05  6.7454114e-05   6.289122e-05 -0.00057248545  0.00016867598  4.1341241e-05  0.00023033489  0.00033082044  4.4292853e-06  1.4109361e-05  5.0379146e-06  5.3122037e-06
  3.2258428e-05 -1.8660114e-06              0  3.2756531e-07  5.5657467e-07  5.7210174e-07 -3.9718828e-05  2.1167993e-06  6.5232768e-07  3.4428479e-06  4.4292853e-06  1.3789051e-06  2.4539906e-07  2.2240018e-07  1.4115002e-07
   8.042044e-05 -6.6181471e-06              0  1.0912751e-06  2.4973867e-06  2.3552647e-06 -3.3850416e-05  7.5144417e-06 -1.9365968e-07  9.8149018e-06  1.4109361e-05  2.4539906e-07  2.4098368e-05  1.8054147e-07  2.4233801e-07
  3.5462559e-05 -2.1162514e-06              0  -4.653174e-07  8.4188731e-07  7.9884934e-07  -4.248363e-05  2.7895283e-06  8.1840709e-07  3.8894673e-06  5.0379146e-06  2.2240018e-07  1.8054147e-07  4.4369295e-07   1.804768e-07
  3.4086545e-05 -2.3150508e-06              0 -1.3132033e-06  9.8021099e-07  9.2351622e-07 -3.8066042e-05  2.8225217e-06  7.9480378e-07  3.9566091e-06  5.3122037e-06  1.4115002e-07  2.4233801e-07   1.804768e-07  4.7342168e-07


# ext. ||   Name    ||   type  ||     Value     ||  Error +/- 

   0   ||Natural mortality || limited ||    0.06143957963486 ||0.001422380543377
   1   ||Targeted q || limited ||      3.043217251373 ||0.1069908656562
   2   ||Nontargeted q || limited ||                   2 ||22.06548931833
   3   ||     sigma || limited ||      2.160700939349 ||0.1025490142739
   4   ||  Biomass1 || limited ||      5.254003862462 ||0.2110432903912
   5   ||  Biomass2 || limited ||      4.769671966594 ||0.1845575635563
   6   ||  vm_sigma || limited ||       54.9275741242 ||2.789268873458
   7   ||Recruit year 1 || limited ||      2.278741544272 ||0.1013405447696
   8   ||Recruit year 2 || limited ||     0.1421096957762 ||0.008574466482793
   9   ||Recruit year 3 || limited ||       4.13388826955 ||0.1831849623204
  10   ||Recruit year 4 || limited ||      7.550901326519 ||0.3395722298718
  11   ||Mean Rec dist 1 || limited ||      1.107673475234 ||0.008252231199215
  12   ||Mean Rec dist 2 || limited ||     0.4324329855565 ||0.03467939401656
  13   ||Mean Rec dist 3 || limited ||     0.3984274769524 ||0.004706317957281
  14   ||Mean Rec dist 4 || limited ||      1.107206709666 ||0.004835379709299





