# Minimum negative log likelihood

Minuit did successfully converge.
# of function calls: 1068
minimum function Value: 652.4606817897
minimum edm: 9.911554421295e-06
minimum internal state vector: LAVector parameters:
     0.8494465469523
     -1.165669912879
     -1.287002217587
      -1.09415217307
     -1.480765678146
     -1.485580199177
   -0.05735519477604
     -1.417342492544
    -0.9866694313109
    -0.9566223908944
    -0.9764982537761
    0.06614571940207
    0.03531615287893
    0.06244352637444
     0.1157351955927

minimum internal covariance matrix: LASymMatrix parameters:
    0.039895272  -0.0025738101              0  7.9098513e-05  0.00058314902  0.00053665841  -0.0069867506   0.0013097236   0.0049389879   0.0053134596   0.0052178002  0.00013749041  0.00011170869  0.00012642549  0.00013121372
  -0.0025738101  0.00019206088              0 -2.8264623e-06 -4.3574067e-05 -3.9958783e-05  0.00032520625 -8.9213793e-05 -0.00033432332 -0.00036110466 -0.00036369528 -7.6370461e-06 -5.4379829e-06 -6.1117807e-06 -7.3300461e-06
              0              0              2              0              0              0              0              0              0              0              0              0              0              0              0
  7.9098513e-05 -2.8264623e-06              0  0.00032684686  5.8318544e-07  3.5775839e-07 -8.1823223e-05  -1.098609e-06 -1.3712241e-07 -2.8043416e-07  9.6485094e-06   4.047371e-06  9.5399685e-07  8.3701285e-07  1.6615917e-06
  0.00058314902 -4.3574067e-05              0  5.8318544e-07   2.295595e-05  1.9816909e-05 -7.6002844e-05  2.0673717e-05  7.6148782e-05   8.164766e-05  8.3548623e-05  1.0398013e-06  1.2253212e-06  1.4400089e-06   1.698894e-06
  0.00053665841 -3.9958783e-05              0  3.5775839e-07  1.9816909e-05  1.7261647e-05 -6.9779251e-05  1.8901487e-05   7.001829e-05  7.5108785e-05  7.6632225e-05   1.106631e-06  1.1370084e-06  1.3302119e-06  1.5482392e-06
  -0.0069867506  0.00032520625              0 -8.1823223e-05 -7.6002844e-05 -6.9779251e-05   0.0070959366 -0.00019714541 -0.00077326232 -0.00081933168 -0.00080997836 -5.3749536e-05 -5.8763743e-05 -6.2291265e-05 -6.7406364e-05
   0.0013097236 -8.9213793e-05              0  -1.098609e-06  2.0673717e-05  1.8901487e-05 -0.00019714541  6.8777502e-05  0.00016607382  0.00017902693  0.00017657978  2.8900895e-06  3.3455461e-06  3.6810316e-06  3.8672963e-06
   0.0049389879 -0.00033432332              0 -1.3712241e-07  7.6148782e-05   7.001829e-05 -0.00077326232  0.00016607382  0.00064722732  0.00066992866   0.0006622252  1.6386462e-05   1.297913e-05  1.4402764e-05  1.5414167e-05
   0.0053134596 -0.00036110466              0 -2.8043416e-07   8.164766e-05  7.5108785e-05 -0.00081933168  0.00017902693  0.00066992866  0.00074921286  0.00071258994  1.7040288e-05  1.3576681e-05  1.5076034e-05  1.5970061e-05
   0.0052178002 -0.00036369528              0  9.6485094e-06  8.3548623e-05  7.6632225e-05 -0.00080997836  0.00017657978   0.0006622252  0.00071258994  0.00075666473  1.7762992e-05  1.3159479e-05   1.488339e-05  1.7230856e-05
  0.00013749041 -7.6370461e-06              0   4.047371e-06  1.0398013e-06   1.106631e-06 -5.3749536e-05  2.8900895e-06  1.6386462e-05  1.7040288e-05  1.7762992e-05  1.7206382e-05  6.8635212e-07  7.1646639e-07   7.287271e-07
  0.00011170869 -5.4379829e-06              0  9.5399685e-07  1.2253212e-06  1.1370084e-06 -5.8763743e-05  3.3455461e-06   1.297913e-05  1.3576681e-05  1.3159479e-05  6.8635212e-07  1.2378695e-06  6.8164169e-07  6.5208529e-07
  0.00012642549 -6.1117807e-06              0  8.3701285e-07  1.4400089e-06  1.3302119e-06 -6.2291265e-05  3.6810316e-06  1.4402764e-05  1.5076034e-05   1.488339e-05  7.1646639e-07  6.8164169e-07   1.565771e-06   7.999005e-07
  0.00013121372 -7.3300461e-06              0  1.6615917e-06   1.698894e-06  1.5482392e-06 -6.7406364e-05  3.8672963e-06  1.5414167e-05  1.5970061e-05  1.7230856e-05   7.287271e-07  6.5208529e-07   7.999005e-07  2.6508003e-06


# ext. ||   Name    ||   type  ||     Value     ||  Error +/- 

   0   ||Natural mortality || limited ||    0.06377287551032 ||0.002324059324971
   1   ||Targeted q || limited ||      4.047370981624 ||0.1931134182929
   2   ||Nontargeted q || limited ||                   2 ||22.06548931833
   3   ||     sigma || limited ||      5.573020736782 ||0.2932504670316
   4   ||  Biomass1 || limited ||       2.02501105593 ||0.1523019047192
   5   ||  Biomass2 || limited ||      1.814348751367 ||0.1250234682044
   6   ||  vm_sigma || limited ||      37.70757850864 ||2.377239087459
   7   ||Recruit year 1 || limited ||      0.597488899385 ||0.0448130209805
   8   ||Recruit year 2 || limited ||      8.299476178175 ||0.495951777525
   9   ||Recruit year 3 || limited ||      9.146597604211 ||0.5576007436179
  10   ||Recruit year 4 || limited ||      8.582056158142 ||0.5444620199152
  11   ||Mean Rec dist 1 || limited ||      0.660974958747 ||0.029267012146
  12   ||Mean Rec dist 2 || limited ||     0.3530881210532 ||0.007862334241547
  13   ||Mean Rec dist 3 || limited ||      0.624029543814 ||0.008830835928378
  14   ||Mean Rec dist 4 || limited ||      1.154769967841 ||0.01143558232329





