# Minimum negative log likelihood

Minuit did successfully converge.
# of function calls: 1304
minimum function Value: 510.1683111191
minimum edm: 1.82908474698e-05
minimum internal state vector: LAVector parameters:
    -0.3446120510412
     -1.307225492014
     -1.287002217587
     -1.233821572742
      -1.50767533542
     -1.509124251154
    -0.3694531076202
     -1.256743918804
     -1.268182101058
     -1.069374693745
     -1.251965003271
    0.04215526011603
    0.03246749697948
    0.06503618411165
    0.02140297380723

minimum internal covariance matrix: LASymMatrix parameters:
   0.0096517719  -0.0010602318              0 -1.1240154e-05  0.00026221357  0.00025317668  -0.0030182702   0.0016466022   0.0015848706   0.0026493481   0.0016376631  8.2687631e-05  8.5980346e-05  7.4578576e-05  9.4840721e-05
  -0.0010602318  0.00013216864              0  8.7332662e-07 -3.2024914e-05 -3.0954902e-05  0.00021717965 -0.00019221409 -0.00018316246 -0.00030939433 -0.00019081373 -7.1826979e-06  -8.644874e-06  -6.835602e-06 -1.2123629e-05
              0              0              2              0              0              0              0              0              0              0              0              0              0              0              0
 -1.1240154e-05  8.7332662e-07              0  0.00014359849 -2.6679441e-06 -2.4465849e-06  6.2637994e-05 -2.1696282e-06  3.8009609e-07  -2.517156e-06 -5.5711609e-06  2.0248652e-07  3.1849378e-07 -6.1836278e-07  3.0464529e-07
  0.00026221357 -3.2024914e-05              0 -2.6679441e-06  1.3385854e-05  1.2362332e-05 -6.6566804e-05  4.7671897e-05  4.4971691e-05  7.5772109e-05  4.6854593e-05  1.4450969e-06  2.1524469e-06  1.7783302e-06    2.83351e-06
  0.00025317668 -3.0954902e-05              0 -2.4465849e-06  1.2362332e-05  1.1476852e-05 -6.2551136e-05   4.593489e-05   4.341984e-05  7.3204491e-05  4.5265628e-05  1.4764044e-06   2.073882e-06  1.7148414e-06  2.7531946e-06
  -0.0030182702  0.00021717965              0  6.2637994e-05 -6.6566804e-05 -6.2551136e-05    0.006538305 -0.00042880526 -0.00041981139 -0.00068523226 -0.00045734578  -7.176646e-05   -5.46037e-05 -6.7344079e-05 -3.6434833e-05
   0.0016466022 -0.00019221409              0 -2.1696282e-06  4.7671897e-05   4.593489e-05 -0.00042880526  0.00029541231  0.00027637143  0.00046509593   0.0002873343  1.2359221e-05  1.4639525e-05  1.1611241e-05  1.7235303e-05
   0.0015848706 -0.00018316246              0  3.8009609e-07  4.4971691e-05   4.341984e-05 -0.00041981139  0.00027637143  0.00027186335  0.00044526479  0.00027510398  1.2220051e-05  1.3050105e-05  1.1481469e-05  1.6522624e-05
   0.0026493481 -0.00030939433              0  -2.517156e-06  7.5772109e-05  7.3204491e-05 -0.00068523226  0.00046509593  0.00044526479  0.00075502721  0.00046128562  2.0494248e-05  2.2450286e-05  1.8606738e-05  2.8664645e-05
   0.0016376631 -0.00019081373              0 -5.5711609e-06  4.6854593e-05  4.5265628e-05 -0.00045734578   0.0002873343  0.00027510398  0.00046128562  0.00030326213   1.284595e-05   1.422957e-05  1.1784429e-05  1.9334121e-05
  8.2687631e-05 -7.1826979e-06              0  2.0248652e-07  1.4450969e-06  1.4764044e-06  -7.176646e-05  1.2359221e-05  1.2220051e-05  2.0494248e-05   1.284595e-05   3.468974e-06  1.0573331e-06  9.7112798e-07  9.0606142e-07
  8.5980346e-05  -8.644874e-06              0  3.1849378e-07  2.1524469e-06   2.073882e-06   -5.46037e-05  1.4639525e-05  1.3050105e-05  2.2450286e-05   1.422957e-05  1.0573331e-06  4.1226471e-06   8.595392e-07  8.4426747e-07
  7.4578576e-05  -6.835602e-06              0 -6.1836278e-07  1.7783302e-06  1.7148414e-06 -6.7344079e-05  1.1611241e-05  1.1481469e-05  1.8606738e-05  1.1784429e-05  9.7112798e-07   8.595392e-07   2.094692e-06  8.4300317e-07
  9.4840721e-05 -1.2123629e-05              0  3.0464529e-07    2.83351e-06  2.7531946e-06 -3.6434833e-05  1.7235303e-05  1.6522624e-05  2.8664645e-05  1.9334121e-05  9.0606142e-07  8.4426747e-07  8.4300317e-07  6.3578035e-06


# ext. ||   Name    ||   type  ||     Value     ||  Error +/- 

   0   ||Natural mortality || limited ||    0.03655421093588 ||0.001633293099655
   1   ||Targeted q || limited ||      1.726708661823 ||0.1058940864533
   2   ||Nontargeted q || limited ||                   2 ||22.06548931833
   3   ||     sigma || limited ||      2.812038481591 ||0.1400785401073
   4   ||  Biomass1 || limited ||     0.9957342168533 ||0.08159488872539
   5   ||  Biomass2 || limited ||     0.9505598876355 ||0.07382087912761
   6   ||  vm_sigma || limited ||      25.55646074508 ||2.131552184223
   7   ||Recruit year 1 || limited ||      2.455278867259 ||0.187695858945
   8   ||Recruit year 2 || limited ||       2.28173935292 ||0.1737071155987
   9   ||Recruit year 3 || limited ||      6.164379094818 ||0.4668904239515
  10   ||Recruit year 4 || limited ||       2.52962819682 ||0.1929690511808
  11   ||Mean Rec dist 1 || limited ||     0.4214277577909 ||0.01315828839796
  12   ||Mean Rec dist 2 || limited ||     0.3246179307445 ||0.01434973855922
  13   ||Mean Rec dist 3 || limited ||     0.6499034649188 ||0.0102123547564
  14   ||Mean Rec dist 4 || limited ||     0.2140133977295 ||0.01782538189949





