# Minimum negative log likelihood

Minuit did successfully converge.
# of function calls: 1019
minimum function Value: 431.9846286102
minimum edm: 3.732206453979e-06
minimum internal state vector: LAVector parameters:
    -0.2414639013515
    -0.9951023109529
     -1.287002217587
     -1.291997578373
      -1.52449925917
     -1.513601826258
     -1.008451784525
    -0.6639822921289
     -1.306684021362
    -0.9453787412994
     -1.268690583219
     -1.248811592636

minimum internal covariance matrix: LASymMatrix parameters:
    0.026674373  -0.0019461762              0  8.1070192e-05  0.00018797356  0.00018727226  1.3631903e-05  7.0039397e-05   0.0012188118   0.0019822961   0.0011270003   0.0010567405
  -0.0019461762  0.00014502537              0 -5.8410923e-06 -1.4168222e-05 -1.3641077e-05  1.0401911e-06  -1.375674e-05 -9.4580245e-05 -0.00014476375 -8.2454041e-05 -7.7137585e-05
              0              0              2              0              0              0              0              0              0              0              0              0
  8.1070192e-05 -5.8410923e-06              0  0.00011631911  1.1486402e-06  1.6011778e-06  9.7998448e-07  2.0490153e-06 -1.2965616e-06  5.4966132e-06  4.6491555e-06  2.9355226e-06
  0.00018797356 -1.4168222e-05              0  1.1486402e-06  5.0544493e-06   3.640832e-06  1.6897909e-07  6.6997361e-07  9.0990561e-06  1.3943306e-05  8.1385032e-06  7.4443171e-06
  0.00018727226 -1.3641077e-05              0  1.6011778e-06   3.640832e-06  3.7842165e-06  1.0627195e-07   7.565985e-08 -2.0486562e-06  1.4120724e-05  7.9469162e-06  7.4182321e-06
  1.3631903e-05  1.0401911e-06              0  9.7998448e-07  1.6897909e-07  1.0627195e-07  3.0621018e-06 -1.0629715e-05 -1.7268345e-06  8.3932675e-07  4.8091965e-07  5.9146993e-07
  7.0039397e-05  -1.375674e-05              0  2.0490153e-06  6.6997361e-07   7.565985e-08 -1.0629715e-05  8.2735263e-05  1.3731505e-05  4.6094275e-06  5.5219118e-06  2.4364007e-06
   0.0012188118 -9.4580245e-05              0 -1.2965616e-06  9.0990561e-06 -2.0486562e-06 -1.7268345e-06  1.3731505e-05  0.00018390774  8.8548557e-05  5.2246281e-05  4.8504603e-05
   0.0019822961 -0.00014476375              0  5.4966132e-06  1.3943306e-05  1.4120724e-05  8.3932675e-07  4.6094275e-06  8.8548557e-05   0.0001492108  8.3499225e-05  7.8551304e-05
   0.0011270003 -8.2454041e-05              0  4.6491555e-06  8.1385032e-06  7.9469162e-06  4.8091965e-07  5.5219118e-06  5.2246281e-05  8.3499225e-05  4.9731219e-05  4.4371433e-05
   0.0010567405 -7.7137585e-05              0  2.9355226e-06  7.4443171e-06  7.4182321e-06  5.9146993e-07  2.4364007e-06  4.8504603e-05  7.8551304e-05  4.4371433e-05  4.3814783e-05


# ext. ||   Name    ||   type  ||     Value     ||  Error +/- 

   0   ||Natural mortality || limited ||    0.03902189214514 ||0.002797181251017
   1   ||Targeted q || limited ||      8.059266480553 ||0.2317946872261
   2   ||Nontargeted q || limited ||                   2 ||22.06548931833
   3   ||     sigma || limited ||       1.93066412571 ||0.1049364368466
   4   ||  Biomass1 || limited ||     0.5357589111034 ||0.03678663579287
   5   ||  Biomass2 || limited ||     0.8175798134687 ||0.0393151849204
   6   ||   vm_mean || limited ||     -2.657810617116 ||0.002072579645056
   7   ||  vm_sigma || limited ||      15.35048965269 ||0.2026081564646
   8   ||Recruit year 1 || limited ||      1.743595821179 ||0.1251505340799
   9   ||Recruit year 2 || limited ||      9.473117560066 ||0.2528049853145
  10   ||Recruit year 3 || limited ||      2.274169472714 ||0.07417488874039
  11   ||Recruit year 4 || limited ||      2.579282151333 ||0.07405004270437





