# Minimum negative log likelihood

Minuit did successfully converge.
# of function calls: 1576
minimum function Value: 476.5136263783
minimum edm: 5.048084849487e-05
minimum internal state vector: LAVector parameters:
      3.723875509816
    -0.9584678354211
     -1.287002217587
     -1.260255218395
     -1.441596764537
     -1.451117392416
     -1.153804225693
     -1.245692602733
     -1.164810511333
     -1.147372538745
    -0.9759530406952
    0.03667603992657
     0.0531815197203
    0.07555930485198
     0.0622726658236

minimum internal covariance matrix: LASymMatrix parameters:
    0.012342465  0.00057141885              0 -0.00011684451 -0.00011969305 -0.00010974744  0.00028533449   -0.000546754 -0.00074210925 -0.00077098587  -0.0010851616 -0.00012170988 -0.00012348907 -0.00012000925 -0.00012507557
  0.00057141885  3.7644293e-05              0  6.4429628e-07  -7.441383e-06 -6.7226322e-06  5.6486905e-06 -2.7031742e-05 -3.4127891e-05 -3.6438833e-05 -5.4938414e-05 -4.2772289e-06 -3.9997333e-06 -3.7994968e-06  -4.678023e-06
              0              0              2              0              0              0              0              0              0              0              0              0              0              0              0
 -0.00011684451  6.4429628e-07              0  0.00015565501  1.4557973e-07  2.5112767e-07 -6.5746425e-06  3.8449992e-06  9.2341249e-06  6.6338565e-06  8.1024789e-06  8.4504846e-07   1.413724e-06  1.1114358e-06  1.3263419e-06
 -0.00011969305  -7.441383e-06              0  1.4557973e-07  3.8501404e-06  3.0933123e-06 -1.6712755e-06  5.1848041e-06  7.6397199e-06  7.7363969e-06  1.2061784e-05  1.0690684e-06   7.218992e-07  7.1061185e-07  1.3293942e-06
 -0.00010974744 -6.7226322e-06              0  2.5112767e-07  3.0933123e-06  2.5456481e-06 -1.4933331e-06  4.7523864e-06  6.9340136e-06  7.0719033e-06  1.0828268e-05  9.9030975e-07  7.2605819e-07  6.9861344e-07  1.1715876e-06
  0.00028533449  5.6486905e-06              0 -6.5746425e-06 -1.6712755e-06 -1.4933331e-06  1.8844504e-05  -1.178678e-05 -1.8054507e-05   -1.72815e-05 -2.3172995e-05 -4.0816423e-06  -4.456618e-06 -4.4408477e-06 -4.4311805e-06
   -0.000546754 -2.7031742e-05              0  3.8449992e-06  5.1848041e-06  4.7523864e-06  -1.178678e-05  2.7647052e-05  3.2306039e-05  3.4104986e-05  4.8257581e-05  4.9045388e-06  5.3162972e-06  5.2468769e-06  5.1241093e-06
 -0.00074210925 -3.4127891e-05              0  9.2341249e-06  7.6397199e-06  6.9340136e-06 -1.8054507e-05  3.2306039e-05  4.8036897e-05  4.6490111e-05  6.6283233e-05  7.5363398e-06   7.285524e-06  7.0047791e-06  7.8891699e-06
 -0.00077098587 -3.6438833e-05              0  6.6338565e-06  7.7363969e-06  7.0719033e-06   -1.72815e-05  3.4104986e-05  4.6490111e-05  5.0476574e-05  6.8247153e-05  7.5783147e-06  7.5784822e-06  7.2818751e-06  7.8321609e-06
  -0.0010851616 -5.4938414e-05              0  8.1024789e-06  1.2061784e-05  1.0828268e-05 -2.3172995e-05  4.8257581e-05  6.6283233e-05  6.8247153e-05  0.00010337325  1.0241942e-05  9.7689482e-06  9.2324781e-06  1.1181644e-05
 -0.00012170988 -4.2772289e-06              0  8.4504846e-07  1.0690684e-06  9.9030975e-07 -4.0816423e-06  4.9045388e-06  7.5363398e-06  7.5783147e-06  1.0241942e-05   2.271259e-06  1.4748389e-06  1.4392348e-06  1.5151015e-06
 -0.00012348907 -3.9997333e-06              0   1.413724e-06   7.218992e-07  7.2605819e-07  -4.456618e-06  5.3162972e-06   7.285524e-06  7.5784822e-06  9.7689482e-06  1.4748389e-06  2.1084016e-06  1.6340871e-06  1.4216179e-06
 -0.00012000925 -3.7994968e-06              0  1.1114358e-06  7.1061185e-07  6.9861344e-07 -4.4408477e-06  5.2468769e-06  7.0047791e-06  7.2818751e-06  9.2324781e-06  1.4392348e-06  1.6340871e-06  2.1681253e-06  1.3713881e-06
 -0.00012507557  -4.678023e-06              0  1.3263419e-06  1.3293942e-06  1.1715876e-06 -4.4311805e-06  5.1241093e-06  7.8891699e-06  7.8321609e-06  1.1181644e-05  1.5151015e-06  1.4216179e-06  1.3713881e-06  1.8862197e-06


# ext. ||   Name    ||   type  ||     Value     ||  Error +/- 

   0   ||Natural mortality || limited ||    0.03125169922231 ||0.001638606048331
   1   ||Targeted q || limited ||      9.084405995034 ||0.1246811121319
   2   ||Nontargeted q || limited ||                   2 ||22.06548931833
   3   ||     sigma || limited ||      2.391581965883 ||0.1347867452107
   4   ||  Biomass1 || limited ||       4.16732994153 ||0.08938101325573
   5   ||  Biomass2 || limited ||      3.576489921743 ||0.06734953172924
   6   ||  vm_sigma || limited ||      3.428504750955 ||0.04972780342058
   7   ||Recruit year 1 || limited ||      2.628858022358 ||0.05937170536234
   8   ||Recruit year 2 || limited ||      4.073917525807 ||0.09676349199266
   9   ||Recruit year 3 || limited ||      4.425183141717 ||0.1031986960869
  10   ||Recruit year 4 || limited ||      8.597324772493 ||0.2014159001259
  11   ||Mean Rec dist 1 || limited ||     0.3666781812765 ||0.01064942338538
  12   ||Mean Rec dist 2 || limited ||     0.5315645461318 ||0.01025291016448
  13   ||Mean Rec dist 3 || limited ||     0.7548742806815 ||0.01038212343903
  14   ||Mean Rec dist 4 || limited ||     0.6223242592151 ||0.009692559064113





