# Minimum negative log likelihood

Minuit did successfully converge.
# of function calls: 1110
minimum function Value: 561.1424325324
minimum edm: 9.251945852327e-05
minimum internal state vector: LAVector parameters:
    -0.5594416413875
     -1.096542060573
     -1.287002217587
     -1.189373662162
     -1.439115400116
     -1.445842090506
    -0.7348148657299
     -1.000016256947
     -1.214953080453
     -1.291630755701
     -1.227812198548
    0.03393690612057
    0.04925746073511
    0.09302791253682
     0.1168532972768

minimum internal covariance matrix: LASymMatrix parameters:
    0.012796949 -0.00080483251              0 -0.00013848496  0.00023898617  0.00021933063  -0.0013865492   0.0015376034  0.00095413938  0.00076780585   0.0009141341  9.0062407e-05   0.0001023289  7.2926583e-05  8.2481936e-05
 -0.00080483251  5.7742156e-05              0  7.2382185e-06 -1.7210646e-05 -1.5732698e-05  6.8232714e-05 -9.7715271e-05 -6.0304565e-05 -4.8710056e-05 -6.0321794e-05  -4.644104e-06  -5.956327e-06 -3.6731981e-06 -4.5284442e-06
              0              0              2              0              0              0              0              0              0              0              0              0              0              0              0
 -0.00013848496  7.2382185e-06              0  0.00019961074 -6.4766947e-07 -7.6341508e-07  3.4793151e-06 -1.7718784e-05 -8.8936616e-06 -6.3743406e-06 -9.8640215e-06  -1.043195e-06 -9.6832342e-07 -1.9564908e-06 -8.8677538e-07
  0.00023898617 -1.7210646e-05              0 -6.4766947e-07  9.1285384e-06  7.9908667e-06 -2.2119277e-05  2.9246962e-05   1.811589e-05  1.4659394e-05  1.8173675e-05  1.4065851e-06  1.8054914e-06  1.0217685e-06  1.4233701e-06
  0.00021933063 -1.5732698e-05              0 -7.6341508e-07  7.9908667e-06  7.0504356e-06 -1.9785192e-05   2.677224e-05  1.6607542e-05  1.3439491e-05  1.6619795e-05  1.3034019e-06  1.6726462e-06  9.2975302e-07  1.2981738e-06
  -0.0013865492  6.8232714e-05              0  3.4793151e-06 -2.2119277e-05 -1.9785192e-05  0.00058755168 -0.00016282326 -0.00010023387 -7.8682607e-05 -9.4463237e-05 -1.8713159e-05 -1.9086171e-05 -1.9384416e-05 -2.2617346e-05
   0.0015376034 -9.7715271e-05              0 -1.7718784e-05  2.9246962e-05   2.677224e-05 -0.00016282326  0.00019159556  0.00011446747  9.1290806e-05  0.00011075008  1.0568803e-05  1.2188345e-05  8.8726979e-06   9.888478e-06
  0.00095413938 -6.0304565e-05              0 -8.8936616e-06   1.811589e-05  1.6607542e-05 -0.00010023387  0.00011446747  7.6564439e-05  5.7409192e-05  6.7764314e-05  6.6524293e-06  7.3438252e-06  5.3108466e-06  5.6350729e-06
  0.00076780585 -4.8710056e-05              0 -6.3743406e-06  1.4659394e-05  1.3439491e-05 -7.8682607e-05  9.1290806e-05  5.7409192e-05  5.3633869e-05  5.3976296e-05  5.2845579e-06  5.8337401e-06  3.6191009e-06  4.6894328e-06
   0.0009141341 -6.0321794e-05              0 -9.8640215e-06  1.8173675e-05  1.6619795e-05 -9.4463237e-05  0.00011075008  6.7764314e-05  5.3976296e-05  7.7228158e-05  6.0809202e-06  7.1379433e-06  4.5748069e-06  6.6537647e-06
  9.0062407e-05  -4.644104e-06              0  -1.043195e-06  1.4065851e-06  1.3034019e-06 -1.8713159e-05  1.0568803e-05  6.6524293e-06  5.2845579e-06  6.0809202e-06  1.2557912e-06  9.2885921e-07  7.2320508e-07  7.8503957e-07
   0.0001023289  -5.956327e-06              0 -9.6832342e-07  1.8054914e-06  1.6726462e-06 -1.9086171e-05  1.2188345e-05  7.3438252e-06  5.8337401e-06  7.1379433e-06  9.2885921e-07  2.3801983e-06  9.0426158e-07  8.5364043e-07
  7.2926583e-05 -3.6731981e-06              0 -1.9564908e-06  1.0217685e-06  9.2975302e-07 -1.9384416e-05  8.8726979e-06  5.3108466e-06  3.6191009e-06  4.5748069e-06  7.2320508e-07  9.0426158e-07  4.3098621e-06  8.5049906e-07
  8.2481936e-05 -4.5284442e-06              0 -8.8677538e-07  1.4233701e-06  1.2981738e-06 -2.2617346e-05   9.888478e-06  5.6350729e-06  4.6894328e-06  6.6537647e-06  7.8503957e-07  8.5364043e-07  8.5049906e-07  3.7511764e-06


# ext. ||   Name    ||   type  ||     Value     ||  Error +/- 

   0   ||Natural mortality || limited ||    0.03173217392613 ||0.001693094205513
   1   ||Targeted q || limited ||      5.518323647834 ||0.1226893282302
   2   ||Nontargeted q || limited ||                   2 ||22.06548931833
   3   ||     sigma || limited ||      3.593199973788 ||0.1859363293632
   4   ||  Biomass1 || limited ||       4.32870625369 ||0.1402562900894
   5   ||  Biomass2 || limited ||      3.898314115605 ||0.1169992225772
   6   ||  vm_sigma || limited ||      13.18284299084 ||0.5086497547193
   7   ||Recruit year 1 || limited ||      7.935218980701 ||0.2643767049754
   8   ||Recruit year 2 || limited ||      3.142034205918 ||0.10776474418
   9   ||Recruit year 3 || limited ||      1.945521286132 ||0.07134036350089
  10   ||Recruit year 4 || limited ||      2.921943719923 ||0.1044773311558
  11   ||Mean Rec dist 1 || limited ||     0.3393039222965 ||0.007919423022665
  12   ||Mean Rec dist 2 || limited ||     0.4923754427629 ||0.010895932685
  13   ||Mean Rec dist 3 || limited ||     0.9289379034194 ||0.01461620356751
  14   ||Mean Rec dist 4 || limited ||      1.165875461275 ||0.01360181173623





