# Minimum negative log likelihood

Minuit did successfully converge.
# of function calls: 1072
minimum function Value: 748.1631205968
minimum edm: 8.238015871939e-06
minimum internal state vector: LAVector parameters:
      3.568806197352
    -0.9424339248281
     -1.287002217587
    -0.9674331701608
     -1.475752454423
     -1.481923833989
     0.9291183771099
      3.024335791896
      -0.93772820412
    -0.9422501369537
     -1.110392068913
     -1.403401109243

minimum internal covariance matrix: LASymMatrix parameters:
     0.30243726    0.017813476              0  0.00038214532  -0.0027064283  -0.0026039117 -0.00073611183   -0.010057145   -0.021135857   -0.019540352   -0.013980574  -0.0048381652
    0.017813476   0.0010755856              0  1.9405509e-05 -0.00016377658 -0.00015713519  -3.113968e-05 -0.00036251885  -0.0012447713  -0.0011535423 -0.00082452038 -0.00028665619
              0              0              2              0              0              0              0              0              0              0              0              0
  0.00038214532  1.9405509e-05              0  0.00047503261  1.6629658e-06  6.9045801e-07 -4.4176078e-06  2.8308538e-06 -2.8606593e-05 -2.2286978e-05 -1.8972581e-05 -9.4589056e-07
  -0.0027064283 -0.00016377658              0  1.6629658e-06  4.5396332e-05   4.021873e-05  4.5193749e-06  7.4395095e-05  0.00018737733  0.00017740463  0.00012562097  4.2807559e-05
  -0.0026039117 -0.00015713519              0  6.9045801e-07   4.021873e-05   3.615877e-05  4.6382484e-06  6.7859286e-05   0.0001805344  0.00017017098  0.00012082238  4.1189854e-05
 -0.00073611183  -3.113968e-05              0 -4.4176078e-06  4.5193749e-06  4.6382484e-06  2.1622358e-05  0.00032019201  5.0666468e-05  4.8248033e-05  3.3303873e-05  1.3856377e-05
   -0.010057145 -0.00036251885              0  2.8308538e-06  7.4395095e-05  6.7859286e-05  0.00032019201    0.011310399  0.00069617962  0.00071062857  0.00043125555  0.00021535311
   -0.021135857  -0.0012447713              0 -2.8606593e-05  0.00018737733   0.0001805344  5.0666468e-05  0.00069617962   0.0015216215     0.00135596  0.00097629692  0.00034112257
   -0.019540352  -0.0011535423              0 -2.2286978e-05  0.00017740463  0.00017017098  4.8248033e-05  0.00071062857     0.00135596    0.001308498  0.00090279933  0.00031131498
   -0.013980574 -0.00082452038              0 -1.8972581e-05  0.00012562097  0.00012082238  3.3303873e-05  0.00043125555  0.00097629692  0.00090279933  0.00067663653  0.00022354092
  -0.0048381652 -0.00028665619              0 -9.4589056e-07  4.2807559e-05  4.1189854e-05  1.3856377e-05  0.00021535311  0.00034112257  0.00031131498  0.00022354092  0.00016367993


# ext. ||   Name    ||   type  ||     Value     ||  Error +/- 

   0   ||Natural mortality || limited ||    0.03464159014846 ||0.00862664365446
   1   ||Targeted q || limited ||      9.550439663834 ||0.6815276372611
   2   ||Nontargeted q || limited ||                   2 ||22.06548931833
   3   ||     sigma || limited ||      8.828401509936 ||0.4372203263758
   4   ||  Biomass1 || limited ||       2.25663490588 ||0.2260652528134
   5   ||  Biomass2 || limited ||      1.973280681104 ||0.1886931066176
   6   ||   vm_mean || limited ||      2.516706517978 ||0.006182713810134
   7   ||  vm_sigma || limited ||      44.67997546181 ||2.984534790784
   8   ||Recruit year 1 || limited ||      9.698224099364 ||0.8157432439671
   9   ||Recruit year 2 || limited ||      9.564886479005 ||0.7518054806594
  10   ||Recruit year 3 || limited ||      5.215831625253 ||0.4085556258794
  11   ||Recruit year 4 || limited ||     0.7088248063527 ||0.07535572863702





