# Minimum negative log likelihood

Minuit did successfully converge.
# of function calls: 909
minimum function Value: 645.4880253449
minimum edm: 3.199271273701e-05
minimum internal state vector: LAVector parameters:
      3.187338766935
     -1.038954568735
     -1.287002217587
     -1.102248623521
     -1.382647001388
     -1.397927423893
     0.8613739718589
    -0.1926933701304
     -1.007205991506
     -1.139752688081
      -1.00638586345
     -1.480418843422

minimum internal covariance matrix: LASymMatrix parameters:
     0.08294951   0.0062930645              0   0.0001180342    -0.00211395  -0.0021300662  8.6758228e-05  -0.0017805464  -0.0060490568  -0.0047066002  -0.0072754787  -0.0011244056
   0.0062930645  0.00048984855              0  1.2094049e-05 -0.00016516084 -0.00016597752  1.1875795e-05 -0.00019772048 -0.00046095381 -0.00035891537 -0.00055555079  -8.345287e-05
              0              0              2              0              0              0              0              0              0              0              0              0
   0.0001180342  1.2094049e-05              0  0.00031502169 -5.4291187e-06 -5.2930061e-06  -2.193939e-06  2.4352051e-05 -1.0781494e-05 -7.6042001e-06 -1.7666336e-05   7.303464e-06
    -0.00211395 -0.00016516084              0 -5.4291187e-06  6.4609715e-05  6.2919838e-05 -4.0592123e-06  7.3114101e-05  0.00015534005  0.00012109262  0.00018740306  2.8918679e-05
  -0.0021300662 -0.00016597752              0 -5.2930061e-06  6.2919838e-05  6.1762862e-05 -3.9776626e-06  7.0685068e-05  0.00015629703  0.00012181555  0.00018856008  2.8930633e-05
  8.6758228e-05  1.1875795e-05              0  -2.193939e-06 -4.0592123e-06 -3.9776626e-06  8.4396798e-06 -8.3692141e-05 -7.2220739e-06 -5.4513348e-06 -8.6424231e-06  4.0568757e-07
  -0.0017805464 -0.00019772048              0  2.4352051e-05  7.3114101e-05  7.0685068e-05 -8.3692141e-05   0.0028106697   0.0001416452  0.00010256278  0.00015562528  7.0760385e-05
  -0.0060490568 -0.00046095381              0 -1.0781494e-05  0.00015534005  0.00015629703 -7.2220739e-06   0.0001416452   0.0004542095  0.00034256206  0.00053032342  8.2479179e-05
  -0.0047066002 -0.00035891537              0 -7.6042001e-06  0.00012109262  0.00012181555 -5.4513348e-06  0.00010256278  0.00034256206   0.0002801935  0.00041206128  6.3534276e-05
  -0.0072754787 -0.00055555079              0 -1.7666336e-05  0.00018740306  0.00018856008 -8.6424231e-06  0.00015562528  0.00053032342  0.00041206128  0.00065227953  9.7279796e-05
  -0.0011244056  -8.345287e-05              0   7.303464e-06  2.8918679e-05  2.8930633e-05  4.0568757e-07  7.0760385e-05  8.2479179e-05  6.3534276e-05  9.7279796e-05  6.5439668e-05


# ext. ||   Name    ||   type  ||     Value     ||  Error +/- 

   0   ||Natural mortality || limited ||    0.04385674601299 ||0.005050927498623
   1   ||Targeted q || limited ||      6.906273120807 ||0.3968078642158
   2   ||Nontargeted q || limited ||                   2 ||22.06548931833
   3   ||     sigma || limited ||      5.388746349933 ||0.2833734120156
   4   ||  Biomass1 || limited ||      8.823965201837 ||0.5315435665663
   5   ||  Biomass2 || limited ||      7.452328066451 ||0.4779342396709
   6   ||   vm_mean || limited ||      2.383646600185 ||0.004203803167261
   7   ||  vm_sigma || limited ||      32.34047144596 ||1.471395808488
   8   ||Recruit year 1 || limited ||      7.742100823024 ||0.4024826881675
   9   ||Recruit year 2 || limited ||      4.583033039394 ||0.247240073496
  10   ||Recruit year 3 || limited ||      7.764019476279 ||0.482938577163
  11   ||Recruit year 4 || limited ||     0.2140428738522 ||0.0258106301968





