# Minimum negative log likelihood

Minuit did successfully converge.
# of function calls: 1448
minimum function Value: 474.488877204
minimum edm: 3.805222114583e-05
minimum internal state vector: LAVector parameters:
    -0.3522916424285
     -1.343966829734
     -1.287002217587
      -1.26176432105
     -1.476392982046
     -1.478137668961
    -0.6637930400971
    -0.1227202150188
     -1.113476902542
     -1.049039446917
     -1.245989564672
    -0.9880473070224

minimum internal covariance matrix: LASymMatrix parameters:
    0.019013883  -0.0031375744              0  9.8963718e-05   0.0013315446   0.0012852397 -7.5623472e-06 -0.00097371164   0.0063315884   0.0072290073   0.0045210887   0.0087198141
  -0.0031375744  0.00052869742              0 -1.5030323e-05 -0.00022452545 -0.00021673158  4.9329975e-06  7.4279904e-05  -0.0010595247  -0.0012086596 -0.00075377283  -0.0014594117
              0              0              2              0              0              0              0              0              0              0              0              0
  9.8963718e-05 -1.5030323e-05              0  0.00011834805  4.8387008e-06  4.8259917e-06  1.7714244e-06 -2.7350753e-05  3.0749713e-05  3.6583751e-05  2.2807422e-05  4.1784561e-05
   0.0013315446 -0.00022452545              0  4.8387008e-06  0.00011107918  0.00010348437 -2.6615472e-06 -8.6904884e-05  0.00046591805  0.00051336761  0.00032038523  0.00061924487
   0.0012852397 -0.00021673158              0  4.8259917e-06  0.00010348437  9.7445904e-05 -2.3159754e-06 -5.7409471e-05  0.00044441978  0.00049549689  0.00030910297  0.00059781836
 -7.5623472e-06  4.9329975e-06              0  1.7714244e-06 -2.6615472e-06 -2.3159754e-06  5.8844083e-06 -6.2921082e-05 -8.5870094e-06 -8.1273574e-06 -4.6128394e-06 -1.0263782e-05
 -0.00097371164  7.4279904e-05              0 -2.7350753e-05 -8.6904884e-05 -5.7409471e-05 -6.2921082e-05    0.006383972 -0.00034247984  -0.0002486675 -0.00016809989 -0.00029190134
   0.0063315884  -0.0010595247              0  3.0749713e-05  0.00046591805  0.00044441978 -8.5870094e-06 -0.00034247984    0.002156983   0.0024281887     0.00151679   0.0029310464
   0.0072290073  -0.0012086596              0  3.6583751e-05  0.00051336761  0.00049549689 -8.1273574e-06  -0.0002486675   0.0024281887   0.0027755047    0.001729458   0.0033453871
   0.0045210887 -0.00075377283              0  2.2807422e-05  0.00032038523  0.00030910297 -4.6128394e-06 -0.00016809989     0.00151679    0.001729458   0.0010852467   0.0020877723
   0.0087198141  -0.0014594117              0  4.1784561e-05  0.00061924487  0.00059781836 -1.0263782e-05 -0.00029190134   0.0029310464   0.0033453871   0.0020877723   0.0040420941


# ext. ||   Name    ||   type  ||     Value     ||  Error +/- 

   0   ||Natural mortality || limited ||    0.03637375971122 ||0.002284259396422
   1   ||Targeted q || limited ||      1.280784824186 ||0.1828135569778
   2   ||Nontargeted q || limited ||                   2 ||22.06548931833
   3   ||     sigma || limited ||      2.368579066357 ||0.1169768785086
   4   ||  Biomass1 || limited ||      2.226343708226 ||0.3512444227745
   5   ||  Biomass2 || limited ||      2.144871470045 ||0.3229220151249
   6   ||   vm_mean || limited ||     -1.935563214475 ||0.004244488798055
   7   ||  vm_sigma || limited ||      35.10406464576 ||2.241689465392
   8   ||Recruit year 1 || limited ||      5.147520529343 ||0.7248220972821
   9   ||Recruit year 2 || limited ||      6.662090619706 ||0.9280334896295
  10   ||Recruit year 3 || limited ||      2.624117998396 ||0.3716193053667
  11   ||Recruit year 4 || limited ||      8.261526636982 ||1.236473525398





