# Minimum negative log likelihood

Minuit did successfully converge.
# of function calls: 1075
minimum function Value: 620.7922324724
minimum edm: 2.947250493436e-05
minimum internal state vector: LAVector parameters:
     0.1170500227768
     -1.066547281029
     -1.287002217587
     -1.129684444614
     -1.460884632246
     -1.433018104762
     -1.140749610425
    -0.9477634075448
     -1.025446956901
     -1.092923279281
    -0.9578783389634
     -1.352466264393

minimum internal covariance matrix: LASymMatrix parameters:
     0.10344819  -0.0076195577              0  0.00013318998   0.0014006088   0.0019942854  0.00078620176  -0.0015420192   0.0075417225   0.0077744524    0.011138856   0.0042089255
  -0.0076195577   0.0005791166              0 -1.1389927e-05 -0.00010705036 -0.00015211093 -4.0462818e-05  8.3795899e-05 -0.00056919704 -0.00057373211 -0.00082709923 -0.00030286446
              0              0              2              0              0              0              0              0              0              0              0              0
  0.00013318998 -1.1389927e-05              0   0.0002518637  2.8619123e-06  3.6435683e-06  1.9574576e-07 -4.2613995e-06  3.4258516e-06  1.1421376e-05   1.387798e-05  4.4570124e-06
   0.0014006088 -0.00010705036              0  2.8619123e-06  4.3901747e-05   4.197485e-05  1.2877928e-05 -2.7666364e-05  0.00010010532  0.00010867733  0.00015071942  5.8912158e-05
   0.0019942854 -0.00015211093              0  3.6435683e-06   4.197485e-05  4.8867546e-05  9.3928977e-06 -2.3831077e-05  0.00013966469  0.00015338897  0.00021592342  7.9638828e-05
  0.00078620176 -4.0462818e-05              0  1.9574576e-07  1.2877928e-05  9.3928977e-06  5.7358548e-05 -6.7594951e-05  7.8039309e-05  5.2212692e-05  7.5870404e-05  5.7360329e-05
  -0.0015420192  8.3795899e-05              0 -4.2613995e-06 -2.7666364e-05 -2.3831077e-05 -6.7594951e-05  0.00018812053 -7.5484826e-05 -0.00011918892 -0.00015573966 -6.4822696e-05
   0.0075417225 -0.00056919704              0  3.4258516e-06  0.00010010532  0.00013966469  7.8039309e-05 -7.5484826e-05  0.00079639681  0.00051941611  0.00081229451  0.00032585008
   0.0077744524 -0.00057373211              0  1.1421376e-05  0.00010867733  0.00015338897  5.2212692e-05 -0.00011918892  0.00051941611   0.0006134649  0.00083439363  0.00030993272
    0.011138856 -0.00082709923              0   1.387798e-05  0.00015071942  0.00021592342  7.5870404e-05 -0.00015573966  0.00081229451  0.00083439363   0.0012215639  0.00043837236
   0.0042089255 -0.00030286446              0  4.4570124e-06  5.8912158e-05  7.9638828e-05  5.7360329e-05 -6.4822696e-05  0.00032585008  0.00030993272  0.00043837236  0.00023837652


# ext. ||   Name    ||   type  ||     Value     ||  Error +/- 

   0   ||Natural mortality || limited ||    0.04791957319462 ||0.005598274428885
   1   ||Targeted q || limited ||      6.223122756593 ||0.4110542246618
   2   ||Nontargeted q || limited ||                   2 ||22.06548931833
   3   ||     sigma || limited ||       4.78612452239 ||0.2395525502912
   4   ||  Biomass1 || limited ||      3.017105948135 ||0.2569587737314
   5   ||  Biomass2 || limited ||      4.738207112103 ||0.3394448210481
   6   ||   vm_mean || limited ||     -2.855538936883 ||0.007014191019029
   7   ||  vm_sigma || limited ||      7.516406721327 ||0.2263561981275
   8   ||Recruit year 1 || limited ||      7.261968784461 ||0.5174612494792
   9   ||Recruit year 2 || limited ||      5.610684972745 ||0.4026610746839
  10   ||Recruit year 3 || limited ||      9.110444342887 ||0.7107014169615
  11   ||Recruit year 4 || limited ||      1.196855388812 ||0.1182203923425





