# Minimum negative log likelihood

WARNING: Minuit did not converge.

# of function calls: 204
minimum function Value: 833.8047342756
minimum edm: 6.290420659916
minimum internal state vector: LAVector parameters:
     0.7855489996942
    -0.9881549494739
     -1.287002217587
    -0.7106670785113
      -1.46370999028
     -1.473350959616
      1.063742755713
     -1.293686578582
     -1.421139239835
    -0.9770119912481
     -1.003247146321
        0.0946824445
    0.07885282993699
    0.08027426465105
    0.08521203589295

minimum internal covariance matrix: LASymMatrix parameters:
      1.6092683  0.00031746967              0    0.000150544  1.4800318e-06 -1.6055648e-06    0.011790672  6.8493923e-05  5.0223835e-05  0.00019813428  -0.0001527946 -3.1387352e-06  3.9109925e-06  2.2112465e-05 -2.6563771e-06
  0.00031746967      1.6070674              0  3.3786152e-05  4.0510834e-07 -4.4220944e-07   0.0017675901  1.5998547e-05   1.151984e-05  4.6296466e-05 -3.8302775e-05 -2.8545597e-07  1.3272452e-06  5.0760223e-06 -5.6357791e-07
              0              0      3.6069627              0              0              0              0              0              0              0              0              0              0              0              0
    0.000150544  3.3786152e-05              0      1.6070225  1.8738832e-07  -2.070513e-07  -0.0011448689  6.7791236e-06  4.5962921e-06  1.7488674e-05  -2.503858e-05  2.9198331e-06  2.7889558e-06  3.0666501e-06  9.3222867e-07
  1.4800318e-06  4.0510834e-07              0  1.8738832e-07      1.6069628 -2.0321752e-09  2.0582895e-05  9.0252813e-08  6.6591387e-08  2.6252614e-07 -1.9259758e-07  -7.445324e-09   3.701453e-09   2.925088e-08 -4.7814113e-09
 -1.6055648e-06 -4.4220944e-07              0  -2.070513e-07 -2.0321752e-09      1.6069628 -2.3733089e-05 -9.9470455e-08 -7.3546998e-08 -2.8952842e-07  2.0986066e-07   8.797034e-09 -3.5856056e-09 -3.2158072e-08  5.4451882e-09
    0.011790672   0.0017675901              0  -0.0011448689  2.0582895e-05 -2.3733089e-05       1.000002 -8.9049488e-05 -0.00015158049 -0.00033238961  -0.0010494775  0.00062231249  0.00053757067  0.00040971268  0.00036905016
  6.8493923e-05  1.5998547e-05              0  6.7791236e-06  9.0252813e-08 -9.9470455e-08 -8.9049488e-05      1.6070208  2.1305085e-06  8.3990481e-06 -1.0181644e-05  7.7735849e-07  9.6361255e-07  1.2801293e-06  1.8748474e-07
  5.0223835e-05   1.151984e-05              0  4.5962921e-06  6.6591387e-08 -7.3546998e-08 -0.00015158049  2.1305085e-06      1.6070222  5.7418823e-06 -7.2837627e-06  6.0068811e-07  7.1703884e-07  8.8149681e-07  1.4552707e-07
  0.00019813428  4.6296466e-05              0  1.7488674e-05  2.6252614e-07 -2.8952842e-07 -0.00033238961  8.3990481e-06  5.7418823e-06      1.6070435 -2.6849772e-05  1.7289633e-06  2.3169966e-06  3.2288985e-06  3.2544478e-07
  -0.0001527946 -3.8302775e-05              0  -2.503858e-05 -1.9259758e-07  2.0986066e-07  -0.0010494775 -1.0181644e-05 -7.2837627e-06 -2.6849772e-05      1.6071102 -2.6271554e-06 -3.1753413e-06 -4.7415841e-06 -8.5185892e-07
 -3.1387352e-06 -2.8545597e-07              0  2.9198331e-06  -7.445324e-09   8.797034e-09  0.00062231249  7.7735849e-07  6.0068811e-07  1.7289633e-06 -2.6271554e-06      1.6069744  3.7489358e-07  4.9510044e-07  1.6417962e-07
  3.9109925e-06  1.3272452e-06              0  2.7889558e-06   3.701453e-09 -3.5856056e-09  0.00053757067  9.6361255e-07  7.1703884e-07  2.3169966e-06 -3.1753413e-06  3.7489358e-07      1.6069989  5.5849557e-07  1.3936724e-07
  2.2112465e-05  5.0760223e-06              0  3.0666501e-06   2.925088e-08 -3.2158072e-08  0.00040971268  1.2801293e-06  8.8149681e-07  3.2288985e-06 -4.7415841e-06  4.9510044e-07  5.5849557e-07      1.6069656  1.3415786e-07
 -2.6563771e-06 -5.6357791e-07              0  9.3222867e-07 -4.7814113e-09  5.4451882e-09  0.00036905016  1.8748474e-07  1.4552707e-07  3.2544478e-07 -8.5185892e-07  1.6417962e-07  1.3936724e-07  1.3415786e-07      1.6069647


# ext. ||   Name    ||   type  ||     Value     ||  Error +/- 

   0   ||Natural mortality || limited ||    0.06268033576276 ||0.01381243701004
   1   ||Targeted q || limited ||      8.249390217261 ||21.48885697497
   2   ||Nontargeted q || limited ||                   2 ||61.75952270711
   3   ||     sigma || limited ||      17.38302435678 ||29.59994299033
   4   ||  Biomass1 || limited ||      2.864132264558 ||186.7001783649
   5   ||  Biomass2 || limited ||      2.372022023744 ||186.8849909574
   6   ||  vm_sigma || limited ||       74.9672267818 ||12.61849551001
   7   ||Recruit year 1 || limited ||      1.917301226121 ||18.06002101163
   8   ||Recruit year 2 || limited ||     0.5688309070776 ||18.5664728727
   9   ||Recruit year 3 || limited ||      8.567680281144 ||21.8485940703
  10   ||Recruit year 4 || limited ||      7.848166797154 ||20.99236141026
  11   ||Mean Rec dist 1 || limited ||     0.9454104024891 ||7.775696789113
  12   ||Mean Rec dist 2 || limited ||     0.7877114055992 ||7.786453607614
  13   ||Mean Rec dist 3 || limited ||     0.8018807843226 ||7.785513419076
  14   ||Mean Rec dist 4 || limited ||     0.8510895126673 ||7.782324298964



WARNING: FunctionMinimum is invalid: 
	 Edm is above max


