# Minimum negative log likelihood

Minuit did successfully converge.
# of function calls: 1820
minimum function Value: 339.7705715794
minimum edm: 7.185617276939e-06
minimum internal state vector: LAVector parameters:
    -0.6738323762841
     -1.338708000211
     -1.287002217587
     -1.347687869114
     -1.361915318137
     -1.368042133975
        2.7375942427
      -1.05115337047
      -0.95678503154
     -1.289089927547
     -1.038527631193
    0.04696833546703
     0.0945820237477
    0.04330861618054
     0.1131866762791

minimum internal covariance matrix: LASymMatrix parameters:
  8.8991908e-05 -5.6269576e-05              0 -3.0308903e-06  5.1194986e-05  4.9264944e-05  0.00026859034  0.00015473893  0.00018205033  8.4147585e-05  0.00015279599  2.8265948e-06  2.1244151e-06  3.5601201e-06  2.1066364e-06
 -5.6269576e-05  3.9310555e-05              0  1.5466025e-06 -3.5736983e-05 -3.4349568e-05 -0.00015963535 -0.00010391839 -0.00012219079 -5.5526159e-05 -0.00010442248 -1.5629871e-06 -1.1993172e-06 -2.3258269e-06 -1.2723126e-06
              0              0              2              0              0              0              0              0              0              0              0              0              0              0              0
 -3.0308903e-06  1.5466025e-06              0  6.4593497e-05 -1.4482834e-06 -1.3847071e-06  4.1045311e-05 -4.0464167e-06 -5.5303302e-06 -2.7509838e-06 -5.0107669e-06   7.477975e-08 -1.2710143e-07  1.8098384e-07  -3.784132e-08
  5.1194986e-05 -3.5736983e-05              0 -1.4482834e-06  3.3981155e-05  3.2512649e-05  0.00015658033  9.4789133e-05  0.00011114491  5.0399132e-05  9.5118955e-05  1.3637929e-06  1.0968126e-06   2.109817e-06  1.1883656e-06
  4.9264944e-05 -3.4349568e-05              0 -1.3847071e-06  3.2512649e-05  3.1130018e-05  0.00014988709  9.1110744e-05  0.00010688544  4.8460479e-05   9.146118e-05  1.3228622e-06  1.0509645e-06  2.0338027e-06  1.1417468e-06
  0.00026859034 -0.00015963535              0  4.1045311e-05  0.00015658033  0.00014988709    0.008119177  0.00046083931  0.00051391267  0.00021870451  0.00044935641  1.6786239e-05   1.981572e-05  1.5313674e-05  2.4645898e-05
  0.00015473893 -0.00010391839              0 -4.0464167e-06  9.4789133e-05  9.1110744e-05  0.00046083931   0.0002815718  0.00032811073  0.00015003618  0.00027866474  4.4217487e-06  3.4702412e-06  6.2908432e-06  3.5558161e-06
  0.00018205033 -0.00012219079              0 -5.5303302e-06  0.00011114491  0.00010688544  0.00051391267  0.00032811073  0.00038823291  0.00017634246  0.00032776353  5.3056922e-06  3.9363106e-06  7.4855145e-06  4.1513271e-06
  8.4147585e-05 -5.5526159e-05              0 -2.7509838e-06  5.0399132e-05  4.8460479e-05  0.00021870451  0.00015003618  0.00017634246  8.4291414e-05  0.00014892758  2.5481227e-06  1.9657702e-06  3.1120043e-06  1.8906447e-06
  0.00015279599 -0.00010442248              0 -5.0107669e-06  9.5118955e-05   9.146118e-05  0.00044935641  0.00027866474  0.00032776353  0.00014892758  0.00028537305  4.1951234e-06  3.2941361e-06  6.2259408e-06  3.6611466e-06
  2.8265948e-06 -1.5629871e-06              0   7.477975e-08  1.3637929e-06  1.3228622e-06  1.6786239e-05  4.4217487e-06  5.3056922e-06  2.5481227e-06  4.1951234e-06  3.4221459e-07  9.7154902e-08  1.4693691e-07  1.0186096e-07
  2.1244151e-06 -1.1993172e-06              0 -1.2710143e-07  1.0968126e-06  1.0509645e-06   1.981572e-05  3.4702412e-06  3.9363106e-06  1.9657702e-06  3.2941361e-06  9.7154902e-08  2.7915443e-07  6.9875022e-08  8.7058523e-08
  3.5601201e-06 -2.3258269e-06              0  1.8098384e-07   2.109817e-06  2.0338027e-06  1.5313674e-05  6.2908432e-06  7.4855145e-06  3.1120043e-06  6.2259408e-06  1.4693691e-07  6.9875022e-08   1.145989e-06  1.0073618e-07
  2.1066364e-06 -1.2723126e-06              0  -3.784132e-08  1.1883656e-06  1.1417468e-06  2.4645898e-05  3.5558161e-06  4.1513271e-06  1.8906447e-06  3.6611466e-06  1.0186096e-07  8.7058523e-08  1.0073618e-07  3.5684469e-07


# ext. ||   Name    ||   type  ||     Value     ||  Error +/- 

   0   ||Natural mortality || limited ||    0.05640220214877 ||0.000781882963988
   1   ||Targeted q || limited ||      1.340590965139 ||0.05098654263722
   2   ||Nontargeted q || limited ||                   2 ||22.06548931833
   3   ||     sigma || limited ||      1.239281096516 ||0.06287153970506
   4   ||  Biomass1 || limited ||      10.86821640904 ||0.4273749472874
   5   ||  Biomass2 || limited ||      10.24215614737 ||0.3972224044822
   6   ||  vm_sigma || limited ||      55.72422344846 ||2.341810801535
   7   ||Recruit year 1 || limited ||      6.609513369188 ||0.2945619642078
   8   ||Recruit year 2 || limited ||      9.141912256274 ||0.4013098166797
   9   ||Recruit year 3 || limited ||      1.980679598866 ||0.09022719894954
  10   ||Recruit year 4 || limited ||      6.926410799419 ||0.3030642938401
  11   ||Mean Rec dist 1 || limited ||      0.469510684883 ||0.004131949843665
  12   ||Mean Rec dist 2 || limited ||     0.9444106880815 ||0.003719305090705
  13   ||Mean Rec dist 3 || limited ||     0.4329507891518 ||0.007562541340821
  14   ||Mean Rec dist 4 || limited ||      1.129451544025 ||0.0041969783167





