# Minimum negative log likelihood

Minuit did successfully converge.
# of function calls: 838
minimum function Value: 260.1567599372
minimum edm: 3.73827548816e-05
minimum internal state vector: LAVector parameters:
     -1.109964302054
     -1.287002217587
     -1.386670857959
     -1.436826308577
     -1.444025030935
     0.1354065831337
     -0.981531338311
     -1.199067718753
     -1.272904840647
        -1.381947018
     -1.237996882117

minimum internal covariance matrix: LASymMatrix parameters:
  1.4856494e-06              0   9.164157e-07 -4.6642504e-07 -4.1629814e-07  5.7249934e-07 -2.1444735e-06 -2.9508881e-07 -2.6320318e-07 -2.0955766e-07 -4.6364352e-07
              0              2              0              0              0              0              0              0              0              0              0
   9.164157e-07              0  5.8877953e-05 -4.1165921e-07  -3.155111e-07  9.7943723e-08 -1.0579558e-06  1.8216446e-07 -3.8705714e-07  -1.180816e-06    3.53726e-07
 -4.6642504e-07              0 -4.1165921e-07  4.1753563e-07  3.5141134e-07 -1.7843039e-07  5.6959966e-07  1.0900761e-07  8.7369486e-08  6.8805058e-08  1.2964171e-07
 -4.1629814e-07              0  -3.155111e-07  3.5141134e-07  2.9881437e-07 -1.5958721e-07  5.3025469e-07  9.4181041e-08   7.680309e-08   5.617874e-08  1.1886409e-07
  5.7249934e-07              0  9.7943723e-08 -1.7843039e-07 -1.5958721e-07  6.9233416e-07 -1.8605457e-06 -1.1180046e-07 -1.2049271e-07 -5.9978996e-08 -1.1502848e-07
 -2.1444735e-06              0 -1.0579558e-06  5.6959966e-07  5.3025469e-07 -1.8605457e-06  1.2407505e-05  4.6199786e-07  5.7440764e-07  3.4743714e-07  5.9375932e-07
 -2.9508881e-07              0  1.8216446e-07  1.0900761e-07  9.4181041e-08 -1.1180046e-07  4.6199786e-07  4.9961181e-07  3.9552544e-09  2.3548748e-08   1.495477e-07
 -2.6320318e-07              0 -3.8705714e-07  8.7369486e-08   7.680309e-08 -1.2049271e-07  5.7440764e-07  3.9552544e-09  5.3081363e-07  3.3600339e-08  7.0216056e-08
 -2.0955766e-07              0  -1.180816e-06  6.8805058e-08   5.617874e-08 -5.9978996e-08  3.4743714e-07  2.3548748e-08  3.3600339e-08  5.1285997e-07 -8.2670057e-09
 -4.6364352e-07              0    3.53726e-07  1.2964171e-07  1.1886409e-07 -1.1502848e-07  5.9375932e-07   1.495477e-07  7.0216056e-08 -8.2670057e-09  8.3412971e-07


# ext. ||   Name    ||   type  ||     Value     ||  Error +/- 

   0   ||Targeted q || limited ||      5.215859419673 ||0.01916345864255
   1   ||Nontargeted q || limited ||                   2 ||22.06548931833
   2   ||     sigma || limited ||      0.845162914563 ||0.04966911156682
   3   ||  Biomass1 || limited ||      4.480284428267 ||0.03051472672552
   4   ||  Biomass2 || limited ||       4.01236249926 ||0.02443502504929
   5   ||   vm_mean || limited ||     0.4240935940086 ||0.001831467096889
   6   ||  vm_sigma || limited ||      6.746940219982 ||0.05536826350221
   7   ||Recruit year 1 || limited ||      3.424615422472 ||0.009076229164539
   8   ||Recruit year 2 || limited ||      2.211906113276 ||0.007559592846906
   9   ||Recruit year 3 || limited ||     0.8988659441284 ||0.004752715649321
  10   ||Recruit year 4 || limited ||      2.753150799027 ||0.01054786054015





