# Minimum negative log likelihood

Minuit did successfully converge.
# of function calls: 1038
minimum function Value: 418.952955362
minimum edm: 9.026602393043e-05
minimum internal state vector: LAVector parameters:
    -0.3488336851834
     -1.056481855724
     -1.287002217587
      -1.30065162922
     -1.385988148506
     -1.393983136941
      1.002404823995
   -0.06812681106611
     -1.052165206668
     -1.012643059895
     -1.062609338537
     -1.125057751684

minimum internal covariance matrix: LASymMatrix parameters:
    0.006582655 -0.00053234175              0 -2.8535389e-05   0.0001701012   0.0001704772   1.355359e-05  0.00016922435  0.00056893025  0.00062692343  0.00053825744  0.00048565387
 -0.00053234175   4.453816e-05              0  1.4479965e-06 -1.4491644e-05 -1.4520616e-05 -2.1409015e-07 -2.7546085e-05 -4.5790234e-05 -5.0979295e-05 -4.3164177e-05 -4.0012624e-05
              0              0              2              0              0              0              0              0              0              0              0              0
 -2.8535389e-05  1.4479965e-06              0  8.1523806e-05  -2.119859e-07 -1.1805366e-07 -8.9337496e-08 -1.5930053e-05 -3.4793966e-06 -2.6818205e-06 -3.6970487e-06 -2.0721229e-06
   0.0001701012 -1.4491644e-05              0  -2.119859e-07  6.0272791e-06  5.8324337e-06  6.9529849e-08  2.5396382e-06  1.4436781e-05  1.6305635e-05  1.3373519e-05  1.2875212e-05
   0.0001704772 -1.4520616e-05              0 -1.1805366e-07  5.8324337e-06   5.694592e-06  8.6274627e-09  5.0017363e-06  1.4411601e-05  1.6360175e-05  1.3372456e-05  1.2950956e-05
   1.355359e-05 -2.1409015e-07              0 -8.9337496e-08  6.9529849e-08  8.6274627e-09  1.6744652e-06 -2.7910406e-05  1.4494189e-06  1.1094985e-06  1.2910069e-06  1.1088064e-06
  0.00016922435 -2.7546085e-05              0 -1.5930053e-05  2.5396382e-06  5.0017363e-06 -2.7910406e-05  0.00094099493  9.2416007e-06  1.9424353e-05  1.6714384e-05  1.6851846e-05
  0.00056893025 -4.5790234e-05              0 -3.4793966e-06  1.4436781e-05  1.4411601e-05  1.4494189e-06  9.2416007e-06  5.0999087e-05   5.406135e-05  4.7093671e-05  4.1610329e-05
  0.00062692343 -5.0979295e-05              0 -2.6818205e-06  1.6305635e-05  1.6360175e-05  1.1094985e-06  1.9424353e-05   5.406135e-05  6.1203549e-05  5.1121781e-05   4.642806e-05
  0.00053825744 -4.3164177e-05              0 -3.6970487e-06  1.3373519e-05  1.3372456e-05  1.2910069e-06  1.6714384e-05  4.7093671e-05  5.1121781e-05  4.6340842e-05  3.9315406e-05
  0.00048565387 -4.0012624e-05              0 -2.0721229e-06  1.2875212e-05  1.2950956e-05  1.1088064e-06  1.6851846e-05  4.1610329e-05   4.642806e-05  3.9315406e-05  4.2732711e-05


# ext. ||   Name    ||   type  ||     Value     ||  Error +/- 

   0   ||Natural mortality || limited ||    0.03645495074574 ||0.001347130905733
   1   ||Targeted q || limited ||      6.468491766882 ||0.1160726788212
   2   ||Nontargeted q || limited ||                   2 ||22.06548931833
   3   ||     sigma || limited ||      1.813385455775 ||0.08519134643057
   4   ||  Biomass1 || limited ||      8.514241257554 ||0.1595003547112
   5   ||  Biomass2 || limited ||      7.795385375994 ||0.1484005527989
   6   ||   vm_mean || limited ||      2.647633387771 ||0.001547315340208
   7   ||  vm_sigma || limited ||        37.277569068 ||0.8655467555627
   8   ||Recruit year 1 || limited ||      6.584415712092 ||0.1251418595927
   9   ||Recruit year 2 || limited ||      7.597509931076 ||0.1464746819683
  10   ||Recruit year 3 || limited ||      6.327960946637 ||0.1171004976356
  11   ||Recruit year 4 || limited ||      4.894886774244 ||0.09963062697319





