# Minimum negative log likelihood

Minuit did successfully converge.
# of function calls: 1299
minimum function Value: 601.9002009773
minimum edm: 4.178677269516e-05
minimum internal state vector: LAVector parameters:
      3.110222592557
    -0.9817112015171
     -1.287002217587
     -1.149602180404
     -1.405944307319
     -1.419218659099
    -0.8811259290643
      -1.46670429402
     -1.068165006342
     -1.018112685575
    -0.9811644651103
    0.08382772853448
      0.104463829806
    0.08176374404564
    0.03000303465716

minimum internal covariance matrix: LASymMatrix parameters:
    0.018472705   0.0011374083              0 -0.00040059388    -0.00028983 -0.00026490366   0.0012241338 -0.00035483908  -0.0017816869  -0.0020614736  -0.0018490303 -0.00016363693 -0.00012869365  -0.0001504453  -0.0001311686
   0.0011374083  0.00010054473              0 -4.0515038e-05  -2.615066e-05  -2.363698e-05  2.5850063e-05 -2.4541191e-05 -0.00010611822 -0.00014131021 -0.00013262596 -9.0149364e-07 -3.2797003e-06 -5.8774966e-06  -4.293902e-06
              0              0              2              0              0              0              0              0              0              0              0              0              0              0              0
 -0.00040059388 -4.0515038e-05              0  0.00047055618  2.7496348e-05  2.2814614e-05  -2.269487e-05  1.0210815e-05  5.9191339e-05  5.0611516e-05  5.6973489e-05  9.7173836e-06   -1.75904e-06  9.9876039e-06   4.382412e-08
    -0.00028983  -2.615066e-05              0  2.7496348e-05  1.6509236e-05  1.3747288e-05 -1.6122001e-05  7.5121347e-06  2.9995653e-05  3.7543832e-05  3.7749002e-05  1.1312945e-06  1.3202202e-06  1.9507372e-06  1.1665207e-06
 -0.00026490366  -2.363698e-05              0  2.2814614e-05  1.3747288e-05  1.1589812e-05 -1.3791958e-05  6.6917968e-06  2.6861804e-05  3.4329536e-05  3.4043838e-05  1.0264267e-06  1.1476991e-06  1.7093353e-06  1.0795771e-06
   0.0012241338  2.5850063e-05              0  -2.269487e-05 -1.6122001e-05 -1.3791958e-05   0.0002953491  -2.006086e-05 -0.00012781519 -0.00011941468 -0.00010361545 -3.1638134e-05 -2.2217312e-05 -1.8749253e-05 -1.8868547e-05
 -0.00035483908 -2.4541191e-05              0  1.0210815e-05  7.5121347e-06  6.6917968e-06  -2.006086e-05  1.7109614e-05  3.4476966e-05  4.0621511e-05  3.8380911e-05  4.2744552e-07  1.9891851e-06  2.7836092e-06  2.1220804e-06
  -0.0017816869 -0.00010611822              0  5.9191339e-05  2.9995653e-05  2.6861804e-05 -0.00012781519  3.4476966e-05    0.000190641  0.00018741554  0.00017464804  1.9042182e-05  1.2398688e-05  1.7242089e-05  1.3084447e-05
  -0.0020614736 -0.00014131021              0  5.0611516e-05  3.7543832e-05  3.4329536e-05 -0.00011941468  4.0621511e-05  0.00018741554  0.00026464558   0.0002211332   1.374048e-05  1.3264943e-05  1.2141484e-05  1.3210363e-05
  -0.0018490303 -0.00013262596              0  5.6973489e-05  3.7749002e-05  3.4043838e-05 -0.00010361545  3.8380911e-05  0.00017464804   0.0002211332  0.00021454083  1.0351332e-05  1.0723584e-05   1.279901e-05    1.10759e-05
 -0.00016363693 -9.0149364e-07              0  9.7173836e-06  1.1312945e-06  1.0264267e-06 -3.1638134e-05  4.2744552e-07  1.9042182e-05   1.374048e-05  1.0351332e-05  2.9452104e-05  2.7242536e-06  2.6479413e-06  2.6984502e-06
 -0.00012869365 -3.2797003e-06              0   -1.75904e-06  1.3202202e-06  1.1476991e-06 -2.2217312e-05  1.9891851e-06  1.2398688e-05  1.3264943e-05  1.0723584e-05  2.7242536e-06  3.0500263e-06  1.4508784e-06  1.6747767e-06
  -0.0001504453 -5.8774966e-06              0  9.9876039e-06  1.9507372e-06  1.7093353e-06 -1.8749253e-05  2.7836092e-06  1.7242089e-05  1.2141484e-05   1.279901e-05  2.6479413e-06  1.4508784e-06  3.1758082e-06  1.4511527e-06
  -0.0001311686  -4.293902e-06              0   4.382412e-08  1.1665207e-06  1.0795771e-06 -1.8868547e-05  2.1220804e-06  1.3084447e-05  1.3210363e-05    1.10759e-05  2.6984502e-06  1.6747767e-06  1.4511527e-06  2.0533827e-06


# ext. ||   Name    ||   type  ||     Value     ||  Error +/- 

   0   ||Natural mortality || limited ||    0.04578412290436 ||0.00239777141534
   1   ||Targeted q || limited ||      8.427533404073 ||0.1969671164987
   2   ||Nontargeted q || limited ||                   2 ||22.06548931833
   3   ||     sigma || limited ||       4.36993181355 ||0.3135510605259
   4   ||  Biomass1 || limited ||      6.778674654078 ||0.235745443304
   5   ||  Biomass2 || limited ||      5.732958111557 ||0.181745507833
   6   ||  vm_sigma || limited ||       9.14265463989 ||0.3092765450028
   7   ||Recruit year 1 || limited ||     0.2806072226893 ||0.01519371568532
   8   ||Recruit year 2 || limited ||      6.193481440072 ||0.235136094469
   9   ||Recruit year 3 || limited ||      7.453318151674 ||0.3019058026301
  10   ||Recruit year 4 || limited ||      8.451883697287 ||0.287923161813
  11   ||Mean Rec dist 1 || limited ||     0.8372958555192 ||0.03823969268444
  12   ||Mean Rec dist 2 || limited ||      1.042739365192 ||0.0122818191468
  13   ||Mean Rec dist 3 || limited ||     0.8167267183283 ||0.01255910539726
  14   ||Mean Rec dist 4 || limited ||     0.2999853349402 ||0.01012801597216





