# Minimum negative log likelihood

Minuit did successfully converge.
# of function calls: 1103
minimum function Value: 635.1360321761
minimum edm: 4.255969542203e-05
minimum internal state vector: LAVector parameters:
     -0.610734162334
     -1.042888050369
     -1.287002217587
     -1.114001274688
     -1.502827728751
     -1.506827516099
    -0.9929079928785
    -0.9664915419029
     -1.051522737305
     -1.220715852735
     -1.012926670529
    0.07716939868359
    0.07946034051865
     0.1147396666054
     0.1069950976822

minimum internal covariance matrix: LASymMatrix parameters:
    0.046189587  -0.0023045306              0   6.192173e-05   0.0003071263  0.00027753962  -0.0021466843   0.0052244955   0.0044033447   0.0029016246   0.0047604645  0.00041643979  0.00041379555  0.00036411198  0.00037513897
  -0.0023045306  0.00012470971              0 -2.6515649e-06 -1.6572529e-05 -1.5001683e-05  9.5854108e-05 -0.00026327204 -0.00022016383 -0.00014590521 -0.00024327705 -1.9103741e-05 -1.9344683e-05 -1.6674616e-05 -1.7680954e-05
              0              0              2              0              0              0              0              0              0              0              0              0              0              0              0
   6.192173e-05 -2.6515649e-06              0   0.0002853516   5.254849e-06  4.4807456e-06 -1.1959948e-05  7.3688062e-06  2.2948688e-06  4.2797318e-06  1.4784402e-05  8.3030772e-07  5.7591019e-07  1.3386578e-06  2.0139348e-06
   0.0003071263 -1.6572529e-05              0   5.254849e-06  1.0111215e-05  8.3924386e-06 -1.4736589e-05  3.5085213e-05  2.9216485e-05   1.915347e-05  3.4003621e-05  2.5259564e-06  2.8064876e-06  2.4384915e-06  2.5320815e-06
  0.00027753962 -1.5001683e-05              0  4.4807456e-06  8.3924386e-06   7.057687e-06 -1.2920936e-05  3.1695859e-05  2.6378822e-05  1.7331473e-05   3.059212e-05   2.287914e-06  2.5021264e-06  2.1847244e-06  2.2438636e-06
  -0.0021466843  9.5854108e-05              0 -1.1959948e-05 -1.4736589e-05 -1.2920936e-05  0.00020476338 -0.00023853703 -0.00020126636 -0.00013365469 -0.00021801821 -2.6894123e-05 -2.5543437e-05 -2.3215406e-05 -2.5012954e-05
   0.0052244955 -0.00026327204              0  7.3688062e-06  3.5085213e-05  3.1695859e-05 -0.00023853703  0.00060401515  0.00049780637  0.00032944233  0.00054050251  4.6309008e-05  4.6531798e-05  4.0630429e-05   4.219853e-05
   0.0044033447 -0.00022016383              0  2.2948688e-06  2.9216485e-05  2.6378822e-05 -0.00020126636  0.00049780637  0.00043207253  0.00027581921  0.00045442204  3.9395169e-05   3.881954e-05  3.4530548e-05  3.5467929e-05
   0.0029016246 -0.00014590521              0  4.2797318e-06   1.915347e-05  1.7331473e-05 -0.00013365469  0.00032944233  0.00027581921  0.00019475407  0.00030002904  2.5922633e-05  2.5764705e-05  2.1416423e-05  2.3690782e-05
   0.0047604645 -0.00024327705              0  1.4784402e-05  3.4003621e-05   3.059212e-05 -0.00021801821  0.00054050251  0.00045442204  0.00030002904  0.00051877706  4.2000713e-05  4.2279067e-05  3.6774248e-05  4.0164116e-05
  0.00041643979 -1.9103741e-05              0  8.3030772e-07  2.5259564e-06   2.287914e-06 -2.6894123e-05  4.6309008e-05  3.9395169e-05  2.5922633e-05  4.2000713e-05  5.5075003e-06  4.2038034e-06  3.7824585e-06  3.9623559e-06
  0.00041379555 -1.9344683e-05              0  5.7591019e-07  2.8064876e-06  2.5021264e-06 -2.5543437e-05  4.6531798e-05   3.881954e-05  2.5764705e-05  4.2279067e-05  4.2038034e-06  5.7582784e-06  3.7684806e-06  3.8410939e-06
  0.00036411198 -1.6674616e-05              0  1.3386578e-06  2.4384915e-06  2.1847244e-06 -2.3215406e-05  4.0630429e-05  3.4530548e-05  2.1416423e-05  3.6774248e-05  3.7824585e-06  3.7684806e-06  8.8512186e-06   3.446498e-06
  0.00037513897 -1.7680954e-05              0  2.0139348e-06  2.5320815e-06  2.2438636e-06 -2.5012954e-05   4.219853e-05  3.5467929e-05  2.3690782e-05  4.0164116e-05  3.9623559e-06  3.8410939e-06   3.446498e-06  5.5178597e-06


# ext. ||   Name    ||   type  ||     Value     ||  Error +/- 

   0   ||Natural mortality || limited ||    0.03066327349095 ||0.003100476761031
   1   ||Targeted q || limited ||      6.806869088573 ||0.1988823626524
   2   ||Nontargeted q || limited ||                   2 ||22.06548931833
   3   ||     sigma || limited ||      5.126463817182 ||0.2634185325974
   4   ||  Biomass1 || limited ||      1.154488025385 ||0.07635371871412
   5   ||  Biomass2 || limited ||      1.022653388545 ||0.06004239329616
   6   ||  vm_sigma || limited ||      6.496197702343 ||0.2210827350732
   7   ||Recruit year 1 || limited ||      8.864248945488 ||0.4936365531011
   8   ||Recruit year 2 || limited ||       6.60034641753 ||0.3646485154037
   9   ||Recruit year 3 || limited ||      3.042440954234 ||0.169203068534
  10   ||Recruit year 4 || limited ||       7.59000208546 ||0.4262366140897
  11   ||Mean Rec dist 1 || limited ||     0.7709282936477 ||0.01654503330499
  12   ||Mean Rec dist 2 || limited ||     0.7937674886658 ||0.01691447882619
  13   ||Mean Rec dist 3 || limited ||      1.144880706719 ||0.0208987897311
  14   ||Mean Rec dist 4 || limited ||      1.067910687316 ||0.01651503437662





