# Minimum negative log likelihood

Minuit did successfully converge.
# of function calls: 1115
minimum function Value: 345.7177481462
minimum edm: 3.499782030471e-06
minimum internal state vector: LAVector parameters:
     0.7597855370145
     -1.112905850351
     -1.287002217587
     -1.344459502009
     -1.473632726942
     -1.479712651345
    -0.9264283444888
    -0.9740822759082
      -1.05635753352
    -0.9984880148965
    -0.9589755877761
    0.06157185593323
    0.06768780404796
    0.07805375336726
     0.1168195290095

minimum internal covariance matrix: LASymMatrix parameters:
   0.0034374829 -0.00018240227              0  1.5431688e-05  3.8912523e-05   3.557822e-05 -0.00015581685  0.00037960021  0.00032493608  0.00036376039  0.00038336014  2.1811104e-05   2.228653e-05  2.1518234e-05  1.9856721e-05
 -0.00018240227  1.1163806e-05              0  -6.816254e-07 -2.2959225e-06 -2.0965393e-06  6.6671916e-06 -2.0985451e-05 -1.7946004e-05 -2.0129873e-05 -2.1722708e-05 -9.6922004e-07 -1.0522556e-06  -9.764378e-07  -9.572118e-07
              0              0              2              0              0              0              0              0              0              0              0              0              0              0              0
  1.5431688e-05  -6.816254e-07              0  7.4199448e-05  6.4926833e-08  8.2073745e-08 -2.4252586e-06  1.2364541e-06  1.3284231e-06  1.5600106e-06  7.6842829e-07  2.3957992e-07  2.2822565e-07  1.0118597e-07  2.5055614e-07
  3.8912523e-05 -2.2959225e-06              0  6.4926833e-08  1.1325195e-06  9.6581935e-07 -1.5196143e-06  4.4404809e-06  3.7890165e-06  4.2665486e-06  4.6127853e-06  2.1684939e-07   2.348075e-07  2.2345356e-07  2.1122794e-07
   3.557822e-05 -2.0965393e-06              0  8.2073745e-08  9.6581935e-07  8.3318989e-07 -1.3582768e-06  4.0598159e-06  3.4659824e-06   3.896547e-06   4.209894e-06  2.0108027e-07  2.1395644e-07  2.0270943e-07  1.9267398e-07
 -0.00015581685  6.6671916e-06              0 -2.4252586e-06 -1.5196143e-06 -1.3582768e-06  1.9097078e-05 -1.6176569e-05 -1.3872731e-05 -1.5221823e-05 -1.5659219e-05 -1.5176996e-06 -1.5222334e-06 -1.5314139e-06 -1.4569169e-06
  0.00037960021 -2.0985451e-05              0  1.2364541e-06  4.4404809e-06  4.0598159e-06 -1.6176569e-05  4.3766759e-05  3.6215942e-05  4.0576439e-05  4.3108671e-05   2.296841e-06  2.4021641e-06  2.2826314e-06  2.1353289e-06
  0.00032493608 -1.7946004e-05              0  1.3284231e-06  3.7890165e-06  3.4659824e-06 -1.3872731e-05  3.6215942e-05  3.2454706e-05  3.4694433e-05  3.6888399e-05  1.9747548e-06  2.0230318e-06   1.959821e-06  1.8153533e-06
  0.00036376039 -2.0129873e-05              0  1.5600106e-06  4.2665486e-06   3.896547e-06 -1.5221823e-05  4.0576439e-05  3.4694433e-05  4.0379556e-05  4.1397856e-05  2.2053564e-06  2.2852058e-06  2.1569765e-06  2.0280104e-06
  0.00038336014 -2.1722708e-05              0  7.6842829e-07  4.6127853e-06   4.209894e-06 -1.5659219e-05  4.3108671e-05  3.6888399e-05  4.1397856e-05  4.6178516e-05  2.2604236e-06  2.3600715e-06  2.2488134e-06  2.1722649e-06
  2.1811104e-05 -9.6922004e-07              0  2.3957992e-07  2.1684939e-07  2.0108027e-07 -1.5176996e-06   2.296841e-06  1.9747548e-06  2.2053564e-06  2.2604236e-06  2.4904388e-07  1.7462843e-07  1.7133253e-07  1.5357449e-07
   2.228653e-05 -1.0522556e-06              0  2.2822565e-07   2.348075e-07  2.1395644e-07 -1.5222334e-06  2.4021641e-06  2.0230318e-06  2.2852058e-06  2.3600715e-06  1.7462843e-07  2.7357921e-07  1.7055787e-07  1.5411329e-07
  2.1518234e-05  -9.764378e-07              0  1.0118597e-07  2.2345356e-07  2.0270943e-07 -1.5314139e-06  2.2826314e-06   1.959821e-06  2.1569765e-06  2.2488134e-06  1.7133253e-07  1.7055787e-07  2.5420389e-07  1.5092639e-07
  1.9856721e-05  -9.572118e-07              0  2.5055614e-07  2.1122794e-07  1.9267398e-07 -1.4569169e-06  2.1353289e-06  1.8153533e-06  2.0280104e-06  2.1722649e-06  1.5357449e-07  1.5411329e-07  1.5092639e-07  2.6883234e-07


# ext. ||   Name    ||   type  ||     Value     ||  Error +/- 

   0   ||Natural mortality || limited ||    0.06221914946934 ||0.0007511888540768
   1   ||Targeted q || limited ||      5.150648896788 ||0.05222024470484
   2   ||Nontargeted q || limited ||                   2 ||22.06548931833
   3   ||     sigma || limited ||      1.275250899216 ||0.06834291403743
   4   ||  Biomass1 || limited ||      2.358335034044 ||0.03650041881187
   5   ||  Biomass2 || limited ||       2.07262547297 ||0.02935397036755
   6   ||  vm_sigma || limited ||      8.021716725005 ||0.07424634878131
   7   ||Recruit year 1 || limited ||      8.649808820473 ||0.1314202857513
   8   ||Recruit year 2 || limited ||      6.480902889874 ||0.09909580332423
   9   ||Recruit year 3 || limited ||      7.976548553546 ||0.1216602412275
  10   ||Recruit year 4 || limited ||      9.078912134026 ||0.1379790740137
  11   ||Mean Rec dist 1 || limited ||     0.6153295919714 ||0.00352207973858
  12   ||Mean Rec dist 2 || limited ||     0.6763612904212 ||0.003690038421134
  13   ||Mean Rec dist 3 || limited ||      0.779745218761 ||0.003554281300018
  14   ||Mean Rec dist 4 || limited ||      1.165540080792 ||0.003641292958044





