# Minimum negative log likelihood

Minuit did successfully converge.
# of function calls: 828
minimum function Value: 532.6660325358
minimum edm: 9.231896743686e-05
minimum internal state vector: LAVector parameters:
    -0.5300484292534
     -1.152589273428
     -1.287002217587
     -1.214915114147
     -1.505810093237
     -1.507940314725
     0.3812235223218
   -0.05208836518279
     -1.076356898624
     -1.035414430553
     -1.068530671773
     -1.137395882579

minimum internal covariance matrix: LASymMatrix parameters:
   0.0080916764  -0.0006834869              0  0.00016903416  0.00017945261  0.00016635414  8.4510296e-06 -0.00035956072   0.0008328689  0.00095251595  0.00086299218  0.00080783754
  -0.0006834869   6.087633e-05              0 -1.3303059e-05 -1.5496569e-05 -1.4391858e-05  3.0441796e-07 -9.0305435e-06 -7.1326332e-05 -8.0931736e-05 -7.3300115e-05 -7.0195079e-05
              0              0              2              0              0              0              0              0              0              0              0              0
  0.00016903416 -1.3303059e-05              0   0.0001625756  1.8520813e-06  1.9070935e-06 -9.8095327e-08 -1.1550192e-07  1.6232318e-05  1.8722521e-05  1.6961842e-05  1.4433787e-05
  0.00017945261 -1.5496569e-05              0  1.8520813e-06  7.1998194e-06   6.439495e-06  5.4359421e-08 -4.6224403e-06  1.8113517e-05  2.0441284e-05  1.8476469e-05  1.7604566e-05
  0.00016635414 -1.4391858e-05              0  1.9070935e-06   6.439495e-06  5.7915553e-06  4.5188496e-08 -3.7095098e-06  1.6804667e-05  1.9012309e-05  1.7198439e-05  1.6356414e-05
  8.4510296e-06  3.0441796e-07              0 -9.8095327e-08  5.4359421e-08  4.5188496e-08  1.6671842e-06 -3.7925023e-05  5.1646869e-07  7.5307002e-07  7.0057277e-07  6.9473247e-07
 -0.00035956072 -9.0305435e-06              0 -1.1550192e-07 -4.6224403e-06 -3.7095098e-06 -3.7925023e-05   0.0027767092 -2.4809924e-05 -3.2362544e-05 -2.8478633e-05 -1.9902858e-05
   0.0008328689 -7.1326332e-05              0  1.6232318e-05  1.8113517e-05  1.6804667e-05  5.1646869e-07 -2.4809924e-05  9.0427266e-05  9.7462732e-05  8.8610724e-05  8.3172334e-05
  0.00095251595 -8.0931736e-05              0  1.8722521e-05  2.0441284e-05  1.9012309e-05  7.5307002e-07 -3.2362544e-05  9.7462732e-05  0.00011681379  0.00010070451  9.5024989e-05
  0.00086299218 -7.3300115e-05              0  1.6961842e-05  1.8476469e-05  1.7198439e-05  7.0057277e-07 -2.8478633e-05  8.8610724e-05  0.00010070451  9.6552744e-05  8.5857479e-05
  0.00080783754 -7.0195079e-05              0  1.4433787e-05  1.7604566e-05  1.6356414e-05  6.9473247e-07 -1.9902858e-05  8.3172334e-05  9.5024989e-05  8.5857479e-05   9.102237e-05


# ext. ||   Name    ||   type  ||     Value     ||  Error +/- 

   0   ||Natural mortality || limited ||    0.03236062185714 ||0.001371048280669
   1   ||Targeted q || limited ||      4.309071749081 ||0.1120299846327
   2   ||Nontargeted q || limited ||                   2 ||22.06548931833
   3   ||     sigma || limited ||      3.133008811249 ||0.1570635887423
   4   ||  Biomass1 || limited ||      1.055431117259 ||0.06160715967063
   5   ||  Biomass2 || limited ||     0.9873944095045 ||0.053445754603
   6   ||   vm_mean || limited ||      1.168849757907 ||0.002662397541447
   7   ||  vm_sigma || limited ||      37.91793347087 ||1.488040805892
   8   ||Recruit year 1 || limited ||      5.997658128167 ||0.1595251874458
   9   ||Recruit year 2 || limited ||       7.00560736081 ||0.1949256182287
  10   ||Recruit year 3 || limited ||      6.184677593426 ||0.1672275584696
  11   ||Recruit year 4 || limited ||      4.632390149355 ||0.1416411764329





