# Minimum negative log likelihood

Minuit did successfully converge.
# of function calls: 1579
minimum function Value: 544.2254561516
minimum edm: 2.567785854812e-05
minimum internal state vector: LAVector parameters:
    -0.5619781046193
    -0.9433539599161
     -1.287002217587
     -1.204785621698
     -1.457930341531
     -1.465534995297
     -1.282433611911
     -1.093261303554
     -1.226286212645
     -1.149829618349
     -1.010933388044
    0.06128299514612
     0.0743164118469
    0.07827696575359
     0.1152517578645

minimum internal covariance matrix: LASymMatrix parameters:
    0.044599926  -0.0015733833              0   0.0003841115  0.00026213279  0.00024481301 -0.00014629504   0.0028477494   0.0020101699   0.0023615184   0.0034497863  0.00061146351  0.00057407691  0.00056224379  0.00054974738
  -0.0015733833  8.9633702e-05              0 -4.3339017e-06 -1.5214991e-05 -1.3889389e-05 -8.0026944e-06 -0.00010190458 -7.3445563e-05 -8.4514736e-05 -0.00012806514 -1.5462445e-05  -1.700764e-05 -1.4297414e-05 -1.3716534e-05
              0              0              2              0              0              0              0              0              0              0              0              0              0              0              0
   0.0003841115 -4.3339017e-06              0  0.00020712634  6.3517575e-07  8.7825581e-07 -5.8993155e-06  2.3876051e-05  1.5384198e-05  1.9024798e-05  3.0913628e-05  9.6127258e-06  6.6809368e-06  5.4205863e-06  5.7003442e-06
  0.00026213279 -1.5214991e-05              0  6.3517575e-07  7.3778786e-06  6.0075027e-06  1.0383912e-06  1.7190647e-05  1.2362687e-05  1.2618203e-05  2.1427601e-05  2.2155568e-06  2.8923945e-06  2.4081566e-06    2.51865e-06
  0.00024481301 -1.3889389e-05              0  8.7825581e-07  6.0075027e-06  5.0034139e-06  1.0511668e-06  1.5940788e-05  1.1455661e-05  1.2020847e-05   1.996004e-05  2.2453088e-06  2.7442316e-06  2.2863838e-06  2.3450092e-06
 -0.00014629504 -8.0026944e-06              0 -5.8993155e-06  1.0383912e-06  1.0511668e-06  9.0465496e-06 -9.2965413e-06 -6.2418012e-06 -6.3042493e-06 -9.5023515e-06 -4.7600705e-06 -3.5967381e-06 -4.3159194e-06  -4.916816e-06
   0.0028477494 -0.00010190458              0  2.3876051e-05  1.7190647e-05  1.5940788e-05 -9.2965413e-06  0.00018750679  0.00012894522  0.00015022054  0.00022205097  3.8697933e-05  3.6871766e-05  3.5958821e-05  3.5274867e-05
   0.0020101699 -7.3445563e-05              0  1.5384198e-05  1.2362687e-05  1.1455661e-05 -6.2418012e-06  0.00012894522  9.6115887e-05  0.00010543157    0.000156251  2.7091001e-05   2.540466e-05  2.5157824e-05  2.4537188e-05
   0.0023615184 -8.4514736e-05              0  1.9024798e-05  1.2618203e-05  1.2020847e-05 -6.3042493e-06  0.00015022054  0.00010543157   0.0001316321  0.00018229094  3.2067491e-05  3.0225285e-05  2.9163836e-05  2.8372866e-05
   0.0034497863 -0.00012806514              0  3.0913628e-05  2.1427601e-05   1.996004e-05 -9.5023515e-06  0.00022205097    0.000156251  0.00018229094  0.00027826691  4.6539671e-05  4.4250779e-05  4.2588621e-05  4.3535161e-05
  0.00061146351 -1.5462445e-05              0  9.6127258e-06  2.2155568e-06  2.2453088e-06 -4.7600705e-06  3.8697933e-05  2.7091001e-05  3.2067491e-05  4.6539671e-05  1.1328501e-05  8.7582777e-06  8.5998035e-06  8.7694209e-06
  0.00057407691  -1.700764e-05              0  6.6809368e-06  2.8923945e-06  2.7442316e-06 -3.5967381e-06  3.6871766e-05   2.540466e-05  3.0225285e-05  4.4250779e-05  8.7582777e-06  1.2184783e-05  7.6583058e-06  7.6725844e-06
  0.00056224379 -1.4297414e-05              0  5.4205863e-06  2.4081566e-06  2.2863838e-06 -4.3159194e-06  3.5958821e-05  2.5157824e-05  2.9163836e-05  4.2588621e-05  8.5998035e-06  7.6583058e-06  1.0797611e-05  7.6183586e-06
  0.00054974738 -1.3716534e-05              0  5.7003442e-06    2.51865e-06  2.3450092e-06  -4.916816e-06  3.5274867e-05  2.4537188e-05  2.8372866e-05  4.3535161e-05  8.7694209e-06  7.6725844e-06  7.6183586e-06  1.0415842e-05


# ext. ||   Name    ||   type  ||     Value     ||  Error +/- 

   0   ||Natural mortality || limited ||    0.03167847207904 ||0.003147394381735
   1   ||Targeted q || limited ||      9.523416001695 ||0.1965087535924
   2   ||Nontargeted q || limited ||                   2 ||22.06548931833
   3   ||     sigma || limited ||       3.31187431802 ||0.1821036576122
   4   ||  Biomass1 || limited ||      3.181303358083 ||0.1081586147697
   5   ||  Biomass2 || limited ||        2.7674303123 ||0.08309111976137
   6   ||  vm_sigma || limited ||      1.652548305684 ||0.02419269431891
   7   ||Recruit year 1 || limited ||      5.602915561302 ||0.2224770075892
   8   ||Recruit year 2 || limited ||      2.947655332923 ||0.1170529997965
   9   ||Recruit year 3 || limited ||       4.37484705927 ||0.1657416746087
  10   ||Recruit year 4 || limited ||      7.642841234591 ||0.3131728516525
  11   ||Mean Rec dist 1 || limited ||     0.6124464322302 ||0.02375498607729
  12   ||Mean Rec dist 2 || limited ||     0.7424802335631 ||0.0246146158739
  13   ||Mean Rec dist 3 || limited ||     0.7819705271496 ||0.02316416088634
  14   ||Mean Rec dist 4 || limited ||      1.149967797041 ||0.02266945340662





