# Minimum negative log likelihood

Minuit did successfully converge.
# of function calls: 1772
minimum function Value: 435.12340539
minimum edm: 1.911433404717e-05
minimum internal state vector: LAVector parameters:
     0.3246873593534
     -1.338450490401
     -1.287002217587
     -1.289885889329
     -1.336632449022
     -1.343127545611
    -0.5448490026061
    -0.9625921958433
     -1.332619649704
    -0.9201777293066
     -1.424033616731
    0.06725312603804
    0.03637447887455
    0.07889403334672
     0.1102573997331

minimum internal covariance matrix: LASymMatrix parameters:
   0.0079285643 -0.00095640461              0 -2.6877859e-06  0.00099841061  0.00096027017  -0.0017414194   0.0031826387   0.0012387005   0.0033581506  0.00082541937  6.7099872e-05  0.00011176804  6.6643497e-05  7.4545177e-05
 -0.00095640461  0.00012298337              0  3.9156435e-07 -0.00012846799 -0.00012342435  0.00018410834 -0.00039869867    -0.00015295 -0.00042108291 -0.00010127819 -7.2463277e-06 -1.3241936e-05 -7.2335743e-06 -1.1807179e-05
              0              0              2              0              0              0              0              0              0              0              0              0              0              0              0
 -2.6877859e-06  3.9156435e-07              0  0.00010442897  2.4534776e-07  1.8639389e-07 -6.1261197e-07 -3.8667151e-07   1.710222e-06 -2.4575897e-06 -2.0263263e-06  2.4173007e-07   1.215369e-06 -7.7551407e-08  7.1870705e-06
  0.00099841061 -0.00012846799              0  2.4534776e-07   0.0001381874  0.00013235262 -0.00019520119  0.00041688508  0.00015986392  0.00043963659  0.00010558506  7.4323552e-06  1.3885569e-05  7.5733679e-06   1.316182e-05
  0.00096027017 -0.00012342435              0  1.8639389e-07  0.00013235262  0.00012682863 -0.00018707383  0.00040062028  0.00015370421  0.00042258358   0.0001015156  7.2054567e-06  1.3449812e-05    7.28868e-06  1.2469473e-05
  -0.0017414194  0.00018410834              0 -6.1261197e-07 -0.00019520119 -0.00018707383   0.0015096043 -0.00064871258 -0.00025766626 -0.00067646126 -0.00017454076 -2.3729859e-05 -1.7037429e-05 -2.9347856e-05 -1.8531626e-05
   0.0031826387 -0.00039869867              0 -3.8667151e-07  0.00041688508  0.00040062028 -0.00064871258   0.0013119741  0.00050357251   0.0013792954  0.00033478197  2.4932414e-05  4.4860956e-05  2.5216313e-05  3.4991059e-05
   0.0012387005    -0.00015295              0   1.710222e-06  0.00015986392  0.00015370421 -0.00025766626  0.00050357251  0.00020214556  0.00053207362  0.00012968525  9.9966078e-06  1.5626377e-05  1.0070055e-05  1.4511588e-05
   0.0033581506 -0.00042108291              0 -2.4575897e-06  0.00043963659  0.00042258358 -0.00067646126   0.0013792954  0.00053207362   0.0014611991  0.00035279257  2.6675248e-05  4.6524439e-05  2.6258625e-05  3.8408139e-05
  0.00082541937 -0.00010127819              0 -2.0263263e-06  0.00010558506   0.0001015156 -0.00017454076  0.00033478197  0.00012968525  0.00035279257  0.00010763101  6.9101324e-06  1.1522602e-05  6.5280606e-06  7.8853316e-06
  6.7099872e-05 -7.2463277e-06              0  2.4173007e-07  7.4323552e-06  7.2054567e-06 -2.3729859e-05  2.4932414e-05  9.9966078e-06  2.6675248e-05  6.9101324e-06  1.5016258e-06  1.5921247e-06  7.3309685e-07  8.1801408e-07
  0.00011176804 -1.3241936e-05              0   1.215369e-06  1.3885569e-05  1.3449812e-05 -1.7037429e-05  4.4860956e-05  1.5626377e-05  4.6524439e-05  1.1522602e-05  1.5921247e-06  1.1034852e-05  1.0092928e-06  8.4468889e-08
  6.6643497e-05 -7.2335743e-06              0 -7.7551407e-08  7.5733679e-06    7.28868e-06 -2.9347856e-05  2.5216313e-05  1.0070055e-05  2.6258625e-05  6.5280606e-06  7.3309685e-07  1.0092928e-06  1.2048137e-06   4.161124e-07
  7.4545177e-05 -1.1807179e-05              0  7.1870705e-06   1.316182e-05  1.2469473e-05 -1.8531626e-05  3.4991059e-05  1.4511588e-05  3.8408139e-05  7.8853316e-06  8.1801408e-07  8.4468889e-08   4.161124e-07  6.5499884e-05


# ext. ||   Name    ||   type  ||     Value     ||  Error +/- 

   0   ||Natural mortality || limited ||    0.05297531240302 ||0.001490834144747
   1   ||Targeted q || limited ||      1.343554074633 ||0.09028052199961
   2   ||Nontargeted q || limited ||                   2 ||22.06548931833
   3   ||     sigma || limited ||      1.959828224924 ||0.1001619454472
   4   ||  Biomass1 || limited ||      13.64565671853 ||0.9643349753022
   5   ||  Biomass2 || limited ||      12.90239285843 ||0.8986782801838
   6   ||  vm_sigma || limited ||      19.26920064038 ||0.9396952085378
   7   ||Recruit year 1 || limited ||      8.975328852895 ||0.7315816845215
   8   ||Recruit year 2 || limited ||      1.421370416492 ||0.1185827943351
   9   ||Recruit year 3 || limited ||      10.22351457307 ||0.8183813442113
  10   ||Recruit year 4 || limited ||     0.5474627246206 ||0.053632978747
  11   ||Mean Rec dist 1 || limited ||     0.6720244004479 ||0.008645356697935
  12   ||Mean Rec dist 2 || limited ||     0.3636645820989 ||0.02347364293482
  13   ||Mean Rec dist 3 || limited ||      0.788122158725 ||0.007737344369049
  14   ||Mean Rec dist 4 || limited ||       1.10034141232 ||0.05687975771843





