# Minimum negative log likelihood

Minuit did successfully converge.
# of function calls: 1162
minimum function Value: 577.9545985446
minimum edm: 3.214641519406e-05
minimum internal state vector: LAVector parameters:
      3.664134347141
    -0.9147195940178
     -1.287002217587
     -1.173506423477
     -1.507768955107
     -1.510421569452
      0.136230750707
  -0.007426538713078
     -1.238332374105
     -1.162619232545
     -1.001384918146
     -1.253482699787

minimum internal covariance matrix: LASymMatrix parameters:
    0.084476625   0.0051205697              0 -0.00022814505 -0.00052163201 -0.00047923673  4.0508225e-05 -0.00089954212   -0.002432559  -0.0027693422  -0.0038696092  -0.0025374487
   0.0051205697  0.00031917093              0 -1.1050639e-05 -3.2671447e-05 -2.9966239e-05   4.488525e-06 -0.00010670706 -0.00014754244 -0.00016806581 -0.00023432712  -0.0001542238
              0              0              2              0              0              0              0              0              0              0              0              0
 -0.00022814505 -1.1050639e-05              0  0.00022333477 -1.5604524e-06 -1.3067999e-06  9.4461407e-07 -3.8210643e-05  6.8596524e-06   9.380967e-06  1.1217154e-05  7.5479504e-06
 -0.00052163201 -3.2671447e-05              0 -1.5604524e-06  8.8321984e-06  7.6123044e-06 -5.0755151e-07  9.4603983e-06  1.5139306e-05  1.6901075e-05  2.3818739e-05   1.578776e-05
 -0.00047923673 -2.9966239e-05              0 -1.3067999e-06  7.6123044e-06  6.6159058e-06 -4.5949761e-07  9.1103028e-06  1.3898901e-05  1.5532368e-05  2.1902275e-05  1.4471314e-05
  4.0508225e-05   4.488525e-06              0  9.4461407e-07 -5.0755151e-07 -4.5949761e-07  1.2883806e-06 -2.9463247e-05  -1.318132e-06  -1.315343e-06 -1.7949668e-06 -1.2656518e-06
 -0.00089954212 -0.00010670706              0 -3.8210643e-05  9.4603983e-06  9.1103028e-06 -2.9463247e-05   0.0015315123    2.75465e-05  3.0472973e-05   4.083229e-05  2.5672956e-05
   -0.002432559 -0.00014754244              0  6.8596524e-06  1.5139306e-05  1.3898901e-05  -1.318132e-06    2.75465e-05  7.6203167e-05  7.9762928e-05  0.00011153444  7.3057258e-05
  -0.0027693422 -0.00016806581              0   9.380967e-06  1.6901075e-05  1.5532368e-05  -1.315343e-06  3.0472973e-05  7.9762928e-05  9.6998072e-05  0.00012678937  8.3123762e-05
  -0.0038696092 -0.00023432712              0  1.1217154e-05  2.3818739e-05  2.1902275e-05 -1.7949668e-06   4.083229e-05  0.00011153444  0.00012678937  0.00018373685  0.00011610753
  -0.0025374487  -0.0001542238              0  7.5479504e-06   1.578776e-05  1.4471314e-05 -1.2656518e-06  2.5672956e-05  7.3057258e-05  8.3123762e-05  0.00011610753  8.3381716e-05


# ext. ||   Name    ||   type  ||     Value     ||  Error +/- 

   0   ||Natural mortality || limited ||    0.03252289347729 ||0.004421066233385
   1   ||Targeted q || limited ||      10.38042166034 ||0.3852956091826
   2   ||Nontargeted q || limited ||                   2 ||22.06548931833
   3   ||     sigma || limited ||      3.894351417634 ||0.204431170365
   4   ||  Biomass1 || limited ||     0.9927836815945 ||0.06618060289471
   5   ||  Biomass2 || limited ||     0.9110010555789 ||0.05487075628427
   6   ||   vm_mean || limited ||     0.4266589483176 ||0.002498126304554
   7   ||  vm_sigma || limited ||      39.70344489537 ||1.106706362194
   8   ||Recruit year 1 || limited ||      2.747673909981 ||0.1007185839468
   9   ||Recruit year 2 || limited ||      4.117292936583 ||0.138200948884
  10   ||Recruit year 3 || limited ||      7.898288488941 ||0.2583459955993
  11   ||Recruit year 4 || limited ||      2.505898632444 ||0.100721002582





