# Minimum negative log likelihood

Minuit did successfully converge.
# of function calls: 1527
minimum function Value: 640.2564688675
minimum edm: 2.020701851575e-05
minimum internal state vector: LAVector parameters:
      1.569294155985
     -1.356585376757
     -1.287002217587
     -1.108201398778
     -1.486418203384
     -1.488677783564
     0.5710187956996
   -0.00123476260825
    -0.7899141198642
    -0.8593098249411
    -0.8103755047775
    -0.9523361920349

minimum internal covariance matrix: LASymMatrix parameters:
     0.83069751   -0.001326582              0 -0.00015296286  0.00059226601  0.00056665097  5.1641906e-05   -0.001874526     0.00561681   0.0046643636   0.0049034897   0.0036882672
   -0.001326582  9.0363808e-05              0 -8.4112205e-07 -3.5093798e-05 -3.4181172e-05  1.5360669e-05 -0.00043659761 -0.00028657056 -0.00024766998 -0.00026512482 -0.00023730544
              0              0              2              0              0              0              0              0              0              0              0              0
 -0.00015296286 -8.4112205e-07              0  0.00027311813 -6.9670675e-08  -1.075566e-07 -3.4014467e-07 -1.1025099e-05  5.5604366e-06  4.2008963e-06  2.1910932e-06  2.0751964e-06
  0.00059226601 -3.5093798e-05              0 -6.9670675e-08  6.1323058e-05   5.394512e-05 -5.8428669e-06  0.00014271088  0.00010984317  9.7187315e-05   0.0001023483  9.2753933e-05
  0.00056665097 -3.4181172e-05              0  -1.075566e-07   5.394512e-05  4.7734076e-05 -5.7015626e-06  0.00014328215   0.0001071041  9.4774931e-05  9.9650715e-05  9.1296736e-05
  5.1641906e-05  1.5360669e-05              0 -3.4014467e-07 -5.8428669e-06 -5.7015626e-06  1.0852634e-05 -0.00019372167 -4.7751289e-05 -4.1849036e-05 -4.4187198e-05 -3.7613168e-05
   -0.001874526 -0.00043659761              0 -1.1025099e-05  0.00014271088  0.00014328215 -0.00019372167     0.01129069   0.0013433213   0.0012083517   0.0012637484   0.0011177939
     0.00561681 -0.00028657056              0  5.5604366e-06  0.00010984317   0.0001071041 -4.7751289e-05   0.0013433213  0.00095431153  0.00079447339   0.0008427002   0.0007610558
   0.0046643636 -0.00024766998              0  4.2008963e-06  9.7187315e-05  9.4774931e-05 -4.1849036e-05   0.0012083517  0.00079447339  0.00072033213  0.00072780184  0.00065124329
   0.0049034897 -0.00026512482              0  2.1910932e-06   0.0001023483  9.9650715e-05 -4.4187198e-05   0.0012637484   0.0008427002  0.00072780184  0.00083074062  0.00069846109
   0.0036882672 -0.00023730544              0  2.0751964e-06  9.2753933e-05  9.1296736e-05 -3.7613168e-05   0.0011177939   0.0007610558  0.00065124329  0.00069846109   0.0007276489


# ext. ||   Name    ||   type  ||     Value     ||  Error +/- 

   0   ||Natural mortality || limited ||    0.06999997179354** ||0.005014620665391
   1   ||Targeted q || limited ||      1.142778408147 ||0.07144374414456
   2   ||Nontargeted q || limited ||                   2 ||22.06548931833
   3   ||     sigma || limited ||      5.255126570668 ||0.2607473092816
   4   ||  Biomass1 || limited ||      1.778861143402 ||0.2333345721032
   5   ||  Biomass2 || limited ||      1.684916619605 ||0.2003643991698
   6   ||   vm_mean || limited ||      1.697997822513 ||0.006157141641486
   7   ||  vm_sigma || limited ||       39.9511101256 ||3.002553603681
   8   ||Recruit year 1 || limited ||      14.49391029078 ||0.7686647855692
   9   ||Recruit year 2 || limited ||      12.13918264208 ||0.6194962925424
  10   ||Recruit year 3 || limited ||      13.78132106736 ||0.7022247680101
  11   ||Recruit year 4 || limited ||       9.27046349964 ||0.5528538176928

** Parameter is at Upper limit




