# Minimum negative log likelihood

Minuit did successfully converge.
# of function calls: 1484
minimum function Value: 585.0854812039
minimum edm: 1.074951774239e-05
minimum internal state vector: LAVector parameters:
     0.8794313364143
     -1.064249943973
     -1.287002217587
     -1.166515413456
     -1.464301527834
     -1.471584313355
    -0.9696900464647
     -1.165033982204
     -1.117561207219
     -1.086587463491
     -1.173146900045
    0.03794971035945
     0.1124410743598
     0.0328719263203
    0.06440395768497

minimum internal covariance matrix: LASymMatrix parameters:
    0.047138081  -0.0021128896              0  2.5429794e-05   0.0004605672  0.00041778569  -0.0015920959   0.0025684742    0.002969188   0.0030294835   0.0026113473  0.00024522454  0.00022359545  0.00025142518  0.00024721945
  -0.0021128896  0.00011495724              0 -1.0248011e-06 -2.5194492e-05 -2.2764284e-05  4.8269483e-05 -0.00012062889 -0.00014025379 -0.00014241099 -0.00012774958 -8.5578636e-06  -7.217438e-06 -8.9688164e-06 -9.4594869e-06
              0              0              2              0              0              0              0              0              0              0              0              0              0              0              0
  2.5429794e-05 -1.0248011e-06              0  0.00019638168 -1.5273513e-07 -2.3643104e-07 -1.5493499e-06  1.7535646e-06  2.3100055e-06   1.271268e-06 -1.9645925e-08  4.1192028e-07  3.5454574e-07  1.5614328e-07  1.4512203e-07
   0.0004605672 -2.5194492e-05              0 -1.5273513e-07  1.1164256e-05  9.4257278e-06 -1.1141353e-05  2.6565197e-05  3.0207981e-05  3.1182851e-05  2.7935596e-05  1.8047373e-06  1.6314502e-06  2.0065211e-06  2.1260066e-06
  0.00041778569 -2.2764284e-05              0 -2.3643104e-07  9.4257278e-06  8.0610032e-06 -9.9614572e-06  2.4026136e-05  2.7426917e-05  2.8270925e-05  2.5298567e-05  1.6717765e-06  1.4736803e-06  1.8182786e-06  1.9314591e-06
  -0.0015920959  4.8269483e-05              0 -1.5493499e-06 -1.1141353e-05 -9.9614572e-06  0.00016865178 -7.9475159e-05 -8.9170631e-05 -9.3770935e-05 -7.6505377e-05 -1.4182863e-05 -1.4860821e-05 -1.4288956e-05 -1.4321617e-05
   0.0025684742 -0.00012062889              0  1.7535646e-06  2.6565197e-05  2.4026136e-05 -7.9475159e-05  0.00015304174  0.00016365882  0.00016641539  0.00014459291  1.2834605e-05   1.138677e-05  1.2992316e-05  1.2935634e-05
    0.002969188 -0.00014025379              0  2.3100055e-06  3.0207981e-05  2.7426917e-05 -8.9170631e-05  0.00016365882  0.00020094291  0.00019282591  0.00016756642   1.445996e-05  1.2467178e-05  1.5018152e-05  1.4825999e-05
   0.0030294835 -0.00014241099              0   1.271268e-06  3.1182851e-05  2.8270925e-05 -9.3770935e-05  0.00016641539  0.00019282591  0.00020844628  0.00017116236  1.4874283e-05  1.3342924e-05   1.547733e-05   1.523456e-05
   0.0026113473 -0.00012774958              0 -1.9645925e-08  2.7935596e-05  2.5298567e-05 -7.6505377e-05  0.00014459291  0.00016756642  0.00017116236  0.00016759981  1.2301027e-05  1.0967857e-05  1.2627599e-05  1.4008039e-05
  0.00024522454 -8.5578636e-06              0  4.1192028e-07  1.8047373e-06  1.6717765e-06 -1.4182863e-05  1.2834605e-05   1.445996e-05  1.4874283e-05  1.2301027e-05  2.8710129e-06  1.6797079e-06  1.6984092e-06  1.6094405e-06
  0.00022359545  -7.217438e-06              0  3.5454574e-07  1.6314502e-06  1.4736803e-06 -1.4860821e-05   1.138677e-05  1.2467178e-05  1.3342924e-05  1.0967857e-05  1.6797079e-06  3.1880925e-06  1.6792555e-06  1.5891854e-06
  0.00025142518 -8.9688164e-06              0  1.5614328e-07  2.0065211e-06  1.8182786e-06 -1.4288956e-05  1.2992316e-05  1.5018152e-05   1.547733e-05  1.2627599e-05  1.6984092e-06  1.6792555e-06  2.5454458e-06  1.6370649e-06
  0.00024721945 -9.4594869e-06              0  1.4512203e-07  2.1260066e-06  1.9314591e-06 -1.4321617e-05  1.2935634e-05  1.4825999e-05   1.523456e-05  1.4008039e-05  1.6094405e-06  1.5891854e-06  1.6370649e-06  3.2220104e-06


# ext. ||   Name    ||   type  ||     Value     ||  Error +/- 

   0   ||Natural mortality || limited ||     0.0642594107411 ||0.002437500291709
   1   ||Targeted q || limited ||      6.278736159623 ||0.1839095089909
   2   ||Nontargeted q || limited ||                   2 ||22.06548931833
   3   ||     sigma || limited ||      4.030725342557 ||0.1948884452351
   4   ||  Biomass1 || limited ||      2.832606949517 ||0.1255673364109
   5   ||  Biomass2 || limited ||      2.458738124967 ||0.09942619749057
   6   ||  vm_sigma || limited ||       7.01249407006 ||0.2077322442807
   7   ||Recruit year 1 || limited ||      4.069506406408 ||0.1726232814071
   8   ||Recruit year 2 || limited ||      5.057733813224 ||0.2194280234893
   9   ||Recruit year 3 || limited ||       5.75724987986 ||0.237590212222
  10   ||Recruit year 4 || limited ||      3.910919620076 ||0.1772295854819
  11   ||Mean Rec dist 1 || limited ||     0.3794060194312 ||0.01197263278549
  12   ||Mean Rec dist 2 || limited ||      1.122042920973 ||0.01254582275691
  13   ||Mean Rec dist 3 || limited ||     0.3286600660596 ||0.01127540499603
  14   ||Mean Rec dist 4 || limited ||     0.6435944371307 ||0.01266622017824





