# Minimum negative log likelihood

Minuit did successfully converge.
# of function calls: 1077
minimum function Value: 627.1524387036
minimum edm: 7.598255104879e-06
minimum internal state vector: LAVector parameters:
     -1.068629221001
    -0.9731392452539
     -1.287002217587
     -1.122782308062
     -1.540636892085
     -1.541572598494
    -0.4720239223837
    -0.9326873380053
       -1.0304242915
     -1.039144757828
     -1.245385035489
     -1.142214124447

minimum internal covariance matrix: LASymMatrix parameters:
      0.2744212   -0.010005742              0  0.00010083366  0.00021486112  0.00025099919  0.00082787298  -0.0020328669    0.011222984    0.011480941    0.005747254   0.0076057629
   -0.010005742  0.00037694052              0 -5.6007266e-06 -8.3860742e-06 -1.0213357e-05 -2.1983297e-05  4.1945298e-05 -0.00040834224  -0.0004184955 -0.00020912458 -0.00027738324
              0              0              2              0              0              0              0              0              0              0              0              0
  0.00010083366 -5.6007266e-06              0  0.00027055546  1.2325747e-06  5.7084934e-07 -6.2880235e-07  1.8671955e-06  4.5731516e-06  2.9197251e-06 -2.9221542e-07  6.5166809e-07
  0.00021486112 -8.3860742e-06              0  1.2325747e-06  8.6441651e-06  5.6898953e-06  3.2695945e-07 -5.9642532e-06  1.1274863e-05  9.6333808e-06  4.7723108e-06  6.5400483e-06
  0.00025099919 -1.0213357e-05              0  5.7084934e-07  5.6898953e-06  4.5047691e-06 -2.1971368e-08  -2.108578e-07  1.1124311e-05  1.1006461e-05  5.4996283e-06  7.4975093e-06
  0.00082787298 -2.1983297e-05              0 -6.2880235e-07  3.2695945e-07 -2.1971368e-08   1.413349e-05 -3.9218115e-05  3.4845183e-05  3.4573839e-05  1.7120161e-05  2.2684046e-05
  -0.0020328669  4.1945298e-05              0  1.8671955e-06 -5.9642532e-06  -2.108578e-07 -3.9218115e-05  0.00024334558  -8.953346e-05 -8.7523691e-05 -4.2556912e-05  -5.677119e-05
    0.011222984 -0.00040834224              0  4.5731516e-06  1.1274863e-05  1.1124311e-05  3.4845183e-05  -8.953346e-05  0.00046940365  0.00046961083  0.00023458662  0.00031059637
    0.011480941  -0.0004184955              0  2.9197251e-06  9.6333808e-06  1.1006461e-05  3.4573839e-05 -8.7523691e-05  0.00046961083  0.00048926812  0.00024030803  0.00031826476
    0.005747254 -0.00020912458              0 -2.9221542e-07  4.7723108e-06  5.4996283e-06  1.7120161e-05 -4.2556912e-05  0.00023458662  0.00024030803  0.00012995955  0.00015928117
   0.0076057629 -0.00027738324              0  6.5166809e-07  6.5400483e-06  7.4975093e-06  2.2684046e-05  -5.677119e-05  0.00031059637  0.00031826476  0.00015928117  0.00021983803


# ext. ||   Name    ||   type  ||     Value     ||  Error +/- 

   0   ||Natural mortality || limited ||    0.02308646159686 ||0.004356080632924
   1   ||Targeted q || limited ||      8.667187013484 ||0.3862426917173
   2   ||Nontargeted q || limited ||                   2 ||22.06548931833
   3   ||     sigma || limited ||      4.934542027428 ||0.2519057964951
   4   ||  Biomass1 || limited ||     0.2273806394332 ||0.03134538277233
   5   ||  Biomass2 || limited ||     0.2134913793676 ||0.02192627790343
   6   ||   vm_mean || limited ||     -1.428450203176 ||0.007438169479611
   7   ||  vm_sigma || limited ||      7.871956557029 ||0.2628171853056
   8   ||Recruit year 1 || limited ||      7.133420322975 ||0.3940172669944
   9   ||Recruit year 2 || limited ||      6.910761305569 ||0.3964048834094
  10   ||Recruit year 3 || limited ||      2.633771729669 ||0.1288402612755
  11   ||Recruit year 4 || limited ||      4.531754062218 ||0.2178268433721





