# Minimum negative log likelihood

Minuit did successfully converge.
# of function calls: 1097
minimum function Value: 266.4305336711
minimum edm: 8.483947324616e-05
minimum internal state vector: LAVector parameters:
    -0.9610617597431
     -1.055389257511
     -1.287002217587
     -1.383863149802
      -1.50355460157
     -1.505990866766
    -0.2821946887777
   -0.08036632389499
     -1.467250021862
     -1.206332551818
     -1.200369917466
     -1.000109259667

minimum internal covariance matrix: LASymMatrix parameters:
  0.00026676421 -7.0827625e-05              0  1.2959888e-05  9.0371944e-06  8.5811808e-06  7.5219713e-07 -3.7334115e-05  1.5579706e-05  6.2078174e-05  6.7478649e-05  7.5736182e-05
 -7.0827625e-05  1.9180187e-05              0 -3.5037218e-06 -2.4054612e-06 -2.2885218e-06 -1.0241422e-07  5.9955384e-06  -4.099436e-06 -1.6497576e-05 -1.7934665e-05 -2.0150758e-05
              0              0              2              0              0              0              0              0              0              0              0              0
  1.2959888e-05 -3.5037218e-06              0  4.4183905e-05  3.7045725e-07  3.6068322e-07  7.0591012e-08 -1.0126526e-06  6.6594149e-07  3.1197437e-06   3.449315e-06  3.8817773e-06
  9.0371944e-06 -2.4054612e-06              0  3.7045725e-07  6.7497116e-07  5.9395049e-07 -8.7340179e-09 -3.9429526e-06  7.2563043e-07  2.1282528e-06  2.3094896e-06  2.5854915e-06
  8.5811808e-06 -2.2885218e-06              0  3.6068322e-07  5.9395049e-07  5.2837357e-07 -4.6687091e-09 -3.3808043e-06  6.4509702e-07  2.0184804e-06  2.1914892e-06  2.4516333e-06
  7.5219713e-07 -1.0241422e-07              0  7.0591012e-08 -8.7340179e-09 -4.6687091e-09  1.4507209e-07 -1.6935544e-06  3.1250267e-08  1.6316539e-07  1.8097655e-07  2.0776001e-07
 -3.7334115e-05  5.9955384e-06              0 -1.0126526e-06 -3.9429526e-06 -3.3808043e-06 -1.6935544e-06   0.0003018667 -5.0120761e-06 -9.5035998e-06 -1.0090621e-05 -1.1577966e-05
  1.5579706e-05  -4.099436e-06              0  6.6594149e-07  7.2563043e-07  6.4509702e-07  3.1250267e-08 -5.0120761e-06  1.5225755e-06  3.6396837e-06  3.9574508e-06  4.4446538e-06
  6.2078174e-05 -1.6497576e-05              0  3.1197437e-06  2.1282528e-06  2.0184804e-06  1.6316539e-07 -9.5035998e-06  3.6396837e-06  1.4734151e-05  1.5726727e-05  1.7635946e-05
  6.7478649e-05 -1.7934665e-05              0   3.449315e-06  2.3094896e-06  2.1914892e-06  1.8097655e-07 -1.0090621e-05  3.9574508e-06  1.5726727e-05  1.7365789e-05  1.9168332e-05
  7.5736182e-05 -2.0150758e-05              0  3.8817773e-06  2.5854915e-06  2.4516333e-06  2.0776001e-07 -1.1577966e-05  4.4446538e-06  1.7635946e-05  1.9168332e-05  2.1865603e-05


# ext. ||   Name    ||   type  ||     Value     ||  Error +/- 

   0   ||Natural mortality || limited ||    0.02702999296972 ||0.0009920180141722
   1   ||Targeted q || limited ||      6.495392280535 ||0.07631851773225
   2   ||Nontargeted q || limited ||                   2 ||22.06548931833
   3   ||     sigma || limited ||      0.871059352793 ||0.04367566811946
   4   ||  Biomass1 || limited ||      1.129936560604 ||0.0195168225815
   5   ||  Biomass2 || limited ||      1.049569507973 ||0.01664305688212
   6   ||   vm_mean || limited ||     -0.874821081555 ||0.0008126434385634
   7   ||  vm_sigma || limited ||      36.78934650462 ||0.4898151704427
   8   ||Recruit year 1 || limited ||     0.2777797411547 ||0.004508781547584
   9   ||Recruit year 2 || limited ||      3.293919975083 ||0.04836934455853
  10   ||Recruit year 3 || limited ||      3.401007632486 ||0.05333131835489
  11   ||Recruit year 4 || limited ||      7.932706998311 ||0.0893006104567





