# Minimum negative log likelihood

Minuit did successfully converge.
# of function calls: 935
minimum function Value: 658.9952801996
minimum edm: 5.394244836103e-05
minimum internal state vector: LAVector parameters:
     0.5481548370657
     -1.229987921174
     -1.287002217587
     -1.086451112213
      -1.39497313272
     -1.402137172059
     0.1368623771938
     -1.328541463699
     -1.033660572431
     -1.161474098098
     -1.006687668511
     0.1113416254544
    0.03588317111024
    0.07917916326833
    0.08828243405594

minimum internal covariance matrix: LASymMatrix parameters:
    0.037365315  -0.0034467826              0  -8.791445e-05   0.0018184512   0.0017059001   -0.011359979   0.0032729723   0.0070346856   0.0051734307   0.0074522462  9.7540802e-05  0.00015228495  0.00015459261  0.00014180847
  -0.0034467826  0.00035477059              0   1.014886e-05 -0.00018963423 -0.00017709751  0.00082742368 -0.00031823647 -0.00067926222 -0.00049515075  -0.0007335806 -5.7003327e-06 -1.1463147e-05 -1.2319684e-05  -1.204047e-05
              0              0              2              0              0              0              0              0              0              0              0              0              0              0              0
  -8.791445e-05   1.014886e-05              0  0.00031295639 -1.0678479e-05 -9.5436058e-06  8.1270669e-06 -5.1563789e-06 -1.7922273e-05 -1.2089415e-05 -2.1028259e-05 -1.2373879e-06 -6.5756699e-08  2.4585012e-07  6.7648805e-09
   0.0018184512 -0.00018963423              0 -1.0678479e-05  0.00011975636  0.00011013123  -0.0004336879  0.00017047727  0.00036032022  0.00026557875  0.00039045408  2.1674324e-06  5.9639664e-06  6.2366512e-06  6.2538015e-06
   0.0017059001 -0.00017709751              0 -9.5436058e-06  0.00011013123  0.00010153525 -0.00040998355  0.00015913404  0.00033738492  0.00024879072  0.00036542118  2.2872126e-06   5.638659e-06  5.8847097e-06  5.8873346e-06
   -0.011359979  0.00082742368              0  8.1270669e-06  -0.0004336879 -0.00040998355    0.023372844 -0.00087362347  -0.0019593959  -0.0013864467  -0.0020287281 -8.8695326e-05  -0.0001403323 -0.00012882186 -0.00013007009
   0.0032729723 -0.00031823647              0 -5.1563789e-06  0.00017047727  0.00015913404 -0.00087362347  0.00032339321  0.00063062674    0.000454165  0.00066931101  2.2067818e-06  1.2325425e-05  1.2810279e-05  1.1933798e-05
   0.0070346856 -0.00067926222              0 -1.7922273e-05  0.00036032022  0.00033738492  -0.0019593959  0.00063062674   0.0013762006  0.00099034804   0.0014458289  1.5720493e-05  2.6574392e-05  2.7449543e-05  2.5827777e-05
   0.0051734307 -0.00049515075              0 -1.2089415e-05  0.00026557875  0.00024879072  -0.0013864467    0.000454165  0.00099034804  0.00076637147   0.0010651272  1.3591503e-05  1.9355279e-05  1.8853812e-05  1.9096803e-05
   0.0074522462  -0.0007335806              0 -2.1028259e-05  0.00039045408  0.00036542118  -0.0020287281  0.00066931101   0.0014458289   0.0010651272   0.0016040663  1.6684621e-05   2.716704e-05  2.8057031e-05  2.8591297e-05
  9.7540802e-05 -5.7003327e-06              0 -1.2373879e-06  2.1674324e-06  2.2872126e-06 -8.8695326e-05  2.2067818e-06  1.5720493e-05  1.3591503e-05  1.6684621e-05  1.9158824e-05  9.2622522e-07  8.6117575e-07  5.8459277e-07
  0.00015228495 -1.1463147e-05              0 -6.5756699e-08  5.9639664e-06   5.638659e-06  -0.0001403323  1.2325425e-05  2.6574392e-05  1.9355279e-05   2.716704e-05  9.2622522e-07  2.3120065e-06  1.0656433e-06  9.9407019e-07
  0.00015459261 -1.2319684e-05              0  2.4585012e-07  6.2366512e-06  5.8847097e-06 -0.00012882186  1.2810279e-05  2.7449543e-05  1.8853812e-05  2.8057031e-05  8.6117575e-07  1.0656433e-06  4.3945522e-06  8.7475555e-07
  0.00014180847  -1.204047e-05              0  6.7648805e-09  6.2538015e-06  5.8873346e-06 -0.00013007009  1.1933798e-05  2.5827777e-05  1.9096803e-05  2.8591297e-05  5.8459277e-07  9.9407019e-07  8.7475555e-07  2.8306378e-06


# ext. ||   Name    ||   type  ||     Value     ||  Error +/- 

   0   ||Natural mortality || limited ||    0.05802783233494 ||0.002907390505272
   1   ||Targeted q || limited ||      2.875761766815 ||0.2225800491958
   2   ||Nontargeted q || limited ||                   2 ||22.06548931833
   3   ||     sigma || limited ||      5.750998706352 ||0.2912229527449
   4   ||  Biomass1 || limited ||      7.708559757711 ||0.6767623866103
   5   ||  Biomass2 || limited ||      7.094635890709 ||0.5980103968231
   6   ||  vm_sigma || limited ||       45.4578521251 ||4.275322821509
   7   ||Recruit year 1 || limited ||      1.469878043194 ||0.1525041079877
   8   ||Recruit year 2 || limited ||      7.050407246677 ||0.670963190347
   9   ||Recruit year 3 || limited ||      4.140048048437 ||0.3894691710293
  10   ||Recruit year 4 || limited ||      7.755950162322 ||0.7569106802503
  11   ||Mean Rec dist 1 || limited ||      1.111117184405 ||0.03075892714286
  12   ||Mean Rec dist 2 || limited ||     0.3587547106569 ||0.01074483585513
  13   ||Mean Rec dist 3 || limited ||     0.7909645568416 ||0.01477676488039
  14   ||Mean Rec dist 4 || limited ||     0.8816780297066 ||0.01185038463423





