# Minimum negative log likelihood

Minuit did successfully converge.
# of function calls: 654
minimum function Value: 594.9060688933
minimum edm: 1.528945594661e-05
minimum internal state vector: LAVector parameters:
     0.8764722902229
     -1.180965935519
     -1.287002217587
     -1.156715202139
     -1.532374965372
     -1.510918969442
     -1.036208002421
    -0.3453466549223
     -1.307457610826
    -0.9856056322929
    -0.9968044288034
     -1.419252760852

minimum internal covariance matrix: LASymMatrix parameters:
     0.30524153   -0.022361269              0 -0.00024921467    0.001840828   0.0036274303   -0.000132434 -0.00067593445   0.0098693126    0.034288316    0.031443237   0.0081057684
   -0.022361269   0.0016610385              0  1.8061374e-05 -0.00013811148 -0.00026709673   2.025177e-05 -4.6187735e-05 -0.00075001669  -0.0025283603  -0.0023181434 -0.00059751243
              0              0              2              0              0              0              0              0              0              0              0              0
 -0.00024921467  1.8061374e-05              0  0.00018618108  2.0767181e-07  -3.136127e-06  1.3381755e-06  4.0561561e-06 -8.4076056e-07 -2.8753212e-05 -2.6435699e-05 -7.9299293e-06
    0.001840828 -0.00013811148              0  2.0767181e-07  2.1394008e-05  2.6311198e-05  -9.270594e-07 -5.1173474e-07  6.7309529e-05  0.00020929043  0.00019174422  4.8891986e-05
   0.0036274303 -0.00026709673              0  -3.136127e-06  2.6311198e-05  4.9044436e-05 -3.3153433e-06  3.2104294e-06  8.3868866e-05  0.00040847755  0.00037432551  9.6297184e-05
   -0.000132434   2.025177e-05              0  1.3381755e-06  -9.270594e-07 -3.3153433e-06  1.5059379e-05 -9.2747853e-05  -7.656841e-06 -2.1583668e-05 -1.9808947e-05 -5.3601965e-06
 -0.00067593445 -4.6187735e-05              0  4.0561561e-06 -5.1173474e-07  3.2104294e-06 -9.2747853e-05   0.0023219696 -0.00011289552 -2.8873366e-05 -8.6107955e-06  5.8432954e-05
   0.0098693126 -0.00075001669              0 -8.4076056e-07  6.7309529e-05  8.3868866e-05  -7.656841e-06 -0.00011289552   0.0007539733   0.0011303921   0.0010365163  0.00026179722
    0.034288316  -0.0025283603              0 -2.8753212e-05  0.00020929043  0.00040847755 -2.1583668e-05 -2.8873366e-05   0.0011303921   0.0038746312   0.0035430475  0.00091255314
    0.031443237  -0.0023181434              0 -2.6435699e-05  0.00019174422  0.00037432551 -1.9808947e-05 -8.6107955e-06   0.0010365163   0.0035430475   0.0032588351  0.00083701336
   0.0081057684 -0.00059751243              0 -7.9299293e-06  4.8891986e-05  9.6297184e-05 -5.3601965e-06  5.8432954e-05  0.00026179722  0.00091255314  0.00083701336   0.0002295526


# ext. ||   Name    ||   type  ||     Value     ||  Error +/- 

   0   ||Natural mortality || limited ||     0.0642121600856 ||0.006091610486503
   1   ||Targeted q || limited ||      3.751323508724 ||0.5475255400837
   2   ||Nontargeted q || limited ||                   2 ||22.06548931833
   3   ||     sigma || limited ||      4.225679230128 ||0.1940970100524
   4   ||  Biomass1 || limited ||     0.3690048562629 ||0.06281541073822
   5   ||  Biomass2 || limited ||     0.8960567137011 ||0.1481668974711
   6   ||   vm_mean || limited ||     -2.703272762956 ||0.004392086061586
   7   ||  vm_sigma || limited ||       26.4597538471 ||1.282195069686
   8   ||Recruit year 1 || limited ||      1.733513901179 ||0.2526654185131
   9   ||Recruit year 2 || limited ||      8.328829566709 ||1.215087218746
  10   ||Recruit year 3 || limited ||      8.022192858096 ||1.095507792807
  11   ||Recruit year 4 || limited ||     0.5829810714089 ||0.08085712768052





