# Minimum negative log likelihood

Minuit did successfully converge.
# of function calls: 1750
minimum function Value: 166.8622505592
minimum edm: 8.650785689397e-06
minimum internal state vector: LAVector parameters:
     -1.546728080412
     -1.028536209464
     -1.287002217587
     -1.003852501551
     -1.544156995702
     -1.489509948525
    -0.1953041567661
      2.177859756848
    -0.9724540090034
    -0.9967385235981
    -0.9875863580111
     -1.214378652693

minimum internal covariance matrix: LASymMatrix parameters:
     0.18717635 -0.00036088702              0  -0.0011885269  2.9715558e-05 -0.00014766615  0.00062190502     0.24199016      0.0011179  0.00085702271  0.00073008219   0.0004072668
 -0.00036088702  5.5174994e-06              0  2.8641633e-06 -9.9484082e-07 -2.3717508e-07 -7.8305248e-07 -0.00046392026 -4.6207331e-06 -5.4680354e-07  6.0208771e-07  5.5711304e-07
              0              0      5.7806935              0              0              0              0              0              0              0              0              0
  -0.0011885269  2.8641633e-06              0   0.0019471001  -9.722288e-06 -2.9789013e-05 -7.6264391e-06  -0.0028660522  2.9203139e-05 -6.5876152e-07  1.9763179e-06  -1.320773e-05
  2.9715558e-05 -9.9484082e-07              0  -9.722288e-06   8.280993e-05 -1.0111493e-06   3.828762e-08  0.00014735566   3.095999e-05 -5.3170979e-08  1.0700099e-06  1.2815283e-06
 -0.00014766615 -2.3717508e-07              0 -2.9789013e-05 -1.0111493e-06  7.0853566e-05 -1.4359401e-06 -0.00051336335 -0.00011365904  5.9232235e-07  1.9363306e-07 -3.3697994e-06
  0.00062190502 -7.8305248e-07              0 -7.6264391e-06   3.828762e-08 -1.4359401e-06  3.0382943e-06  0.00078757823 -3.0959813e-06  3.3960168e-06  3.1289062e-06  1.7793941e-06
     0.24199016 -0.00046392026              0  -0.0028660522  0.00014735566 -0.00051336335  0.00078757823     0.31823879   0.0024224882  0.00097443549  0.00081900407  0.00050132088
      0.0011179 -4.6207331e-06              0  2.9203139e-05   3.095999e-05 -0.00011365904 -3.0959813e-06   0.0024224882  0.00030738214 -4.0600555e-06 -5.4979936e-06  4.8132451e-06
  0.00085702271 -5.4680354e-07              0 -6.5876152e-07 -5.3170979e-08  5.9232235e-07  3.3960168e-06  0.00097443549 -4.0600555e-06  2.6077544e-05  6.6718672e-06  8.9607984e-07
  0.00073008219  6.0208771e-07              0  1.9763179e-06  1.0700099e-06  1.9363306e-07  3.1289062e-06  0.00081900407 -5.4979936e-06  6.6718672e-06  2.5357371e-05  1.4029034e-06
   0.0004072668  5.5711304e-07              0  -1.320773e-05  1.2815283e-06 -3.3697994e-06  1.7793941e-06  0.00050132088  4.8132451e-06  8.9607984e-07  1.4029034e-06  2.1073368e-05


# ext. ||   Name    ||   type  ||     Value     ||  Error +/- 

   0   ||Natural mortality || limited ||  4.344393905054e-05 ||0.006962524405568
   1   ||Targeted q || limited ||      7.172775797738 ||0.04285852899144
   2   ||Nontargeted q || limited ||                   2 ||70.15313319403
   3   ||     sigma || limited ||      7.822687466021 ||0.8377196003897
   4   ||  Biomass1 || limited ||     0.1774029986662 ||0.08569691061164
   5   ||  Biomass2 || limited ||      1.650959466507 ||0.241642156583
   6   ||   vm_mean || limited ||     -1.940649182815 ||0.01209104430859
   7   ||  vm_sigma || limited ||      72.85315920476 ||8.86259015853
   8   ||Recruit year 1 || limited ||      8.695607437918 ||0.3491074577264
   9   ||Recruit year 2 || limited ||      8.023982058845 ||0.09803448876359
  10   ||Recruit year 3 || limited ||      8.274213306198 ||0.09803534385304
  11   ||Recruit year 4 || limited ||      3.152046919636 ||0.05662429017536





