# Minimum negative log likelihood

Minuit did successfully converge.
# of function calls: 1617
minimum function Value: 525.5183269061
minimum edm: 5.564332437363e-05
minimum internal state vector: LAVector parameters:
     -1.562030970999
      -1.04054719818
     -1.287002217587
     -1.221033828817
     -1.450201854446
     -1.451949098089
     0.2338668198419
    -0.3343976615773
     -1.338034299478
     -1.092132044607
    -0.9982793929165
     -1.247184965338

minimum internal covariance matrix: LASymMatrix parameters:
     0.81829982  -0.0011447029              0 -0.00019357261  0.00026916764  0.00025207971  0.00012070429 -0.00042859121  0.00050274743   0.0013334824   0.0014563535  0.00062110414
  -0.0011447029  4.8391362e-06              0 -1.2940436e-06 -1.7453624e-06 -1.5674475e-06   1.486938e-06 -2.8604773e-05 -5.1567651e-07 -2.1915741e-06 -2.0530565e-06 -7.3813914e-07
              0              0              2              0              0              0              0              0              0              0              0              0
 -0.00019357261 -1.2940436e-06              0  0.00014953381 -5.1194318e-07 -4.3927896e-07  1.1334405e-07  2.6220922e-06  4.9304021e-07  8.6022987e-07  1.7637712e-06  7.8610818e-07
  0.00026916764 -1.7453624e-06              0 -5.1194318e-07  4.0166075e-06    3.49899e-06 -3.7783686e-07  7.0484795e-06  6.6610616e-07  1.0841499e-06  1.0985745e-06  4.2296507e-07
  0.00025207971 -1.5674475e-06              0 -4.3927896e-07    3.49899e-06  3.0650497e-06 -3.2732303e-07  6.3689757e-06  5.7131739e-07  9.9423994e-07  1.0051479e-06  3.8772842e-07
  0.00012070429   1.486938e-06              0  1.1334405e-07 -3.7783686e-07 -3.2732303e-07  2.3461292e-06 -3.1026736e-05 -2.7036441e-09   7.755831e-08  1.2851605e-07  1.7714688e-07
 -0.00042859121 -2.8604773e-05              0  2.6220922e-06  7.0484795e-06  6.3689757e-06 -3.1026736e-05  0.00080407935  2.5826451e-06    5.21462e-06   1.954754e-06 -6.2967555e-07
  0.00050274743 -5.1567651e-07              0  4.9304021e-07  6.6610616e-07  5.7131739e-07 -2.7036441e-09  2.5826451e-06  3.6438506e-06  7.7002292e-07  6.9180506e-07  3.8662652e-07
   0.0013334824 -2.1915741e-06              0  8.6022987e-07  1.0841499e-06  9.9423994e-07   7.755831e-08    5.21462e-06  7.7002292e-07  5.7261482e-06  2.6778197e-06  1.1509838e-06
   0.0014563535 -2.0530565e-06              0  1.7637712e-06  1.0985745e-06  1.0051479e-06  1.2851605e-07   1.954754e-06  6.9180506e-07  2.6778197e-06  6.1999234e-06  1.0028735e-06
  0.00062110414 -7.3813914e-07              0  7.8610818e-07  4.2296507e-07  3.8772842e-07  1.7714688e-07 -6.2967555e-07  3.8662652e-07  1.1509838e-06  1.0028735e-06   4.128909e-06


# ext. ||   Name    ||   type  ||     Value     ||  Error +/- 

   0   ||Natural mortality || limited ||    0.02000096038713 ||0.004942166164016
   1   ||Targeted q || limited ||      6.865944954008 ||0.03933445745903
   2   ||Nontargeted q || limited ||                   2 ||22.06548931833
   3   ||     sigma || limited ||      3.027293736222 ||0.1481498892205
   4   ||  Biomass1 || limited ||      3.631352583491 ||0.08524301247154
   5   ||  Biomass2 || limited ||      3.527011521534 ||0.07339050224731
   6   ||   vm_mean || limited ||     0.7280352020324 ||0.003309971884181
   7   ||  vm_sigma || limited ||      26.87265387407 ||0.7575505471475
   8   ||Recruit year 1 || limited ||      1.358215079499 ||0.01556593466949
   9   ||Recruit year 2 || limited ||      5.628891154514 ||0.03896376582041
  10   ||Recruit year 3 || limited ||      7.982198114982 ||0.04768731922219
  11   ||Recruit year 4 || limited ||      2.605079612378 ||0.02284262461229





