# Minimum negative log likelihood

Minuit did successfully converge.
# of function calls: 1890
minimum function Value: 623.504846486
minimum edm: 1.581166013686e-05
minimum internal state vector: LAVector parameters:
    -0.9556397819404
     -1.232172658932
     -1.287002217587
     -1.126768521216
     -1.388960062747
     -1.393067622196
    -0.7875522663927
     -1.067832318533
     -1.348631846362
     -1.005320226801
     -1.230113359529
     0.1137750549082
      0.105212434777
     0.1168195223899
     0.1133095250477

minimum internal covariance matrix: LASymMatrix parameters:
     0.19475235  -0.0088929234              0 -0.00028497722   0.0049184572   0.0047425261   -0.014348947    0.021341586    0.010445793    0.023583711    0.014703612   0.0011866306   0.0012196256   0.0011247597   0.0010300265
  -0.0088929234   0.0004166457              0  1.0988744e-05 -0.00023075058 -0.00022224365  0.00059692771 -0.00097997512 -0.00047548785  -0.0010835123 -0.00067665639 -5.1541406e-05 -5.6656555e-05  -4.872612e-05 -4.8441902e-05
              0              0              2              0              0              0              0              0              0              0              0              0              0              0              0
 -0.00028497722  1.0988744e-05              0  0.00025327458 -6.7100281e-06 -6.4902087e-06  2.3376262e-05 -3.0540912e-05 -1.3059248e-05 -3.2517772e-05 -2.1962548e-05 -1.6822578e-06 -9.9580316e-07 -5.0091016e-07  3.9294748e-06
   0.0049184572 -0.00023075058              0 -6.7100281e-06  0.00013870952  0.00013247634 -0.00033761817  0.00054334122   0.0002627937  0.00059957808  0.00037458544  2.7997864e-05  3.1216552e-05  2.7047124e-05  2.7354168e-05
   0.0047425261 -0.00022224365              0 -6.4902087e-06  0.00013247634  0.00012667932 -0.00032510424  0.00052355974    0.000253431  0.00057796586  0.00036105567  2.7142658e-05  3.0082757e-05  2.6093554e-05  2.6202022e-05
   -0.014348947  0.00059692771              0  2.3376262e-05 -0.00033761817 -0.00032510424   0.0038799266  -0.0015508474 -0.00077477248   -0.001706662  -0.0010725605 -0.00014635953 -0.00010149165 -0.00015324481 -0.00011342605
    0.021341586 -0.00097997512              0 -3.0540912e-05  0.00054334122  0.00052355974  -0.0015508474   0.0023515028   0.0011427953   0.0025885572   0.0016146391  0.00012786112  0.00013591455  0.00012200549  0.00011370597
    0.010445793 -0.00047548785              0 -1.3059248e-05   0.0002627937    0.000253431 -0.00077477248   0.0011427953  0.00057276828   0.0012641175   0.0007878914  6.3524553e-05  5.9517543e-05  6.0990995e-05  5.5468336e-05
    0.023583711  -0.0010835123              0 -3.2517772e-05  0.00059957808  0.00057796586   -0.001706662   0.0025885572   0.0012641175   0.0028695534   0.0017833775  0.00014198468  0.00014773208  0.00013429603  0.00012687034
    0.014703612 -0.00067665639              0 -2.1962548e-05  0.00037458544  0.00036105567  -0.0010725605   0.0016146391   0.0007878914   0.0017833775    0.001146017  8.8415207e-05  9.2479362e-05  8.3623207e-05  8.3573639e-05
   0.0011866306 -5.1541406e-05              0 -1.6822578e-06  2.7997864e-05  2.7142658e-05 -0.00014635953  0.00012786112  6.3524553e-05  0.00014198468  8.8415207e-05   1.344635e-05  8.0416067e-06  8.5298856e-06  6.9108311e-06
   0.0012196256 -5.6656555e-05              0 -9.9580316e-07  3.1216552e-05  3.0082757e-05 -0.00010149165  0.00013591455  5.9517543e-05  0.00014773208  9.2479362e-05  8.0416067e-06  6.0175772e-05  7.2738805e-06  6.9315914e-06
   0.0011247597  -4.872612e-05              0 -5.0091016e-07  2.7047124e-05  2.6093554e-05 -0.00015324481  0.00012200549  6.0990995e-05  0.00013429603  8.3623207e-05  8.5298856e-06  7.2738805e-06  1.1487829e-05  7.0206248e-06
   0.0010300265 -4.8441902e-05              0  3.9294748e-06  2.7354168e-05  2.6202022e-05 -0.00011342605  0.00011370597  5.5468336e-05  0.00012687034  8.3573639e-05  6.9108311e-06  6.9315914e-06  7.0206248e-06  2.7694811e-05


# ext. ||   Name    ||   type  ||     Value     ||  Error +/- 

   0   ||Natural mortality || limited ||    0.02458292207487 ||0.00442930762594
   1   ||Targeted q || limited ||      2.839361926989 ||0.2397225749372
   2   ||Nontargeted q || limited ||                   2 ||22.06548931833
   3   ||     sigma || limited ||      4.848563623837 ||0.2417051270259
   4   ||  Biomass1 || limited ||      8.243355645125 ||0.7529873770532
   5   ||  Biomass2 || limited ||      7.876108115818 ||0.7035128970576
   6   ||  vm_sigma || limited ||      11.65572150215 ||1.242677287796
   7   ||Recruit year 1 || limited ||      6.201496399254 ||0.8261680881468
   8   ||Recruit year 2 || limited ||      1.238736617872 ||0.1864131187599
   9   ||Recruit year 3 || limited ||      7.792542005752 ||1.014453311525
  10   ||Recruit year 4 || limited ||      2.883378388055 ||0.3998363326125
  11   ||Mean Rec dist 1 || limited ||      1.135297485446 ||0.02576141489816
  12   ||Mean Rec dist 2 || limited ||      1.050184312682 ||0.05454883317297
  13   ||Mean Rec dist 3 || limited ||      1.165540015047 ||0.02380309553195
  14   ||Mean Rec dist 4 || limited ||      1.130672162367 ||0.03697338853411





