# Minimum negative log likelihood

Minuit did successfully converge.
# of function calls: 898
minimum function Value: 547.6066910906
minimum edm: 8.892797388923e-05
minimum internal state vector: LAVector parameters:
     0.5478784925257
     -1.141930375919
     -1.287002217587
     -1.201731664787
     -1.436211593604
     -1.442918336587
     -0.538662699581
     -1.203830316016
     -1.074467944202
     -1.374897622885
     -1.141604537649
    0.06752253223694
    0.06544727806619
     0.1072681761364
     0.1129234006678

minimum internal covariance matrix: LASymMatrix parameters:
     0.02112523  -0.0014580529              0  0.00017246786  0.00048749102  0.00045002622  -0.0025291251   0.0018948366   0.0025728875  0.00098857818   0.0021716488  0.00011608597  0.00011773033   9.585432e-05  0.00010931573
  -0.0014580529  0.00011447583              0 -1.3503277e-05 -3.8551844e-05 -3.5423196e-05   0.0001342122 -0.00013563017 -0.00018399439 -7.0309008e-05 -0.00016062552 -6.5836362e-06 -6.8171541e-06 -5.2634156e-06 -6.6046459e-06
              0              0              2              0              0              0              0              0              0              0              0              0              0              0              0
  0.00017246786 -1.3503277e-05              0  0.00018178046  4.2845123e-06  3.9090665e-06 -2.3261827e-05  1.4828507e-05  2.0133461e-05  7.5206938e-06  1.7204062e-05   1.298002e-06  1.0851655e-06 -5.6652335e-07  1.2239023e-06
  0.00048749102 -3.8551844e-05              0  4.2845123e-06  1.7775239e-05   1.583964e-05 -4.5379628e-05  4.5806887e-05  6.1972843e-05  2.3724579e-05  5.4426038e-05  2.0586949e-06  2.2428842e-06  1.9468066e-06  2.1672281e-06
  0.00045002622 -3.5423196e-05              0  3.9090665e-06   1.583964e-05  1.4190824e-05 -4.1891785e-05  4.2161312e-05  5.7095793e-05  2.1856147e-05  5.0049901e-05  1.9436401e-06  2.0866653e-06  1.7793722e-06  2.0066005e-06
  -0.0025291251   0.0001342122              0 -2.3261827e-05 -4.5379628e-05 -4.1891785e-05   0.0012241088 -0.00020820081  -0.0002832431  -0.0001083763 -0.00023106132 -2.7048474e-05 -2.8796404e-05 -2.2529271e-05 -2.8702547e-05
   0.0018948366 -0.00013563017              0  1.4828507e-05  4.5806887e-05  4.2161312e-05 -0.00020820081  0.00018035894  0.00023303394  8.9468857e-05  0.00019891012  9.6573642e-06  1.0035851e-05   8.344249e-06  9.3484298e-06
   0.0025728875 -0.00018399439              0  2.0133461e-05  6.1972843e-05  5.7095793e-05  -0.0002832431  0.00023303394  0.00032529495  0.00012137031  0.00027013019    1.33401e-05   1.352036e-05   1.144866e-05  1.2730472e-05
  0.00098857818 -7.0309008e-05              0  7.5206938e-06  2.3724579e-05  2.1856147e-05  -0.0001083763  8.9468857e-05  0.00012137031   5.509354e-05  0.00010339676  5.1558334e-06  5.2159924e-06  3.3571634e-06  4.8561922e-06
   0.0021716488 -0.00016062552              0  1.7204062e-05  5.4426038e-05  5.0049901e-05 -0.00023106132  0.00019891012  0.00027013019  0.00010339676  0.00024910056  1.0763814e-05  1.1090953e-05  9.3070331e-06  1.1210083e-05
  0.00011608597 -6.5836362e-06              0   1.298002e-06  2.0586949e-06  1.9436401e-06 -2.7048474e-05  9.6573642e-06    1.33401e-05  5.1558334e-06  1.0763814e-05  1.9810546e-06  9.0680254e-07  7.4413093e-07  8.4222633e-07
  0.00011773033 -6.8171541e-06              0  1.0851655e-06  2.2428842e-06  2.0866653e-06 -2.8796404e-05  1.0035851e-05   1.352036e-05  5.2159924e-06  1.1090953e-05  9.0680254e-07  1.4817362e-06  7.3551419e-07  8.7983597e-07
   9.585432e-05 -5.2634156e-06              0 -5.6652335e-07  1.9468066e-06  1.7793722e-06 -2.2529271e-05   8.344249e-06   1.144866e-05  3.3571634e-06  9.3070331e-06  7.4413093e-07  7.3551419e-07  6.9793056e-06  6.5079612e-07
  0.00010931573 -6.6046459e-06              0  1.2239023e-06  2.1672281e-06  2.0066005e-06 -2.8702547e-05  9.3484298e-06  1.2730472e-05  4.8561922e-06  1.1210083e-05  8.4222633e-07  8.7983597e-07  6.5079612e-07  2.1235854e-06


# ext. ||   Name    ||   type  ||     Value     ||  Error +/- 

   0   ||Natural mortality || limited ||    0.05802193542221 ||0.002189431391248
   1   ||Targeted q || limited ||       4.52810414769 ||0.157301813395
   2   ||Nontargeted q || limited ||                   2 ||22.06548931833
   3   ||     sigma || limited ||      3.366741480883 ||0.1719571423191
   4   ||  Biomass1 || limited ||      4.521431673438 ||0.2000073803289
   5   ||  Biomass2 || limited ||      4.082627017727 ||0.1698516604542
   6   ||  vm_sigma || limited ||      19.48121577095 ||0.849361741553
   7   ||Recruit year 1 || limited ||      3.338657592455 ||0.1703367206204
   8   ||Recruit year 2 || limited ||      6.042551192101 ||0.3036183433213
   9   ||Recruit year 3 || limited ||     0.9662476331835 ||0.05107520870811
  10   ||Recruit year 4 || limited ||      4.544427898106 ||0.2321802274739
  11   ||Mean Rec dist 1 || limited ||     0.6747123477146 ||0.009929842445874
  12   ||Mean Rec dist 2 || limited ||     0.6540056584651 ||0.008588940807968
  13   ||Mean Rec dist 3 || limited ||      1.070625815969 ||0.01857323070135
  14   ||Mean Rec dist 4 || limited ||      1.126835595216 ||0.01023870170061





