# Minimum negative log likelihood

Minuit did successfully converge.
# of function calls: 867
minimum function Value: 637.3781549139
minimum edm: 3.550839127186e-05
minimum internal state vector: LAVector parameters:
    -0.2434180271979
      -1.20793166442
     -1.287002217587
     -1.111393471845
     -1.368588665981
     -1.374717055486
     0.6751027608217
    -0.3922670688506
     -1.033159741445
    -0.9858159164476
     -1.093188668161
    -0.9414264507833

minimum internal covariance matrix: LASymMatrix parameters:
    0.066539328   -0.007870455              0  0.00016914793   0.0043243214   0.0042727596  0.00019271356 -0.00078229283    0.011291321    0.012700427    0.011361993    0.014065835
   -0.007870455  0.00094942956              0 -2.1821336e-05 -0.00052294871 -0.00051605243 -1.6346555e-05 -2.4189127e-05  -0.0013455838  -0.0015131117  -0.0013532238  -0.0016836995
              0              0              2              0              0              0              0              0              0              0              0              0
  0.00016914793 -2.1821336e-05              0  0.00025269773   1.178767e-05  1.1567015e-05 -1.5082133e-06  2.3449929e-05  3.0945601e-05  3.5198011e-05  3.0066477e-05  3.5215389e-05
   0.0043243214 -0.00052294871              0   1.178767e-05  0.00030038317  0.00029458076  8.5472412e-06  1.8553971e-05  0.00074086692  0.00083244527  0.00074386496  0.00092660883
   0.0042727596 -0.00051605243              0  1.1567015e-05  0.00029458076  0.00028923101  8.6841062e-06  1.5120706e-05   0.0007314932  0.00082209843   0.0007347246  0.00091488168
  0.00019271356 -1.6346555e-05              0 -1.5082133e-06  8.5472412e-06  8.6841062e-06  9.6533841e-06 -0.00010732847  2.9519644e-05  3.3244684e-05  2.9579535e-05  3.7600342e-05
 -0.00078229283 -2.4189127e-05              0  2.3449929e-05  1.8553971e-05  1.5120706e-05 -0.00010732847   0.0030257057 -7.1273916e-05 -8.1843512e-05 -7.0023537e-05 -9.9937422e-05
    0.011291321  -0.0013455838              0  3.0945601e-05  0.00074086692   0.0007314932  2.9519644e-05 -7.1273916e-05   0.0019345801   0.0021615314   0.0019335989   0.0023982509
    0.012700427  -0.0015131117              0  3.5198011e-05  0.00083244527  0.00082209843  3.3244684e-05 -8.1843512e-05   0.0021615314   0.0024441345   0.0021739974   0.0026972844
    0.011361993  -0.0013532238              0  3.0066477e-05  0.00074386496   0.0007347246  2.9579535e-05 -7.0023537e-05   0.0019335989   0.0021739974   0.0019599728   0.0024107076
    0.014065835  -0.0016836995              0  3.5215389e-05  0.00092660883  0.00091488168  3.7600342e-05 -9.9937422e-05   0.0023982509   0.0026972844   0.0024107076   0.0030326849


# ext. ||   Name    ||   type  ||     Value     ||  Error +/- 

   0   ||Natural mortality || limited ||    0.03897446772372 ||0.004401065300537
   1   ||Targeted q || limited ||      3.255808090078 ||0.38665520928
   2   ||Nontargeted q || limited ||                   2 ||22.06548931833
   3   ||     sigma || limited ||      5.184128041691 ||0.2492039439527
   4   ||  Biomass1 || limited ||      10.18720230288 ||1.23059721637
   5   ||  Biomass2 || limited ||       9.58101422342 ||1.171418778873
   6   ||   vm_mean || limited ||      1.963424846802 ||0.005387988252939
   7   ||  vm_sigma || limited ||       24.7093203886 ||1.437263551883
   8   ||Recruit year 1 || limited ||      7.063224541777 ||0.7961520100483
   9   ||Recruit year 2 || limited ||      8.323023458456 ||0.9648698477144
  10   ||Recruit year 3 || limited ||       5.60458464145 ||0.7192807919552
  11   ||Recruit year 4 || limited ||      9.589112887108 ||1.145676215836





