# Minimum negative log likelihood

Minuit did successfully converge.
# of function calls: 905
minimum function Value: 330.6098410771
minimum edm: 3.03941417813e-06
minimum internal state vector: LAVector parameters:
    -0.2857826082989
     -1.275582813343
     -1.287002217587
     -1.352559727345
     -1.546918667797
     -1.547445437079
    -0.2636402612906
    -0.4170278508038
     -1.277769279162
     -1.304955445591
     -1.075303951192
     -1.049752654619

minimum internal covariance matrix: LASymMatrix parameters:
   0.0046760315 -0.00058588781              0  2.4526289e-06  5.1489276e-05  4.9159217e-05  1.0891648e-05 -0.00018727939  0.00061244258  0.00060224015   0.0010609766   0.0010106075
 -0.00058588781  7.5357157e-05              0 -2.6571651e-07 -6.5899679e-06 -6.2983021e-06 -7.1712351e-07  1.1049635e-05 -7.7818016e-05 -7.6404347e-05 -0.00013467141  -0.0001283042
              0              0              2              0              0              0              0              0              0              0              0              0
  2.4526289e-06 -2.6571651e-07              0  5.8938085e-05   1.149493e-09 -9.9062474e-10 -2.0258954e-07  4.4450674e-07  4.1071845e-07  7.7404063e-08  2.9724118e-07  5.4795605e-07
  5.1489276e-05 -6.5899679e-06              0   1.149493e-09   2.456075e-06  2.1345179e-06  5.3421473e-08 -2.7858893e-06  7.0358054e-06   6.680846e-06  1.1765933e-05  1.1248597e-05
  4.9159217e-05 -6.2983021e-06              0 -9.9062474e-10  2.1345179e-06  1.8710645e-06  5.1798844e-08 -2.1739601e-06  6.6677172e-06  6.3894732e-06   1.124721e-05  1.0739216e-05
  1.0891648e-05 -7.1712351e-07              0 -2.0258954e-07  5.3421473e-08  5.1798844e-08  9.8402529e-07 -1.1580938e-05  1.1324124e-06  1.0935522e-06  1.8950749e-06  1.8336038e-06
 -0.00018727939  1.1049635e-05              0  4.4450674e-07 -2.7858893e-06 -2.1739601e-06 -1.1580938e-05  0.00039718423 -2.0155414e-05 -1.6769642e-05 -3.1361674e-05 -3.1220892e-05
  0.00061244258 -7.7818016e-05              0  4.1071845e-07  7.0358054e-06  6.6677172e-06  1.1324124e-06 -2.0155414e-05  8.2014909e-05  7.9190435e-05  0.00013989436  0.00013338796
  0.00060224015 -7.6404347e-05              0  7.7404063e-08   6.680846e-06  6.3894732e-06  1.0935522e-06 -1.6769642e-05  7.9190435e-05  7.9209025e-05   0.0001374759  0.00013091547
   0.0010609766 -0.00013467141              0  2.9724118e-07  1.1765933e-05   1.124721e-05  1.8950749e-06 -3.1361674e-05  0.00013989436   0.0001374759  0.00024332754   0.0002305817
   0.0010106075  -0.0001283042              0  5.4795605e-07  1.1248597e-05  1.0739216e-05  1.8336038e-06 -3.1220892e-05  0.00013338796  0.00013091547   0.0002305817  0.00022117345


# ext. ||   Name    ||   type  ||     Value     ||  Error +/- 

   0   ||Natural mortality || limited ||    0.03795228989272 ||0.001159345553066
   1   ||Targeted q || limited ||      2.162997817849 ||0.08929438215539
   2   ||Nontargeted q || limited ||                   2 ||22.06548931833
   3   ||     sigma || limited ||      1.185962097368 ||0.05876592936126
   4   ||  Biomass1 || limited ||     0.1425288777928 ||0.01322897545497
   5   ||  Biomass2 || limited ||     0.1363098187194 ||0.01129180268325
   6   ||   vm_mean || limited ||    -0.8186888441512 ||0.00212748613671
   7   ||  vm_sigma || limited ||      23.79890974298 ||0.5153572667835
   8   ||Recruit year 1 || limited ||      2.141092088013 ||0.09247614712454
   9   ||Recruit year 2 || limited ||      1.766228103259 ||0.0826590367014
  10   ||Recruit year 3 || limited ||      6.022663214402 ||0.2621904286411
  11   ||Recruit year 4 || limited ||      6.644330142606 ||0.2617052175235





