# Minimum negative log likelihood

Minuit did successfully converge.
# of function calls: 1380
minimum function Value: 614.1299464607
minimum edm: 2.234116460883e-05
minimum internal state vector: LAVector parameters:
      2.903451288563
     -1.016563542071
     -1.287002217587
     -1.136828693952
     -1.442545811454
     -1.451618418305
      3.406746673286
    -0.9982203131544
     -1.014558100274
     -1.315954634042
     -1.145196098834
     0.1100613371963
    0.09724045148057
    0.09461711693384
    0.09261011092175

minimum internal covariance matrix: LASymMatrix parameters:
    0.022422163   0.0014142198              0  0.00011679206 -0.00034808994  -0.0003147754  -0.0049234178  -0.0026137931  -0.0025580637  -0.0011627692   -0.001862535 -0.00011675441 -0.00013515107 -0.00012322316 -0.00013043299
   0.0014142198  0.00010300277              0 -1.7389922e-06 -2.5240808e-05 -2.2777286e-05 -0.00025673465  -0.0001678402 -0.00016460604 -7.4410583e-05  -0.0001225962 -5.7208456e-06 -8.0168655e-06 -6.4573828e-06 -7.0642531e-06
              0              0              2              0              0              0              0              0              0              0              0              0              0              0              0
  0.00011679206 -1.7389922e-06              0   0.0002770166  1.1008228e-05   8.989071e-06 -4.0341696e-05 -1.0746433e-05 -5.6167914e-06 -8.1485566e-06 -9.2747647e-06 -1.7151279e-06   8.036469e-07 -4.5172243e-06 -2.8141369e-06
 -0.00034808994 -2.5240808e-05              0  1.1008228e-05  1.3332167e-05  1.1269934e-05  7.5445046e-05   4.264191e-05  4.2517548e-05  1.8637895e-05   3.005968e-05   1.411068e-06  2.2965208e-06  1.5238698e-06  1.9975509e-06
  -0.0003147754 -2.2777286e-05              0   8.989071e-06  1.1269934e-05  9.6530126e-06  6.6866324e-05  3.8453325e-05  3.8214937e-05   1.688678e-05  2.7023425e-05  1.2759571e-06  2.0722503e-06  1.3663263e-06  1.7982028e-06
  -0.0049234178 -0.00025673465              0 -4.0341696e-05  7.5445046e-05  6.6866324e-05   0.0035183954  0.00056186157  0.00053661968  0.00026553011  0.00039324276  5.1175834e-05  5.3809677e-05  5.8073363e-05  5.3301238e-05
  -0.0026137931  -0.0001678402              0 -1.0746433e-05   4.264191e-05  3.8453325e-05  0.00056186157  0.00031843224  0.00029972769  0.00013721112  0.00021792639  1.3220411e-05  1.5753721e-05  1.3697528e-05  1.5541146e-05
  -0.0025580637 -0.00016460604              0 -5.6167914e-06  4.2517548e-05  3.8214937e-05  0.00053661968  0.00029972769  0.00030643332  0.00013234654  0.00021398157  1.2576557e-05  1.5085207e-05  1.3534136e-05   1.471741e-05
  -0.0011627692 -7.4410583e-05              0 -8.1485566e-06  1.8637895e-05   1.688678e-05  0.00026553011  0.00013721112  0.00013234654  7.3537074e-05  9.6573558e-05  6.2343488e-06  7.2827392e-06  6.1742881e-06  7.4945238e-06
   -0.001862535  -0.0001225962              0 -9.2747647e-06   3.005968e-05  2.7023425e-05  0.00039324276  0.00021792639  0.00021398157  9.6573558e-05  0.00017582064  8.8305969e-06  1.0567757e-05  1.1107408e-05  1.0551727e-05
 -0.00011675441 -5.7208456e-06              0 -1.7151279e-06   1.411068e-06  1.2759571e-06  5.1175834e-05  1.3220411e-05  1.2576557e-05  6.2343488e-06  8.8305969e-06  1.7766617e-06  9.1006307e-07  5.6483396e-07  9.4245519e-07
 -0.00013515107 -8.0168655e-06              0   8.036469e-07  2.2965208e-06  2.0722503e-06  5.3809677e-05  1.5753721e-05  1.5085207e-05  7.2827392e-06  1.0567757e-05  9.1006307e-07  1.8018281e-06  9.9645726e-07  1.1109542e-06
 -0.00012322316 -6.4573828e-06              0 -4.5172243e-06  1.5238698e-06  1.3663263e-06  5.8073363e-05  1.3697528e-05  1.3534136e-05  6.1742881e-06  1.1107408e-05  5.6483396e-07  9.9645726e-07  5.3150776e-06  1.1680691e-06
 -0.00013043299 -7.0642531e-06              0 -2.8141369e-06  1.9975509e-06  1.7982028e-06  5.3301238e-05  1.5541146e-05   1.471741e-05  7.4945238e-06  1.0551727e-05  9.4245519e-07  1.1109542e-06  1.1680691e-06  2.4745569e-06


# ext. ||   Name    ||   type  ||     Value     ||  Error +/- 

   0   ||Natural mortality || limited ||    0.05089742135404 ||0.002567551000726
   1   ||Targeted q || limited ||      7.484776547704 ||0.1888433750739
   2   ||Nontargeted q || limited ||                   2 ||22.06548931833
   3   ||     sigma || limited ||      4.634769539134 ||0.2474212407463
   4   ||  Biomass1 || limited ||       4.10641544585 ||0.1651097794242
   5   ||  Biomass2 || limited ||      3.546642627515 ||0.1306030417346
   6   ||  vm_sigma || limited ||      29.51831469709 ||1.618584320124
   7   ||Recruit year 1 || limited ||      7.983798349414 ||0.3417800955935
   8   ||Recruit year 2 || limited ||      7.546880550001 ||0.3267371421339
   9   ||Recruit year 3 || limited ||      1.624677724111 ||0.07642255014205
  10   ||Recruit year 4 || limited ||      4.469999835646 ||0.1935311488021
  11   ||Mean Rec dist 1 || limited ||      1.098392671109 ||0.009368101157277
  12   ||Mean Rec dist 2 || limited ||     0.9708727773971 ||0.009446808009646
  13   ||Mean Rec dist 3 || limited ||     0.9447600508551 ||0.01622903586783
  14   ||Mean Rec dist 4 || limited ||     0.9247778719567 ||0.0110756334462





