# Minimum negative log likelihood

Minuit did successfully converge.
# of function calls: 1225
minimum function Value: 674.0846282315
minimum edm: 2.162840613309e-05
minimum internal state vector: LAVector parameters:
  0.0004518024051675
     -1.042366059234
     -1.287002217587
     -1.068194014437
      -1.47360509351
     -1.479984334912
   -0.08260438836838
    -0.9281594508102
     -1.220895857108
     -1.191294795397
     -1.036044274734
     0.1105661392689
    0.08351951705877
    0.03152206757822
     0.1107917340178

minimum internal covariance matrix: LASymMatrix parameters:
    0.024366895  -0.0016969901              0  -0.0001117746   0.0003276133  0.00029971289  -0.0050087768   0.0036419542   0.0019959712   0.0021111516   0.0029768543  9.8439835e-05  8.5991131e-05  0.00013279556  8.5153895e-05
  -0.0016969901  0.00013706275              0 -4.4705378e-06 -2.7890968e-05 -2.5179095e-05  0.00024929054  -0.0002561807 -0.00014386544 -0.00015374885 -0.00022181351 -5.2243665e-06 -5.4820124e-06 -7.4899575e-06 -4.7889869e-06
              0              0              2              0              0              0              0              0              0              0              0              0              0              0              0
  -0.0001117746 -4.4705378e-06              0  0.00039714865  1.4248301e-05  1.1899682e-05  4.1887069e-05 -2.2783358e-05 -1.4695347e-06 -1.2664947e-05 -8.6871796e-06 -2.1724931e-06  6.5848324e-06 -6.1974158e-06 -1.8130159e-07
   0.0003276133 -2.7890968e-05              0  1.4248301e-05  1.7424756e-05  1.4703086e-05  -6.872156e-05  4.8988192e-05    2.84065e-05  2.9609025e-05  4.3999147e-05  1.3492608e-06  1.7489336e-06  8.9366203e-07  1.5829627e-06
  0.00029971289 -2.5179095e-05              0  1.1899682e-05  1.4703086e-05  1.2563641e-05 -6.3167165e-05  4.4840945e-05   2.582649e-05  2.6883349e-05  4.0029003e-05  1.2357251e-06  1.5732832e-06  8.7388213e-07  1.4258399e-06
  -0.0050087768  0.00024929054              0  4.1887069e-05  -6.872156e-05 -6.3167165e-05   0.0064562851 -0.00072644574 -0.00035699828 -0.00034357891 -0.00057571557 -6.1793155e-05 -5.6824003e-05 -6.6558223e-05 -5.5555993e-05
   0.0036419542  -0.0002561807              0 -2.2783358e-05  4.8988192e-05  4.4840945e-05 -0.00072644574  0.00057173575  0.00029892865  0.00031098851  0.00044040098  1.3755898e-05  1.2073566e-05  1.9556619e-05  1.1128766e-05
   0.0019959712 -0.00014386544              0 -1.4695347e-06    2.84065e-05   2.582649e-05 -0.00035699828  0.00029892865  0.00018802776  0.00018249481  0.00024500219  7.6431294e-06  6.1687977e-06   9.823281e-06  6.1879205e-06
   0.0021111516 -0.00015374885              0 -1.2664947e-05  2.9609025e-05  2.6883349e-05 -0.00034357891  0.00031098851  0.00018249481  0.00022414714  0.00026482809  8.4019274e-06  5.7299219e-06  1.0608578e-05  7.0507283e-06
   0.0029768543 -0.00022181351              0 -8.6871796e-06  4.3999147e-05  4.0029003e-05 -0.00057571557  0.00044040098  0.00024500219  0.00026482809  0.00041833988  1.1562499e-05  1.1729434e-05  1.5982549e-05   1.061354e-05
  9.8439835e-05 -5.2243665e-06              0 -2.1724931e-06  1.3492608e-06  1.2357251e-06 -6.1793155e-05  1.3755898e-05  7.6431294e-06  8.4019274e-06  1.1562499e-05  1.7590334e-06  7.2163492e-07  8.4774526e-07  6.8048743e-07
  8.5991131e-05 -5.4820124e-06              0  6.5848324e-06  1.7489336e-06  1.5732832e-06 -5.6824003e-05  1.2073566e-05  6.1687977e-06  5.7299219e-06  1.1729434e-05  7.2163492e-07  3.5782498e-06  5.9098824e-07  4.3062045e-07
  0.00013279556 -7.4899575e-06              0 -6.1974158e-06  8.9366203e-07  8.7388213e-07 -6.6558223e-05  1.9556619e-05   9.823281e-06  1.0608578e-05  1.5982549e-05  8.4774526e-07  5.9098824e-07  2.4624473e-06  6.8029897e-07
  8.5153895e-05 -4.7889869e-06              0 -1.8130159e-07  1.5829627e-06  1.4258399e-06 -5.5555993e-05  1.1128766e-05  6.1879205e-06  7.0507283e-06   1.061354e-05  6.8048743e-07  4.3062045e-07  6.8029897e-07  2.5138524e-06


# ext. ||   Name    ||   type  ||     Value     ||  Error +/- 

   0   ||Natural mortality || limited ||    0.04501129505974 ||0.002753866224277
   1   ||Targeted q || limited ||      6.820022036505 ||0.2086863033737
   2   ||Nontargeted q || limited ||                   2 ||22.06548931833
   3   ||     sigma || limited ||      6.183401160558 ||0.3393913195036
   4   ||  Biomass1 || limited ||      2.359675594557 ||0.143212481162
   5   ||  Biomass2 || limited ||      2.060287981771 ||0.1136471154022
   6   ||  vm_sigma || limited ||      36.70012210405 ||2.263673778035
   7   ||Recruit year 1 || limited ||      9.983090548141 ||0.5065693563876
   8   ||Recruit year 2 || limited ||      3.039355188162 ||0.1661735999523
   9   ||Recruit year 3 || limited ||      3.567173626883 ||0.1960687909279
  10   ||Recruit year 4 || limited ||      6.989551131854 ||0.3684801631277
  11   ||Mean Rec dist 1 || limited ||       1.10341000793 ||0.009320988217417
  12   ||Mean Rec dist 2 || limited ||     0.8342245238476 ||0.01332918897067
  13   ||Mean Rec dist 3 || limited ||     0.3151684756911 ||0.01109053726867
  14   ||Mean Rec dist 4 || limited ||       1.10565215203 ||0.0111425318614





