# Minimum negative log likelihood

Minuit did successfully converge.
# of function calls: 995
minimum function Value: 335.8840366211
minimum edm: 6.72330329865e-05
minimum internal state vector: LAVector parameters:
     0.7570140782527
     -1.081609124772
     -1.287002217587
     -1.349762985038
     -1.511790404853
     -1.515571016548
   -0.07644928093122
    -0.4210758806074
     -1.217705103405
     -1.026938579809
     -1.438087318347
     -1.271086166171

minimum internal covariance matrix: LASymMatrix parameters:
    0.031055759  -0.0018872247              0  2.6752565e-05   0.0002163028  0.00020428023  3.2863474e-05 -0.00016114262   0.0014271154   0.0021846855  0.00052601713    0.001285834
  -0.0018872247  0.00011656194              0 -1.7902601e-06 -1.3285149e-05 -1.2547255e-05 -1.4135735e-06  2.3904131e-06 -8.7178701e-05 -0.00013341745 -3.1994601e-05 -7.8713583e-05
              0              0              2              0              0              0              0              0              0              0              0              0
  2.6752565e-05 -1.7902601e-06              0  6.0467779e-05  4.1526316e-07   3.469354e-07 -7.5539552e-08 -3.0637149e-06  1.6101434e-06  1.8740898e-06  3.7654586e-07  1.2504723e-06
   0.0002163028 -1.3285149e-05              0  4.1526316e-07   2.122498e-06  1.9236913e-06  2.1240911e-07 -9.0158032e-07  1.0020189e-05  1.5254811e-05  3.6608752e-06  8.9464397e-06
  0.00020428023 -1.2547255e-05              0   3.469354e-07  1.9236913e-06  1.7583257e-06   1.981307e-07 -7.2745568e-07  9.4512115e-06  1.4414553e-05   3.460411e-06  8.4507416e-06
  3.2863474e-05 -1.4135735e-06              0 -7.5539552e-08  2.1240911e-07   1.981307e-07   6.045155e-07   -6.86387e-06  1.3656151e-06  2.0831002e-06  5.3912933e-07  1.1750413e-06
 -0.00016114262  2.3904131e-06              0 -3.0637149e-06 -9.0158032e-07 -7.2745568e-07   -6.86387e-06  0.00016574877 -5.7090958e-06 -8.2365285e-06 -2.9360692e-06 -5.0656581e-06
   0.0014271154 -8.7178701e-05              0  1.6101434e-06  1.0020189e-05  9.4512115e-06  1.3656151e-06 -5.7090958e-06  6.6606263e-05  0.00010052054    2.41932e-05  5.9221832e-05
   0.0021846855 -0.00013341745              0  1.8740898e-06  1.5254811e-05  1.4414553e-05  2.0831002e-06 -8.2365285e-06  0.00010052054  0.00015485893  3.7031343e-05  9.0602262e-05
  0.00052601713 -3.1994601e-05              0  3.7654586e-07  3.6608752e-06   3.460411e-06  5.3912933e-07 -2.9360692e-06    2.41932e-05  3.7031343e-05  9.8887548e-06  2.1754822e-05
    0.001285834 -7.8713583e-05              0  1.2504723e-06  8.9464397e-06  8.4507416e-06  1.1750413e-06 -5.0656581e-06  5.9221832e-05  9.0602262e-05  2.1754822e-05  5.4399899e-05


# ext. ||   Name    ||   type  ||     Value     ||  Error +/- 

   0   ||Natural mortality || limited ||    0.06216885184007 ||0.002258604329593
   1   ||Targeted q || limited ||       5.86424545572 ||0.1793669976422
   2   ||Nontargeted q || limited ||                   2 ||22.06548931833
   3   ||     sigma || limited ||      1.216428872033 ||0.06027407344831
   4   ||  Biomass1 || limited ||     0.8701721889611 ||0.03037540885739
   5   ||  Biomass2 || limited ||     0.7622649615753 ||0.02587748067462
   6   ||   vm_mean || limited ||    -0.2399386199708 ||0.00172213906824
   7   ||  vm_sigma || limited ||      23.65100070895 ||0.332324870829
   8   ||Recruit year 1 || limited ||      3.094278908647 ||0.09976808987672
   9   ||Recruit year 2 || limited ||      7.223333723598 ||0.2276328434179
  10   ||Recruit year 3 || limited ||     0.4496022474682 ||0.01470980450231
  11   ||Recruit year 4 || limited ||       2.23867199104 ||0.07698191375288





