# Minimum negative log likelihood

Minuit did successfully converge.
# of function calls: 1492
minimum function Value: 568.4188087503
minimum edm: 8.617116003074e-05
minimum internal state vector: LAVector parameters:
       2.45195062917
     -1.061099334096
     -1.287002217587
     -1.182603824932
     -1.482160857319
     -1.488262642762
    -0.1490779247837
     -1.035849830023
     -1.231635275359
     -1.276471102591
    -0.9311418712602
     0.1009177446712
    0.07909542988957
     0.0402954844475
    0.02046302738789

minimum internal covariance matrix: LASymMatrix parameters:
    0.013199829  0.00080565383              0 -8.6128047e-05 -0.00017464794 -0.00015368145   0.0017552001  -0.0012879025 -0.00076822505 -0.00061437744  -0.0013798958 -2.8008117e-05 -3.8505293e-05 -4.7240764e-05 -3.1470457e-05
  0.00080565383  6.5476548e-05              0 -7.3178126e-06 -1.2814479e-05 -1.1338232e-05  7.1827036e-05 -8.4632811e-05 -5.1200736e-05 -4.3445306e-05  -9.380588e-05 -6.2927322e-07 -1.2732331e-06 -1.9222482e-06 -1.3700596e-06
              0              0              2              0              0              0              0              0              0              0              0              0              0              0              0
 -8.6128047e-05 -7.3178126e-06              0  0.00021438022  2.6361667e-06  2.2497219e-06 -1.9372991e-05  1.0426177e-05  4.8801655e-06  1.9872956e-06  9.7591365e-06 -3.1522392e-07 -2.6688208e-07  -1.229762e-07 -1.3102746e-07
 -0.00017464794 -1.2814479e-05              0  2.6361667e-06   7.349789e-06  6.0695111e-06 -1.2444895e-05  1.7712388e-05  1.0258178e-05  8.0215729e-06  2.0080354e-05  8.9719113e-08  3.2371217e-07  4.8355223e-07  2.8196446e-07
 -0.00015368145 -1.1338232e-05              0  2.2497219e-06  6.0695111e-06  5.0836619e-06 -1.1033858e-05  1.5650097e-05  9.0742536e-06  7.1581296e-06  1.7584179e-05  7.7557951e-08  2.8103434e-07  4.5032614e-07  2.5121148e-07
   0.0017552001  7.1827036e-05              0 -1.9372991e-05 -1.2444895e-05 -1.1033858e-05   0.0016962869  -0.0001548793 -9.1860904e-05 -7.4286215e-05 -0.00016143325 -1.4439084e-05  -1.453714e-05 -1.6868564e-05 -1.4486975e-05
  -0.0012879025 -8.4632811e-05              0  1.0426177e-05  1.7712388e-05  1.5650097e-05  -0.0001548793   0.0001376288  7.7254518e-05  6.2536084e-05  0.00013757329  2.2078676e-06  3.1251564e-06  4.3382347e-06  2.8449057e-06
 -0.00076822505 -5.1200736e-05              0  4.8801655e-06  1.0258178e-05  9.0742536e-06 -9.1860904e-05  7.7254518e-05  5.6809697e-05  3.8997792e-05  8.2415149e-05   1.408132e-06   1.782826e-06  2.3405848e-06  1.7605117e-06
 -0.00061437744 -4.3445306e-05              0  1.9872956e-06  8.0215729e-06  7.1581296e-06 -7.4286215e-05  6.2536084e-05  3.8997792e-05   4.197604e-05  6.7019234e-05  1.1424543e-06  1.3530789e-06  1.7377063e-06   1.413894e-06
  -0.0013798958  -9.380588e-05              0  9.7591365e-06  2.0080354e-05  1.7584179e-05 -0.00016143325  0.00013757329  8.2415149e-05  6.7019234e-05    0.000164132  2.5896451e-06  2.7989058e-06  3.8155496e-06  3.0522138e-06
 -2.8008117e-05 -6.2927322e-07              0 -3.1522392e-07  8.9719113e-08  7.7557951e-08 -1.4439084e-05  2.2078676e-06   1.408132e-06  1.1424543e-06  2.5896451e-06  7.6446744e-07  2.2148234e-07  1.1530228e-07  1.6120846e-07
 -3.8505293e-05 -1.2732331e-06              0 -2.6688208e-07  3.2371217e-07  2.8103434e-07  -1.453714e-05  3.1251564e-06   1.782826e-06  1.3530789e-06  2.7989058e-06  2.2148234e-07  1.8475847e-06  3.1345121e-07  2.4954551e-07
 -4.7240764e-05 -1.9222482e-06              0  -1.229762e-07  4.8355223e-07  4.5032614e-07 -1.6868564e-05  4.3382347e-06  2.3405848e-06  1.7377063e-06  3.8155496e-06  1.1530228e-07  3.1345121e-07  1.2962725e-06   2.254426e-07
 -3.1470457e-05 -1.3700596e-06              0 -1.3102746e-07  2.8196446e-07  2.5121148e-07 -1.4486975e-05  2.8449057e-06  1.7605117e-06   1.413894e-06  3.0522138e-06  1.6120846e-07  2.4954551e-07   2.254426e-07  3.3407763e-07


# ext. ||   Name    ||   type  ||     Value     ||  Error +/- 

   0   ||Natural mortality || limited ||    0.06090652635508 ||0.001565137633348
   1   ||Targeted q || limited ||      6.355380557574 ||0.1395846668545
   2   ||Nontargeted q || limited ||                   2 ||22.06548931833
   3   ||     sigma || limited ||      3.720263076319 ||0.1959403485135
   4   ||  Biomass1 || limited ||      1.962776102978 ||0.08484591201771
   5   ||  Biomass2 || limited ||      1.701985787354 ||0.06571752748172
   6   ||  vm_sigma || limited ||       34.0595203524 ||1.151818134731
   7   ||Recruit year 1 || limited ||      6.994506170284 ||0.2114252391632
   8   ||Recruit year 2 || limited ||       2.85800955852 ||0.08864788995515
   9   ||Recruit year 3 || limited ||      2.159879555887 ||0.06644308176289
  10   ||Recruit year 4 || limited ||      9.893908131631 ||0.2703442397815
  11   ||Mean Rec dist 1 || limited ||      1.007465342465 ||0.00615104911858
  12   ||Mean Rec dist 2 || limited ||     0.7901298436761 ||0.009581360924832
  13   ||Mean Rec dist 3 || limited ||     0.4028458052804 ||0.008044154935996
  14   ||Mean Rec dist 4 || limited ||     0.2046159931849 ||0.0040861824425





