# Minimum negative log likelihood

Minuit did successfully converge.
# of function calls: 814
minimum function Value: 549.3800462988
minimum edm: 1.947410683818e-05
minimum internal state vector: LAVector parameters:
     0.4853484239913
     -1.093143891822
     -1.287002217587
     -1.200143233986
     -1.508237125598
     -1.509803835978
    0.04946399288271
    -0.4001409542893
     -1.214516182925
     -1.069813527875
     -1.316274426043
      -1.24089173445

minimum internal covariance matrix: LASymMatrix parameters:
     0.05742534  -0.0051029241              0  0.00025044136  0.00077898237  0.00070666401 -8.9094466e-05  0.00088520838    0.004192534   0.0049222367   0.0026183201   0.0030204279
  -0.0051029241   0.0004696324              0 -2.3231293e-05 -7.1135232e-05  -6.452554e-05  1.2484674e-05 -0.00014291141 -0.00037768358 -0.00044315616 -0.00023556436  -0.0002726381
              0              0              2              0              0              0              0              0              0              0              0              0
  0.00025044136 -2.3231293e-05              0  0.00017281358  5.5085903e-06  5.1133978e-06 -5.0449119e-07  1.4314902e-05   1.753333e-05  2.0370724e-05   1.075249e-05  1.3541415e-05
  0.00077898237 -7.1135232e-05              0  5.5085903e-06  1.9335083e-05  1.7067011e-05 -1.5850086e-06  1.4523755e-05  5.7725561e-05  6.7167283e-05  3.5894566e-05  4.1410134e-05
  0.00070666401  -6.452554e-05              0  5.1133978e-06  1.7067011e-05   1.511305e-05 -1.4484737e-06   1.375338e-05   5.233083e-05  6.0943621e-05  3.2572305e-05  3.7577458e-05
 -8.9094466e-05  1.2484674e-05              0 -5.0449119e-07 -1.5850086e-06 -1.4484737e-06  3.4727373e-06 -3.8524385e-05 -8.0220807e-06   -9.11977e-06 -4.9221472e-06 -5.9266418e-06
  0.00088520838 -0.00014291141              0  1.4314902e-05  1.4523755e-05   1.375338e-05 -3.8524385e-05   0.0013221947  8.5864782e-05  9.2925129e-05  5.3070941e-05  6.3988446e-05
    0.004192534 -0.00037768358              0   1.753333e-05  5.7725561e-05   5.233083e-05 -8.0220807e-06  8.5864782e-05  0.00031552098  0.00036120349  0.00019160044  0.00022169282
   0.0049222367 -0.00044315616              0  2.0370724e-05  6.7167283e-05  6.0943621e-05   -9.11977e-06  9.2925129e-05  0.00036120349  0.00043093497  0.00022557527  0.00025998487
   0.0026183201 -0.00023556436              0   1.075249e-05  3.5894566e-05  3.2572305e-05 -4.9221472e-06  5.3070941e-05  0.00019160044  0.00022557527  0.00012692694  0.00013854878
   0.0030204279  -0.0002726381              0  1.3541415e-05  4.1410134e-05  3.7577458e-05 -5.9266418e-06  6.3988446e-05  0.00022169282  0.00025998487  0.00013854878  0.00016696222


# ext. ||   Name    ||   type  ||     Value     ||  Error +/- 

   0   ||Natural mortality || limited ||    0.05666291432801 ||0.003729069396283
   1   ||Targeted q || limited ||      5.596173285708 ||0.3521984225261
   2   ||Nontargeted q || limited ||                   2 ||22.06548931833
   3   ||     sigma || limited ||      3.395451082408 ||0.1683508096763
   4   ||  Biomass1 || limited ||     0.9780943576229 ||0.09719304876152
   5   ||  Biomass2 || limited ||      0.929732706738 ||0.0837794669995
   6   ||   vm_mean || limited ||      0.155332356973 ||0.004134654308439
   7   ||  vm_sigma || limited ||      24.41876813658 ||0.9471132697607
   8   ||Recruit year 1 || limited ||      3.149648255126 ||0.219017493322
   9   ||Recruit year 2 || limited ||      6.153837592846 ||0.352454772119
  10   ||Recruit year 3 || limited ||      1.620649747397 ||0.1002789645618
  11   ||Recruit year 4 || limited ||      2.706067595878 ||0.1479777190451





