# Minimum negative log likelihood

Minuit did successfully converge.
# of function calls: 719
minimum function Value: 613.1232692842
minimum edm: 5.180969283264e-05
minimum internal state vector: LAVector parameters:
     0.1840403021675
     -1.093283544232
     -1.287002217587
     -1.137931537523
     -1.470668473012
     -1.473325195345
    0.06556025652167
    -0.8309627924542
    -0.9387820392624
     -1.030264383034
     -1.252415714172
    -0.9832591430171

minimum internal covariance matrix: LASymMatrix parameters:
    0.067170492  -0.0055005532              0  0.00025740009   0.0010542909  0.00098728005  0.00024905992  -0.0012185691   0.0075728092   0.0066483705   0.0034291709   0.0077600652
  -0.0055005532  0.00046862104              0 -2.0746504e-05 -8.9489091e-05 -8.3820747e-05 -1.4708823e-05  7.0561772e-05 -0.00062721831  -0.0005494794 -0.00028339554 -0.00064584308
              0              0              2              0              0              0              0              0              0              0              0              0
  0.00025740009 -2.0746504e-05              0  0.00022531386  7.4753249e-06  6.6409754e-06  1.3390025e-06 -5.6148492e-06  2.6872372e-05  2.5537662e-05  1.5281668e-05  2.6379138e-05
   0.0010542909 -8.9489091e-05              0  7.4753249e-06  2.5807435e-05  2.3307203e-05  2.8160077e-06  -1.771409e-05  0.00012012478  0.00010547261  5.4886179e-05  0.00012405905
  0.00098728005 -8.3820747e-05              0  6.6409754e-06  2.3307203e-05  2.1213863e-05  2.6495006e-06 -1.5655274e-05  0.00011236818  9.8756277e-05  5.1352654e-05  0.00011610876
  0.00024905992 -1.4708823e-05              0  1.3390025e-06  2.8160077e-06  2.6495006e-06  5.0950016e-06 -2.1447937e-05  2.5848538e-05  2.3211905e-05  1.1853168e-05  2.5537675e-05
  -0.0012185691  7.0561772e-05              0 -5.6148492e-06  -1.771409e-05 -1.5655274e-05 -2.1447937e-05  0.00022523861 -0.00012554914   -0.000113573  -5.801662e-05  -0.0001249705
   0.0075728092 -0.00062721831              0  2.6872372e-05  0.00012012478  0.00011236818  2.5848538e-05 -0.00012554914  0.00086902943  0.00075066025  0.00038768287  0.00087771879
   0.0066483705  -0.0005494794              0  2.5537662e-05  0.00010547261  9.8756277e-05  2.3211905e-05   -0.000113573  0.00075066025  0.00067162764  0.00033962864  0.00077054983
   0.0034291709 -0.00028339554              0  1.5281668e-05  5.4886179e-05  5.1352654e-05  1.1853168e-05  -5.801662e-05  0.00038768287  0.00033962864  0.00018684132  0.00039701514
   0.0077600652 -0.00064584308              0  2.6379138e-05  0.00012405905  0.00011610876  2.5537675e-05  -0.0001249705  0.00087771879  0.00077054983  0.00039701514  0.00091705362


# ext. ||   Name    ||   type  ||     Value     ||  Error +/- 

   0   ||Natural mortality || limited ||    0.04957507817936 ||0.0044790273098
   1   ||Targeted q || limited ||      5.592963838613 ||0.3517240953068
   2   ||Nontargeted q || limited ||                   2 ||22.06548931833
   3   ||     sigma || limited ||       4.61161128203 ||0.2226101192575
   4   ||  Biomass1 || limited ||      2.504303467176 ||0.1795376287549
   5   ||  Biomass2 || limited ||      2.373275507616 ||0.1584718888165
   6   ||   vm_mean || limited ||     0.2058161083001 ||0.005003487876435
   7   ||  vm_sigma || limited ||      10.45763751924 ||0.2861666452963
   8   ||Recruit year 1 || limited ||      9.667076048439 ||0.6156255745646
   9   ||Recruit year 2 || limited ||      7.137533745689 ||0.4714272938091
  10   ||Recruit year 3 || limited ||      2.522569801256 ||0.1512605972505
  11   ||Recruit year 4 || limited ||      8.393742909433 ||0.5933770188486





