# Minimum negative log likelihood

Minuit did successfully converge.
# of function calls: 579
minimum function Value: 427.669527158
minimum edm: 4.822055409247e-05
minimum internal state vector: LAVector parameters:
   -0.02519693712881
     -1.139854253232
     -1.287002217587
     -1.294923309892
     -1.541655206834
     -1.542392678545
    -0.8325506024455
     0.1134009352467
     -1.174995791281
    -0.9447164122248
     -1.321800808727
     -1.060277353703

minimum internal covariance matrix: LASymMatrix parameters:
    0.010035107 -0.00092573095              0  3.1819873e-05  5.0026146e-05  5.1808799e-05   -1.29444e-05 -1.6455253e-05  0.00095071884   0.0013087345  0.00048563045   0.0010701744
 -0.00092573095  8.7060357e-05              0 -3.2426255e-06 -4.8443739e-06 -4.9799259e-06  1.8297026e-06 -1.2632589e-05 -8.8288513e-05 -0.00012140913 -4.4870884e-05 -9.9332472e-05
              0              0              2              0              0              0              0              0              0              0              0              0
  3.1819873e-05 -3.2426255e-06              0  9.3041543e-05  1.4786917e-06  8.1243815e-07  4.7633102e-07 -7.8322008e-06  4.9247545e-06  4.3094171e-06  1.4174155e-06  3.4135281e-06
  5.0026146e-05 -4.8443739e-06              0  1.4786917e-06  5.5370492e-06  3.0339375e-06 -7.1516224e-08  -5.175721e-06  8.0660366e-06  6.7656724e-06  2.4759963e-06  5.4869273e-06
  5.1808799e-05 -4.9799259e-06              0  8.1243815e-07  3.0339375e-06  2.4443697e-06 -6.6078685e-08  3.9553077e-06  5.3406376e-06  6.8888248e-06  2.5216375e-06  5.6301566e-06
   -1.29444e-05  1.8297026e-06              0  4.7633102e-07 -7.1516224e-08 -6.6078685e-08  1.0888878e-06 -1.5498584e-05  -1.304079e-06 -1.8882593e-06 -6.5976952e-07 -1.5845317e-06
 -1.6455253e-05 -1.2632589e-05              0 -7.8322008e-06  -5.175721e-06  3.9553077e-06 -1.5498584e-05   0.0011580573 -1.3112881e-05  2.2377166e-06  2.4388058e-07  2.7718931e-06
  0.00095071884 -8.8288513e-05              0  4.9247545e-06  8.0660366e-06  5.3406376e-06  -1.304079e-06 -1.3112881e-05  9.7014136e-05  0.00012438591  4.6101765e-05  0.00010166102
   0.0013087345 -0.00012140913              0  4.3094171e-06  6.7656724e-06  6.8888248e-06 -1.8882593e-06  2.2377166e-06  0.00012438591  0.00017281101  6.3259642e-05   0.0001397861
  0.00048563045 -4.4870884e-05              0  1.4174155e-06  2.4759963e-06  2.5216375e-06 -6.5976952e-07  2.4388058e-07  4.6101765e-05  6.3259642e-05  2.5296065e-05  5.1829806e-05
   0.0010701744 -9.9332472e-05              0  3.4135281e-06  5.4869273e-06  5.6301566e-06 -1.5845317e-06  2.7718931e-06  0.00010166102   0.0001397861  5.1829806e-05  0.00011609559


# ext. ||   Name    ||   type  ||     Value     ||  Error +/- 

   0   ||Natural mortality || limited ||    0.04437014322455 ||0.001768825134993
   1   ||Targeted q || limited ||      4.571368829186 ||0.1378016925318
   2   ||Nontargeted q || limited ||                   2 ||22.06548931833
   3   ||     sigma || limited ||      1.890611708393 ||0.09289162118799
   4   ||  Biomass1 || limited ||     0.2122861946404 ||0.02424034337944
   5   ||  Biomass2 || limited ||     0.2016782489793 ||0.01569835310347
   6   ||   vm_mean || limited ||     -2.323679975961 ||0.001560040661572
   7   ||  vm_sigma || limited ||      44.52676501221 ||0.9562340700069
   8   ||Recruit year 1 || limited ||      3.875202640056 ||0.1342464636718
   9   ||Recruit year 2 || limited ||      9.492512069998 ||0.2723130203732
  10   ||Recruit year 3 || limited ||      1.551823518855 ||0.04381590071979
  11   ||Recruit year 4 || limited ||      6.384810491563 ||0.1861210376338





