# Minimum negative log likelihood

Minuit did successfully converge.
# of function calls: 1524
minimum function Value: 541.9938433051
minimum edm: 5.686752471156e-05
minimum internal state vector: LAVector parameters:
      3.215332977133
     -1.048554636474
     -1.287002217587
     -1.206716351494
     -1.428760734234
     -1.437282076899
     -1.026224793226
     -1.361483673748
     -1.128621205978
     -1.077190739447
     -1.312436787111
     0.1058281856672
    0.05956422164048
    0.02210802341124
    0.06807430352453

minimum internal covariance matrix: LASymMatrix parameters:
    0.013896351  0.00090020675              0 -0.00013604557 -0.00027801239 -0.00025055632  0.00072516956 -0.00059757938  -0.0013336183  -0.0013796849 -0.00078460698 -0.00014162579 -0.00013915808 -0.00014199596 -0.00016028138
  0.00090020675  7.2002629e-05              0 -4.3372383e-06 -2.1414056e-05 -1.9198829e-05  3.3239607e-05 -4.0363928e-05 -8.9455163e-05 -9.1577584e-05 -5.3198873e-05 -6.8620244e-06 -7.3970732e-06 -7.5751487e-06 -9.5703832e-06
              0              0              2              0              0              0              0              0              0              0              0              0              0              0              0
 -0.00013604557 -4.3372383e-06              0  0.00020201143  4.8214794e-06  3.9496257e-06 -1.6514543e-05  4.1971953e-06  1.4269663e-05  1.3012577e-05  8.8290632e-06  2.3570411e-06  5.6943499e-07  4.4011922e-06  4.2392814e-06
 -0.00027801239 -2.1414056e-05              0  4.8214794e-06  9.8072796e-06  8.4758034e-06 -1.0387542e-05  1.2247352e-05  2.7742815e-05   2.816919e-05  1.6508384e-05  2.2626057e-06  2.1922529e-06  2.5406809e-06  3.1600576e-06
 -0.00025055632 -1.9198829e-05              0  3.9496257e-06  8.4758034e-06  7.3791062e-06 -9.4283368e-06  1.1008381e-05  2.4928652e-05  2.5371688e-05  1.4843985e-05  2.1120882e-06   2.003528e-06  2.2673688e-06  2.8240115e-06
  0.00072516956  3.3239607e-05              0 -1.6514543e-05 -1.0387542e-05 -9.4283368e-06  0.00012105334 -2.9576195e-05 -6.6204238e-05 -6.8797672e-05 -3.7568185e-05 -9.9356216e-06 -1.2323786e-05 -1.2492002e-05 -1.3032465e-05
 -0.00059757938 -4.0363928e-05              0  4.1971953e-06  1.2247352e-05  1.1008381e-05 -2.9576195e-05  3.1406261e-05  5.7474849e-05  5.9522052e-05   3.379343e-05  5.3328188e-06  5.9180759e-06  5.9257638e-06  6.5465186e-06
  -0.0013336183 -8.9455163e-05              0  1.4269663e-05  2.7742815e-05  2.4928652e-05 -6.6204238e-05  5.7474849e-05  0.00013492441  0.00013274004  7.5888695e-05   1.240427e-05  1.2755941e-05  1.3849737e-05  1.5702342e-05
  -0.0013796849 -9.1577584e-05              0  1.3012577e-05   2.816919e-05  2.5371688e-05 -6.8797672e-05  5.9522052e-05  0.00013274004  0.00014264224  7.8287073e-05  1.3354088e-05  1.3509119e-05  1.3671013e-05   1.587078e-05
 -0.00078460698 -5.3198873e-05              0  8.8290632e-06  1.6508384e-05  1.4843985e-05 -3.7568185e-05   3.379343e-05  7.5888695e-05  7.8287073e-05  5.2804846e-05  7.5074945e-06  7.4509432e-06  7.6469009e-06  9.7860964e-06
 -0.00014162579 -6.8620244e-06              0  2.3570411e-06  2.2626057e-06  2.1120882e-06 -9.9356216e-06  5.3328188e-06   1.240427e-05  1.3354088e-05  7.5074945e-06  1.2026395e-05  1.5198627e-06  1.7976243e-06  9.2609642e-07
 -0.00013915808 -7.3970732e-06              0  5.6943499e-07  2.1922529e-06   2.003528e-06 -1.2323786e-05  5.9180759e-06  1.2755941e-05  1.3509119e-05  7.4509432e-06  1.5198627e-06  2.5654772e-06   1.682347e-06  1.8149522e-06
 -0.00014199596 -7.5751487e-06              0  4.4011922e-06  2.5406809e-06  2.2673688e-06 -1.2492002e-05  5.9257638e-06  1.3849737e-05  1.3671013e-05  7.6469009e-06  1.7976243e-06   1.682347e-06  2.7062225e-06  2.1549727e-06
 -0.00016028138 -9.5703832e-06              0  4.2392814e-06  3.1600576e-06  2.8240115e-06 -1.3032465e-05  6.5465186e-06  1.5702342e-05   1.587078e-05  9.7860964e-06  9.2609642e-07  1.8149522e-06  2.1549727e-06  5.3826488e-06


# ext. ||   Name    ||   type  ||     Value     ||  Error +/- 

   0   ||Natural mortality || limited ||    0.04315816217801 ||0.002075823948496
   1   ||Targeted q || limited ||      6.664842562803 ||0.1496491146546
   2   ||Nontargeted q || limited ||                   2 ||22.06548931833
   3   ||     sigma || limited ||      3.277411602839 ||0.1789349210537
   4   ||  Biomass1 || limited ||      5.035054032239 ||0.1567346016794
   5   ||  Biomass2 || limited ||      4.449897492266 ||0.1278477769726
   6   ||  vm_sigma || limited ||      5.786954193508 ||0.1612117256722
   7   ||Recruit year 1 || limited ||      1.101192472013 ||0.04116595452182
   8   ||Recruit year 2 || limited ||      4.818366420462 ||0.1757117239127
   9   ||Recruit year 3 || limited ||      5.977890937876 ||0.2000457556363
  10   ||Recruit year 4 || limited ||      1.669313649129 ||0.06563398258028
  11   ||Mean Rec dist 1 || limited ||      1.056307572782 ||0.02438460829715
  12   ||Mean Rec dist 2 || limited ||     0.5952900660578 ||0.01130571710211
  13   ||Mean Rec dist 3 || limited ||     0.2210622251835 ||0.01162948584281
  14   ||Mean Rec dist 4 || limited ||     0.6802173839477 ||0.01636725190467





