# Minimum negative log likelihood

Minuit did successfully converge.
# of function calls: 1113
minimum function Value: 630.3818233497
minimum edm: 8.091820074388e-06
minimum internal state vector: LAVector parameters:
     0.2749120443937
    -0.9461415354338
     -1.287002217587
     -1.119252785792
     -1.529988249707
     -1.533425435342
    -0.7052169508412
     -1.009421978759
     -0.993701492247
     -1.198061069897
     -1.005229065436
    0.04178654700085
    0.04393558973579
    0.08241206013392
    0.06690432348588

minimum internal covariance matrix: LASymMatrix parameters:
    0.012805576 -0.00093671306              0  7.9272277e-05  6.7379524e-05  5.7667692e-05 -0.00089498812   0.0011982399   0.0012391073  0.00084829343   0.0013118592  5.9467513e-05   5.776984e-05  6.2561846e-05  6.6088429e-05
 -0.00093671306  8.4967577e-05              0 -6.0326065e-06 -6.1092469e-06 -5.2633077e-06  4.2063904e-05 -9.0768503e-05 -9.4188968e-05 -6.4239412e-05 -0.00010288573 -3.1570166e-06 -2.7760357e-06 -3.0331158e-06 -3.6402938e-06
              0              0              2              0              0              0              0              0              0              0              0              0              0              0              0
  7.9272277e-05 -6.0326065e-06              0  0.00022969513 -5.6262207e-07 -3.4901562e-07 -8.1898773e-06  9.1447761e-06  9.5319509e-06  4.6819431e-06  7.0300061e-06  3.2694083e-07  4.1923053e-07  3.1741314e-07 -2.4837525e-08
  6.7379524e-05 -6.1092469e-06              0 -5.6262207e-07  7.0147182e-06   5.354612e-06  -2.927953e-06  6.6132149e-06  6.7500629e-06  4.5910665e-06  7.3314502e-06  2.3298634e-07  1.9284923e-07  2.1259923e-07  2.1863631e-07
  5.7667692e-05 -5.2633077e-06              0 -3.4901562e-07   5.354612e-06  4.1972074e-06 -2.4989478e-06  5.6360325e-06  5.7724804e-06  3.9788777e-06   6.297379e-06  2.0279947e-07  1.6021018e-07  1.7678427e-07  1.8963329e-07
 -0.00089498812  4.2063904e-05              0 -8.1898773e-06  -2.927953e-06 -2.4989478e-06  0.00026972593 -7.9188969e-05 -8.2279803e-05 -5.3052894e-05 -8.3288331e-05 -9.6437287e-06 -9.2321427e-06 -9.7316395e-06  -9.832122e-06
   0.0011982399 -9.0768503e-05              0  9.1447761e-06  6.6132149e-06  5.6360325e-06 -7.9188969e-05  0.00012579507  0.00011634311  7.9854343e-05  0.00012398365  5.3799568e-06  5.1596665e-06  5.6288055e-06  5.9826629e-06
   0.0012391073 -9.4188968e-05              0  9.5319509e-06  6.7500629e-06  5.7724804e-06 -8.2279803e-05  0.00011634311  0.00013360748  8.2639697e-05  0.00012824248  5.4958688e-06  5.3233915e-06  5.8229627e-06  6.2009501e-06
  0.00084829343 -6.4239412e-05              0  4.6819431e-06  4.5910665e-06  3.9788777e-06 -5.3052894e-05  7.9854343e-05  8.2639697e-05  6.9355241e-05  8.7695961e-05  3.8093949e-06  3.6223162e-06  3.8142308e-06  4.0977716e-06
   0.0013118592 -0.00010288573              0  7.0300061e-06  7.3314502e-06   6.297379e-06 -8.3288331e-05  0.00012398365  0.00012824248  8.7695961e-05  0.00015436819  5.5734987e-06   5.481616e-06   5.833845e-06  6.6856341e-06
  5.9467513e-05 -3.1570166e-06              0  3.2694083e-07  2.3298634e-07  2.0279947e-07 -9.6437287e-06  5.3799568e-06  5.4958688e-06  3.8093949e-06  5.5734987e-06   8.785857e-07  4.3084985e-07  4.5973445e-07  4.7218973e-07
   5.776984e-05 -2.7760357e-06              0  4.1923053e-07  1.9284923e-07  1.6021018e-07 -9.2321427e-06  5.1596665e-06  5.3233915e-06  3.6223162e-06   5.481616e-06  4.3084985e-07  8.8641458e-07  4.6548182e-07  5.0806466e-07
  6.2561846e-05 -3.0331158e-06              0  3.1741314e-07  2.1259923e-07  1.7678427e-07 -9.7316395e-06  5.6288055e-06  5.8229627e-06  3.8142308e-06   5.833845e-06  4.5973445e-07  4.6548182e-07  2.0763914e-06  4.6957562e-07
  6.6088429e-05 -3.6402938e-06              0 -2.4837525e-08  2.1863631e-07  1.8963329e-07  -9.832122e-06  5.9826629e-06  6.2009501e-06  4.0977716e-06  6.6856341e-06  4.7218973e-07  5.0806466e-07  4.6957562e-07  1.0625107e-06


# ext. ||   Name    ||   type  ||     Value     ||  Error +/- 

   0   ||Natural mortality || limited ||    0.05178655713035 ||0.001923263487537
   1   ||Targeted q || limited ||      9.441747409319 ||0.190589402478
   2   ||Nontargeted q || limited ||                   2 ||22.06548931833
   3   ||     sigma || limited ||      5.011267859168 ||0.2338096531751
   4   ||  Biomass1 || limited ||     0.4162670166574 ||0.03820194312038
   5   ||  Biomass2 || limited ||     0.3491052496086 ||0.0270624701309
   6   ||  vm_sigma || limited ||      14.07286223751 ||0.353707678597
   7   ||Recruit year 1 || limited ||      7.683018802678 ||0.2110747016039
   8   ||Recruit year 2 || limited ||      8.106629355112 ||0.222940910621
   9   ||Recruit year 3 || limited ||      3.442919270113 ||0.1072126408161
  10   ||Recruit year 4 || limited ||      7.794984231312 ||0.2353772406732
  11   ||Mean Rec dist 1 || limited ||     0.4177438737286 ||0.00662213088723
  12   ||Mean Rec dist 2 || limited ||     0.4392145602457 ||0.006650956582498
  13   ||Mean Rec dist 3 || limited ||     0.8231880482185 ||0.01015460552306
  14   ||Mean Rec dist 4 || limited ||     0.6685442192838 ||0.007272419052521





