# Minimum negative log likelihood

Minuit did successfully converge.
# of function calls: 989
minimum function Value: 576.4344512554
minimum edm: 3.605157592768e-05
minimum internal state vector: LAVector parameters:
     0.3283270565336
     -1.277546624295
     -1.287002217587
     -1.174965095503
     -1.354015898081
     -1.358046860013
     0.8147073214315
    0.05272094286424
      -1.35733700225
     -1.048627173118
     -1.104324847713
     -1.263731309496

minimum internal covariance matrix: LASymMatrix parameters:
     0.06844704  -0.0092778998              0 -1.9065982e-05   0.0069263279   0.0067107561  8.6243368e-05  -0.0016690543   0.0063538879    0.017469222      0.0146074   0.0094823575
  -0.0092778998   0.0012877738              0  6.8732507e-06 -0.00096229984  -0.0009314171 -2.5738896e-06 -6.0949246e-05 -0.00087077936  -0.0024021861   -0.002005696  -0.0013059813
              0              0              2              0              0              0              0              0              0              0              0              0
 -1.9065982e-05  6.8732507e-06              0  0.00020274217  -5.828613e-06 -5.3203436e-06  -1.207269e-08 -3.1422599e-05  -1.469107e-06 -6.4928271e-06 -5.3419716e-06 -2.8681479e-06
   0.0069263279 -0.00096229984              0  -5.828613e-06  0.00072749137  0.00070317059  1.2682888e-06  4.8685028e-05  0.00065164173   0.0017946813   0.0014988206  0.00097546021
   0.0067107561  -0.0009314171              0 -5.3203436e-06  0.00070317059  0.00067983935  1.5496445e-06  3.9448177e-05  0.00063085462    0.001737817   0.0014513417  0.00094452943
  8.6243368e-05 -2.5738896e-06              0  -1.207269e-08  1.2682888e-06  1.5496445e-06  1.4948949e-05 -0.00028634794  4.5624161e-06  1.1678136e-05  1.0163763e-05  8.9174521e-06
  -0.0016690543 -6.0949246e-05              0 -3.1422599e-05  4.8685028e-05  3.9448177e-05 -0.00028634794    0.017692478 -5.3622102e-05 -8.3547955e-05 -9.7766157e-05  -0.0001397035
   0.0063538879 -0.00087077936              0  -1.469107e-06  0.00065164173  0.00063085462  4.5624161e-06 -5.3622102e-05  0.00060218027   0.0016331792   0.0013651959  0.00088632508
    0.017469222  -0.0024021861              0 -6.4928271e-06   0.0017946813    0.001737817  1.1678136e-05 -8.3547955e-05   0.0016331792   0.0045085392   0.0037592489    0.002445405
      0.0146074   -0.002005696              0 -5.3419716e-06   0.0014988206   0.0014513417  1.0163763e-05 -9.7766157e-05   0.0013651959   0.0037592489   0.0031485982   0.0020406623
   0.0094823575  -0.0013059813              0 -2.8681479e-06  0.00097546021  0.00094452943  8.9174521e-06  -0.0001397035  0.00088632508    0.002445405   0.0020406623   0.0013556024


# ext. ||   Name    ||   type  ||     Value     ||  Error +/- 

   0   ||Natural mortality || limited ||    0.05306149750799 ||0.004352924077324
   1   ||Targeted q || limited ||      2.134522115347 ||0.3667104393805
   2   ||Nontargeted q || limited ||                   2 ||22.06548931833
   3   ||     sigma || limited ||      3.866180953908 ||0.1941015013844
   4   ||  Biomass1 || limited ||      11.70250197555 ||2.050953461939
   5   ||  Biomass2 || limited ||      11.27296743335 ||1.946349715256
   6   ||   vm_mean || limited ||      2.285586656376 ||0.005892712870932
   7   ||  vm_sigma || limited ||      42.10833458376 ||3.751366972392
   8   ||Recruit year 1 || limited ||      1.144689834266 ||0.1837659530386
   9   ||Recruit year 2 || limited ||      6.672367221544 ||1.183475182655
  10   ||Recruit year 3 || limited ||      5.351428133818 ||0.8918984124442
  11   ||Recruit year 4 || limited ||       2.34852569081 ||0.3933802788409





