# Minimum negative log likelihood

Minuit did successfully converge.
# of function calls: 1273
minimum function Value: 651.4340779534
minimum edm: 1.965745718306e-05
minimum internal state vector: LAVector parameters:
    -0.7654437015546
    -0.9447633780724
     -1.287002217587
     -1.095403636247
     -1.499428883425
     -1.504508434412
    -0.2212531636829
     -1.094225899534
     -1.071034635692
    -0.9874734272464
     -1.276165035725
    0.02621680948904
    0.06062655404281
    0.04445534354176
    0.08209244236859

minimum internal covariance matrix: LASymMatrix parameters:
    0.016679746  -0.0008936024              0 -9.4839895e-05  9.9595788e-05   8.756784e-05  -0.0018736407  0.00097476164   0.0011187132   0.0012726675  0.00068998061  4.2367463e-05  4.9013844e-05  4.7100226e-05  5.1500085e-05
  -0.0008936024  5.7370557e-05              0  5.6118729e-06 -6.5014438e-06 -5.6503871e-06  6.1905219e-05 -5.2116638e-05 -6.0253082e-05 -6.8511563e-05 -3.9056791e-05 -1.5214207e-06 -1.8872136e-06 -1.7319749e-06 -2.2440085e-06
              0              0              2              0              0              0              0              0              0              0              0              0              0              0              0
 -9.4839895e-05  5.6118729e-06              0  0.00034452081  1.6420605e-06  9.3923259e-07 -6.0030117e-05 -6.4379616e-06 -7.1613319e-06 -6.1529506e-06 -6.9633033e-06 -5.5926165e-07  1.5123447e-07   5.617933e-07  7.0276861e-07
  9.9595788e-05 -6.5014438e-06              0  1.6420605e-06  8.2435791e-06   6.441822e-06 -1.8697852e-05  5.3390012e-06  6.6743945e-06   7.637335e-06   4.541189e-06  1.5213125e-07  3.1695593e-07  1.8881616e-07   3.754913e-07
   8.756784e-05 -5.6503871e-06              0  9.3923259e-07   6.441822e-06  5.1428104e-06 -1.4994072e-05  4.7616935e-06  5.8828582e-06  6.6825579e-06  3.9429639e-06  1.4488918e-07  2.6533023e-07  1.6386378e-07  3.3581766e-07
  -0.0018736407  6.1905219e-05              0 -6.0030117e-05 -1.8697852e-05 -1.4994072e-05   0.0019520445 -9.9267802e-05 -0.00012514325 -0.00014335361 -7.1703984e-05 -1.6439979e-05 -2.0194796e-05 -1.9069876e-05 -2.1451083e-05
  0.00097476164 -5.2116638e-05              0 -6.4379616e-06  5.3390012e-06  4.7616935e-06 -9.9267802e-05  7.0203452e-05  6.5688066e-05  7.4210536e-05    4.00645e-05  2.2943973e-06  2.6116231e-06  2.7550412e-06  3.1669467e-06
   0.0011187132 -6.0253082e-05              0 -7.1613319e-06  6.6743945e-06  5.8828582e-06 -0.00012514325  6.5688066e-05  8.6872392e-05  8.5290362e-05  4.6439113e-05  2.7899208e-06  3.1341049e-06  3.1141235e-06  3.5733359e-06
   0.0012726675 -6.8511563e-05              0 -6.1529506e-06   7.637335e-06  6.6825579e-06 -0.00014335361  7.4210536e-05  8.5290362e-05  0.00010923554  5.2651715e-05  3.2234859e-06  3.8008966e-06  3.5447022e-06  3.7900839e-06
  0.00068998061 -3.9056791e-05              0 -6.9633033e-06   4.541189e-06  3.9429639e-06 -7.1703984e-05    4.00645e-05  4.6439113e-05  5.2651715e-05  4.4697667e-05  1.6497047e-06  1.9882698e-06  1.7346935e-06  2.4026748e-06
  4.2367463e-05 -1.5214207e-06              0 -5.5926165e-07  1.5213125e-07  1.4488918e-07 -1.6439979e-05  2.2943973e-06  2.7899208e-06  3.2234859e-06  1.6497047e-06  6.6974846e-07  2.7388309e-07  2.4468384e-07  1.8193873e-07
  4.9013844e-05 -1.8872136e-06              0  1.5123447e-07  3.1695593e-07  2.6533023e-07 -2.0194796e-05  2.6116231e-06  3.1341049e-06  3.8008966e-06  1.9882698e-06  2.7388309e-07  9.1309765e-07  2.6958332e-07  2.7056323e-07
  4.7100226e-05 -1.7319749e-06              0   5.617933e-07  1.8881616e-07  1.6386378e-07 -1.9069876e-05  2.7550412e-06  3.1141235e-06  3.5447022e-06  1.7346935e-06  2.4468384e-07  2.6958332e-07  6.2350481e-07  2.6874199e-07
  5.1500085e-05 -2.2440085e-06              0  7.0276861e-07   3.754913e-07  3.3581766e-07 -2.1451083e-05  3.1669467e-06  3.5733359e-06  3.7900839e-06  2.4026748e-06  1.8193873e-07  2.7056323e-07  2.6874199e-07  2.6065688e-06


# ext. ||   Name    ||   type  ||     Value     ||  Error +/- 

   0   ||Natural mortality || limited ||     0.0276785747786 ||0.001643979295566
   1   ||Targeted q || limited ||      9.482084425493 ||0.1569085613487
   2   ||Nontargeted q || limited ||                   2 ||22.06548931833
   3   ||     sigma || limited ||      5.544346971239 ||0.3003443343786
   4   ||  Biomass1 || limited ||      1.272787630321 ||0.0723842407265
   5   ||  Biomass2 || limited ||      1.098118978468 ||0.05310937429767
   6   ||  vm_sigma || limited ||      31.22251330034 ||1.218978065124
   7   ||Recruit year 1 || limited ||      5.580772439628 ||0.1358781506206
   8   ||Recruit year 2 || limited ||      6.124549066894 ||0.157899583075
   9   ||Recruit year 3 || limited ||      8.277322844542 ||0.2035091049646
  10   ||Recruit year 4 || limited ||      2.164320763338 ||0.06863246965323
  11   ||Mean Rec dist 1 || limited ||     0.2621380636453 ||0.005784842937679
  12   ||Mean Rec dist 2 || limited ||     0.6058942125232 ||0.00674442533708
  13   ||Mean Rec dist 3 || limited ||     0.4444070230554 ||0.00557796259265
  14   ||Mean Rec dist 4 || limited ||     0.8200026762472 ||0.01137769975124





