# Minimum negative log likelihood

Minuit did successfully converge.
# of function calls: 568
minimum function Value: 348.7228184101
minimum edm: 3.863041793339e-05
minimum internal state vector: LAVector parameters:
     -1.140843509427
     -1.287002217587
     -1.342807714444
     -1.448104234493
     -1.454159244355
    0.04523912826164
    -0.3760942610503
     -1.096013192922
     -1.226019561251
     -1.070153594582
     -1.269883565568

minimum internal covariance matrix: LASymMatrix parameters:
  1.8155426e-06              0 -3.5483558e-07 -3.3105795e-07 -3.1772078e-07  2.3315109e-07 -1.0996495e-05 -7.3586411e-07 -5.3345842e-07 -7.4579099e-07 -6.8600573e-07
              0              2              0              0              0              0              0              0              0              0              0
 -3.5483558e-07              0  6.1963821e-05  1.2266221e-07  1.0213119e-07  5.0530773e-10  -8.142848e-06   2.847153e-07  3.4124594e-07  1.5285841e-07  2.8056368e-07
 -3.3105795e-07              0  1.2266221e-07  7.6778696e-07  6.4897975e-07 -2.1582335e-08  6.7250782e-07  1.7110442e-07  1.2214687e-07  1.3512859e-07   1.454496e-07
 -3.1772078e-07              0  1.0213119e-07  6.4897975e-07  5.5491028e-07 -2.3653724e-08  1.0854624e-06  1.5861288e-07  1.1514917e-07   1.315893e-07  1.3909502e-07
  2.3315109e-07              0  5.0530773e-10 -2.1582335e-08 -2.3653724e-08  7.2001099e-08 -3.6414637e-06 -9.2081697e-08 -6.3567943e-08 -9.7133063e-08   -5.93284e-08
 -1.0996495e-05              0  -8.142848e-06  6.7250782e-07  1.0854624e-06 -3.6414637e-06  0.00038682995  3.9088763e-06  1.9234672e-06  4.4297405e-06  1.2574877e-06
 -7.3586411e-07              0   2.847153e-07  1.7110442e-07  1.5861288e-07 -9.2081697e-08  3.9088763e-06  1.2290491e-06  2.0319486e-07  2.9795399e-07   3.035631e-07
 -5.3345842e-07              0  3.4124594e-07  1.2214687e-07  1.1514917e-07 -6.3567943e-08  1.9234672e-06  2.0319486e-07  1.1465319e-06  1.8761122e-07  2.1589367e-07
 -7.4579099e-07              0  1.5285841e-07  1.3512859e-07   1.315893e-07 -9.7133063e-08  4.4297405e-06  2.9795399e-07  1.8761122e-07  1.2535874e-06  3.0258329e-07
 -6.8600573e-07              0  2.8056368e-07   1.454496e-07  1.3909502e-07   -5.93284e-08  1.2574877e-06   3.035631e-07  2.1589367e-07  3.0258329e-07  1.8515235e-06


# ext. ||   Name    ||   type  ||     Value     ||  Error +/- 

   0   ||Targeted q || limited ||      4.550729113765 ||0.01985706041698
   1   ||Nontargeted q || limited ||                   2 ||22.06548931833
   2   ||     sigma || limited ||      1.293851184972 ||0.06290224160081
   3   ||  Biomass1 || limited ||      3.758618843853 ||0.03791418924329
   4   ||  Biomass2 || limited ||      3.397198279279 ||0.03064910990941
   5   ||   vm_mean || limited ||     0.4522369893435 ||0.001895439831083
   6   ||  vm_sigma || limited ||      25.30906253159 ||0.5173901825093
   7   ||Recruit year 1 || limited ||      5.539852863007 ||0.01791639687737
   8   ||Recruit year 2 || limited ||      2.952159439201 ||0.01279393281325
   9   ||Recruit year 3 || limited ||      6.145674450816 ||0.01899855486437
  10   ||Recruit year 4 || limited ||       2.25645774098 ||0.01425747812035





