# Minimum negative log likelihood

Minuit did successfully converge.
# of function calls: 1494
minimum function Value: 593.4309618221
minimum edm: 5.653856573494e-06
minimum internal state vector: LAVector parameters:
       3.14006799033
     -1.047151395161
     -1.287002217587
     -1.158204645299
     -1.483447033325
      -1.48597180752
     0.2248485709998
      3.025902924657
     -1.242690382803
     -1.288573125214
     -1.180743923692
      -1.29077152485

minimum internal covariance matrix: LASymMatrix parameters:
     0.19181362    0.016952287              0 -1.0204113e-05  -0.0029444982  -0.0027656748 -9.1228628e-05  0.00071120806  -0.0097044391  -0.0097024171   -0.013410555  -0.0094170055
    0.016952287    0.001518056              0  5.1793231e-07 -0.00026434251 -0.00024809128 -3.4812865e-06   0.0002272717 -0.00085982515 -0.00086006404   -0.001188066 -0.00083583775
              0              0              2              0              0              0              0              0              0              0              0              0
 -1.0204113e-05  5.1793231e-07              0  0.00023496561  3.0372512e-07  3.1719183e-07  2.2335848e-06  6.0484565e-05 -2.0448929e-06  1.8205536e-06 -5.3326704e-07  9.5184636e-07
  -0.0029444982 -0.00026434251              0  3.0372512e-07  5.4907989e-05  5.0741797e-05  7.4298084e-07  -3.223024e-05  0.00014933821  0.00014949923  0.00020633084   0.0001452564
  -0.0027656748 -0.00024809128              0  3.1719183e-07  5.0741797e-05  4.6999852e-05  6.9872304e-07 -3.1373536e-05  0.00014027498  0.00014043353  0.00019373805  0.00013641219
 -9.1228628e-05 -3.4812865e-06              0  2.2335848e-06  7.4298084e-07  6.9872304e-07  4.1490656e-06   0.0001270126  4.0924993e-06  4.0985332e-06  5.5978599e-06  3.8620551e-06
  0.00071120806   0.0002272717              0  6.0484565e-05  -3.223024e-05 -3.1373536e-05   0.0001270126    0.010132536 -6.0016863e-05 -5.3514263e-05 -8.3621719e-05 -4.8379557e-05
  -0.0097044391 -0.00085982515              0 -2.0448929e-06  0.00014933821  0.00014027498  4.0924993e-06 -6.0016863e-05  0.00050143547  0.00049071006  0.00067734963  0.00047686739
  -0.0097024171 -0.00086006404              0  1.8205536e-06  0.00014949923  0.00014043353  4.0985332e-06 -5.3514263e-05  0.00049071006  0.00050285288  0.00067805338  0.00047693157
   -0.013410555   -0.001188066              0 -5.3326704e-07  0.00020633084  0.00019373805  5.5978599e-06 -8.3621719e-05  0.00067734963  0.00067805338  0.00094887393  0.00065881886
  -0.0094170055 -0.00083583775              0  9.5184636e-07   0.0001452564  0.00013641219  3.8620551e-06 -4.8379557e-05  0.00047686739  0.00047693157  0.00065881886  0.00047182072


# ext. ||   Name    ||   type  ||     Value     ||  Error +/- 

   0   ||Natural mortality || limited ||    0.04503811656673 ||0.007619034415768
   1   ||Targeted q || limited ||      6.699883757801 ||0.6887294973356
   2   ||Nontargeted q || limited ||                   2 ||22.06548931833
   3   ||     sigma || limited ||      4.195766225447 ||0.2173084621134
   4   ||  Biomass1 || limited ||      1.906262255822 ||0.2285481836386
   5   ||  Biomass2 || limited ||      1.797721466004 ||0.205353460944
   6   ||   vm_mean || limited ||     0.7004455631282 ||0.004411007737942
   7   ||  vm_sigma || limited ||      44.61771565087 ||2.825654337206
   8   ||Recruit year 1 || limited ||      2.677013178619 ||0.2550907292712
   9   ||Recruit year 2 || limited ||      1.987868721615 ||0.2207628133216
  10   ||Recruit year 3 || limited ||      3.765167668943 ||0.4140337374007
  11   ||Recruit year 4 || limited ||      1.957376050045 ||0.2122212205412





