# Minimum negative log likelihood

Minuit did successfully converge.
# of function calls: 1550
minimum function Value: 606.8466571414
minimum edm: 2.155337182867e-05
minimum internal state vector: LAVector parameters:
    -0.6380004986736
     -1.044371003394
     -1.287002217587
     -1.144486685557
     -1.454472730602
     -1.404710174912
     -1.181585444012
    -0.1243079565204
     -1.011733759803
     -1.282679871007
    -0.9258670808227
    -0.9654411925797

minimum internal covariance matrix: LASymMatrix parameters:
   0.0021370156 -0.00085586766              0  4.2576893e-06   0.0001805994  0.00025186009  3.5582625e-05 -0.00053285818  0.00069865753  0.00048834865   0.0012926203  0.00086089987
 -0.00085586766  0.00035802538              0 -2.5135735e-06 -7.4819041e-05 -0.00010659348 -8.4021609e-06  0.00016498612 -0.00030634123 -0.00019413449 -0.00052304181 -0.00034930546
              0              0              2              0              0              0              0              0              0              0              0              0
  4.2576893e-06 -2.5135735e-06              0  0.00024254556 -4.3190662e-06 -2.8174708e-06  2.8060502e-06  1.1622687e-06 -2.9472517e-06  6.9340527e-07  8.9366263e-07 -3.1038601e-06
   0.0001805994 -7.4819041e-05              0 -4.3190662e-06  3.0215539e-05  2.8338225e-05  1.8000839e-06 -5.4286398e-05  4.6653714e-05  4.3015978e-05  0.00011021793  7.4186703e-05
  0.00025186009 -0.00010659348              0 -2.8174708e-06  2.8338225e-05  3.6568696e-05 -7.5130483e-07 -1.7065841e-05  9.7064473e-05  5.7030574e-05  0.00015378186  0.00010361926
  3.5582625e-05 -8.4021609e-06              0  2.8060502e-06  1.8000839e-06 -7.5130483e-07  1.3663322e-05 -8.9599058e-05  1.3139062e-05  8.2787043e-06  1.9642005e-05  1.2744741e-05
 -0.00053285818  0.00016498612              0  1.1622687e-06 -5.4286398e-05 -1.7065841e-05 -8.9599058e-05   0.0016372876  -0.0001271846 -8.9162785e-05 -0.00033618594 -0.00019387037
  0.00069865753 -0.00030634123              0 -2.9472517e-06  4.6653714e-05  9.7064473e-05  1.3139062e-05  -0.0001271846  0.00053105162  0.00012868108  0.00043242785  0.00028877966
  0.00048834865 -0.00019413449              0  6.9340527e-07  4.3015978e-05  5.7030574e-05  8.2787043e-06 -8.9162785e-05  0.00012868108  0.00013122949   0.0002919115  0.00019730674
   0.0012926203 -0.00052304181              0  8.9366263e-07  0.00011021793  0.00015378186  1.9642005e-05 -0.00033618594  0.00043242785   0.0002919115  0.00080134923   0.0005218643
  0.00086089987 -0.00034930546              0 -3.1038601e-06  7.4186703e-05  0.00010361926  1.2744741e-05 -0.00019387037  0.00028877966  0.00019730674   0.0005218643  0.00036332799


# ext. ||   Name    ||   type  ||     Value     ||  Error +/- 

   0   ||Natural mortality || limited ||    0.06066143143436 ||0.003937986049495
   1   ||Targeted q || limited ||      6.769566386631 ||0.3361152615596
   2   ||Nontargeted q || limited ||                   2 ||22.06548931833
   3   ||     sigma || limited ||      4.475102023962 ||0.2276840718243
   4   ||  Biomass1 || limited ||      3.378982044404 ||0.225557380275
   5   ||  Biomass2 || limited ||      6.880314724357 ||0.3534625164912
   6   ||   vm_mean || limited ||     -2.906629122235 ||0.00311585143981
   7   ||  vm_sigma || limited ||      35.04103960767 ||1.135477827729
   8   ||Recruit year 1 || limited ||      7.621604256428 ||0.4320733293527
   9   ||Recruit year 2 || limited ||      2.070754951213 ||0.1150708580638
  10   ||Recruit year 3 || limited ||      10.05188060382 ||0.6015482711221
  11   ||Recruit year 4 || limited ||      8.894108555499 ||0.3834435550007





