# Minimum negative log likelihood

WARNING: Minuit did not converge.

# of function calls: 211
minimum function Value: 737.1512375778
minimum edm: 56.45921831737
minimum internal state vector: LAVector parameters:
     0.6334984045129
    -0.9774306484533
     -1.287002217587
    -0.8879208028802
     -1.519408966304
     -1.523973692986
     0.1143754445865
   -0.07942311698087
     -1.064676610969
     -1.056296214479
     -1.102363459644
     -1.114960228605

minimum internal covariance matrix: LASymMatrix parameters:
      4.7970124 -0.00053710128              0    0.011207242  2.3017683e-05  0.00014917048 -0.00095854338      0.2410275   0.0015307851   0.0021049324   0.0020009656 -0.00072374056
 -0.00053710128      4.8106243              0  0.00045568562  1.5056443e-06  5.4182897e-06 -3.5128722e-05    0.010500104  5.4177017e-05  8.1248112e-05  7.6674535e-05 -3.7874354e-05
              0              0      6.8105908              0              0              0              0              0              0              0              0              0
    0.011207242  0.00045568562              0       4.802018 -1.7533569e-05 -0.00011482087   0.0007519191    -0.18477495  -0.0011800981   -0.001610693  -0.0015326567  0.00053522332
  2.3017683e-05  1.5056443e-06              0 -1.7533569e-05      4.8105909 -2.0509719e-07  1.7345014e-06 -0.00040066841 -2.0995573e-06 -2.8456201e-06 -2.7237291e-06  9.4669243e-07
  0.00014917048  5.4182897e-06              0 -0.00011482087 -2.0509719e-07      4.8105894  9.7651835e-06  -0.0024390646 -1.6058532e-05 -2.1962038e-05 -2.0876948e-05  7.3419403e-06
 -0.00095854338 -3.5128722e-05              0   0.0007519191  1.7345014e-06  9.7651835e-06      4.8105332    0.016226323  0.00010094578  0.00013928451  0.00013222025 -4.8487391e-05
      0.2410275    0.010500104              0    -0.18477495 -0.00040066841  -0.0024390646    0.016226323       1.000002   -0.025099572   -0.034219713   -0.032569571    0.011381084
   0.0015307851  5.4177017e-05              0  -0.0011800981 -2.0995573e-06 -1.6058532e-05  0.00010094578   -0.025099572      4.8104804 -0.00022557686 -0.00021448264  7.5324292e-05
   0.0021049324  8.1248112e-05              0   -0.001610693 -2.8456201e-06 -2.1962038e-05  0.00013928451   -0.034219713 -0.00022557686        4.81034 -0.00029227007  0.00010082134
   0.0020009656  7.6674535e-05              0  -0.0015326567 -2.7237291e-06 -2.0876948e-05  0.00013222025   -0.032569571 -0.00021448264 -0.00029227007      4.8103678  9.6244215e-05
 -0.00072374056 -3.7874354e-05              0  0.00053522332  9.4669243e-07  7.3419403e-06 -4.8487391e-05    0.011381084  7.5324292e-05  0.00010082134  9.6244215e-05      4.8106214


# ext. ||   Name    ||   type  ||     Value     ||  Error +/- 

   0   ||Natural mortality || limited ||    0.05979919885097 ||0.04230825312703
   1   ||Targeted q || limited ||      8.546827798304 ||56.33827421098
   2   ||Nontargeted q || limited ||                   2 ||73.7688486674
   3   ||     sigma || limited ||      11.21193014333 ||53.20932408777
   4   ||  Biomass1 || limited ||     0.6600199446433 ||731.8645305778
   5   ||  Biomass2 || limited ||     0.5479896323937 ||733.0589493445
   6   ||   vm_mean || limited ||     0.3585381444867 ||4.877517799516
   7   ||  vm_sigma || limited ||      36.82695396079 ||25.90325967199
   8   ||Recruit year 1 || limited ||      6.277763207946 ||59.30722205623
   9   ||Recruit year 2 || limited ||      6.482411411381 ||59.02368677191
  10   ||Recruit year 3 || limited ||      5.395615080834 ||60.57132869268
  11   ||Recruit year 4 || limited ||      5.114825436061 ||60.99163304182



WARNING: FunctionMinimum is invalid: 
	 Edm is above max


