# Minimum negative log likelihood

Minuit did successfully converge.
# of function calls: 1657
minimum function Value: 443.0292709396
minimum edm: 4.905255870668e-06
minimum internal state vector: LAVector parameters:
      0.646775576263
     -1.112678799383
     -1.287002217587
     -1.284433231938
     -1.435517975063
     -1.443624089755
     0.5066477571216
    -0.9816361303543
    -0.9775947645707
    -0.9678791558089
     -1.055994485979
    0.02551258546369
     0.0359838205461
     0.0620391772538
    0.07947270435267

minimum internal covariance matrix: LASymMatrix parameters:
   0.0019359775 -0.00014970982              0  3.3131544e-05  4.9184837e-05   4.417283e-05 -0.00058538761  0.00024726961  0.00025314612  0.00026964821  0.00023060516  4.3591461e-06  4.5887854e-06  4.7008458e-06  5.4294548e-06
 -0.00014970982  1.3621301e-05              0 -3.4176449e-06 -4.4921254e-06 -4.0233242e-06  2.6609276e-05 -2.0257154e-05 -2.0607563e-05 -2.2045449e-05 -1.9535275e-05 -2.2232011e-07 -2.2907553e-07 -2.2408577e-07 -3.5446702e-07
              0              0              2              0              0              0              0              0              0              0              0              0              0              0              0
  3.3131544e-05 -3.4176449e-06              0  0.00011637972  1.8803298e-06  1.5969307e-06 -3.6909462e-06  6.3958472e-06  5.8290088e-06  6.5542333e-06  4.3769604e-06 -2.5348963e-08  2.8763637e-09 -1.9653598e-07  1.3488704e-07
  4.9184837e-05 -4.4921254e-06              0  1.8803298e-06  3.0381916e-06  2.5850182e-06 -9.5646024e-06  6.8077216e-06  6.8219066e-06  7.3208059e-06  6.3497631e-06  6.2389737e-08  7.8249499e-08  6.6186723e-08  1.1968065e-07
   4.417283e-05 -4.0233242e-06              0  1.5969307e-06  2.5850182e-06  2.2201029e-06 -8.5634116e-06  6.0879394e-06  6.1157948e-06  6.5736576e-06  5.7068842e-06  5.8715961e-08  6.8195535e-08  5.9541363e-08  1.0530559e-07
 -0.00058538761  2.6609276e-05              0 -3.6909462e-06 -9.5646024e-06 -8.5634116e-06   0.0019707196 -6.4241992e-05 -6.6582758e-05 -7.0727221e-05 -5.5126849e-05 -5.8748347e-06 -6.3283023e-06 -6.6848831e-06 -5.6082009e-06
  0.00024726961 -2.0257154e-05              0  6.3958472e-06  6.8077216e-06  6.0879394e-06 -6.4241992e-05   3.596664e-05  3.2839081e-05  3.5024926e-05  3.0342507e-05  5.0068656e-07  5.0331326e-07   4.853124e-07  6.5024592e-07
  0.00025314612 -2.0607563e-05              0  5.8290088e-06  6.8219066e-06  6.1157948e-06 -6.6582758e-05  3.2839081e-05  3.7089997e-05  3.6090695e-05  3.0708795e-05  5.0290345e-07  5.3348791e-07    5.18599e-07  6.6434368e-07
  0.00026964821 -2.2045449e-05              0  6.5542333e-06  7.3208059e-06  6.5736576e-06 -7.0727221e-05  3.5024926e-05  3.6090695e-05  4.1654494e-05  3.3206784e-05  5.5251506e-07  5.2769795e-07  5.3402867e-07  7.1984077e-07
  0.00023060516 -1.9535275e-05              0  4.3769604e-06  6.3497631e-06  5.7068842e-06 -5.5126849e-05  3.0342507e-05  3.0708795e-05  3.3206784e-05    3.43277e-05  4.5534897e-07  4.1588845e-07   4.318312e-07  7.3479477e-07
  4.3591461e-06 -2.2232011e-07              0 -2.5348963e-08  6.2389737e-08  5.8715961e-08 -5.8748347e-06  5.0068656e-07  5.0290345e-07  5.5251506e-07  4.5534897e-07  7.8812549e-08  2.2263799e-08  2.7477699e-08  2.4745799e-08
  4.5887854e-06 -2.2907553e-07              0  2.8763637e-09  7.8249499e-08  6.8195535e-08 -6.3283023e-06  5.0331326e-07  5.3348791e-07  5.2769795e-07  4.1588845e-07  2.2263799e-08  9.0771507e-08  3.4153319e-08  2.7630445e-08
  4.7008458e-06 -2.2408577e-07              0 -1.9653598e-07  6.6186723e-08  5.9541363e-08 -6.6848831e-06   4.853124e-07    5.18599e-07  5.3402867e-07   4.318312e-07  2.7477699e-08  3.4153319e-08  1.0826472e-07   2.696828e-08
  5.4294548e-06 -3.5446702e-07              0  1.3488704e-07  1.1968065e-07  1.0530559e-07 -5.6082009e-06  6.5024592e-07  6.6434368e-07  7.1984077e-07  7.3479477e-07  2.4745799e-08  2.7630445e-08   2.696828e-08  1.5256568e-07


# ext. ||   Name    ||   type  ||     Value     ||  Error +/- 

   0   ||Natural mortality || limited ||    0.06006540881641 ||0.0006206187268378
   1   ||Targeted q || limited ||      5.155668524882 ||0.05770879164931
   2   ||Nontargeted q || limited ||                   2 ||22.06548931833
   3   ||     sigma || limited ||      2.036124151925 ||0.1077344360563
   4   ||  Biomass1 || limited ||      4.568085314279 ||0.08311231037636
   5   ||  Biomass2 || limited ||      4.037748264645 ||0.06681323978416
   6   ||  vm_sigma || limited ||       59.4102116896 ||1.097688049236
   7   ||Recruit year 1 || limited ||      8.438776038407 ||0.117807159695
   8   ||Recruit year 2 || limited ||      8.551385818922 ||0.1203551815443
   9   ||Recruit year 3 || limited ||       8.82487108217 ||0.1293780495105
  10   ||Recruit year 4 || limited ||      6.489836675799 ||0.1019805977738
  11   ||Mean Rec dist 1 || limited ||     0.2550981789739 ||0.001984455343493
  12   ||Mean Rec dist 2 || limited ||     0.3597605552841 ||0.002129014117624
  13   ||Mean Rec dist 3 || limited ||     0.6199938823208 ||0.002322160143853
  14   ||Mean Rec dist 4 || limited ||     0.7938907368277 ||0.002753217279824





