# Minimum negative log likelihood

Minuit did successfully converge.
# of function calls: 966
minimum function Value: 559.9418171069
minimum edm: 7.637392066515e-05
minimum internal state vector: LAVector parameters:
       1.17595851155
     -0.981470969571
     -1.287002217587
     -1.190527501887
     -1.540701513441
     -1.544485120016
    -0.1522131276215
      2.980250277149
     -1.117533035513
    -0.9811401036643
     -1.123093682757
     -1.013446615706

minimum internal covariance matrix: LASymMatrix parameters:
     0.29928313  -0.0099498954              0  3.4200991e-05  0.00046219063   0.0004616813 -0.00022689247  -0.0062487848   0.0061752963    0.010374438   0.0069356737    0.008240578
  -0.0099498954  0.00034047874              0   1.424229e-07 -1.5677304e-05 -1.5706189e-05  9.0490651e-06  0.00025544159 -0.00020705813 -0.00034787266  -0.0002328556 -0.00027541455
              0              0              2              0              0              0              0              0              0              0              0              0
  3.4200991e-05   1.424229e-07              0  0.00019851532  7.4840815e-07  4.6289746e-07  5.0565631e-07  2.2250011e-06  1.9235363e-06 -3.0275422e-06   6.286427e-07 -6.0684005e-06
  0.00046219063 -1.5677304e-05              0  7.4840815e-07  4.2581082e-06  3.3595655e-06 -3.2470204e-07 -8.6312153e-06  9.7379417e-06  1.5838986e-05  1.0791805e-05  1.2047338e-05
   0.0004616813 -1.5706189e-05              0  4.6289746e-07  3.3595655e-06  2.7542238e-06 -3.3846829e-07  -9.601054e-06  9.6948042e-06  1.5914317e-05  1.0797532e-05  1.2200291e-05
 -0.00022689247  9.0490651e-06              0  5.0565631e-07 -3.2470204e-07 -3.3846829e-07  1.2843988e-06  2.8814665e-05 -4.7863606e-06 -8.3305553e-06 -5.3995191e-06 -6.8921873e-06
  -0.0062487848  0.00025544159              0  2.2250011e-06 -8.6312153e-06  -9.601054e-06  2.8814665e-05   0.0018656907  -0.0001319281 -0.00023013749 -0.00015182477 -0.00018677001
   0.0061752963 -0.00020705813              0  1.9235363e-06  9.7379417e-06  9.6948042e-06 -4.7863606e-06  -0.0001319281  0.00013475204  0.00021391973  0.00014341959  0.00016899941
    0.010374438 -0.00034787266              0 -3.0275422e-06  1.5838986e-05  1.5914317e-05 -8.3305553e-06 -0.00023013749  0.00021391973   0.0003683057  0.00024121602   0.0002872629
   0.0069356737  -0.0002328556              0   6.286427e-07  1.0791805e-05  1.0797532e-05 -5.3995191e-06 -0.00015182477  0.00014341959  0.00024121602  0.00016811299  0.00019085078
    0.008240578 -0.00027541455              0 -6.0684005e-06  1.2047338e-05  1.2200291e-05 -6.8921873e-06 -0.00018677001  0.00016899941   0.0002872629  0.00019085078  0.00023705297


# ext. ||   Name    ||   type  ||     Value     ||  Error +/- 

   0   ||Natural mortality || limited ||    0.06807647405614 ||0.003627901486586
   1   ||Targeted q || limited ||      8.434208254083 ||0.3625821890859
   2   ||Nontargeted q || limited ||                   2 ||22.06548931833
   3   ||     sigma || limited ||      3.571755531958 ||0.1848918762439
   4   ||  Biomass1 || limited ||     0.2264073588676 ||0.02195276845829
   5   ||  Biomass2 || limited ||     0.1730599163768 ||0.01543637005993
   6   ||   vm_mean || limited ||    -0.4763472574481 ||0.002488480081279
   7   ||  vm_sigma || limited ||      46.42615141113 ||1.205631338024
   8   ||Recruit year 1 || limited ||      5.058350555528 ||0.1797011819344
   9   ||Recruit year 2 || limited ||      8.452560957181 ||0.3772559476191
  10   ||Recruit year 3 || limited ||      4.937307423589 ||0.1984218269366
  11   ||Recruit year 4 || limited ||      7.576246765459 ||0.2878930481891





