# Minimum negative log likelihood

Minuit did successfully converge.
# of function calls: 494
minimum function Value: 363.8920368811
minimum edm: 8.415094153847e-06
minimum internal state vector: LAVector parameters:
     -1.185262313176
     -1.287002217587
     -1.334307041137
     -1.435702184957
     -1.440458571627
     0.1895236611663
    -0.3918269996177
     -1.018456663267
     -1.128025962852
    -0.9899812114439
      -1.28853836626

minimum internal covariance matrix: LASymMatrix parameters:
  8.2721853e-07              0   8.907498e-08 -2.7405672e-07 -2.3999341e-07  1.9739112e-07 -9.1871352e-06 -4.0795471e-07 -2.8742764e-07 -4.1660775e-07 -4.4795729e-07
              0              2              0              0              0              0              0              0              0              0              0
   8.907498e-08              0  6.3847797e-05 -1.1665361e-07 -1.0218185e-07 -1.4780977e-08 -2.1178739e-06  3.7847041e-07   2.746298e-07  1.4544162e-07 -3.7920466e-07
 -2.7405672e-07              0 -1.1665361e-07  9.7030858e-07  8.1749605e-07 -4.9744196e-08  3.6181865e-06  1.1653568e-07  7.0487426e-08  1.0525603e-07  1.8316326e-07
 -2.3999341e-07              0 -1.0218185e-07  8.1749605e-07  6.9498974e-07 -4.5651269e-08  3.0529502e-06  1.0190808e-07  6.2870018e-08  9.2491431e-08  1.4376007e-07
  1.9739112e-07              0 -1.4780977e-08 -4.9744196e-08 -4.5651269e-08  3.0873763e-07 -1.0821424e-05 -1.7169985e-07 -1.2656688e-07 -1.7858115e-07 -6.0160959e-08
 -9.1871352e-06              0 -2.1178739e-06  3.6181865e-06  3.0529502e-06 -1.0821424e-05   0.0010755536  6.6163836e-06  5.0798907e-06  7.9554621e-06  6.5099443e-06
 -4.0795471e-07              0  3.7847041e-07  1.1653568e-07  1.0190808e-07 -1.7169985e-07  6.6163836e-06  1.3659238e-06  2.3340879e-07  4.0100042e-07  1.8697646e-07
 -2.8742764e-07              0   2.746298e-07  7.0487426e-08  6.2870018e-08 -1.2656688e-07  5.0798907e-06  2.3340879e-07  1.1907578e-06  2.8024142e-07   1.394782e-07
 -4.1660775e-07              0  1.4544162e-07  1.0525603e-07  9.2491431e-08 -1.7858115e-07  7.9554621e-06  4.0100042e-07  2.8024142e-07  1.3428377e-06  1.9811461e-07
 -4.4795729e-07              0 -3.7920466e-07  1.8316326e-07  1.4376007e-07 -6.0160959e-08  6.5099443e-06  1.8697646e-07   1.394782e-07  1.9811461e-07  3.4287668e-06


# ext. ||   Name    ||   type  ||     Value     ||  Error +/- 

   0   ||Targeted q || limited ||      3.670112657941 ||0.01209247847224
   1   ||Nontargeted q || limited ||                   2 ||22.06548931833
   2   ||     sigma || limited ||      1.391675338125 ||0.06618832743076
   3   ||  Biomass1 || limited ||      4.555671882859 ||0.04690559063691
   4   ||  Biomass2 || limited ||      4.240973721949 ||0.0383075248033
   5   ||   vm_mean || limited ||      1.883911068162 ||0.00385862764079
   6   ||  vm_sigma || limited ||      24.72558741234 ||0.8572129065164
   7   ||Recruit year 1 || limited ||      7.444292618392 ||0.02167801988188
   8   ||Recruit year 2 || limited ||      4.831108568483 ||0.0165278981819
   9   ||Recruit year 3 || limited ||       8.20839661021 ||0.02247825800039
  10   ||Recruit year 4 || limited ||      1.988352706025 ||0.0182324300622





