# Minimum negative log likelihood

Minuit did successfully converge.
# of function calls: 826
minimum function Value: 541.6192523586
minimum edm: 2.053517501707e-05
minimum internal state vector: LAVector parameters:
    -0.4316156371478
     -1.022051420238
     -1.287002217587
     -1.207098058497
     -1.527297131079
     -1.529950537872
    0.05480945713794
    -0.7066587955659
     -1.372805891015
      -1.10028287658
     -1.038104040186
    -0.9985464431826

minimum internal covariance matrix: LASymMatrix parameters:
    0.026799715  -0.0020302951              0  0.00020460392  0.00015722385  0.00014746439  5.6774153e-05 -0.00021378349  0.00079768621    0.002184765   0.0019552949   0.0022521146
  -0.0020302951  0.00016135296              0 -1.5360168e-05 -1.2306039e-05 -1.1566779e-05 -1.6814165e-06 -5.3905974e-06  -6.070134e-05 -0.00016672335 -0.00014870856 -0.00017212798
              0              0              2              0              0              0              0              0              0              0              0              0
  0.00020460392 -1.5360168e-05              0  0.00018868499  8.1983907e-07  7.3543111e-07  1.7399393e-06  6.5233144e-06  7.8136517e-06  1.4903343e-05  1.4854683e-05  1.9499296e-05
  0.00015722385 -1.2306039e-05              0  8.1983907e-07  4.4312717e-06  3.7247006e-06 -2.0025823e-08  5.9589666e-07  4.8457162e-06  1.3013245e-05  1.1583139e-05  1.3441342e-05
  0.00014746439 -1.1566779e-05              0  7.3543111e-07  3.7247006e-06  3.1780441e-06 -8.1252572e-09   8.629157e-07  4.4713091e-06  1.2188192e-05  1.0841339e-05  1.2568659e-05
  5.6774153e-05 -1.6814165e-06              0  1.7399393e-06 -2.0025823e-08 -8.1252572e-09  2.8367128e-06 -1.5977007e-05  1.4530901e-06  3.9997719e-06  3.9731611e-06  4.4692495e-06
 -0.00021378349 -5.3905974e-06              0  6.5233144e-06  5.9589666e-07   8.629157e-07 -1.5977007e-05   0.0002328216 -6.0049828e-06 -1.2692688e-05 -1.5319493e-05 -1.7209963e-05
  0.00079768621  -6.070134e-05              0  7.8136517e-06  4.8457162e-06  4.4713091e-06  1.4530901e-06 -6.0049828e-06  3.0500454e-05  6.4603203e-05  5.9128752e-05  6.6694184e-05
    0.002184765 -0.00016672335              0  1.4903343e-05  1.3013245e-05  1.2188192e-05  3.9997719e-06 -1.2692688e-05  6.4603203e-05  0.00018455063  0.00015929046  0.00018415061
   0.0019552949 -0.00014870856              0  1.4854683e-05  1.1583139e-05  1.0841339e-05  3.9731611e-06 -1.5319493e-05  5.9128752e-05  0.00015929046  0.00014894671  0.00016411218
   0.0022521146 -0.00017212798              0  1.9499296e-05  1.3441342e-05  1.2568659e-05  4.4692495e-06 -1.7209963e-05  6.6694184e-05  0.00018415061  0.00016411218  0.00019594601


# ext. ||   Name    ||   type  ||     Value     ||  Error +/- 

   0   ||Natural mortality || limited ||    0.03454152958634 ||0.00262267685736
   1   ||Targeted q || limited ||      7.341006413631 ||0.2342551917181
   2   ||Nontargeted q || limited ||                   2 ||22.06548931833
   3   ||     sigma || limited ||      3.270618909626 ||0.1727591362994
   4   ||  Biomass1 || limited ||     0.4729704211689 ||0.03236408213714
   5   ||  Biomass2 || limited ||     0.4170366321091 ||0.02573720447296
   6   ||   vm_mean || limited ||     0.1721027893555 ||0.003735853171174
   7   ||  vm_sigma || limited ||      14.02897283792 ||0.3282179247166
   8   ||Recruit year 1 || limited ||     0.9867104478464 ||0.03840313760048
   9   ||Recruit year 2 || limited ||      5.442674872059 ||0.2177160952939
  10   ||Recruit year 3 || limited ||      6.937161988157 ||0.2191093350028
  11   ||Recruit year 4 || limited ||      7.974966621533 ||0.2679730316378





