# Minimum negative log likelihood

Minuit did successfully converge.
# of function calls: 1579
minimum function Value: 515.2415357545
minimum edm: 3.25404744231e-05
minimum internal state vector: LAVector parameters:
      2.904110268035
    -0.9297089975868
     -1.287002217587
     -1.229648236956
     -1.445127687467
     -1.455903384826
     -0.764636532952
     -1.358202332727
    -0.9631404175709
     -1.299913555696
     -1.013235202146
    0.07199584703475
    0.09252065876858
    0.09738077243948
     0.1032617855371

minimum internal covariance matrix: LASymMatrix parameters:
    0.012242795  0.00073362421              0  4.1834627e-05  -0.0001480293 -0.00013031332  0.00079080905 -0.00044100504  -0.0012928528 -0.00056507219  -0.0011806962 -7.0793197e-05    -7.1828e-05 -6.7704626e-05   -7.16143e-05
  0.00073362421  5.1343716e-05              0  7.4266305e-07 -1.0161714e-05 -8.8619455e-06  3.7280801e-05 -2.6444373e-05 -7.8772149e-05 -3.4875057e-05 -7.4534213e-05 -3.4835358e-06 -3.5946967e-06 -3.1546954e-06 -3.8094101e-06
              0              0              2              0              0              0              0              0              0              0              0              0              0              0              0
  4.1834627e-05  7.4266305e-07              0  0.00016328061 -3.1684384e-06 -2.6400558e-06  2.7618501e-05 -4.2725796e-06 -6.4934481e-06 -1.3449933e-06 -2.6477505e-06 -1.9745201e-06 -1.8158834e-06 -1.8011352e-06 -1.2513744e-06
  -0.0001480293 -1.0161714e-05              0 -3.1684384e-06  4.6248936e-06  3.7318079e-06  -1.204336e-05   5.827339e-06  1.6249996e-05  6.8881378e-06  1.4848046e-05  8.9582206e-07  9.7060717e-07  9.6483667e-07  9.6606815e-07
 -0.00013031332 -8.8619455e-06              0 -2.6400558e-06  3.7318079e-06  3.0672325e-06 -1.0139127e-05  5.0839366e-06  1.4248455e-05  6.0705913e-06  1.3027969e-05  7.8694845e-07  8.3800099e-07  8.1218836e-07  8.3190966e-07
  0.00079080905  3.7280801e-05              0  2.7618501e-05  -1.204336e-05 -1.0139127e-05  0.00018982807 -3.1279713e-05 -8.3135836e-05 -3.4210142e-05 -7.2181633e-05 -9.9366242e-06 -9.6301115e-06 -1.0867263e-05 -8.8153845e-06
 -0.00044100504 -2.6444373e-05              0 -4.2725796e-06   5.827339e-06  5.0839366e-06 -3.1279713e-05  2.0624295e-05  4.6409182e-05  1.9938541e-05  4.2434994e-05  2.6734673e-06  2.7232792e-06  2.6899785e-06  2.6460338e-06
  -0.0012928528 -7.8772149e-05              0 -6.4934481e-06  1.6249996e-05  1.4248455e-05 -8.3135836e-05  4.6409182e-05   0.0001418984  5.9958144e-05  0.00012501991  7.4376131e-06  7.5341048e-06  7.1724323e-06  7.6142135e-06
 -0.00056507219 -3.4875057e-05              0 -1.3449933e-06  6.8881378e-06  6.0705913e-06 -3.4210142e-05  1.9938541e-05  5.9958144e-05  3.0947537e-05   5.498689e-05  3.2095299e-06  3.2486902e-06  2.7255747e-06  3.1764558e-06
  -0.0011806962 -7.4534213e-05              0 -2.6477505e-06  1.4848046e-05  1.3027969e-05 -7.2181633e-05  4.2434994e-05  0.00012501991   5.498689e-05  0.00012245499  6.4512907e-06  6.6467427e-06  5.9157431e-06  6.8694617e-06
 -7.0793197e-05 -3.4835358e-06              0 -1.9745201e-06  8.9582206e-07  7.8694845e-07 -9.9366242e-06  2.6734673e-06  7.4376131e-06  3.2095299e-06  6.4512907e-06  2.0595098e-06  6.5587064e-07  7.5335343e-07  5.3657112e-07
    -7.1828e-05 -3.5946967e-06              0 -1.8158834e-06  9.7060717e-07  8.3800099e-07 -9.6301115e-06  2.7232792e-06  7.5341048e-06  3.2486902e-06  6.6467427e-06  6.5587064e-07  8.3692404e-07  6.5244926e-07  5.9664307e-07
 -6.7704626e-05 -3.1546954e-06              0 -1.8011352e-06  9.6483667e-07  8.1218836e-07 -1.0867263e-05  2.6899785e-06  7.1724323e-06  2.7255747e-06  5.9157431e-06  7.5335343e-07  6.5244926e-07  1.9022524e-06  5.7071512e-07
   -7.16143e-05 -3.8094101e-06              0 -1.2513744e-06  9.6606815e-07  8.3190966e-07 -8.8153845e-06  2.6460338e-06  7.6142135e-06  3.1764558e-06  6.8694617e-06  5.3657112e-07  5.9664307e-07  5.7071512e-07  8.5436815e-07


# ext. ||   Name    ||   type  ||     Value     ||  Error +/- 

   0   ||Natural mortality || limited ||    0.05088141052922 ||0.001899147132608
   1   ||Targeted q || limited ||      9.927703209342 ||0.1515119214829
   2   ||Nontargeted q || limited ||                   2 ||22.06548931833
   3   ||     sigma || limited ||      2.881441442836 ||0.1511480042486
   4   ||  Biomass1 || limited ||      3.942958494755 ||0.09529912507103
   5   ||  Biomass2 || limited ||      3.296468412087 ||0.07098485452373
   6   ||  vm_sigma || limited ||      12.30985597305 ||0.2812094527534
   7   ||Recruit year 1 || limited ||      1.135543379457 ||0.03387466639601
   8   ||Recruit year 2 || limited ||      8.959674040061 ||0.2404302604229
   9   ||Recruit year 3 || limited ||      1.833064771946 ||0.05262360499162
  10   ||Recruit year 4 || limited ||       7.58183839689 ||0.2069894162953
  11   ||Mean Rec dist 1 || limited ||     0.7193366591629 ||0.01012139381206
  12   ||Mean Rec dist 2 || limited ||     0.9238871799767 ||0.006441196385058
  13   ||Mean Rec dist 3 || limited ||      0.972269348481 ||0.009706362919525
  14   ||Mean Rec dist 4 || limited ||       1.03078370012 ||0.006501116226718





