# Minimum negative log likelihood

Minuit did successfully converge.
# of function calls: 1112
minimum function Value: 721.2202299045
minimum edm: 5.304990452948e-05
minimum internal state vector: LAVector parameters:
     -1.565559325549
     -1.036308642919
     -1.287002217587
      -1.00632411219
     -1.474983126191
     -1.483910116362
      0.120873409938
     0.1453728262381
     -1.392525799562
      -1.03735988558
     -1.278634581018
      -1.19549155002

minimum internal covariance matrix: LASymMatrix parameters:
     0.67872932  -0.0006220705              0  0.00082428481  0.00023150136  0.00020975485  3.1410505e-05    0.002922632 -6.6483156e-05  0.00064880152  9.5218844e-05 -6.1259487e-05
  -0.0006220705  2.9350928e-05              0 -4.2807217e-06 -5.1516026e-06 -4.8803709e-06  8.1503452e-06 -0.00036155669  7.7446396e-07 -1.5647415e-06  2.1056845e-06 -2.7232302e-06
              0              0              2              0              0              0              0              0              0              0              0              0
  0.00082428481 -4.2807217e-06              0  0.00040509844  9.3684699e-07  7.5848411e-07 -3.4060137e-07  3.4013727e-05 -1.6232734e-06  3.3482895e-06    4.67179e-07 -1.9394823e-06
  0.00023150136 -5.1516026e-06              0  9.3684699e-07  1.4883789e-05  1.1839433e-05 -1.6057417e-06  6.2496553e-05   5.526525e-07   1.210411e-06 -1.7065433e-07  6.2788488e-07
  0.00020975485 -4.8803709e-06              0  7.5848411e-07  1.1839433e-05  9.5734392e-06 -1.4549964e-06  6.0483468e-05  1.6804657e-07  1.0063544e-06 -1.9064925e-07   5.623625e-07
  3.1410505e-05  8.1503452e-06              0 -3.4060137e-07 -1.6057417e-06 -1.4549964e-06  8.4959848e-06 -0.00028486356  1.3725301e-07 -5.6741935e-07  2.5411231e-07 -5.0940891e-07
    0.002922632 -0.00036155669              0  3.4013727e-05  6.2496553e-05  6.0483468e-05 -0.00028486356    0.023040147  -1.630333e-05  2.9903988e-05 -1.9216094e-05  2.1820495e-05
 -6.6483156e-05  7.7446396e-07              0 -1.6232734e-06   5.526525e-07  1.6804657e-07  1.3725301e-07  -1.630333e-05  2.0829647e-05  4.0289767e-07 -1.6743091e-08  -8.141597e-07
  0.00064880152 -1.5647415e-06              0  3.3482895e-06   1.210411e-06  1.0063544e-06 -5.6741935e-07  2.9903988e-05  4.0289767e-07  2.2397821e-05 -3.9329243e-07 -1.5238806e-07
  9.5218844e-05  2.1056845e-06              0    4.67179e-07 -1.7065433e-07 -1.9064925e-07  2.5411231e-07 -1.9216094e-05 -1.6743091e-08 -3.9329243e-07   2.116355e-05 -9.3161433e-07
 -6.1259487e-05 -2.7232302e-06              0 -1.9394823e-06  6.2788488e-07   5.623625e-07 -5.0940891e-07  2.1820495e-05  -8.141597e-07 -1.5238806e-07 -9.3161433e-07  2.4004008e-05


# ext. ||   Name    ||   type  ||     Value     ||  Error +/- 

   0   ||Natural mortality || limited ||    0.02000034282649 ||0.004123383544369
   1   ||Targeted q || limited ||        6.9735141924 ||0.09757173104923
   2   ||Nontargeted q || limited ||                   2 ||22.06548931833
   3   ||     sigma || limited ||      7.756446628745 ||0.3806712212871
   4   ||  Biomass1 || limited ||      2.293287149884 ||0.1304883930099
   5   ||  Biomass2 || limited ||      1.886116384889 ||0.09492769563457
   6   ||   vm_mean || limited ||     0.3788110130428 ||0.006427781010591
   7   ||  vm_sigma || limited ||       45.7948809063 ||4.239774289035
   8   ||Recruit year 1 || limited ||     0.8023283577308 ||0.02861070395988
   9   ||Recruit year 2 || limited ||      6.956068132213 ||0.08507473924739
  10   ||Recruit year 3 || limited ||      2.128614068721 ||0.04684166186835
  11   ||Recruit year 4 || limited ||      3.489854612889 ||0.06348820511139





