# Minimum negative log likelihood

Minuit did successfully converge.
# of function calls: 932
minimum function Value: 587.1257769024
minimum edm: 5.000708401736e-05
minimum internal state vector: LAVector parameters:
     -1.092369001707
     -1.088305852155
     -1.287002217587
     -1.164503023066
     -1.489846361199
     -1.494374612293
     0.3346573817972
    -0.5787718112393
    -0.9342950108144
      -1.34615259495
     -1.141546139244
     -1.315625394662

minimum internal covariance matrix: LASymMatrix parameters:
   0.0042764411  -0.0011364572              0  -1.457116e-05  0.00019178208  0.00018791565  8.3105336e-06 -1.1979538e-05   0.0015625638  0.00054141398   0.0008717554  0.00062140625
  -0.0011364572  0.00030862108              0  4.6259291e-06 -5.2000548e-05 -5.0914372e-05  9.7878313e-07 -3.1225237e-05 -0.00041559606 -0.00014233828 -0.00023155161 -0.00016554896
              0              0              2              0              0              0              0              0              0              0              0              0
  -1.457116e-05  4.6259291e-06              0  0.00024385499  1.4054304e-06   1.211558e-06   6.920065e-07  1.2105366e-05 -5.4089471e-06 -9.8738078e-08 -2.8148434e-06 -4.3989252e-06
  0.00019178208 -5.2000548e-05              0  1.4054304e-06   1.452326e-05  1.3430839e-05 -4.3883614e-08 -5.0000336e-07  7.0327085e-05  2.3883491e-05  3.8940996e-05  2.8082608e-05
  0.00018791565 -5.0914372e-05              0   1.211558e-06  1.3430839e-05  1.2514639e-05 -3.0386161e-08  6.9342185e-07  6.8889517e-05   2.341468e-05  3.8128506e-05  2.7528142e-05
  8.3105336e-06  9.7878313e-07              0   6.920065e-07 -4.3883614e-08 -3.0386161e-08   4.941083e-06 -3.8580234e-05  2.7075747e-06  1.4354113e-06  1.7682689e-06  1.1478167e-06
 -1.1979538e-05 -3.1225237e-05              0  1.2105366e-05 -5.0000336e-07  6.9342185e-07 -3.8580234e-05  0.00092145168 -2.7598587e-07 -1.0918037e-05 -5.9675431e-06 -2.4887257e-07
   0.0015625638 -0.00041559606              0 -5.4089471e-06  7.0327085e-05  6.8889517e-05  2.7075747e-06 -2.7598587e-07  0.00057733013  0.00019722256  0.00031769375  0.00022763889
  0.00054141398 -0.00014233828              0 -9.8738078e-08  2.3883491e-05   2.341468e-05  1.4354113e-06 -1.0918037e-05  0.00019722256  7.6424378e-05   0.0001092062  7.8505151e-05
   0.0008717554 -0.00023155161              0 -2.8148434e-06  3.8940996e-05  3.8128506e-05  1.7682689e-06 -5.9675431e-06  0.00031769375   0.0001092062  0.00018592761  0.00012553385
  0.00062140625 -0.00016554896              0 -4.3989252e-06  2.8082608e-05  2.7528142e-05  1.1478167e-06 -2.4887257e-07  0.00022763889  7.8505151e-05  0.00012553385  9.9735952e-05


# ext. ||   Name    ||   type  ||     Value     ||  Error +/- 

   0   ||Natural mortality || limited ||    0.01684199188507 ||0.003192145071656
   1   ||Targeted q || limited ||      5.707893806674 ||0.2881789372052
   2   ||Nontargeted q || limited ||                   2 ||22.06548931833
   3   ||     sigma || limited ||      4.070397864268 ||0.2181909606267
   4   ||  Biomass1 || limited ||      1.637329835008 ||0.1089503891792
   5   ||  Biomass2 || limited ||      1.459359149086 ||0.09548995149825
   6   ||   vm_mean || limited ||       1.03184221627 ||0.004663996985464
   7   ||  vm_sigma || limited ||      18.12092591041 ||0.7186841207933
   8   ||Recruit year 1 || limited ||       9.80000876966 ||0.5048600501104
   9   ||Recruit year 2 || limited ||      1.266197822879 ||0.0688430561915
  10   ||Recruit year 3 || limited ||      4.545642938144 ||0.2006169020275
  11   ||Recruit year 4 || limited ||      1.628829865499 ||0.08911314785658





