# Minimum negative log likelihood

Minuit did successfully converge.
# of function calls: 1813
minimum function Value: 319.6891206941
minimum edm: 1.360674213878e-05
minimum internal state vector: LAVector parameters:
      0.174580073299
     -1.356314193838
     -1.287002217587
     -1.358236234561
     -1.491994561093
     -1.493813885393
     0.1811384804294
     -1.210729170844
     -0.928148986447
     -1.142590507726
     -1.236353560601
    0.04811826768597
      0.119681684298
    0.08756708652287
    0.09129334030982

minimum internal covariance matrix: LASymMatrix parameters:
   0.0033470579 -0.00043090703              0 -4.3969669e-06  0.00015854421  0.00015422009  -0.0021385591  0.00089340336   0.0015769015   0.0010749358  0.00081367311  2.5005282e-05  1.7684707e-05  2.5285009e-05  1.7310069e-05
 -0.00043090703   5.858429e-05              0  9.2060951e-07  -2.163909e-05 -2.1018331e-05  0.00023763335 -0.00011899928 -0.00021029591 -0.00014257951 -0.00010912212 -2.9485937e-06 -1.9805551e-06 -3.1410585e-06 -2.2365121e-06
              0              0              2              0              0              0              0              0              0              0              0              0              0              0              0
 -4.3969669e-06  9.2060951e-07              0  5.6769462e-05 -8.2140371e-07 -7.2476231e-07 -9.6721779e-07 -1.7394321e-06 -2.6909517e-06 -1.7160224e-06 -2.1694471e-06 -3.9511852e-08  4.7890981e-08 -8.2466576e-08  1.0377344e-07
  0.00015854421  -2.163909e-05              0 -8.2140371e-07  9.3466784e-06   8.927283e-06  -8.693261e-05  4.4060077e-05  7.7581256e-05  5.2472758e-05  4.0348421e-05  1.0465216e-06  7.1881818e-07  1.1828526e-06  8.2194022e-07
  0.00015422009 -2.1018331e-05              0 -7.2476231e-07   8.927283e-06  8.5474042e-06 -8.4808968e-05  4.2789814e-05  7.5394965e-05  5.1009016e-05  3.9173444e-05  1.0272666e-06      7.014e-07  1.1508312e-06  8.0015653e-07
  -0.0021385591  0.00023763335              0 -9.6721779e-07  -8.693261e-05 -8.4808968e-05   0.0067663467 -0.00052193455  -0.0009146751 -0.00063413476 -0.00046813358 -3.2973951e-05  -3.105054e-05 -2.4072854e-05 -1.8062469e-05
  0.00089340336 -0.00011899928              0 -1.7394321e-06  4.4060077e-05  4.2789814e-05 -0.00052193455  0.00024544089  0.00043024823  0.00029234834  0.00022295076  6.2569477e-06  4.4012697e-06   6.589088e-06  4.6322293e-06
   0.0015769015 -0.00021029591              0 -2.6909517e-06  7.7581256e-05  7.5394965e-05  -0.0009146751  0.00043024823  0.00076205201  0.00051625234  0.00039359576  1.1148171e-05  7.5812489e-06  1.1739572e-05  8.2353476e-06
   0.0010749358 -0.00014257951              0 -1.7160224e-06  5.2472758e-05  5.1009016e-05 -0.00063413476  0.00029234834  0.00051625234  0.00035309886  0.00026723991  7.6582761e-06  5.2816521e-06  7.6744153e-06  5.6431652e-06
  0.00081367311 -0.00010912212              0 -2.1694471e-06  4.0348421e-05  3.9173444e-05 -0.00046813358  0.00022295076  0.00039359576  0.00026723991  0.00021005162  5.7734666e-06  3.9113126e-06  5.6915597e-06  4.4102943e-06
  2.5005282e-05 -2.9485937e-06              0 -3.9511852e-08  1.0465216e-06  1.0272666e-06 -3.2973951e-05  6.2569477e-06  1.1148171e-05  7.6582761e-06  5.7734666e-06  5.6253519e-07  2.0095741e-07  1.9257542e-07  1.4964341e-07
  1.7684707e-05 -1.9805551e-06              0  4.7890981e-08  7.1881818e-07      7.014e-07  -3.105054e-05  4.4012697e-06  7.5812489e-06  5.2816521e-06  3.9113126e-06  2.0095741e-07  4.0066512e-07  1.8621557e-07  1.4042096e-07
  2.5285009e-05 -3.1410585e-06              0 -8.2466576e-08  1.1828526e-06  1.1508312e-06 -2.4072854e-05   6.589088e-06  1.1739572e-05  7.6744153e-06  5.6915597e-06  1.9257542e-07  1.8621557e-07  8.5268352e-07  1.9019205e-07
  1.7310069e-05 -2.2365121e-06              0  1.0377344e-07  8.2194022e-07  8.0015653e-07 -1.8062469e-05  4.6322293e-06  8.2353476e-06  5.6431652e-06  4.4102943e-06  1.4964341e-07  1.4042096e-07  1.9019205e-07  9.8157829e-07


# ext. ||   Name    ||   type  ||     Value     ||  Error +/- 

   0   ||Natural mortality || limited ||     0.0493423652322 ||0.001006893022371
   1   ||Targeted q || limited ||      1.145662560101 ||0.05759697732347
   2   ||Nontargeted q || limited ||                   2 ||22.06548931833
   3   ||     sigma || limited ||      1.125298315226 ||0.05619747021565
   4   ||  Biomass1 || limited ||      1.551626389834 ||0.08508827102016
   5   ||  Biomass2 || limited ||      1.480842528318 ||0.07949401881283
   6   ||  vm_sigma || limited ||      47.20639168323 ||2.287218313301
   7   ||Recruit year 1 || limited ||      3.216021152996 ||0.1951347002298
   8   ||Recruit year 2 || limited ||      9.983404088009 ||0.5848341583305
   9   ||Recruit year 3 || limited ||       4.52393716617 ||0.2758324691343
  10   ||Recruit year 4 || limited ||      2.780054752072 ||0.1681753274876
  11   ||Mean Rec dist 1 || limited ||     0.4809970125516 ||0.005297327956595
  12   ||Mean Rec dist 2 || limited ||      1.193961746514 ||0.00444383522183
  13   ||Mean Rec dist 3 || limited ||     0.8745521876317 ||0.006504466627685
  14   ||Mean Rec dist 4 || limited ||     0.9116657948396 ||0.006976460041137





