# Minimum negative log likelihood

Minuit did successfully converge.
# of function calls: 1409
minimum function Value: 406.906966044
minimum edm: 7.70058187334e-06
minimum internal state vector: LAVector parameters:
    -0.1993950551865
     -1.104288210563
     -1.287002217587
     -1.308385824433
     -1.417141347977
     -1.425101085161
    -0.5575274067898
    -0.9939591496222
    -0.9420104374588
     -1.062622111914
     -1.217716940432
     0.1019618541079
    0.06993005695596
     0.1192523171751
    0.09849169594772

minimum internal covariance matrix: LASymMatrix parameters:
   0.0018948432 -0.00011863292              0  0.00011583889  4.7895531e-05  4.4626219e-05 -0.00033280373  0.00027214415  0.00032180101  0.00024718697  0.00017243334  1.3477306e-05  1.5438942e-05  1.4349791e-05  1.3682964e-05
 -0.00011863292  8.6956484e-06              0 -7.2342459e-06 -3.4865874e-06 -3.1947008e-06  1.8053256e-05 -1.7407948e-05 -2.0714893e-05 -1.5693905e-05 -1.1502085e-05 -7.6499035e-07 -8.0335416e-07 -7.8350013e-07  -1.257283e-06
              0              0              2              0              0              0              0              0              0              0              0              0              0              0              0
  0.00011583889 -7.2342459e-06              0  8.9852086e-05  4.2971251e-06  3.9384614e-06 -1.9171138e-05  1.4618367e-05   2.157781e-05  1.5887989e-05  1.2799008e-05  7.0375207e-07  8.4473978e-07  1.0864249e-06   1.930266e-06
  4.7895531e-05 -3.4865874e-06              0  4.2971251e-06  2.4737132e-06   2.166092e-06 -5.8364059e-06  7.0779885e-06  8.3805923e-06  6.3442924e-06  4.5084172e-06  3.3991892e-07  3.1773222e-07  1.8500125e-07  5.1733017e-07
  4.4626219e-05 -3.1947008e-06              0  3.9384614e-06   2.166092e-06  1.9130967e-06 -5.6843852e-06   6.559766e-06  7.7836047e-06  5.9059195e-06   4.188399e-06  3.0977288e-07  3.0330547e-07  1.9890451e-07  4.5228211e-07
 -0.00033280373  1.8053256e-05              0 -1.9171138e-05 -5.8364059e-06 -5.6843852e-06  0.00019043574 -4.3862799e-05 -5.7429063e-05 -4.1704477e-05 -3.0715586e-05 -3.8852889e-06 -4.1786163e-06 -5.2097003e-06 -5.4721125e-06
  0.00027214415 -1.7407948e-05              0  1.4618367e-05  7.0779885e-06   6.559766e-06 -4.3862799e-05  4.0943788e-05  4.5952865e-05  3.5508693e-05  2.4625861e-05  1.9382841e-06  2.2007367e-06  1.8050151e-06  1.7920881e-06
  0.00032180101 -2.0714893e-05              0   2.157781e-05  8.3805923e-06  7.7836047e-06 -5.7429063e-05  4.5952865e-05  5.6482146e-05  4.1965583e-05  2.9693599e-05  2.1883256e-06   2.488565e-06   2.563473e-06   2.788065e-06
  0.00024718697 -1.5693905e-05              0  1.5887989e-05  6.3442924e-06  5.9059195e-06 -4.1704477e-05  3.5508693e-05  4.1965583e-05  3.3645877e-05  2.2514539e-05  1.7066375e-06  1.9725177e-06  1.7680093e-06  1.7960706e-06
  0.00017243334 -1.1502085e-05              0  1.2799008e-05  4.5084172e-06   4.188399e-06 -3.0715586e-05  2.4625861e-05  2.9693599e-05  2.2514539e-05   1.885637e-05  1.1112123e-06  1.2797928e-06    1.39217e-06  1.8236899e-06
  1.3477306e-05 -7.6499035e-07              0  7.0375207e-07  3.3991892e-07  3.0977288e-07 -3.8852889e-06  1.9382841e-06  2.1883256e-06  1.7066375e-06  1.1112123e-06  2.9097819e-07  1.4506376e-07     6.7821e-08  1.1334578e-07
  1.5438942e-05 -8.0335416e-07              0  8.4473978e-07  3.1773222e-07  3.0330547e-07 -4.1786163e-06  2.2007367e-06   2.488565e-06  1.9725177e-06  1.2797928e-06  1.4506376e-07  2.4843095e-07  1.2756808e-07  4.7028693e-08
  1.4349791e-05 -7.8350013e-07              0  1.0864249e-06  1.8500125e-07  1.9890451e-07 -5.2097003e-06  1.8050151e-06   2.563473e-06  1.7680093e-06    1.39217e-06     6.7821e-08  1.2756808e-07  4.7026908e-07  2.0338724e-07
  1.3682964e-05  -1.257283e-06              0   1.930266e-06  5.1733017e-07  4.5228211e-07 -5.4721125e-06  1.7920881e-06   2.788065e-06  1.7960706e-06  1.8236899e-06  1.1334578e-07  4.7028693e-08  2.0338724e-07  1.0824736e-06


# ext. ||   Name    ||   type  ||     Value     ||  Error +/- 

   0   ||Natural mortality || limited ||    0.04004808979286 ||0.0007541397313576
   1   ||Targeted q || limited ||      5.342786215143 ||0.04689174883353
   2   ||Nontargeted q || limited ||                   2 ||22.06548931833
   3   ||     sigma || limited ||       1.71162610782 ||0.08693634106022
   4   ||  Biomass1 || limited ||      5.890859240777 ||0.08510712869794
   5   ||  Biomass2 || limited ||      5.297395208327 ||0.07099556280654
   6   ||  vm_sigma || limited ||      18.83717818241 ||0.3312016463446
   7   ||Recruit year 1 || limited ||      8.099602664298 ||0.1233672315267
   8   ||Recruit year 2 || limited ||      9.571933734634 ||0.1562654754283
   9   ||Recruit year 3 || limited ||      6.327650208762 ||0.09977763456704
  10   ||Recruit year 4 || limited ||      3.094074270225 ||0.05308244804743
  11   ||Mean Rec dist 1 || limited ||      1.017852762807 ||0.003794493216385
  12   ||Mean Rec dist 2 || limited ||     0.6987307541296 ||0.003515807421675
  13   ||Mean Rec dist 3 || limited ||      1.189698679313 ||0.00481462842107
  14   ||Mean Rec dist 4 || limited ||     0.9833253484179 ||0.007321224953276





