# Minimum negative log likelihood

Minuit did successfully converge.
# of function calls: 1992
minimum function Value: 587.8855158655
minimum edm: 2.851595121731e-05
minimum internal state vector: LAVector parameters:
    -0.3616188976926
     -1.303751170469
     -1.287002217587
     -1.163718358205
     -1.411493584906
     -1.415529249865
    -0.6848348020764
     -1.387302859424
     -1.271337490217
      -0.90666538061
     -1.054219560375
    0.06943851970722
     0.1102793120651
     0.0722058230829
    0.05367145216469

minimum internal covariance matrix: LASymMatrix parameters:
     0.02600252  -0.0025830762              0 -3.2100377e-05   0.0015803287   0.0015261794   -0.005297078   0.0025828443   0.0038086199   0.0089348234   0.0068171037  0.00028951645   0.0002174219  0.00026416795  0.00028861942
  -0.0025830762  0.00028288569              0  5.0314147e-06 -0.00016972231 -0.00016381223  0.00044324749 -0.00026516396 -0.00039530105  -0.0009274334 -0.00071205062 -3.3474374e-05 -1.8026634e-05 -2.3335553e-05 -3.0287855e-05
              0              0              2              0              0              0              0              0              0              0              0              0              0              0              0
 -3.2100377e-05  5.0314147e-06              0  0.00022463305 -4.1712263e-06 -3.8549187e-06  1.7376108e-05 -4.8562887e-06 -7.0995682e-06 -1.3350978e-05 -9.9551451e-06  2.5623263e-06 -6.2512811e-06  2.8234622e-07   4.664652e-07
   0.0015803287 -0.00016972231              0 -4.1712263e-06  0.00011134585   0.0001066318 -0.00027813364  0.00016484648  0.00024006311   0.0005625613  0.00043104181  1.5380512e-05  1.2295586e-05  1.4665543e-05  1.8132337e-05
   0.0015261794 -0.00016381223              0 -3.8549187e-06   0.0001066318  0.00010223005 -0.00026855068  0.00015852971  0.00023174352  0.00054315438   0.0004162316  1.5503798e-05  1.1811343e-05  1.4158304e-05  1.7551517e-05
   -0.005297078  0.00044324749              0  1.7376108e-05 -0.00027813364 -0.00026855068   0.0040303467 -0.00049530214 -0.00070575788   -0.001668879  -0.0012945242 -0.00010392369 -0.00010268504 -0.00010390825 -7.6028633e-05
   0.0025828443 -0.00026516396              0 -4.8562887e-06  0.00016484648  0.00015852971 -0.00049530214  0.00027474159  0.00038368089  0.00090116104  0.00068873604   1.952865e-05  2.1144012e-05   2.517343e-05  2.8816289e-05
   0.0038086199 -0.00039530105              0 -7.0995682e-06  0.00024006311  0.00023174352 -0.00070575788  0.00038368089  0.00057744316   0.0013352196   0.0010217289  4.3743044e-05  2.7846187e-05  3.6771987e-05  4.3242473e-05
   0.0089348234  -0.0009274334              0 -1.3350978e-05   0.0005625613  0.00054315438   -0.001668879  0.00090116104   0.0013352196   0.0031424777   0.0023958958  0.00010506044  6.8190305e-05  8.5514778e-05  0.00010249544
   0.0068171037 -0.00071205062              0 -9.9551451e-06  0.00043104181   0.0004162316  -0.0012945242  0.00068873604   0.0010217289   0.0023958958   0.0018609309  8.1804299e-05  5.2726707e-05   6.528142e-05  8.0503478e-05
  0.00028951645 -3.3474374e-05              0  2.5623263e-06  1.5380512e-05  1.5503798e-05 -0.00010392369   1.952865e-05  4.3743044e-05  0.00010506044  8.1804299e-05  6.7103138e-05  2.6559779e-06  3.1327401e-06  4.8529039e-06
   0.0002174219 -1.8026634e-05              0 -6.2512811e-06  1.2295586e-05  1.1811343e-05 -0.00010268504  2.1144012e-05  2.7846187e-05  6.8190305e-05  5.2726707e-05  2.6559779e-06  1.6399266e-05  3.0767409e-06  2.7743895e-06
  0.00026416795 -2.3335553e-05              0  2.8234622e-07  1.4665543e-05  1.4158304e-05 -0.00010390825   2.517343e-05  3.6771987e-05  8.5514778e-05   6.528142e-05  3.1327401e-06  3.0767409e-06   5.181383e-06  2.9664195e-06
  0.00028861942 -3.0287855e-05              0   4.664652e-07  1.8132337e-05  1.7551517e-05 -7.6028633e-05  2.8816289e-05  4.3242473e-05  0.00010249544  8.0503478e-05  4.8529039e-06  2.7743895e-06  2.9664195e-06     8.7061e-06


# ext. ||   Name    ||   type  ||     Value     ||  Error +/- 

   0   ||Natural mortality || limited ||    0.03615527769509 ||0.002660442907666
   1   ||Targeted q || limited ||      1.772258123506 ||0.1569136853695
   2   ||Nontargeted q || limited ||                   2 ||22.06548931833
   3   ||     sigma || limited ||      4.085917258638 ||0.2097971931961
   4   ||  Biomass1 || limited ||      6.330935350535 ||0.5917970854002
   5   ||  Biomass2 || limited ||       6.01486791287 ||0.5528070678052
   6   ||  vm_sigma || limited ||      14.69901345392 ||1.390271194906
   7   ||Recruit year 1 || limited ||     0.8493032350645 ||0.1069164658867
   8   ||Recruit year 2 || limited ||      2.234963783604 ||0.2505947575236
   9   ||Recruit year 3 || limited ||      10.63629998907 ||1.221178015831
  10   ||Recruit year 4 || limited ||      6.533596157541 ||0.7531024830904
  11   ||Mean Rec dist 1 || limited ||     0.6938273111418 ||0.05778380341703
  12   ||Mean Rec dist 2 || limited ||      1.100559204817 ||0.02846101622707
  13   ||Mean Rec dist 3 || limited ||     0.7214309641702 ||0.01605367770577
  14   ||Mean Rec dist 4 || limited ||     0.5364568798999 ||0.02083390566956





