# Minimum negative log likelihood

Minuit did successfully converge.
# of function calls: 1212
minimum function Value: 469.5335765915
minimum edm: 3.705801842981e-05
minimum internal state vector: LAVector parameters:
     -2.249028312779
     -1.357623814317
     -1.287002217587
     -1.265458653269
     -1.357811909545
     -1.360054953139
     0.7026341973148
    -0.2584558248552
     -1.199040595837
     -1.144647359149
      -1.01076689586
     -1.251107867496

minimum internal covariance matrix: LASymMatrix parameters:
   0.0021863711  0.00025007497              0 -1.5873525e-05 -0.00023129746 -0.00023208385  1.9323885e-05  -0.0039427081 -0.00042304363 -0.00052871092 -0.00065443692 -0.00037875312
  0.00025007497  4.1356525e-05              0  7.1384548e-06 -3.9811147e-05 -3.9555007e-05  8.8398549e-06 -0.00060038622 -6.1485026e-05 -7.6537513e-05 -9.3481667e-05 -5.3020227e-05
              0              0              2              0              0              0              0              0              0              0              0              0
 -1.5873525e-05  7.1384548e-06              0   0.0001577941 -7.8928648e-06  -7.490186e-06  1.0074416e-05 -7.6722586e-05 -8.3308248e-06 -6.7352357e-06 -4.8893359e-06  -8.981682e-06
 -0.00023129746 -3.9811147e-05              0 -7.8928648e-06  4.3384925e-05  4.2574639e-05 -9.2750057e-06   0.0006005113  5.9327263e-05  7.2883265e-05  8.8437274e-05  5.0727248e-05
 -0.00023208385 -3.9555007e-05              0  -7.490186e-06  4.2574639e-05   4.184513e-05 -9.0093054e-06  0.00059516628  5.8924938e-05  7.2643491e-05   8.819476e-05  5.0562195e-05
  1.9323885e-05  8.8398549e-06              0  1.0074416e-05 -9.2750057e-06 -9.0093054e-06   1.727563e-05 -0.00012052399 -1.1378462e-05 -1.2596415e-05 -1.4739429e-05 -7.2013467e-06
  -0.0039427081 -0.00060038622              0 -7.6722586e-05   0.0006005113  0.00059516628 -0.00012052399   0.0093097011  0.00093066224   0.0011515913   0.0014111569  0.00079742843
 -0.00042304363 -6.1485026e-05              0 -8.3308248e-06  5.9327263e-05  5.8924938e-05 -1.1378462e-05  0.00093066224  0.00010110279  0.00011767308  0.00014591627  8.2850787e-05
 -0.00052871092 -7.6537513e-05              0 -6.7352357e-06  7.2883265e-05  7.2643491e-05 -1.2596415e-05   0.0011515913  0.00011767308  0.00015302027  0.00018054748  0.00010441306
 -0.00065443692 -9.3481667e-05              0 -4.8893359e-06  8.8437274e-05   8.819476e-05 -1.4739429e-05   0.0014111569  0.00014591627  0.00018054748  0.00022871366   0.0001237717
 -0.00037875312 -5.3020227e-05              0  -8.981682e-06  5.0727248e-05  5.0562195e-05 -7.2013467e-06  0.00079742843  8.2850787e-05  0.00010441306   0.0001237717   0.0001090688


# ext. ||   Name    ||   type  ||     Value     ||  Error +/- 

   0   ||Natural mortality || limited ||    0.02553291955614 ||0.0005185185486436
   1   ||Targeted q || limited ||      1.131767382791 ||0.04810192971215
   2   ||Nontargeted q || limited ||                   2 ||22.06548931833
   3   ||     sigma || limited ||      2.312725143298 ||0.1335075032469
   4   ||  Biomass1 || limited ||      11.29778560333 ||0.4922460882069
   5   ||  Biomass2 || limited ||       11.0619503599 ||0.4784167172307
   6   ||   vm_mean || limited ||      2.030192033244 ||0.007046230717833
   7   ||  vm_sigma || limited ||      29.77710897001 ||2.636335727371
   8   ||Recruit year 1 || limited ||      3.425107978455 ||0.1291211084717
   9   ||Recruit year 2 || limited ||      4.481333398078 ||0.1807659356147
  10   ||Recruit year 3 || limited ||      7.647262330375 ||0.283998805817
  11   ||Recruit year 4 || limited ||      2.543078051736 ||0.1160277742258





