# Minimum negative log likelihood

Minuit did successfully converge.
# of function calls: 1297
minimum function Value: 252.3436662279
minimum edm: 4.482703430353e-06
minimum internal state vector: LAVector parameters:
     0.8266596270773
     -1.230183026556
     -1.287002217587
     -1.390103231239
     -1.453187981714
     -1.458491422141
     -0.759674020108
     -1.041308855529
     -1.453232504902
     -1.357244993061
     -1.202164985029
     0.0256401572083
    0.04484585910021
    0.03469225367187
     0.1137110484467

minimum internal covariance matrix: LASymMatrix parameters:
   0.0027057167 -0.00020150936              0 -3.1853125e-05  7.5348831e-05  7.0065513e-05 -0.00022831735  0.00038520949  8.2981418e-05  0.00015533334  0.00028174291  1.4653238e-05  2.7756256e-05  1.5339275e-05   1.407482e-05
 -0.00020150936  1.7054607e-05              0  3.9370175e-06 -6.3041698e-06 -5.8710879e-06  1.2620926e-05 -3.0289606e-05 -6.3480216e-06 -1.2393299e-05 -2.3086033e-05 -8.7734878e-07 -2.1963926e-06 -9.1247814e-07 -9.3655687e-07
              0              0              2              0              0              0              0              0              0              0              0              0              0              0              0
 -3.1853125e-05  3.9370175e-06              0  5.2541184e-05 -2.4710881e-06  -2.224571e-06 -4.8919901e-06 -4.3586612e-06 -7.1260019e-07 -3.2586692e-06 -4.7737483e-06  1.4057709e-07 -3.3894942e-07  5.0445833e-08  5.9004064e-08
  7.5348831e-05 -6.3041698e-06              0 -2.4710881e-06  2.8878786e-06  2.6265175e-06 -4.8201907e-06  1.1289679e-05  2.3099018e-06  4.5980374e-06  8.2766809e-06  2.9642284e-07  8.4369404e-07  3.6231978e-07  3.1579686e-07
  7.0065513e-05 -5.8710879e-06              0  -2.224571e-06  2.6265175e-06  2.3979286e-06 -4.3878566e-06  1.0492334e-05  2.1586173e-06  4.2887744e-06  7.7527563e-06  2.7948656e-07  7.7491734e-07  3.3106091e-07  2.9766529e-07
 -0.00022831735  1.2620926e-05              0 -4.8919901e-06 -4.8201907e-06 -4.3878566e-06   7.253926e-05 -2.9028413e-05 -6.3257827e-06 -1.0444484e-05  -1.983597e-05 -2.5847874e-06 -3.0634205e-06 -2.8050206e-06 -2.5397752e-06
  0.00038520949 -3.0289606e-05              0 -4.3586612e-06  1.1289679e-05  1.0492334e-05 -2.9028413e-05  5.7039888e-05  1.1927786e-05  2.2677229e-05  4.1464515e-05  1.9030125e-06  4.1145685e-06  2.0023778e-06  1.8919511e-06
  8.2981418e-05 -6.3480216e-06              0 -7.1260019e-07  2.3099018e-06  2.1586173e-06 -6.3257827e-06  1.1927786e-05  3.3269604e-06  4.8441186e-06   8.872873e-06  4.2761745e-07  6.3477019e-07  4.5644564e-07  4.2877773e-07
  0.00015533334 -1.2393299e-05              0 -3.2586692e-06  4.5980374e-06  4.2887744e-06 -1.0444484e-05  2.2677229e-05  4.8441186e-06  9.9645416e-06  1.7129571e-05  7.3539838e-07  1.5588211e-06  7.6742883e-07  7.6890599e-07
  0.00028174291 -2.3086033e-05              0 -4.7737483e-06  8.2766809e-06  7.7527563e-06  -1.983597e-05  4.1464515e-05   8.872873e-06  1.7129571e-05  3.3431962e-05  1.3759664e-06  2.9890919e-06   1.350232e-06   1.518582e-06
  1.4653238e-05 -8.7734878e-07              0  1.4057709e-07  2.9642284e-07  2.7948656e-07 -2.5847874e-06  1.9030125e-06  4.2761745e-07  7.3539838e-07  1.3759664e-06  1.6435482e-07  1.6133647e-07  1.2514134e-07  1.1715137e-07
  2.7756256e-05 -2.1963926e-06              0 -3.3894942e-07  8.4369404e-07  7.7491734e-07 -3.0634205e-06  4.1145685e-06  6.3477019e-07  1.5588211e-06  2.9890919e-06  1.6133647e-07  2.1476709e-06  1.8150342e-07  1.4545957e-07
  1.5339275e-05 -9.1247814e-07              0  5.0445833e-08  3.6231978e-07  3.3106091e-07 -2.8050206e-06  2.0023778e-06  4.5644564e-07  7.6742883e-07   1.350232e-06  1.2514134e-07  1.8150342e-07  3.7154641e-07  1.1408649e-07
   1.407482e-05 -9.3655687e-07              0  5.9004064e-08  3.1579686e-07  2.9766529e-07 -2.5397752e-06  1.8919511e-06  4.2877773e-07  7.6890599e-07   1.518582e-06  1.1715137e-07  1.4545957e-07  1.1408649e-07  2.9934022e-07


# ext. ||   Name    ||   type  ||     Value     ||  Error +/- 

   0   ||Natural mortality || limited ||    0.06339182304095 ||0.0006226916072533
   1   ||Targeted q || limited ||      2.872501973725 ||0.04877603707424
   2   ||Nontargeted q || limited ||                   2 ||22.06548931833
   3   ||     sigma || limited ||     0.8140314056893 ||0.0460552056529
   4   ||  Biomass1 || limited ||      3.453946783788 ||0.07049866169931
   5   ||  Biomass2 || limited ||      3.149785286488 ||0.06135620202152
   6   ||  vm_sigma || limited ||      12.45343928069 ||0.1746617369626
   7   ||Recruit year 1 || limited ||      6.856012453134 ||0.1348554573753
   8   ||Recruit year 2 || limited ||     0.3550990024611 ||0.0075632435926
   9   ||Recruit year 3 || limited ||      1.145664514018 ||0.02365027484699
  10   ||Recruit year 4 || limited ||       3.36859409898 ||0.0736550674346
  11   ||Mean Rec dist 1 || limited ||     0.2563734791861 ||0.002865717984023
  12   ||Mean Rec dist 2 || limited ||      0.448308286454 ||0.01035218260803
  13   ||Mean Rec dist 3 || limited ||      0.346852950994 ||0.004307547961734
  14   ||Mean Rec dist 4 || limited ||      1.134661556781 ||0.003843737300269





