# Minimum negative log likelihood

Minuit did successfully converge.
# of function calls: 1434
minimum function Value: 454.2867504684
minimum edm: 5.451075077275e-05
minimum internal state vector: LAVector parameters:
    -0.2795489697962
     -1.336949867272
     -1.287002217587
     -1.276529392423
     -1.491375138467
      -1.49347686214
     0.1855238307154
     -1.427836842254
     -1.255574066214
    -0.9616826829622
     -1.157373416187
    0.02221834866421
    0.04768872685176
    0.05069759572081
     0.0879654884936

minimum internal covariance matrix: LASymMatrix parameters:
   0.0056548346 -0.00072730835              0  2.0439201e-05  0.00025722192  0.00024830307  -0.0041793364  0.00055968357   0.0012205895   0.0024191026   0.0016144753  4.0109921e-05  4.5297802e-05  3.8615713e-05  4.0157872e-05
 -0.00072730835  0.00010238818              0 -2.2565585e-07 -3.6016485e-05 -3.4759022e-05  0.00042977964 -7.5280635e-05 -0.00016547634 -0.00032668248 -0.00022034624 -4.6954383e-06 -4.9884862e-06 -4.3626834e-06 -5.4140319e-06
              0              0              2              0              0              0              0              0              0              0              0              0              0              0              0
  2.0439201e-05 -2.2565585e-07              0  0.00012195046  -1.246437e-06 -1.1937733e-06  3.6178538e-05 -1.0825348e-06 -8.0615861e-07   4.693115e-06  4.0987906e-07  1.5371121e-06  -1.112429e-08 -2.0896719e-07  1.3040889e-06
  0.00025722192 -3.6016485e-05              0  -1.246437e-06  1.7036256e-05  1.6054797e-05 -0.00015591373   2.761283e-05  5.8436938e-05  0.00011552792  7.7866662e-05  1.0732903e-06  1.8095415e-06  1.5934598e-06  1.9263853e-06
  0.00024830307 -3.4759022e-05              0 -1.1937733e-06  1.6054797e-05  1.5171045e-05 -0.00015075724  2.6471651e-05  5.6403045e-05  0.00011146323  7.5167005e-05  1.1609814e-06   1.743031e-06  1.5365325e-06  1.8458894e-06
  -0.0041793364  0.00042977964              0  3.6178538e-05 -0.00015591373 -0.00015075724      0.0170931 -0.00037430745 -0.00080035882  -0.0016113669  -0.0010824543 -3.8165342e-05 -8.8772028e-05 -7.5464462e-05 -4.8708478e-05
  0.00055968357 -7.5280635e-05              0 -1.0825348e-06   2.761283e-05  2.6471651e-05 -0.00037430745  6.2435005e-05  0.00012388284  0.00024536355  0.00016447903  2.5177716e-06  4.3853805e-06  3.6221995e-06   4.032471e-06
   0.0012205895 -0.00016547634              0 -8.0615861e-07  5.8436938e-05  5.6403045e-05 -0.00080035882  0.00012388284  0.00027630235  0.00053694316  0.00036119908  8.1744012e-06  8.8603862e-06  7.8519771e-06   8.711181e-06
   0.0024191026 -0.00032668248              0   4.693115e-06  0.00011552792  0.00011146323  -0.0016113669  0.00024536355  0.00053694316   0.0010668799  0.00071252493  1.6419568e-05  1.8063643e-05  1.5417396e-05  1.8043812e-05
   0.0016144753 -0.00022034624              0  4.0987906e-07  7.7866662e-05  7.5167005e-05  -0.0010824543  0.00016447903  0.00036119908  0.00071252493  0.00049559691   1.084833e-05  1.1934534e-05  1.0291998e-05  1.2411122e-05
  4.0109921e-05 -4.6954383e-06              0  1.5371121e-06  1.0732903e-06  1.1609814e-06 -3.8165342e-05  2.5177716e-06  8.1744012e-06  1.6419568e-05   1.084833e-05  8.5662803e-06   5.330151e-07  2.6351247e-07  3.6050115e-07
  4.5297802e-05 -4.9884862e-06              0  -1.112429e-08  1.8095415e-06   1.743031e-06 -8.8772028e-05  4.3853805e-06  8.8603862e-06  1.8063643e-05  1.1934534e-05   5.330151e-07  1.8697649e-06  4.9192249e-07  4.4409913e-07
  3.8615713e-05 -4.3626834e-06              0 -2.0896719e-07  1.5934598e-06  1.5365325e-06 -7.5464462e-05  3.6221995e-06  7.8519771e-06  1.5417396e-05  1.0291998e-05  2.6351247e-07  4.9192249e-07  7.7433805e-07  3.2996188e-07
  4.0157872e-05 -5.4140319e-06              0  1.3040889e-06  1.9263853e-06  1.8458894e-06 -4.8708478e-05   4.032471e-06   8.711181e-06  1.8043812e-05  1.2411122e-05  3.6050115e-07  4.4409913e-07  3.2996188e-07  2.6393637e-06


# ext. ||   Name    ||   type  ||     Value     ||  Error +/- 

   0   ||Natural mortality || limited ||    0.03810194611402 ||0.001277129714303
   1   ||Targeted q || limited ||      1.360885597951 ||0.08289753075683
   2   ||Nontargeted q || limited ||                   2 ||22.06548931833
   3   ||     sigma || limited ||      2.149249169645 ||0.1132394567577
   4   ||  Biomass1 || limited ||      1.576102559035 ||0.1157767058888
   5   ||  Biomass2 || limited ||      1.493830467283 ||0.106369774445
   6   ||  vm_sigma || limited ||      47.37886378796 ||3.62922507159
   7   ||Recruit year 1 || limited ||      0.520014758394 ||0.03979752337414
   8   ||Recruit year 2 || limited ||      2.473378865415 ||0.1821773950553
   9   ||Recruit year 3 || limited ||      9.001327756483 ||0.660592429928
  10   ||Recruit year 4 || limited ||      4.222026317757 ||0.3161620359045
  11   ||Mean Rec dist 1 || limited ||     0.2221652067611 ||0.02069062585559
  12   ||Mean Rec dist 2 || limited ||     0.4767065317336 ||0.009657937905204
  13   ||Mean Rec dist 3 || limited ||     0.5067588096105 ||0.006214295670838
  14   ||Mean Rec dist 4 || limited ||     0.8785208728649 ||0.01144332102149





