# Minimum negative log likelihood

Minuit did successfully converge.
# of function calls: 1138
minimum function Value: 659.8255692826
minimum edm: 1.060673089153e-05
minimum internal state vector: LAVector parameters:
    -0.4939801585244
    -0.9726612947121
     -1.287002217587
     -1.085463814957
     -1.534482974707
     -1.537046829311
    -0.6700069810503
     -1.087201116866
     -1.043835895358
     -1.161193205902
     -1.222345363684
    0.07136630739155
    0.05699993942444
     0.1027171432542
    0.04876203817832

minimum internal covariance matrix: LASymMatrix parameters:
    0.024113765  -0.0013609213              0 -0.00018336987  8.7487198e-05  7.8334164e-05  -0.0023662389   0.0020156155   0.0021489724    0.001688879   0.0013571418  0.00015188258  0.00014382492  0.00013992765  0.00013668333
  -0.0013609213  9.0685428e-05              0  1.1226894e-05 -5.4885733e-06 -4.8734418e-06  9.6865594e-05  -0.0001152953 -0.00012221418 -9.6063897e-05 -7.9326621e-05 -6.9383824e-06 -6.5551721e-06 -6.2608824e-06 -6.7724591e-06
              0              0              2              0              0              0              0              0              0              0              0              0              0              0              0
 -0.00018336987  1.1226894e-05              0  0.00033067475  3.7794726e-06  2.6468868e-06  1.0648809e-05 -1.6779478e-05 -1.3240464e-05 -1.2318779e-05 -7.0314943e-06 -1.4956669e-06 -2.5856836e-07 -1.5510763e-06  5.3644846e-08
  8.7487198e-05 -5.4885733e-06              0  3.7794726e-06  9.0995931e-06  7.2759857e-06 -7.9758678e-06  7.2071632e-06  8.2614325e-06  6.1998822e-06  5.6628331e-06  5.2323148e-07  4.5401793e-07  4.5010798e-07  5.0515269e-07
  7.8334164e-05 -4.8734418e-06              0  2.6468868e-06  7.2759857e-06  5.9229722e-06 -7.0957486e-06  6.4695004e-06  7.3402625e-06  5.4885618e-06  5.0198875e-06  5.0654957e-07  4.2971406e-07  3.9286251e-07  4.5351386e-07
  -0.0023662389  9.6865594e-05              0  1.0648809e-05 -7.9758678e-06 -7.0957486e-06   0.0008988852 -0.00019198317 -0.00020653711 -0.00016132456   -0.000130924 -3.0547828e-05 -2.7319543e-05 -2.9368744e-05 -2.5422743e-05
   0.0020156155  -0.0001152953              0 -1.6779478e-05  7.2071632e-06  6.4695004e-06 -0.00019198317   0.0001824825   0.0001794765   0.0001410671  0.00011318302  1.2357699e-05  1.1856678e-05  1.1500248e-05  1.1163687e-05
   0.0021489724 -0.00012221418              0 -1.3240464e-05  8.2614325e-06  7.3402625e-06 -0.00020653711   0.0001794765  0.00020545979  0.00015098363  0.00012188348  1.3265413e-05  1.2538237e-05  1.2286491e-05   1.222179e-05
    0.001688879 -9.6063897e-05              0 -1.2318779e-05  6.1998822e-06  5.4885618e-06 -0.00016132456   0.0001410671  0.00015098363  0.00013178133  9.5157616e-05  1.0350081e-05  9.9916682e-06  9.2544277e-06  9.4442057e-06
   0.0013571418 -7.9326621e-05              0 -7.0314943e-06  5.6628331e-06  5.0198875e-06   -0.000130924  0.00011318302  0.00012188348  9.5157616e-05  9.5352035e-05   8.479804e-06  7.7294736e-06  7.6260899e-06  8.6330608e-06
  0.00015188258 -6.9383824e-06              0 -1.4956669e-06  5.2323148e-07  5.0654957e-07 -3.0547828e-05  1.2357699e-05  1.3265413e-05  1.0350081e-05   8.479804e-06  2.4406876e-06  1.2297342e-06  1.3468413e-06  1.2293485e-06
  0.00014382492 -6.5551721e-06              0 -2.5856836e-07  4.5401793e-07  4.2971406e-07 -2.7319543e-05  1.1856678e-05  1.2538237e-05  9.9916682e-06  7.7294736e-06  1.2297342e-06   1.968953e-06  1.2062828e-06  9.7537843e-07
  0.00013992765 -6.2608824e-06              0 -1.5510763e-06  4.5010798e-07  3.9286251e-07 -2.9368744e-05  1.1500248e-05  1.2286491e-05  9.2544277e-06  7.6260899e-06  1.3468413e-06  1.2062828e-06  3.1129348e-06  1.1392028e-06
  0.00013668333 -6.7724591e-06              0  5.3644846e-08  5.0515269e-07  4.5351386e-07 -2.5422743e-05  1.1163687e-05   1.222179e-05  9.4442057e-06  8.6330608e-06  1.2293485e-06  9.7537843e-07  1.1392028e-06  2.9923674e-06


# ext. ||   Name    ||   type  ||     Value     ||  Error +/- 

   0   ||Natural mortality || limited ||    0.03314665060489 ||0.002412073278286
   1   ||Targeted q || limited ||      8.680639045243 ||0.1895866511215
   2   ||Nontargeted q || limited ||                   2 ||22.06548931833
   3   ||     sigma || limited ||      5.774005979696 ||0.2999145444956
   4   ||  Biomass1 || limited ||     0.3296286602485 ||0.03872010726322
   5   ||  Biomass2 || limited ||     0.2847301172496 ||0.02903417569863
   6   ||  vm_sigma || limited ||      15.16115213893 ||0.6646209218115
   7   ||Recruit year 1 || limited ||      5.742976602825 ||0.2220424225696
   8   ||Recruit year 2 || limited ||      6.792337414646 ||0.2548334837717
   9   ||Recruit year 3 || limited ||      4.145638879877 ||0.1616160264345
  10   ||Recruit year 4 || limited ||      3.014562165311 ||0.1178665023525
  11   ||Mean Rec dist 1 || limited ||     0.7130574293407 ||0.01101879509986
  12   ||Mean Rec dist 2 || limited ||     0.5696907903653 ||0.009905963285846
  13   ||Mean Rec dist 3 || limited ||      1.025366136475 ||0.01241008567371
  14   ||Mean Rec dist 4 || limited ||     0.4874271659696 ||0.01221731664952





