# Minimum negative log likelihood

Minuit did successfully converge.
# of function calls: 895
minimum function Value: 548.3067408578
minimum edm: 4.048834608377e-05
minimum internal state vector: LAVector parameters:
     -1.131655420319
     -1.096119263418
     -1.287002217587
     -1.201140217478
     -1.469165592377
      -1.47037667009
    -0.4662345610347
    0.09997684412212
     -1.092612840592
     -1.455291534105
      -1.08351375567
    -0.9715126658215

minimum internal covariance matrix: LASymMatrix parameters:
   0.0017375293  -0.0004466653              0   1.248393e-05  0.00010557416  9.8862515e-05 -5.4853269e-06  2.9513079e-05  0.00042350306  7.6790907e-05  0.00039457316  0.00060016167
  -0.0004466653  0.00011914697              0 -4.3837428e-06  -2.804304e-05 -2.6354649e-05  3.1838771e-06 -5.8066926e-05 -0.00010792772 -1.8393106e-05 -0.00010151741 -0.00015503552
              0              0              2              0              0              0              0              0              0              0              0              0
   1.248393e-05 -4.3837428e-06              0   0.0002104261  1.1550796e-06  5.3109434e-07 -1.3518103e-06 -3.1544776e-05  7.7940547e-06 -4.2856754e-06   5.870613e-06 -2.9677672e-07
  0.00010557416  -2.804304e-05              0  1.1550796e-06  1.4864613e-05  1.2887941e-05 -6.9061284e-07 -7.1960391e-06  3.0221104e-05  3.8646554e-06  2.4179231e-05  3.6143543e-05
  9.8862515e-05 -2.6354649e-05              0  5.3109434e-07  1.2887941e-05  1.1338404e-05 -6.6579637e-07 -1.0047732e-06  2.7113529e-05  3.7505937e-06  2.2529615e-05  3.4000001e-05
 -5.4853269e-06  3.1838771e-06              0 -1.3518103e-06 -6.9061284e-07 -6.6579637e-07  2.1572733e-06 -4.9899759e-05 -9.7960213e-07  3.0226712e-07 -1.3307949e-06 -2.0740482e-06
  2.9513079e-05 -5.8066926e-05              0 -3.1544776e-05 -7.1960391e-06 -1.0047732e-06 -4.9899759e-05   0.0037061051  -3.944691e-05  9.3417604e-07 -5.5378668e-06  3.0884132e-05
  0.00042350306 -0.00010792772              0  7.7940547e-06  3.0221104e-05  2.7113529e-05 -9.7960213e-07  -3.944691e-05  0.00011400807  1.7108974e-05  9.7134481e-05  0.00014502637
  7.6790907e-05 -1.8393106e-05              0 -4.2856754e-06  3.8646554e-06  3.7505937e-06  3.0226712e-07  9.3417604e-07  1.7108974e-05  1.0744171e-05  1.6675728e-05  2.7065328e-05
  0.00039457316 -0.00010151741              0   5.870613e-06  2.4179231e-05  2.2529615e-05 -1.3307949e-06 -5.5378668e-06  9.7134481e-05  1.6675728e-05   9.422702e-05   0.0001354224
  0.00060016167 -0.00015503552              0 -2.9677672e-07  3.6143543e-05  3.4000001e-05 -2.0740482e-06  3.0884132e-05  0.00014502637  2.7065328e-05   0.0001354224  0.00021272781


# ext. ||   Name    ||   type  ||     Value     ||  Error +/- 

   0   ||Natural mortality || limited ||    0.01423241232917 ||0.001879463620107
   1   ||Targeted q || limited ||      5.527981670845 ||0.1763831476356
   2   ||Nontargeted q || limited ||                   2 ||22.06548931833
   3   ||     sigma || limited ||      3.377417667374 ||0.1852929502344
   4   ||  Biomass1 || limited ||      2.579979721376 ||0.1382956302405
   5   ||  Biomass2 || limited ||      2.518909049688 ||0.1193490954748
   6   ||   vm_mean || limited ||     -1.412227380374 ||0.002914531827325
   7   ||  vm_sigma || limited ||      43.99286515182 ||1.712735106804
   8   ||Recruit year 1 || limited ||      5.617824804265 ||0.1736964264611
   9   ||Recruit year 2 || limited ||      0.343129960626 ||0.01335462018356
  10   ||Recruit year 3 || limited ||       5.82899345957 ||0.1606763139681
  11   ||Recruit year 4 || limited ||      8.722134771501 ||0.2908268319339





