# Minimum negative log likelihood

Minuit did successfully converge.
# of function calls: 1698
minimum function Value: 422.5766656371
minimum edm: 7.510570268996e-05
minimum internal state vector: LAVector parameters:
    -0.1219541097295
     -1.023596966646
     -1.287002217587
     -1.298246653851
     -1.473994712796
     -1.480552166233
    -0.4949722029168
     -1.429402067873
    -0.9382253681418
    -0.9899901836068
      -1.12332141023
     0.1084263107596
    0.09067860042816
    0.07423583578143
     0.1041309770448

minimum internal covariance matrix: LASymMatrix parameters:
   0.0035352259 -0.00023129599              0  0.00015844922  4.9567833e-05  4.3146585e-05 -0.00057729841  0.00010921598  0.00050417478   0.0004551907  0.00033584616  4.4766073e-05  2.0753447e-05  2.4064197e-05  1.9263268e-05
 -0.00023129599  1.6720924e-05              0 -9.8457064e-06 -3.5762517e-06 -3.1312369e-06  3.1890655e-05 -7.3778001e-06 -3.3355945e-05 -3.0090707e-05 -2.2691704e-05 -2.8470291e-06 -1.1462578e-06 -1.3986745e-06 -1.0654368e-06
              0              0              2              0              0              0              0              0              0              0              0              0              0              0              0
  0.00015844922 -9.8457064e-06              0  0.00012884806  3.0746179e-06  2.3820725e-06  -3.454671e-05  5.0101229e-06  2.3370419e-05  2.0679962e-05  1.5445297e-05  3.7137165e-06  1.0232286e-06  1.5601459e-06  9.8911272e-07
  4.9567833e-05 -3.5762517e-06              0  3.0746179e-06  1.8931656e-06   1.560314e-06 -6.0452568e-06   1.448568e-06  7.0792371e-06  6.3573419e-06  4.9800507e-06  4.2036577e-07  2.0886779e-07  2.2074729e-07  3.6111176e-07
  4.3146585e-05 -3.1312369e-06              0  2.3820725e-06   1.560314e-06  1.3179911e-06 -4.6766691e-06  1.3629537e-06  6.1106296e-06  5.4976987e-06  4.3323668e-06  4.9871159e-07  1.6703885e-07  1.6777008e-07  2.5449359e-07
 -0.00057729841  3.1890655e-05              0  -3.454671e-05 -6.0452568e-06 -4.6766691e-06  0.00028092013 -1.5705004e-05 -8.0666585e-05 -7.5854146e-05 -5.1411714e-05  -8.421502e-06 -7.0597818e-06 -8.2546391e-06 -5.7886447e-06
  0.00010921598 -7.3778001e-06              0  5.0101229e-06   1.448568e-06  1.3629537e-06 -1.5705004e-05  5.6920283e-06  1.5385666e-05  1.4003569e-05  1.0306996e-05  2.1141814e-06  5.7582127e-07  6.7201561e-07  1.8370678e-07
  0.00050417478 -3.3355945e-05              0  2.3370419e-05  7.0792371e-06  6.1106296e-06 -8.0666585e-05  1.5385666e-05   7.435313e-05  6.5204215e-05    4.79868e-05  6.1049429e-06  2.8951477e-06  3.5160634e-06  2.7044777e-06
   0.0004551907 -3.0090707e-05              0  2.0679962e-05  6.3573419e-06  5.4976987e-06 -7.5854146e-05  1.4003569e-05  6.5204215e-05  6.0791549e-05  4.3215207e-05  5.7537038e-06  2.6842711e-06  3.2184088e-06  2.3890692e-06
  0.00033584616 -2.2691704e-05              0  1.5445297e-05  4.9800507e-06  4.3323668e-06 -5.1411714e-05  1.0306996e-05    4.79868e-05  4.3215207e-05  3.5551151e-05   3.905936e-06  1.8667496e-06  2.0926455e-06  2.0848866e-06
  4.4766073e-05 -2.8470291e-06              0  3.7137165e-06  4.2036577e-07  4.9871159e-07  -8.421502e-06  2.1141814e-06  6.1049429e-06  5.7537038e-06   3.905936e-06  3.9956044e-06  2.5336002e-07  3.6836234e-07 -3.3660928e-07
  2.0753447e-05 -1.1462578e-06              0  1.0232286e-06  2.0886779e-07  1.6703885e-07 -7.0597818e-06  5.7582127e-07  2.8951477e-06  2.6842711e-06  1.8667496e-06  2.5336002e-07  2.8884003e-07  2.5821969e-07  1.6323148e-07
  2.4064197e-05 -1.3986745e-06              0  1.5601459e-06  2.2074729e-07  1.6777008e-07 -8.2546391e-06  6.7201561e-07  3.5160634e-06  3.2184088e-06  2.0926455e-06  3.6836234e-07  2.5821969e-07  4.6802368e-07  6.1202179e-08
  1.9263268e-05 -1.0654368e-06              0  9.8911272e-07  3.6111176e-07  2.5449359e-07 -5.7886447e-06  1.8370678e-07  2.7044777e-06  2.3890692e-06  2.0848866e-06 -3.3660928e-07  1.6323148e-07  6.1202179e-08  7.5681665e-07


# ext. ||   Name    ||   type  ||     Value     ||  Error +/- 

   0   ||Natural mortality || limited ||    0.04195869913735 ||0.00104296087324
   1   ||Targeted q || limited ||      7.300748229636 ||0.07522052134348
   2   ||Nontargeted q || limited ||                   2 ||22.06548931833
   3   ||     sigma || limited ||      1.845615673969 ||0.1080300957831
   4   ||  Biomass1 || limited ||      2.340809371693 ||0.04701683176628
   5   ||  Biomass2 || limited ||      2.034620735721 ||0.03657974377216
   6   ||  vm_sigma || limited ||      21.00044988264 ||0.4171522325038
   7   ||Recruit year 1 || limited ||     0.5089263736677 ||0.01188580523282
   8   ||Recruit year 2 || limited ||        9.6835239155 ||0.1802219921974
   9   ||Recruit year 3 || limited ||      8.208150482721 ||0.1512392137531
  10   ||Recruit year 4 || limited ||       4.93237997248 ||0.09120411383887
  11   ||Mean Rec dist 1 || limited ||      1.082139875332 ||0.01405135607438
  12   ||Mean Rec dist 2 || limited ||     0.9055438240272 ||0.003784649919456
  13   ||Mean Rec dist 3 || limited ||     0.7416766945546 ||0.004824153395111
  14   ||Mean Rec dist 4 || limited ||      1.039428924967 ||0.006118168881469





