# Minimum negative log likelihood

Minuit did successfully converge.
# of function calls: 1959
minimum function Value: 351.2272899642
minimum edm: 3.462796014483e-05
minimum internal state vector: LAVector parameters:
      3.778800253149
    -0.9372514578305
     -1.287002217587
     -1.341435160348
     -1.474516998397
     -1.482062623781
    -0.8792151123004
     -1.094413977895
     -1.099986647887
     -1.061969561206
     -1.288420930315
    0.08081879951702
    0.02073183210724
    0.08508576885492
    0.06848634342401

minimum internal covariance matrix: LASymMatrix parameters:
   0.0018063306  8.6707995e-05              0 -2.0872398e-05 -1.3961785e-05 -1.2557402e-05  0.00010709023 -0.00012805861 -0.00010805088 -0.00013697588 -7.5336406e-05 -1.3135071e-05 -1.2132267e-05 -9.7073426e-06  -1.429796e-05
  8.6707995e-05  5.2087785e-06              0 -1.2729252e-06 -8.4828093e-07 -7.7261955e-07  2.7175802e-06 -6.1744756e-06 -5.2671644e-06 -6.6568864e-06 -3.6141196e-06  -4.171081e-07 -4.3640111e-07 -2.9647922e-07 -5.6572732e-07
              0              0              2              0              0              0              0              0              0              0              0              0              0              0              0
 -2.0872398e-05 -1.2729252e-06              0  7.2167287e-05   8.266938e-08 -2.5354801e-08  8.2540183e-07  2.9644283e-07   1.339016e-06  9.1922619e-07  8.8703827e-07 -1.2523117e-07  6.4931213e-08   1.049278e-07  -6.146468e-07
 -1.3961785e-05 -8.4828093e-07              0   8.266938e-08  5.6096779e-07  4.5475416e-07 -7.5823286e-07  9.1252454e-07  7.7042366e-07  1.0599681e-06  5.8937724e-07  1.1008764e-07  7.9998774e-08  7.7109438e-08  1.0367073e-07
 -1.2557402e-05 -7.7261955e-07              0 -2.5354801e-08  4.5475416e-07  3.7817974e-07 -5.7996422e-07  8.3015549e-07  7.0283441e-07  9.5392009e-07  5.2216964e-07  9.3269913e-08  6.9821812e-08  6.2508791e-08  9.1028865e-08
  0.00010709023  2.7175802e-06              0  8.2540183e-07 -7.5823286e-07 -5.7996422e-07  2.7162723e-05 -7.0008587e-06 -5.2971928e-06 -7.1279616e-06 -4.9269443e-06 -2.3115517e-06 -1.5061243e-06 -1.7882183e-06 -1.6714173e-06
 -0.00012805861 -6.1744756e-06              0  2.9644283e-07  9.1252454e-07  8.3015549e-07 -7.0008587e-06  1.0515937e-05  7.9970951e-06  9.1101963e-06  5.2858654e-06  8.4309628e-07  8.4869718e-07  6.9606377e-07  9.8677297e-07
 -0.00010805088 -5.2671644e-06              0   1.339016e-06  7.7042366e-07  7.0283441e-07 -5.2971928e-06  7.9970951e-06  7.4090866e-06  8.0645317e-06   4.429052e-06  6.5413029e-07    6.75365e-07  5.0772933e-07  7.9709184e-07
 -0.00013697588 -6.6568864e-06              0  9.1922619e-07  1.0599681e-06  9.5392009e-07 -7.1279616e-06  9.1101963e-06  8.0645317e-06  1.1971136e-05  5.7370564e-06  8.9963071e-07  8.5372815e-07  5.7002534e-07  1.1039711e-06
 -7.5336406e-05 -3.6141196e-06              0  8.8703827e-07  5.8937724e-07  5.2216964e-07 -4.9269443e-06  5.2858654e-06   4.429052e-06  5.7370564e-06  4.1074531e-06   5.823666e-07    5.30707e-07  4.1169927e-07  6.6631808e-07
 -1.3135071e-05  -4.171081e-07              0 -1.2523117e-07  1.1008764e-07  9.3269913e-08 -2.3115517e-06  8.4309628e-07  6.5413029e-07  8.9963071e-07   5.823666e-07  3.2088251e-07  1.5785069e-07  1.6778964e-07  1.8517284e-07
 -1.2132267e-05 -4.3640111e-07              0  6.4931213e-08  7.9998774e-08  6.9821812e-08 -1.5061243e-06  8.4869718e-07    6.75365e-07  8.5372815e-07    5.30707e-07  1.5785069e-07  1.6882724e-07  1.0967087e-07  1.3098644e-07
 -9.7073426e-06 -2.9647922e-07              0   1.049278e-07  7.7109438e-08  6.2508791e-08 -1.7882183e-06  6.9606377e-07  5.0772933e-07  5.7002534e-07  4.1169927e-07  1.6778964e-07  1.0967087e-07   2.116436e-07  1.1452357e-07
  -1.429796e-05 -5.6572732e-07              0  -6.146468e-07  1.0367073e-07  9.1028865e-08 -1.6714173e-06  9.8677297e-07  7.9709184e-07  1.1039711e-06  6.6631808e-07  1.8517284e-07  1.3098644e-07  1.1452357e-07  3.6933414e-07


# ext. ||   Name    ||   type  ||     Value     ||  Error +/- 

   0   ||Natural mortality || limited ||    0.03012616641473 ||0.0006037884167293
   1   ||Targeted q || limited ||      9.703300257608 ||0.04776925109562
   2   ||Nontargeted q || limited ||                   2 ||22.06548931833
   3   ||     sigma || limited ||      1.309408199696 ||0.06828541980022
   4   ||  Biomass1 || limited ||      2.315637665863 ||0.02545574609855
   5   ||  Biomass2 || limited ||       1.96712629575 ||0.01926737990737
   6   ||  vm_sigma || limited ||      9.191343141349 ||0.0940112256688
   7   ||Recruit year 1 || limited ||      5.576459755578 ||0.05257003742146
   8   ||Recruit year 2 || limited ||      5.449390830745 ||0.04364900691561
   9   ||Recruit year 3 || limited ||      6.343533923181 ||0.05958599248908
  10   ||Recruit year 4 || limited ||      1.989988315717 ||0.01996354642086
  11   ||Mean Rec dist 1 || limited ||     0.8073084784495 ||0.003992437559254
  12   ||Mean Rec dist 2 || limited ||     0.2073034701829 ||0.002904777780705
  13   ||Mean Rec dist 3 || limited ||     0.8498314169148 ||0.003241258058972
  14   ||Mean Rec dist 4 || limited ||     0.6843281815773 ||0.004287216520864





