# Minimum negative log likelihood

Minuit did successfully converge.
# of function calls: 645
minimum function Value: 425.4849089027
minimum edm: 2.527374661183e-05
minimum internal state vector: LAVector parameters:
     0.3272805045885
     -1.132724632713
     -1.287002217587
     -1.296308731921
     -1.509874840481
      -1.51149733577
    -0.4760035917256
      0.164921849188
     -1.345632074602
    -0.9592337619619
    -0.9958145764242
      -1.21978467875

minimum internal covariance matrix: LASymMatrix parameters:
    0.014284428  -0.0012858666              0 -1.3042427e-05  0.00018800148  0.00017366676 -5.6946987e-06 -3.4137758e-05  0.00068949108   0.0017919492   0.0018104436   0.0010476269
  -0.0012858666  0.00011779067              0  7.4415832e-07  -1.723583e-05 -1.5921902e-05  1.1358033e-06 -1.6440369e-05 -6.2512484e-05 -0.00016228173 -0.00016385503 -9.4891535e-05
              0              0              2              0              0              0              0              0              0              0              0              0
 -1.3042427e-05  7.4415832e-07              0  8.7159777e-05  1.3974432e-06  9.9565815e-07  1.9901449e-08  2.6148316e-06  3.8923881e-07 -2.3229111e-06 -1.9635577e-06 -9.4327105e-07
  0.00018800148  -1.723583e-05              0  1.3974432e-06  5.5091837e-06  4.7734361e-06 -2.4059843e-07  5.1005065e-06   1.010071e-05  2.3754613e-05  2.3891967e-05  1.3847889e-05
  0.00017366676 -1.5921902e-05              0  9.9565815e-07  4.7734361e-06  4.1780171e-06 -2.0505578e-07  4.4246284e-06  9.1304521e-06  2.1937402e-05  2.2080281e-05  1.2804488e-05
 -5.6946987e-06  1.1358033e-06              0  1.9901449e-08 -2.4059843e-07 -2.0505578e-07  8.1378832e-07 -2.1137206e-05 -5.1016536e-07 -9.7351451e-07 -1.0548381e-06 -5.6916855e-07
 -3.4137758e-05 -1.6440369e-05              0  2.6148316e-06  5.1005065e-06  4.4246284e-06 -2.1137206e-05    0.001353826  4.5754591e-06  2.2286808e-06  5.5478957e-06  8.5757143e-07
  0.00068949108 -6.2512484e-05              0  3.8923881e-07   1.010071e-05  9.1304521e-06 -5.1016536e-07  4.5754591e-06  3.6155693e-05  8.6717887e-05   8.756345e-05   5.064723e-05
   0.0017919492 -0.00016228173              0 -2.3229111e-06  2.3754613e-05  2.1937402e-05 -9.7351451e-07  2.2286808e-06  8.6717887e-05  0.00022727731  0.00022742952   0.0001317863
   0.0018104436 -0.00016385503              0 -1.9635577e-06  2.3891967e-05  2.2080281e-05 -1.0548381e-06  5.5478957e-06   8.756345e-05  0.00022742952  0.00023211382  0.00013283106
   0.0010476269 -9.4891535e-05              0 -9.4327105e-07  1.3847889e-05  1.2804488e-05 -5.6916855e-07  8.5757143e-07   5.064723e-05   0.0001317863  0.00013283106  7.9175291e-05


# ext. ||   Name    ||   type  ||     Value     ||  Error +/- 

   0   ||Natural mortality || limited ||    0.05303672688748 ||0.001998263084515
   1   ||Targeted q || limited ||      4.721433889765 ||0.162768644118
   2   ||Nontargeted q || limited ||                   2 ||22.06548931833
   3   ||     sigma || limited ||      1.871789334104 ||0.08946750490756
   4   ||  Biomass1 || limited ||     0.9275699363909 ||0.05052429337474
   5   ||  Biomass2 || limited ||     0.8788350130803 ||0.0428284849783
   6   ||   vm_mean || limited ||     -1.439574211863 ||0.001781192612526
   7   ||  vm_sigma || limited ||      46.56742755612 ||1.026452330711
   8   ||Recruit year 1 || limited ||      1.272001376713 ||0.04745938675669
   9   ||Recruit year 2 || limited ||      9.071500007729 ||0.3059883381991
  10   ||Recruit year 3 || limited ||      8.049084657923 ||0.2928926208325
  11   ||Recruit year 4 || limited ||      3.058428110801 ||0.1081608218341





