# Minimum negative log likelihood

Minuit did successfully converge.
# of function calls: 1035
minimum function Value: 646.0782433111
minimum edm: 6.646243231802e-05
minimum internal state vector: LAVector parameters:
    -0.4563967725566
     -1.074146879417
     -1.287002217587
     -1.101553340162
     -1.436561982249
     -1.443810932065
    -0.2290379857975
     -1.103535865877
     -1.315574232677
     -1.050259141709
     -1.016061519527
    0.09396143160247
    0.08972715322692
    0.07658501550626
    0.08581484554685

minimum internal covariance matrix: LASymMatrix parameters:
    0.021248992  -0.0013015016              0  7.3586698e-05  0.00037163599  0.00034085181  -0.0053753449    0.002211662    0.001212902   0.0025018026   0.0025951802  0.00012377408  0.00012349589   0.0001200047   0.0001182413
  -0.0013015016  9.7936367e-05              0 -5.2642883e-06 -2.8326308e-05 -2.5859243e-05  0.00023951968 -0.00013770902 -7.4576457e-05 -0.00015739457 -0.00017280254 -5.5262812e-06 -6.0873302e-06 -5.0839681e-06 -5.7430796e-06
              0              0              2              0              0              0              0              0              0              0              0              0              0              0              0
  7.3586698e-05 -5.2642883e-06              0  0.00035082364 -1.6933664e-06 -1.6986566e-06 -5.2345631e-05  7.2471997e-06  8.0369367e-06  6.1509236e-06  1.0270251e-05   6.975779e-07  1.2366339e-07  -1.014187e-06 -1.8774059e-07
  0.00037163599 -2.8326308e-05              0 -1.6933664e-06  1.8188528e-05  1.5850405e-05 -5.4883639e-05  3.9205643e-05  2.1990225e-05  4.3860936e-05  4.9763118e-05  1.1587391e-06  2.1737785e-06  1.3306402e-06   1.234399e-06
  0.00034085181 -2.5859243e-05              0 -1.6986566e-06  1.5850405e-05  1.3940411e-05 -5.1039543e-05  3.5900347e-05  2.0171019e-05  4.0184967e-05  4.5476502e-05  1.0875412e-06  1.9795367e-06  1.2433129e-06  1.1393966e-06
  -0.0053753449  0.00023951968              0 -5.2345631e-05 -5.4883639e-05 -5.1039543e-05   0.0053112315 -0.00054097733 -0.00030440226 -0.00060335319 -0.00056535127 -7.3564553e-05 -6.2607722e-05 -7.1761617e-05 -6.9654973e-05
    0.002211662 -0.00013770902              0  7.2471997e-06  3.9205643e-05  3.5900347e-05 -0.00054097733  0.00024332457  0.00012574239  0.00026131432  0.00027214916  1.2475768e-05  1.2786605e-05  1.2075496e-05  1.2214212e-05
    0.001212902 -7.4576457e-05              0  8.0369367e-06  2.1990225e-05  2.0171019e-05 -0.00030440226  0.00012574239  8.3254356e-05  0.00014189777  0.00014816177  7.0137047e-06  7.3157944e-06  7.1269521e-06   6.432513e-06
   0.0025018026 -0.00015739457              0  6.1509236e-06  4.3860936e-05  4.0184967e-05 -0.00060335319  0.00026131432  0.00014189777  0.00031054428  0.00030881882  1.4566471e-05  1.3594463e-05  1.3172035e-05  1.4104821e-05
   0.0025951802 -0.00017280254              0  1.0270251e-05  4.9763118e-05  4.5476502e-05 -0.00056535127  0.00027214916  0.00014816177  0.00030881882  0.00035763082  1.2096306e-05  1.3358994e-05  1.2417745e-05  1.2881928e-05
  0.00012377408 -5.5262812e-06              0   6.975779e-07  1.1587391e-06  1.0875412e-06 -7.3564553e-05  1.2475768e-05  7.0137047e-06  1.4566471e-05  1.2096306e-05  2.9388904e-06  1.3439427e-06  1.2340105e-06  1.3886416e-06
  0.00012349589 -6.0873302e-06              0  1.2366339e-07  2.1737785e-06  1.9795367e-06 -6.2607722e-05  1.2786605e-05  7.3157944e-06  1.3594463e-05  1.3358994e-05  1.3439427e-06  6.4139035e-06  1.3362512e-06  8.6430833e-07
   0.0001200047 -5.0839681e-06              0  -1.014187e-06  1.3306402e-06  1.2433129e-06 -7.1761617e-05  1.2075496e-05  7.1269521e-06  1.3172035e-05  1.2417745e-05  1.2340105e-06  1.3362512e-06  2.3337593e-06  1.0975814e-06
   0.0001182413 -5.7430796e-06              0 -1.8774059e-07   1.234399e-06  1.1393966e-06 -6.9654973e-05  1.2214212e-05   6.432513e-06  1.4104821e-05  1.2881928e-05  1.3886416e-06  8.6430833e-07  1.0975814e-06  2.2366522e-06


# ext. ||   Name    ||   type  ||     Value     ||  Error +/- 

   0   ||Natural mortality || limited ||    0.03398208622347 ||0.002309032979099
   1   ||Targeted q || limited ||      6.040801328748 ||0.1667133510039
   2   ||Nontargeted q || limited ||                   2 ||22.06548931833
   3   ||     sigma || limited ||      5.404456316549 ||0.2994525891439
   4   ||  Biomass1 || limited ||      4.497954723469 ||0.2017956196096
   5   ||  Biomass2 || limited ||      4.025908342295 ||0.1671776644425
   6   ||  vm_sigma || limited ||      30.91898402894 ||2.006562706175
   7   ||Recruit year 1 || limited ||      5.369181994157 ||0.2483903528358
   8   ||Recruit year 2 || limited ||      1.629475556141 ||0.0814338868883
   9   ||Recruit year 3 || limited ||      6.631730866748 ||0.3098282011246
  10   ||Recruit year 4 || limited ||      7.507242604947 ||0.3521228228184
  11   ||Mean Rec dist 1 || limited ||     0.9382323228156 ||0.01206859257491
  12   ||Mean Rec dist 2 || limited ||     0.8960680336652 ||0.01783591460359
  13   ||Mean Rec dist 3 || limited ||     0.7651017222836 ||0.01077055487881
  14   ||Mean Rec dist 4 || limited ||     0.8570955821687 ||0.01053617732591





