# Minimum negative log likelihood

Minuit did successfully converge.
# of function calls: 1512
minimum function Value: 517.3491822611
minimum edm: 8.01410892384e-05
minimum internal state vector: LAVector parameters:
      2.957073843039
     -0.970891223033
     -1.287002217587
      -1.22793320595
     -1.467669979523
     -1.475915558732
      3.192450306543
    -0.9634581356497
     -1.259580479969
     -1.350417356426
       -1.3148725632
      0.119343055934
    0.07465778175012
    0.07483211652817
     0.0865830302821

minimum internal covariance matrix: LASymMatrix parameters:
    0.017246429   0.0010928126              0  0.00041847591 -0.00019993905 -0.00018311295  -0.0030089419  -0.0018076685 -0.00096171102 -0.00071343259 -0.00073040472 -8.6644866e-05 -5.7246046e-05 -2.8016284e-05 -5.5391555e-05
   0.0010928126  9.1469832e-05              0  6.5342452e-06 -1.6079245e-05 -1.4851041e-05 -0.00020685648 -0.00011818088  -6.006959e-05 -4.4964895e-05 -4.7848766e-05 -4.2989485e-06  -2.527447e-06 -1.6680941e-06  -4.135531e-06
              0              0              2              0              0              0              0              0              0              0              0              0              0              0              0
  0.00041847591  6.5342452e-06              0   0.0002282355  -3.230256e-06 -3.2768672e-06 -0.00010022252 -3.8197901e-05 -2.2983684e-05 -1.7530649e-05 -2.0010757e-05 -4.9808072e-06  1.3864144e-08  3.9831986e-06  7.6261963e-07
 -0.00019993905 -1.6079245e-05              0  -3.230256e-06   5.128139e-06  4.3977206e-06  3.7041172e-05  2.1406659e-05  1.1164034e-05  8.1846692e-06  8.9200506e-06   8.455598e-07  4.1323135e-07   1.383953e-07  6.8640936e-07
 -0.00018311295 -1.4851041e-05              0 -3.2768672e-06  4.3977206e-06   3.847297e-06  3.7385384e-05  1.9665352e-05  1.0120776e-05  7.4651857e-06  8.1875836e-06  8.1441796e-07  3.5201182e-07  9.0365492e-08  6.3656603e-07
  -0.0030089419 -0.00020685648              0 -0.00010022252  3.7041172e-05  3.7385384e-05   0.0031784429  0.00035915818   0.0001525923  0.00011490547  0.00015072762  3.3953165e-05  1.4458342e-05  1.0508682e-05  2.5501915e-05
  -0.0018076685 -0.00011818088              0 -3.8197901e-05  2.1406659e-05  1.9665352e-05  0.00035915818  0.00019922356  0.00010077087  7.4905917e-05  7.9123309e-05  8.9189947e-06  5.9889024e-06  3.5019434e-06  5.8552376e-06
 -0.00096171102  -6.006959e-05              0 -2.2983684e-05  1.1164034e-05  1.0120776e-05   0.0001525923  0.00010077087  5.8450397e-05  3.9803939e-05  4.1099472e-05  4.6627986e-06  3.2169781e-06  1.6212685e-06  2.9737138e-06
 -0.00071343259 -4.4964895e-05              0 -1.7530649e-05  8.1846692e-06  7.4651857e-06  0.00011490547  7.4905917e-05  3.9803939e-05  3.4252431e-05  3.0327273e-05   3.501473e-06   2.408192e-06  1.1684936e-06  2.2713073e-06
 -0.00073040472 -4.7848766e-05              0 -2.0010757e-05  8.9200506e-06  8.1875836e-06  0.00015072762  7.9123309e-05  4.1099472e-05  3.0327273e-05  3.8983906e-05  3.7135148e-06  2.1579383e-06  9.6284029e-07  2.3239964e-06
 -8.6644866e-05 -4.2989485e-06              0 -4.9808072e-06   8.455598e-07  8.1441796e-07  3.3953165e-05  8.9189947e-06  4.6627986e-06   3.501473e-06  3.7135148e-06  8.8755427e-07  3.1328051e-07  2.9413313e-08  3.3638711e-07
 -5.7246046e-05  -2.527447e-06              0  1.3864144e-08  4.1323135e-07  3.5201182e-07  1.4458342e-05  5.9889024e-06  3.2169781e-06   2.408192e-06  2.1579383e-06  3.1328051e-07   8.541602e-07  4.0976505e-07  2.2897448e-07
 -2.8016284e-05 -1.6680941e-06              0  3.9831986e-06   1.383953e-07  9.0365492e-08  1.0508682e-05  3.5019434e-06  1.6212685e-06  1.1684936e-06  9.6284029e-07  2.9413313e-08  4.0976505e-07  1.4984534e-06  1.7083571e-07
 -5.5391555e-05  -4.135531e-06              0  7.6261963e-07  6.8640936e-07  6.3656603e-07  2.5501915e-05  5.8552376e-06  2.9737138e-06  2.2713073e-06  2.3239964e-06  3.3638711e-07  2.2897448e-07  1.7083571e-07  1.2955642e-06


# ext. ||   Name    ||   type  ||     Value     ||  Error +/- 

   0   ||Natural mortality || limited ||    0.04958683834244 ||0.002278844375939
   1   ||Targeted q || limited ||      8.730540317999 ||0.1908991233944
   2   ||Nontargeted q || limited ||                   2 ||22.06548931833
   3   ||     sigma || limited ||      2.910200555337 ||0.1795628961878
   4   ||  Biomass1 || limited ||      2.656405374094 ||0.08242031822639
   5   ||  Biomass2 || limited ||      2.248902158468 ||0.06569905264273
   6   ||  vm_sigma || limited ||      37.96709614209 ||1.59209816341
   7   ||Recruit year 1 || limited ||      8.950607048451 ||0.2847542195555
   8   ||Recruit year 2 || limited ||      2.411661735164 ||0.08276209937782
   9   ||Recruit year 3 || limited ||      1.219145238713 ||0.04522776066393
  10   ||Recruit year 4 || limited ||      1.638343763147 ||0.05587431721417
  11   ||Mean Rec dist 1 || limited ||      1.190599617615 ||0.006614275523857
  12   ||Mean Rec dist 2 || limited ||     0.7458844667964 ||0.006516931838092
  13   ||Mean Rec dist 3 || limited ||     0.7476229469673 ||0.008631562854879
  14   ||Mean Rec dist 4 || limited ||     0.8647489079501 ||0.00801834096262





