# Minimum negative log likelihood

Minuit did successfully converge.
# of function calls: 616
minimum function Value: 620.5464104181
minimum edm: 9.69904098339e-05
minimum internal state vector: LAVector parameters:
     -1.251003210591
     -1.170135664404
     -1.287002217587
     -1.129979369855
     -1.386650114598
      -1.38819203084
     0.5495419093686
    -0.4215293437575
     -1.088800986853
     -1.295703027964
     -1.287218150604
     -1.006783515935

minimum internal covariance matrix: LASymMatrix parameters:
    0.016605951 -0.00031973966              0   0.0001047717 -0.00023478994 -0.00018366378  7.3696258e-05 -0.00096701243  0.00062771641  0.00037863748  0.00042066413  0.00061794118
 -0.00031973966  1.8257851e-05              0 -4.5424871e-06  4.0465578e-06  2.7692105e-06  4.0619337e-06 -9.2686829e-05 -1.4323194e-05 -5.8898269e-06 -1.0355254e-05 -2.0381005e-05
              0              0              2              0              0              0              0              0              0              0              0              0
   0.0001047717 -4.5424871e-06              0  0.00026393149 -2.6123073e-06 -1.9462259e-06 -5.7014315e-06  0.00014595591  4.2630939e-06  8.7606221e-07  4.2857844e-06  5.3490911e-06
 -0.00023478994  4.0465578e-06              0 -2.6123073e-06  4.0045136e-06  3.2702238e-06 -9.5223706e-07  1.5325252e-05 -8.1746297e-06 -5.3761287e-06 -5.4020436e-06 -8.3631998e-06
 -0.00018366378  2.7692105e-06              0 -1.9462259e-06  3.2702238e-06   2.738053e-06 -8.9251713e-07  1.6516738e-05 -6.3641369e-06 -4.2369107e-06 -4.1016751e-06  -6.244875e-06
  7.3696258e-05  4.0619337e-06              0 -5.7014315e-06 -9.5223706e-07 -8.9251713e-07  1.3184101e-05 -0.00015365254  1.7808409e-06  2.0230722e-06  8.5748957e-07    4.08159e-06
 -0.00096701243 -9.2686829e-05              0  0.00014595591  1.5325252e-05  1.6516738e-05 -0.00015365254   0.0059518663 -3.1759845e-05 -3.9105666e-05  4.7217715e-06 -3.6127264e-05
  0.00062771641 -1.4323194e-05              0  4.2630939e-06 -8.1746297e-06 -6.3641369e-06  1.7808409e-06 -3.1759845e-05  3.4068591e-05  1.3544664e-05  1.6559894e-05  2.5343215e-05
  0.00037863748 -5.8898269e-06              0  8.7606221e-07 -5.3761287e-06 -4.2369107e-06  2.0230722e-06 -3.9105666e-05  1.3544664e-05   1.989745e-05  9.4009293e-06  1.3294414e-05
  0.00042066413 -1.0355254e-05              0  4.2857844e-06 -5.4020436e-06 -4.1016751e-06  8.5748957e-07  4.7217715e-06  1.6559894e-05  9.4009293e-06  2.0183849e-05  1.7003259e-05
  0.00061794118 -2.0381005e-05              0  5.3490911e-06 -8.3631998e-06  -6.244875e-06    4.08159e-06 -3.6127264e-05  2.5343215e-05  1.3294414e-05  1.7003259e-05  5.2378756e-05


# ext. ||   Name    ||   type  ||     Value     ||  Error +/- 

   0   ||Natural mortality || limited ||     0.0212674880877 ||0.0007151498662337
   1   ||Targeted q || limited ||      3.959824052079 ||0.05892147143118
   2   ||Nontargeted q || limited ||                   2 ||22.06548931833
   3   ||     sigma || limited ||      4.779830643361 ||0.2450709235561
   4   ||  Biomass1 || limited ||      8.453528169739 ||0.129549363582
   5   ||  Biomass2 || limited ||      8.312944533332 ||0.1062357272217
   6   ||   vm_mean || limited ||      1.640843289121 ||0.006878416222001
   7   ||  vm_sigma || limited ||      23.63444847691 ||1.990061912772
   8   ||Recruit year 1 || limited ||      5.705842797478 ||0.09564939857627
   9   ||Recruit year 2 || limited ||      1.889819077908 ||0.0428349301035
  10   ||Recruit year 3 || limited ||      2.006778359023 ||0.04443745820963
  11   ||Recruit year 4 || limited ||       7.75338831009 ||0.1367733315674





