# Minimum negative log likelihood

Minuit did successfully converge.
# of function calls: 1371
minimum function Value: 370.7262686833
minimum edm: 9.940233365623e-06
minimum internal state vector: LAVector parameters:
     0.1766684710286
     -1.259460318344
     -1.287002217587
     -1.330370143431
     -1.389000023615
     -1.394896910248
     0.2199134757755
     -1.319722532891
    -0.9967177559786
    -0.9785400307763
     -1.344870081677
     0.0970921536728
    0.05373864441819
    0.04720542018618
     0.0470622089501

minimum internal covariance matrix: LASymMatrix parameters:
    0.001315604 -0.00014122045              0 -2.7981038e-05  8.3887499e-05    7.99309e-05 -0.00066641395  0.00015108699  0.00034633219  0.00035588612  0.00011652561  5.4712698e-06  7.3954443e-06   7.079442e-06  1.0355431e-05
 -0.00014122045  1.7134594e-05              0  4.1430044e-06 -1.0382959e-05 -9.8294854e-06   4.701409e-05  -1.712244e-05 -3.9239649e-05  -4.005868e-05 -1.3088549e-05 -3.2935697e-07  -6.249558e-07 -6.4332913e-07 -1.2671929e-06
              0              0              2              0              0              0              0              0              0              0              0              0              0              0              0
 -2.7981038e-05  4.1430044e-06              0  7.9377706e-05 -3.1356813e-06 -2.8546201e-06  -1.262638e-05  -4.472546e-06 -7.9349511e-06 -8.4965934e-06   1.349092e-06  4.9447327e-07 -1.3118755e-08 -9.9478065e-08  -5.544602e-07
  8.3887499e-05 -1.0382959e-05              0 -3.1356813e-06  8.1919271e-06  7.5630563e-06 -2.4037654e-05  1.0390067e-05  2.3692339e-05   2.407221e-05  8.0048137e-06  1.2685108e-07  3.7471761e-07  2.9957027e-07  5.7601168e-07
    7.99309e-05 -9.8294854e-06              0 -2.8546201e-06  7.5630563e-06  7.0059066e-06 -2.4192814e-05  9.8408512e-06  2.2482591e-05   2.288325e-05  7.5512523e-06  1.5179542e-07  3.6118043e-07  2.9415422e-07  5.5762489e-07
 -0.00066641395   4.701409e-05              0  -1.262638e-05 -2.4037654e-05 -2.4192814e-05   0.0027606053 -6.6044569e-05 -0.00014163996 -0.00016041174 -3.3363133e-05 -1.1064341e-05 -1.3243662e-05 -9.6988042e-06 -5.6241589e-06
  0.00015108699  -1.712244e-05              0  -4.472546e-06  1.0390067e-05  9.8408512e-06 -6.6044569e-05  2.0333795e-05  3.9771441e-05  4.2383636e-05  1.3517527e-05  2.7724728e-08  7.7933186e-07  7.5631819e-07  1.3640343e-06
  0.00034633219 -3.9239649e-05              0 -7.9349511e-06  2.3692339e-05  2.2482591e-05 -0.00014163996  3.9771441e-05    9.62969e-05  9.4703836e-05  3.1633992e-05   1.331243e-06  1.7365008e-06  1.7624996e-06  2.7540535e-06
  0.00035588612  -4.005868e-05              0 -8.4965934e-06   2.407221e-05   2.288325e-05 -0.00016041174  4.2383636e-05  9.4703836e-05  0.00010072697  3.2070435e-05   1.210611e-06  1.8365994e-06  1.7515871e-06  3.0165783e-06
  0.00011652561 -1.3088549e-05              0   1.349092e-06  8.0048137e-06  7.5512523e-06 -3.3363133e-05  1.3517527e-05  3.1633992e-05  3.2070435e-05  2.0892533e-05  1.1588873e-07  5.3558491e-07  6.2941146e-07  1.2794153e-06
  5.4712698e-06 -3.2935697e-07              0  4.9447327e-07  1.2685108e-07  1.5179542e-07 -1.1064341e-05  2.7724728e-08   1.331243e-06   1.210611e-06  1.1588873e-07  1.3058235e-06  7.2753882e-08  3.7539527e-08 -5.9668404e-08
  7.3954443e-06  -6.249558e-07              0 -1.3118755e-08  3.7471761e-07  3.6118043e-07 -1.3243662e-05  7.7933186e-07  1.7365008e-06  1.8365994e-06  5.3558491e-07  7.2753882e-08  1.7016968e-07  6.2095937e-08  4.1630847e-08
   7.079442e-06 -6.4332913e-07              0 -9.9478065e-08  2.9957027e-07  2.9415422e-07 -9.6988042e-06  7.5631819e-07  1.7624996e-06  1.7515871e-06  6.2941146e-07  3.7539527e-08  6.2095937e-08  1.6350648e-07  9.9304064e-08
  1.0355431e-05 -1.2671929e-06              0  -5.544602e-07  5.7601168e-07  5.5762489e-07 -5.6241589e-06  1.3640343e-06  2.7540535e-06  3.0165783e-06  1.2794153e-06 -5.9668404e-08  4.1630847e-08  9.9304064e-08  1.4245092e-06


# ext. ||   Name    ||   type  ||     Value     ||  Error +/- 

   0   ||Natural mortality || limited ||     0.0493937720548 ||0.0006311417316009
   1   ||Targeted q || limited ||      2.403742041406 ||0.04483134829981
   2   ||Nontargeted q || limited ||                   2 ||22.06548931833
   3   ||     sigma || limited ||      1.438170913152 ||0.07500514052713
   4   ||  Biomass1 || limited ||      8.239742858645 ||0.1829523220365
   5   ||  Biomass2 || limited ||      7.715227555601 ||0.1637606124045
   6   ||  vm_sigma || limited ||      48.72619826717 ||1.449954561463
   7   ||Recruit year 1 || limited ||        1.5775331158 ||0.03960490467212
   8   ||Recruit year 2 || limited ||      8.024545897928 ||0.1883922795861
   9   ||Recruit year 3 || limited ||      8.524985921298 ||0.1980603048484
  10   ||Recruit year 4 || limited ||       1.28052104683 ||0.03619696496937
  11   ||Mean Rec dist 1 || limited ||     0.9693967944278 ||0.008042238436313
  12   ||Mean Rec dist 2 || limited ||     0.5371278336774 ||0.002912719720534
  13   ||Mean Rec dist 3 || limited ||      0.471878904264 ||0.00285606718412
  14   ||Mean Rec dist 4 || limited ||     0.4704483823978 ||0.008430172228893





