# Minimum negative log likelihood

Minuit did successfully converge.
# of function calls: 1094
minimum function Value: 654.6267012843
minimum edm: 4.775409048498e-06
minimum internal state vector: LAVector parameters:
      1.570002037469
     -1.119989784896
     -1.287002217587
     -1.091640684599
     -1.549480963194
     -1.549976965912
      0.432715495275
   -0.04466907260148
     -1.124145142621
     -1.179302447716
    -0.9895070535468
     -1.242675087342

minimum internal covariance matrix: LASymMatrix parameters:
     0.57649752 -0.00038604441              0  0.00019604213 -5.9579113e-06 -3.1367307e-06 -2.4402446e-05  0.00044250348  0.00035842207  0.00042768051  0.00048424158  0.00019029206
 -0.00038604441  3.1804429e-05              0  1.2266559e-06 -1.3631418e-06 -1.2753858e-06  7.9188036e-06 -0.00018679462 -1.0641192e-05  -1.039508e-05 -1.8955807e-05 -1.1048304e-05
              0              0              2              0              0              0              0              0              0              0              0              0
  0.00019604213  1.2266559e-06              0  0.00028788811 -2.0676268e-06 -1.8352272e-06  -7.918898e-07  2.0474115e-05   1.449027e-06 -2.1585651e-06 -7.2528653e-07  4.6220074e-06
 -5.9579113e-06 -1.3631418e-06              0 -2.0676268e-06   1.745206e-05  1.4421007e-05 -3.4525689e-07  4.3887657e-06  4.8045228e-07  3.4695284e-07  1.2278598e-06  7.9193274e-07
 -3.1367307e-06 -1.2753858e-06              0 -1.8352272e-06  1.4421007e-05  1.2055125e-05 -3.2453333e-07  5.1630804e-06  4.7299697e-07  3.0225846e-07  1.1317862e-06  7.3797158e-07
 -2.4402446e-05  7.9188036e-06              0  -7.918898e-07 -3.4525689e-07 -3.2453333e-07  6.8437402e-06 -0.00013238038 -2.0049665e-06 -2.7200442e-06 -5.0526471e-06 -2.3672029e-06
  0.00044250348 -0.00018679462              0  2.0474115e-05  4.3887657e-06  5.1630804e-06 -0.00013238038   0.0065842279   4.014195e-05  6.5492826e-05  0.00012157887  4.8321139e-05
  0.00035842207 -1.0641192e-05              0   1.449027e-06  4.8045228e-07  4.7299697e-07 -2.0049665e-06   4.014195e-05  2.0990293e-05  3.6850175e-06  6.7488992e-06  3.8691619e-06
  0.00042768051  -1.039508e-05              0 -2.1585651e-06  3.4695284e-07  3.0225846e-07 -2.7200442e-06  6.5492826e-05  3.6850175e-06  2.1439168e-05  6.3537264e-06  3.7680707e-06
  0.00048424158 -1.8955807e-05              0 -7.2528653e-07  1.2278598e-06  1.1317862e-06 -5.0526471e-06  0.00012157887  6.7488992e-06  6.3537264e-06  3.2558324e-05  6.7689123e-06
  0.00019029206 -1.1048304e-05              0  4.6220074e-06  7.9193274e-07  7.3797158e-07 -2.3672029e-06  4.8321139e-05  3.8691619e-06  3.7680707e-06  6.7689123e-06  2.5850171e-05


# ext. ||   Name    ||   type  ||     Value     ||  Error +/- 

   0   ||Natural mortality || limited ||    0.06999999211381** ||0.003517386402333
   1   ||Targeted q || limited ||      4.995200420602 ||0.08687141234989
   2   ||Nontargeted q || limited ||                   2 ||22.06548931833
   3   ||     sigma || limited ||      5.630774330179 ||0.2765576694921
   4   ||  Biomass1 || limited ||     0.1135818808223 ||0.03148020675905
   5   ||  Biomass2 || limited ||     0.1083575328842 ||0.02555503357946
   6   ||   vm_mean || limited ||      1.317387780938 ||0.005275772995337
   7   ||  vm_sigma || limited ||      38.21435355953 ||2.291502054485
   8   ||Recruit year 1 || limited ||      4.914575991497 ||0.06996022607233
   9   ||Recruit year 2 || limited ||      3.792618075298 ||0.06245808133417
  10   ||Recruit year 3 || limited ||      8.221408661249 ||0.1107629141658
  11   ||Recruit year 4 || limited ||       2.67725960808 ||0.0579236058225

** Parameter is at Upper limit




