# Minimum negative log likelihood

Minuit did successfully converge.
# of function calls: 1112
minimum function Value: 404.7649110846
minimum edm: 2.905647368122e-05
minimum internal state vector: LAVector parameters:
    -0.9112377781029
     -1.306021245752
     -1.287002217587
     -1.309745063623
      -1.50110054468
     -1.502863177986
    -0.1926622497489
     0.4072835458317
    -0.9576204002057
     -1.226098492585
    -0.9266966696674
     -1.099250900461

minimum internal covariance matrix: LASymMatrix parameters:
  6.3714096e-05 -3.6406711e-05              0 -6.0728524e-06  1.0521074e-05    1.03163e-05 -9.9923509e-07  0.00014292568  7.4004623e-05  3.9551895e-05  7.7182929e-05  5.4305896e-05
 -3.6406711e-05  2.2781173e-05              0  3.5928878e-06 -6.5430672e-06 -6.4457597e-06  7.4133021e-07 -0.00012371075 -4.4681226e-05 -2.3076843e-05 -4.6540296e-05 -3.2238522e-05
              0              0              2              0              0              0              0              0              0              0              0              0
 -6.0728524e-06  3.5928878e-06              0   8.467823e-05  -5.435757e-07 -7.2073445e-07  9.4840301e-08 -1.8605783e-05 -7.0150223e-06 -3.4040025e-06  -7.034676e-06   -4.86724e-06
  1.0521074e-05 -6.5430672e-06              0  -5.435757e-07  5.9100897e-06  4.7950682e-06 -2.2268941e-07  1.4973142e-05  1.5056594e-05  6.6220834e-06  1.3525601e-05  9.4041652e-06
    1.03163e-05 -6.4457597e-06              0 -7.2073445e-07  4.7950682e-06  4.0875093e-06 -2.1153452e-07  2.5316493e-05  1.3897386e-05  6.4863897e-06  1.3218034e-05  9.1865203e-06
 -9.9923509e-07  7.4133021e-07              0  9.4840301e-08 -2.2268941e-07 -2.1153452e-07  7.9905912e-08 -1.0328594e-05 -1.3704111e-06 -6.5618438e-07 -1.3927725e-06 -9.5456863e-07
  0.00014292568 -0.00012371075              0 -1.8605783e-05  1.4973142e-05  2.5316493e-05 -1.0328594e-05   0.0055495942  0.00018617781  0.00011037656  0.00022079143   0.0001468153
  7.4004623e-05 -4.4681226e-05              0 -7.0150223e-06  1.5056594e-05  1.3897386e-05 -1.3704111e-06  0.00018617781  9.2935906e-05  4.6183755e-05  9.2887394e-05   6.470415e-05
  3.9551895e-05 -2.3076843e-05              0 -3.4040025e-06  6.6220834e-06  6.4863897e-06 -6.5618438e-07  0.00011037656  4.6183755e-05  2.7390502e-05  4.8495787e-05  3.4151742e-05
  7.7182929e-05 -4.6540296e-05              0  -7.034676e-06  1.3525601e-05  1.3218034e-05 -1.3927725e-06  0.00022079143  9.2887394e-05  4.8495787e-05  9.8725406e-05  6.7160886e-05
  5.4305896e-05 -3.2238522e-05              0   -4.86724e-06  9.4041652e-06  9.1865203e-06 -9.5456863e-07   0.0001468153   6.470415e-05  3.4151742e-05  6.7160886e-05  4.9440734e-05


# ext. ||   Name    ||   type  ||     Value     ||  Error +/- 

   0   ||Natural mortality || limited ||    0.03146057763775 ||0.0005187855018993
   1   ||Targeted q || limited ||      1.742430758547 ||0.04416039952717
   2   ||Nontargeted q || limited ||                   2 ||22.06548931833
   3   ||     sigma || limited ||      1.694040756856 ||0.08396913400194
   4   ||  Biomass1 || limited ||      1.213884021453 ||0.05985585915372
   5   ||  Biomass2 || limited ||      1.153284548775 ||0.0485212401454
   6   ||   vm_mean || limited ||     -1.914725631414 ||0.001961841242712
   7   ||  vm_sigma || limited ||      55.84496368868 ||1.933778455714
   8   ||Recruit year 1 || limited ||      9.117864011758 ||0.1961195731279
   9   ||Recruit year 2 || limited ||      2.950825832554 ||0.06251936864995
  10   ||Recruit year 3 || limited ||      10.02696181779 ||0.2109211325033
  11   ||Recruit year 4 || limited ||      5.466088266755 ||0.1129172201237





