# Minimum negative log likelihood

Minuit did successfully converge.
# of function calls: 567
minimum function Value: 560.2745266228
minimum edm: 8.191000629621e-06
minimum internal state vector: LAVector parameters:
    -0.2925386713086
     -1.160718647336
     -1.287002217587
     -1.190209762854
     -1.540556741114
     -1.533486662547
    -0.8197457302246
    -0.7847955779487
     -1.075050828187
     -1.079181191274
     -1.056211740264
     -1.331639769247

minimum internal covariance matrix: LASymMatrix parameters:
    0.029455018  -0.0027944811              0  3.1603531e-05  0.00020392022  0.00024719647  -8.669347e-05  0.00017580103   0.0035891062   0.0038618761   0.0032762955   0.0014435102
  -0.0027944811  0.00027415065              0 -2.7239792e-06 -2.0278442e-05 -2.4099375e-05  1.4523885e-05 -5.6903603e-05 -0.00034236116  -0.0003698438 -0.00031379773 -0.00013757749
              0              0              2              0              0              0              0              0              0              0              0              0
  3.1603531e-05 -2.7239792e-06              0  0.00017910341 -1.0900785e-06  3.8382946e-07  1.5863482e-07 -2.8128785e-06  1.7556232e-06  3.7772901e-06  3.7735483e-06  1.3266206e-06
  0.00020392022 -2.0278442e-05              0 -1.0900785e-06  1.3216182e-05  4.6459942e-06   -1.22644e-06  4.5691793e-06  3.4932349e-05  2.7170797e-05  2.2745392e-05  1.0142528e-05
  0.00024719647 -2.4099375e-05              0  3.8382946e-07  4.6459942e-06  9.1571881e-06 -2.0438958e-07  5.9007539e-06  1.8588316e-05  3.2738137e-05   2.786413e-05  1.2121759e-05
  -8.669347e-05  1.4523885e-05              0  1.5863482e-07   -1.22644e-06 -2.0438958e-07  1.2828281e-05 -4.1082377e-05 -1.5158973e-05 -1.3157479e-05 -1.1058886e-05 -4.8379123e-06
  0.00017580103 -5.6903603e-05              0 -2.8128785e-06  4.5691793e-06  5.9007539e-06 -4.1082377e-05  0.00058020552 -1.4159711e-05  3.7659077e-05  3.0567873e-05  1.4410232e-05
   0.0035891062 -0.00034236116              0  1.7556232e-06  3.4932349e-05  1.8588316e-05 -1.5158973e-05 -1.4159711e-05  0.00049037518   0.0004712325  0.00040016586  0.00017605215
   0.0038618761  -0.0003698438              0  3.7772901e-06  2.7170797e-05  3.2738137e-05 -1.3157479e-05  3.7659077e-05   0.0004712325  0.00051445391  0.00043112834  0.00018965404
   0.0032762955 -0.00031379773              0  3.7735483e-06  2.2745392e-05   2.786413e-05 -1.1058886e-05  3.0567873e-05  0.00040016586  0.00043112834  0.00037306266  0.00016094532
   0.0014435102 -0.00013757749              0  1.3266206e-06  1.0142528e-05  1.2121759e-05 -4.8379123e-06  1.4410232e-05  0.00017605215  0.00018965404  0.00016094532  7.7457664e-05


# ext. ||   Name    ||   type  ||     Value     ||  Error +/- 

   0   ||Natural mortality || limited ||    0.03779040081835 ||0.002897901606695
   1   ||Targeted q || limited ||      4.145507185356 ||0.2333806228606
   2   ||Nontargeted q || limited ||                   2 ||22.06548931833
   3   ||     sigma || limited ||      3.577654637006 ||0.1757593770149
   4   ||  Biomass1 || limited ||     0.2285907155037 ||0.03886128756905
   5   ||  Biomass2 || limited ||     0.3479623948106 ||0.03990766533327
   6   ||   vm_mean || limited ||     -2.296417326599 ||0.005429529186864
   7   ||  vm_sigma || limited ||      11.73363091721 ||0.4820099870995
   8   ||Recruit year 1 || limited ||      6.028681576406 ||0.3723744196273
   9   ||Recruit year 2 || limited ||      5.930828683056 ||0.3784901005219
  10   ||Recruit year 3 || limited ||      6.484489845762 ||0.3360523914921
  11   ||Recruit year 4 || limited ||      1.432951799999 ||0.07370133702469





