# Minimum negative log likelihood

Minuit did successfully converge.
# of function calls: 1276
minimum function Value: 518.1901470597
minimum edm: 5.529097576627e-05
minimum internal state vector: LAVector parameters:
     0.2598320816282
     -1.063459368902
     -1.287002217587
     -1.227200467277
     -1.550471467183
      -1.55180193201
   -0.08102684320315
     -1.148294050047
     -1.031957890571
     -1.053901381072
      -1.37664364115
    0.02321528382486
    0.05960515287443
    0.03148650579688
     0.1111306506599

minimum internal covariance matrix: LASymMatrix parameters:
   0.0036972063 -0.00031048621              0 -2.1423187e-07  1.4543628e-05  1.2861756e-05 -0.00069795627  0.00033894611  0.00047273377  0.00042761855  0.00017545077  1.1875092e-05  1.3716906e-05  1.3056449e-05  1.4908792e-05
 -0.00031048621  3.0797808e-05              0 -2.1485288e-07 -1.3962318e-06 -1.2417572e-06  3.6982944e-05 -2.9612789e-05 -4.1171145e-05 -3.7216454e-05  -1.584883e-05 -6.6734211e-07 -7.9538923e-07 -7.6341446e-07 -1.1815578e-06
              0              0              2              0              0              0              0              0              0              0              0              0              0              0              0
 -2.1423187e-07 -2.1485288e-07              0  0.00013699178  1.7531423e-06  1.4313292e-06   3.099744e-06 -2.5338995e-07  7.5521174e-08  1.8792333e-08  2.0961464e-07  -1.115017e-07  3.7699636e-08 -1.0264703e-07  2.2654417e-07
  1.4543628e-05 -1.3962318e-06              0  1.7531423e-06   2.663126e-06  2.1460762e-06 -2.4827545e-06  1.4598596e-06  1.9040689e-06  1.7548601e-06  6.7548719e-07  3.2870427e-08   3.990693e-08    6.77201e-08  6.6203818e-08
  1.2861756e-05 -1.2417572e-06              0  1.4313292e-06  2.1460762e-06  1.7572616e-06  -2.007087e-06  1.2866002e-06  1.6864074e-06  1.5532859e-06  6.0447363e-07  2.9448312e-08  3.4473628e-08  5.7684691e-08  5.5709199e-08
 -0.00069795627  3.6982944e-05              0   3.099744e-06 -2.4827545e-06  -2.007087e-06   0.0010926902 -5.8709406e-05 -8.1425696e-05 -7.5509093e-05 -2.9245364e-05 -8.7363877e-06 -9.4091738e-06 -9.1241347e-06 -8.3892033e-06
  0.00033894611 -2.9612789e-05              0 -2.5338995e-07  1.4598596e-06  1.2866002e-06 -5.8709406e-05  3.6147874e-05  4.3692141e-05  3.9469788e-05  1.6381336e-05  1.0383589e-06  1.1755968e-06  1.1268392e-06  1.3843245e-06
  0.00047273377 -4.1171145e-05              0  7.5521174e-08  1.9040689e-06  1.6864074e-06 -8.1425696e-05  4.3692141e-05  6.5738966e-05  5.5035338e-05  2.2711605e-05   1.420405e-06  1.6347406e-06   1.555415e-06  1.8751956e-06
  0.00042761855 -3.7216454e-05              0  1.8792333e-08  1.7548601e-06  1.5532859e-06 -7.5509093e-05  3.9469788e-05  5.5035338e-05  5.4740157e-05  2.0643236e-05  1.2921336e-06  1.4863666e-06  1.4400429e-06  1.7558769e-06
  0.00017545077  -1.584883e-05              0  2.0961464e-07  6.7548719e-07  6.0447363e-07 -2.9245364e-05  1.6381336e-05  2.2711605e-05  2.0643236e-05  1.6013156e-05  4.6271367e-07  5.7172262e-07  5.4407177e-07  1.0542285e-06
  1.1875092e-05 -6.6734211e-07              0  -1.115017e-07  3.2870427e-08  2.9448312e-08 -8.7363877e-06  1.0383589e-06   1.420405e-06  1.2921336e-06  4.6271367e-07  2.7601339e-07  1.0000229e-07  9.3671411e-08  7.3426892e-08
  1.3716906e-05 -7.9538923e-07              0  3.7699636e-08   3.990693e-08  3.4473628e-08 -9.4091738e-06  1.1755968e-06  1.6347406e-06  1.4863666e-06  5.7172262e-07  1.0000229e-07  2.8310824e-07  1.0653632e-07   8.850261e-08
  1.3056449e-05 -7.6341446e-07              0 -1.0264703e-07    6.77201e-08  5.7684691e-08 -9.1241347e-06  1.1268392e-06   1.555415e-06  1.4400429e-06  5.4407177e-07  9.3671411e-08  1.0653632e-07  2.4821545e-07  9.9226737e-08
  1.4908792e-05 -1.1815578e-06              0  2.2654417e-07  6.6203818e-08  5.5709199e-08 -8.3892033e-06  1.3843245e-06  1.8751956e-06  1.7558769e-06  1.0542285e-06  7.3426892e-08   8.850261e-08  9.9226737e-08  2.5183189e-06


# ext. ||   Name    ||   type  ||     Value     ||  Error +/- 

   0   ||Natural mortality || limited ||    0.05142295684092 ||0.001038484097003
   1   ||Targeted q || limited ||      6.297927599336 ||0.09532728364201
   2   ||Nontargeted q || limited ||                   2 ||22.06548931833
   3   ||     sigma || limited ||      2.922529981059 ||0.1394010382976
   4   ||  Biomass1 || limited ||     0.1032714243733 ||0.01172596036211
   5   ||  Biomass2 || limited ||    0.09019404652166 ||0.008901690588731
   6   ||  vm_sigma || limited ||      36.76301204051 ||0.9317970675219
   7   ||Recruit year 1 || limited ||      4.406272664976 ||0.08715294798038
   8   ||Recruit year 2 || limited ||      7.094026309002 ||0.1470807918201
   9   ||Recruit year 3 || limited ||      6.541455113186 ||0.1292559426773
  10   ||Recruit year 4 || limited ||     0.9493311310357 ||0.02729360798739
  11   ||Mean Rec dist 1 || limited ||     0.2321319857049 ||0.003713924123705
  12   ||Mean Rec dist 2 || limited ||     0.5956986520143 ||0.003755686315155
  13   ||Mean Rec dist 3 || limited ||     0.3148130343422 ||0.003521146408722
  14   ||Mean Rec dist 4 || limited ||      1.109020475471 ||0.01115200520568





