# Minimum negative log likelihood

Minuit did successfully converge.
# of function calls: 731
minimum function Value: 430.8041144904
minimum edm: 4.783041951911e-05
minimum internal state vector: LAVector parameters:
    -0.9901744912499
     -1.100223850886
     -1.287002217587
     -1.292770400969
     -1.549623378642
     -1.550815139613
     -0.424242569425
     0.2071233580894
     -1.159757334784
     -1.040215139864
     -1.248471291531
     -1.284673766091

minimum internal covariance matrix: LASymMatrix parameters:
   0.0012929724 -0.00037493302              0 -9.0361708e-07  1.6215915e-05  1.5465343e-05  1.5416205e-06 -7.5096714e-05  0.00035493325  0.00045708869  0.00025729477  0.00022030983
 -0.00037493302  0.00011007723              0  4.8586418e-07 -4.7311288e-06 -4.5255313e-06  1.8094889e-07 -3.9231574e-06 -0.00010306985 -0.00013265444 -7.4542968e-05 -6.3957064e-05
              0              0              2              0              0              0              0              0              0              0              0              0
 -9.0361708e-07  4.8586418e-07              0  0.00010682708    4.55677e-07  3.9773811e-07   9.082749e-07 -1.5808506e-07 -1.1205827e-06 -6.6179014e-07  2.8874358e-07 -5.6607032e-07
  1.6215915e-05 -4.7311288e-06              0    4.55677e-07  1.7269303e-06  1.3526602e-06  1.6324004e-08 -3.4985851e-06   4.569136e-06  5.7223167e-06  3.2312661e-06  2.7537751e-06
  1.5465343e-05 -4.5255313e-06              0  3.9773811e-07  1.3526602e-06  1.0943706e-06  1.8803774e-09 -1.5994417e-06  4.3128475e-06  5.4583168e-06  3.0794852e-06  2.6267635e-06
  1.5416205e-06  1.8094889e-07              0   9.082749e-07  1.6324004e-08  1.8803774e-09   1.483985e-06  -4.944047e-05  2.9099489e-07  5.3718079e-07  4.0728887e-07   1.706869e-07
 -7.5096714e-05 -3.9231574e-06              0 -1.5808506e-07 -3.4985851e-06 -1.5994417e-06  -4.944047e-05   0.0031166759 -1.6929609e-05 -2.7237961e-05 -1.6970368e-05 -1.1149468e-05
  0.00035493325 -0.00010306985              0 -1.1205827e-06   4.569136e-06  4.3128475e-06  2.9099489e-07 -1.6929609e-05  9.8848239e-05  0.00012546031  7.0579761e-05   6.050329e-05
  0.00045708869 -0.00013265444              0 -6.6179014e-07  5.7223167e-06  5.4583168e-06  5.3718079e-07 -2.7237961e-05  0.00012546031  0.00016296434  9.0892734e-05  7.7892328e-05
  0.00025729477 -7.4542968e-05              0  2.8874358e-07  3.2312661e-06  3.0794852e-06  4.0728887e-07 -1.6970368e-05  7.0579761e-05  9.0892734e-05  5.2663911e-05  4.3772488e-05
  0.00022030983 -6.3957064e-05              0 -5.6607032e-07  2.7537751e-06  2.6267635e-06   1.706869e-07 -1.1149468e-05   6.050329e-05  7.7892328e-05  4.3772488e-05  3.8985315e-05


# ext. ||   Name    ||   type  ||     Value     ||  Error +/- 

   0   ||Natural mortality || limited ||    0.02458174388216 ||0.002091874089977
   1   ||Targeted q || limited ||      5.434556218741 ||0.1681814319813
   2   ||Nontargeted q || limited ||                   2 ||22.06548931833
   3   ||     sigma || limited ||      1.920044404786 ||0.1002922964971
   4   ||  Biomass1 || limited ||     0.1120692466142 ||0.009836514424322
   5   ||  Biomass2 || limited ||    0.09980863953007 ||0.007389746949721
   6   ||   vm_mean || limited ||       -1.2931757159 ||0.002466238925872
   7   ||  vm_sigma || limited ||      48.22622103711 ||1.544861580007
   8   ||Recruit year 1 || limited ||      4.174274732588 ||0.1404354132832
   9   ||Recruit year 2 || limited ||      6.883656793497 ||0.2283664325196
  10   ||Recruit year 3 || limited ||      2.584668771721 ||0.08126695502028
  11   ||Recruit year 4 || limited ||       2.04252513906 ||0.06229753549752





