# Minimum negative log likelihood

Minuit did successfully converge.
# of function calls: 1220
minimum function Value: 651.7209673189
minimum edm: 6.512781007801e-06
minimum internal state vector: LAVector parameters:
     -1.176422630109
     -1.006256946457
     -1.287002217587
     -1.095029786278
      -1.44830961886
     -1.411689575242
     -1.125619707694
    -0.4905649546554
       -1.0005209863
     -1.144184706021
      -1.28100291015
     -1.189895279651

minimum internal covariance matrix: LASymMatrix parameters:
     0.49358637   -0.014438152              0  9.0876934e-05   0.0026262689   0.0045458793  -0.0013946139  0.00029018592  0.00017360682    0.013017176   0.0068793662   0.0092133218
   -0.014438152  0.00043378803              0 -3.0625446e-06 -7.8363816e-05 -0.00013613764  4.7128997e-05 -5.3229699e-05 -3.2367428e-05 -0.00037788662 -0.00020164409 -0.00026859794
              0              0              2              0              0              0              0              0              0              0              0              0
  9.0876934e-05 -3.0625446e-06              0  0.00029588305 -3.9367812e-06 -7.8331082e-07 -2.8723121e-06   1.930379e-06  1.2525391e-05 -1.5376441e-06  4.2942178e-06 -3.2955113e-06
   0.0026262689 -7.8363816e-05              0 -3.9367812e-06  2.8036931e-05  3.1772893e-05 -6.8168465e-06 -1.3669569e-05 -1.3660793e-05  7.0360725e-05  3.6493954e-05  4.9567768e-05
   0.0045458793 -0.00013613764              0 -7.8331082e-07  3.1772893e-05  4.8485209e-05 -2.1361196e-05  3.6055389e-05 -9.1574521e-06  0.00012024462  6.3183732e-05  8.5380363e-05
  -0.0013946139  4.7128997e-05              0 -2.8723121e-06 -6.8168465e-06 -2.1361196e-05  4.3516944e-05 -0.00011691188  4.1517555e-05 -3.7252219e-05 -1.6388038e-05 -2.8868748e-05
  0.00029018592 -5.3229699e-05              0   1.930379e-06 -1.3669569e-05  3.6055389e-05 -0.00011691188    0.001497471 -0.00014910626  4.0583059e-05  2.7385142e-05  -7.623413e-06
  0.00017360682 -3.2367428e-05              0  1.2525391e-05 -1.3660793e-05 -9.1574521e-06  4.1517555e-05 -0.00014910626  0.00060041618 -5.4836916e-05  1.0159393e-05 -6.2146602e-06
    0.013017176 -0.00037788662              0 -1.5376441e-06  7.0360725e-05  0.00012024462 -3.7252219e-05  4.0583059e-05 -5.4836916e-05  0.00036357245  0.00018018335  0.00024296428
   0.0068793662 -0.00020164409              0  4.2942178e-06  3.6493954e-05  6.3183732e-05 -1.6388038e-05  2.7385142e-05  1.0159393e-05  0.00018018335  0.00011065931  0.00012737393
   0.0092133218 -0.00026859794              0 -3.2955113e-06  4.9567768e-05  8.5380363e-05 -2.8868748e-05  -7.623413e-06 -6.2146602e-06  0.00024296428  0.00012737393  0.00018714326


# ext. ||   Name    ||   type  ||     Value     ||  Error +/- 

   0   ||Natural mortality || limited ||    0.02191906525085 ||0.004578098366122
   1   ||Targeted q || limited ||      7.758243306573 ||0.3939613047454
   2   ||Nontargeted q || limited ||                   2 ||22.06548931833
   3   ||     sigma || limited ||      5.552905402972 ||0.2785407750251
   4   ||  Biomass1 || limited ||      3.746061378524 ||0.2287292434951
   5   ||  Biomass2 || limited ||      6.315399876715 ||0.3900430902607
   6   ||   vm_mean || limited ||     -2.835396145106 ||0.006310357474481
   7   ||  vm_sigma || limited ||      21.15576391834 ||0.9653083571659
   8   ||Recruit year 1 || limited ||      7.921590727016 ||0.4676277512389
   9   ||Recruit year 2 || limited ||      4.490899596505 ||0.2789152835126
  10   ||Recruit year 3 || limited ||       2.09464511289 ||0.1062659840956
  11   ||Recruit year 4 || limited ||      3.593139559849 ||0.1797840503699





