# Minimum negative log likelihood

Minuit did successfully converge.
# of function calls: 412
minimum function Value: 727.6090401591
minimum edm: 9.187430004571e-05
minimum internal state vector: LAVector parameters:
     0.5872311973739
     -1.150172004867
     -1.287002217587
    -0.9973636034055
     -1.488135478096
     -1.490354844924
      1.106475535642
     0.1040247162177
     -1.081999523093
    -0.9749826884652
    -0.9537630456801
    -0.9587267396504

minimum internal covariance matrix: LASymMatrix parameters:
    0.028220482   -0.001907177              0 -0.00016429437 -0.00049393347 -0.00034092529  0.00015779598  -0.0036847336   0.0024165704   0.0029193029    0.003294204   0.0030643722
   -0.001907177  0.00016175311              0  1.9017902e-05  3.4422403e-05  2.3807075e-05  4.2423685e-06 -3.0389747e-06 -0.00017776311 -0.00021238701 -0.00024014217 -0.00022752135
              0              0              2              0              0              0              0              0              0              0              0              0
 -0.00016429437  1.9017902e-05              0  0.00044969641   7.594749e-07 -6.4193699e-08  8.0574822e-07  8.8939822e-05 -1.3478734e-05 -1.7290668e-05 -2.3809991e-05 -1.5934492e-05
 -0.00049393347  3.4422403e-05              0   7.594749e-07  9.3073779e-06  6.3720249e-06 -2.5836215e-06  6.6368446e-05 -4.2847116e-05 -5.1593509e-05 -5.8844168e-05  -5.772573e-05
 -0.00034092529  2.3807075e-05              0 -6.4193699e-08  6.3720249e-06  4.5991382e-06 -1.1880117e-06  2.6302513e-05 -2.9695794e-05 -3.5710741e-05 -4.0607205e-05 -3.9371213e-05
  0.00015779598  4.2423685e-06              0  8.0574822e-07 -2.5836215e-06 -1.1880117e-06  3.3416518e-05 -0.00042603419  5.3474268e-06   9.260899e-06  1.1577991e-05  3.5796521e-05
  -0.0036847336 -3.0389747e-06              0  8.8939822e-05  6.6368446e-05  2.6302513e-05 -0.00042603419    0.017020139  -0.0001652545 -0.00030146198 -0.00036831822 -0.00073147789
   0.0024165704 -0.00017776311              0 -1.3478734e-05 -4.2847116e-05 -2.9695794e-05  5.3474268e-06  -0.0001652545  0.00026085274   0.0002527837  0.00028674502  0.00027414802
   0.0029193029 -0.00021238701              0 -1.7290668e-05 -5.1593509e-05 -3.5710741e-05   9.260899e-06 -0.00030146198   0.0002527837  0.00035546399  0.00034462958  0.00032882139
    0.003294204 -0.00024014217              0 -2.3809991e-05 -5.8844168e-05 -4.0607205e-05  1.1577991e-05 -0.00036831822  0.00028674502  0.00034462958  0.00044361899  0.00037010245
   0.0030643722 -0.00022752135              0 -1.5934492e-05  -5.772573e-05 -3.9371213e-05  3.5796521e-05 -0.00073147789  0.00027414802  0.00032882139  0.00037010245  0.00054833486


# ext. ||   Name    ||   type  ||     Value     ||  Error +/- 

   0   ||Natural mortality || limited ||    0.05885145456283 ||0.002466369524513
   1   ||Targeted q || limited ||      4.358290570711 ||0.1836061497517
   2   ||Nontargeted q || limited ||                   2 ||22.06548931833
   3   ||     sigma || limited ||      7.997819452905 ||0.4067366387515
   4   ||  Biomass1 || limited ||      1.707231544791 ||0.08905811812343
   5   ||  Biomass2 || limited ||      1.616835863125 ||0.06092627952661
   6   ||   vm_mean || limited ||      2.808979459815 ||0.00575060436964
   7   ||  vm_sigma || limited ||      44.15393634817 ||3.664805455456
   8   ||Recruit year 1 || limited ||      5.864490735786 ||0.2680986102144
   9   ||Recruit year 2 || limited ||      8.624529792719 ||0.3740249262635
  10   ||Recruit year 3 || limited ||      9.229145969359 ||0.4308167368684
  11   ||Recruit year 4 || limited ||      9.086059092967 ||0.475611102544





