# Minimum negative log likelihood

Minuit did successfully converge.
# of function calls: 513
minimum function Value: 523.131849238
minimum edm: 5.466837488602e-05
minimum internal state vector: LAVector parameters:
     0.6882879184093
      -1.16641481685
     -1.287002217587
     -1.223083214493
     -1.410025626223
     -1.412925437521
      0.660624858906
     -0.738754567179
    -0.9552872198283
    -0.9407544247225
     -1.051374348074
      -1.06857578748

minimum internal covariance matrix: LASymMatrix parameters:
     0.00432769 -0.00028326239              0 -1.5896695e-05 -2.9397472e-05 -1.5209931e-05  3.3081998e-05  -0.0001127628  0.00048415722  0.00053292075  0.00044547987  0.00037559471
 -0.00028326239  2.4689444e-05              0  1.5587834e-06  2.1250646e-06  1.0598474e-06  6.2029673e-07 -1.1244319e-05 -3.5887948e-05 -3.9241856e-05 -3.2472335e-05 -2.8257149e-05
              0              0              2              0              0              0              0              0              0              0              0              0
 -1.5896695e-05  1.5587834e-06              0  0.00015422947  1.5257563e-07   2.918592e-08 -1.2673728e-07 -1.3623225e-05 -3.0287709e-06 -2.7654789e-06 -2.3954209e-06  -4.477811e-06
 -2.9397472e-05  2.1250646e-06              0  1.5257563e-07  3.6917885e-07  2.2585581e-07 -1.4036616e-07  1.0232081e-07 -3.4792671e-06 -3.8353434e-06  -3.183292e-06 -2.7787847e-06
 -1.5209931e-05  1.0598474e-06              0   2.918592e-08  2.2585581e-07  1.7298867e-07 -6.7220112e-08  1.1014236e-07 -1.8135997e-06 -1.9870842e-06 -1.6523269e-06 -1.4428279e-06
  3.3081998e-05  6.2029673e-07              0 -1.2673728e-07 -1.4036616e-07 -6.7220112e-08  4.1278218e-06 -1.9147601e-05  1.9048475e-06   2.130579e-06  1.5232918e-06  2.4305993e-06
  -0.0001127628 -1.1244319e-05              0 -1.3623225e-05  1.0232081e-07  1.1014236e-07 -1.9147601e-05  0.00024770004   1.330138e-06  3.9282368e-07 -2.5155442e-07  9.9357915e-07
  0.00048415722 -3.5887948e-05              0 -3.0287709e-06 -3.4792671e-06 -1.8135997e-06  1.9048475e-06   1.330138e-06  6.3055702e-05  6.2654494e-05  5.1718572e-05  4.4582096e-05
  0.00053292075 -3.9241856e-05              0 -2.7654789e-06 -3.8353434e-06 -1.9870842e-06   2.130579e-06  3.9282368e-07  6.2654494e-05  7.5185019e-05  5.6763713e-05  4.8810819e-05
  0.00044547987 -3.2472335e-05              0 -2.3954209e-06  -3.183292e-06 -1.6523269e-06  1.5232918e-06 -2.5155442e-07  5.1718572e-05  5.6763713e-05  5.4113504e-05  4.0688459e-05
  0.00037559471 -2.8257149e-05              0  -4.477811e-06 -2.7787847e-06 -1.4428279e-06  2.4305993e-06  9.9357915e-07  4.4582096e-05  4.8810819e-05  4.0688459e-05  4.6502794e-05


# ext. ||   Name    ||   type  ||     Value     ||  Error +/- 

   0   ||Natural mortality || limited ||    0.06088039534617 ||0.0008978462824567
   1   ||Targeted q || limited ||      4.032704097844 ||0.06911933763445
   2   ||Nontargeted q || limited ||                   2 ||22.06548931833
   3   ||     sigma || limited ||      2.992278772455 ||0.1496122949783
   4   ||  Biomass1 || limited ||      6.447898220715 ||0.03438807026293
   5   ||  Biomass2 || limited ||      6.217874191734 ||0.02311853900933
   6   ||   vm_mean || limited ||      1.927713817764 ||0.003563750308135
   7   ||  vm_sigma || limited ||      13.06612964621 ||0.3290932014906
   8   ||Recruit year 1 || limited ||      9.185102025004 ||0.1620798046916
   9   ||Recruit year 2 || limited ||      9.608898953281 ||0.1806015553987
  10   ||Recruit year 3 || limited ||      6.604028432141 ||0.129084873436
  11   ||Recruit year 4 || limited ||      6.183591783109 ||0.1160462728998





