# Minimum negative log likelihood

Minuit did successfully converge.
# of function calls: 1144
minimum function Value: 534.3138077718
minimum edm: 8.056871815405e-05
minimum internal state vector: LAVector parameters:
      1.176258584068
      -1.17608823561
     -1.287002217587
     -1.213487098089
      -1.47956554837
     -1.483564422774
     0.5195111897527
      3.082066506749
     -1.275985026175
      -1.14083880291
    -0.8819799751707
     -1.094386398227

minimum internal covariance matrix: LASymMatrix parameters:
     0.28177403   -0.012976067              0 -0.00025877939   0.0029622392   0.0028720682  5.5866119e-06  0.00058813663   0.0089394237    0.014022603    0.023070985    0.015668769
   -0.012976067  0.00060931802              0  7.3541348e-06  -0.0001393769 -0.00013500675  2.5245525e-06  5.8146947e-05   -0.000415682 -0.00065193454  -0.0010725554 -0.00073116124
              0              0      2.0155847              0              0              0              0              0              0              0              0              0
 -0.00025877939  7.3541348e-06              0  0.00018372979 -2.0686408e-06 -1.8217886e-06 -1.4441639e-06 -6.5064771e-05 -7.9500946e-06 -9.4162338e-06 -1.7766397e-05 -9.8748039e-06
   0.0029622392  -0.0001393769              0 -2.0686408e-06  3.6896892e-05   3.503894e-05 -5.9120154e-07 -1.4064945e-05  9.5098614e-05  0.00014924979  0.00024509675  0.00016724019
   0.0028720682 -0.00013500675              0 -1.8217886e-06   3.503894e-05  3.3396065e-05 -5.5399086e-07 -1.3312749e-05  9.2144974e-05   0.0001446088  0.00023753721  0.00016202805
  5.5866119e-06  2.5245525e-06              0 -1.4441639e-06 -5.9120154e-07 -5.5399086e-07  2.0743891e-06  4.7474897e-05 -6.7792016e-07 -1.1760713e-06 -1.6526596e-06 -1.6772441e-06
  0.00058813663  5.8146947e-05              0 -6.5064771e-05 -1.4064945e-05 -1.3312749e-05  4.7474897e-05   0.0035665592 -4.7700144e-06  -1.561621e-05 -1.0198802e-05 -2.5038699e-05
   0.0089394237   -0.000415682              0 -7.9500946e-06  9.5098614e-05  9.2144974e-05 -6.7792016e-07 -4.7700144e-06  0.00029136319  0.00044727156  0.00073598231  0.00050078428
    0.014022603 -0.00065193454              0 -9.4162338e-06  0.00014924979   0.0001446088 -1.1760713e-06  -1.561621e-05  0.00044727156  0.00070789725   0.0011536114  0.00078508275
    0.023070985  -0.0010725554              0 -1.7766397e-05  0.00024509675  0.00023753721 -1.6526596e-06 -1.0198802e-05  0.00073598231   0.0011536114   0.0019067579   0.0012920376
    0.015668769 -0.00073116124              0 -9.8748039e-06  0.00016724019  0.00016202805 -1.6772441e-06 -2.5038699e-05  0.00050078428  0.00078508275   0.0012920376  0.00088985689


# ext. ||   Name    ||   type  ||     Value     ||  Error +/- 

   0   ||Natural mortality || limited ||    0.06807935865317 ||0.003522831638997
   1   ||Targeted q || limited ||      3.844557303041 ||0.3355792249786
   2   ||Nontargeted q || limited ||                   2 ||55.2064148861
   3   ||     sigma || limited ||      3.157933806641 ||0.1676106747053
   4   ||  Biomass1 || limited ||      2.079320940743 ||0.1956533712353
   5   ||  Biomass2 || limited ||      1.901145262247 ||0.1780024050359
   6   ||   vm_mean || limited ||      1.559662144156 ||0.002777350130854
   7   ||  vm_sigma || limited ||      42.38011022593 ||1.685641880298
   8   ||Recruit year 1 || limited ||      2.166934899158 ||0.1753287553264
   9   ||Recruit year 2 || limited ||      4.560372121924 ||0.3920417500889
  10   ||Recruit year 3 || limited ||      11.40891445674 ||0.9810486057458
  11   ||Recruit year 4 || limited ||      5.577092065947 ||0.4835771459266





