# Minimum negative log likelihood

Minuit did successfully converge.
# of function calls: 572
minimum function Value: 448.2446042613
minimum edm: 5.608608606116e-06
minimum internal state vector: LAVector parameters:
     -1.197811876698
     -1.287002217587
     -1.280796389199
     -1.400155787767
     -1.405939474811
     0.1665981076428
     0.5536698500013
    -0.9637372255689
     -1.003426000031
     -1.010056872846
    -0.9479744654472

minimum internal covariance matrix: LASymMatrix parameters:
  1.2776989e-06              0  3.8158341e-07 -6.2784945e-07 -5.7275271e-07  1.2999766e-07 -3.5872779e-05 -8.4086032e-07 -6.4537586e-07 -7.0369071e-07 -1.2696222e-06
              0              2              0              0              0              0              0              0              0              0              0
  3.8158341e-07              0  0.00010792729 -8.1270793e-07 -6.0814582e-07  -8.660917e-08 -3.4199822e-05 -2.0227681e-06 -1.4533579e-07  9.5458979e-07  1.2761452e-07
 -6.2784945e-07              0 -8.1270793e-07  2.2468847e-06  1.9038237e-06 -1.4024486e-08  1.9632884e-05  6.9797134e-07   2.751161e-07   1.959757e-07  3.9855352e-07
 -5.7275271e-07              0 -6.0814582e-07  1.9038237e-06  1.6280395e-06  -2.128942e-08   1.809617e-05  5.6660334e-07  2.4961725e-07  2.1091958e-07  3.6083415e-07
  1.2999766e-07              0  -8.660917e-08 -1.4024486e-08  -2.128942e-08  2.3304694e-07 -3.4716559e-05 -6.7820997e-08 -1.4239959e-07 -2.3247636e-07 -1.2043468e-07
 -3.5872779e-05              0 -3.4199822e-05  1.9632884e-05   1.809617e-05 -3.4716559e-05    0.016668428  3.5931899e-05  2.3106513e-05  2.6569161e-05 -1.8667655e-05
 -8.4086032e-07              0 -2.0227681e-06  6.9797134e-07  5.6660334e-07 -6.7820997e-08  3.5931899e-05  3.9251403e-06  5.2222905e-07  -2.474586e-08  1.1157525e-06
 -6.4537586e-07              0 -1.4533579e-07   2.751161e-07  2.4961725e-07 -1.4239959e-07  2.3106513e-05  5.2222905e-07  2.8313946e-06  3.9744113e-07  1.0982545e-06
 -7.0369071e-07              0  9.5458979e-07   1.959757e-07  2.1091958e-07 -2.3247636e-07  2.6569161e-05  -2.474586e-08  3.9744113e-07  3.1673735e-06   1.065421e-06
 -1.2696222e-06              0  1.2761452e-07  3.9855352e-07  3.6083415e-07 -1.2043468e-07 -1.8667655e-05  1.1157525e-06  1.0982545e-06   1.065421e-06  1.0458241e-05


# ext. ||   Name    ||   type  ||     Value     ||  Error +/- 

   0   ||Targeted q || limited ||      3.437801404638 ||0.01456274261182
   1   ||Nontargeted q || limited ||                   2 ||22.06548931833
   2   ||     sigma || limited ||      2.087805332129 ||0.1050292162558
   3   ||  Biomass1 || limited ||      7.261901584151 ||0.0899948875811
   4   ||  Biomass2 || limited ||      6.779071182505 ||0.07403301469408
   5   ||   vm_mean || limited ||      1.658285232863 ||0.003366291360024
   6   ||  vm_sigma || limited ||      61.03273066611 ||3.101766832419
   7   ||Recruit year 1 || limited ||      8.942645840599 ||0.03995397783955
   8   ||Recruit year 2 || limited ||      7.843360658833 ||0.03196851594994
   9   ||Recruit year 3 || limited ||      7.666129726389 ||0.03345951881234
  10   ||Recruit year 4 || limited ||      9.397280289961 ||0.06668903904696





