# Minimum negative log likelihood

Minuit did successfully converge.
# of function calls: 569
minimum function Value: 677.9213072792
minimum edm: 2.647991881206e-05
minimum internal state vector: LAVector parameters:
     0.2327756139573
     -1.143053862497
     -1.287002217587
     -1.063459394327
     -1.338516349787
     -1.349708423915
     0.7302635337447
    -0.6923663692035
    -0.9042213169168
     -1.143641215953
    -0.9736003142307
     -1.026524978135

minimum internal covariance matrix: LASymMatrix parameters:
    0.085623887   -0.007676219              0 -3.6405238e-05   0.0041772913    0.004012247  0.00033066394   -0.001549255    0.012593981   0.0080223304    0.012446118    0.010311217
   -0.007676219   0.0007136858              0  1.8087433e-06 -0.00038983896 -0.00037352914 -1.8883328e-05  7.2582042e-05   -0.001138818 -0.00072868781  -0.0011300977 -0.00094187048
              0              0              2              0              0              0              0              0              0              0              0              0
 -3.6405238e-05  1.8087433e-06              0  0.00033147662 -1.9695212e-07 -1.9125676e-07   3.773898e-07   7.837057e-06 -3.1969113e-06 -6.1959079e-06 -2.8854221e-06 -4.2452688e-06
   0.0041772913 -0.00038983896              0 -1.9695212e-07  0.00023014471  0.00021807252  9.4090831e-06 -3.8378162e-05  0.00062158459  0.00039534056  0.00061572085  0.00051369797
    0.004012247 -0.00037352914              0 -1.9125676e-07  0.00021807252  0.00020710898   9.468445e-06 -3.8488914e-05  0.00059641944  0.00037953747  0.00059088761   0.0004927214
  0.00033066394 -1.8883328e-05              0   3.773898e-07  9.4090831e-06   9.468445e-06  1.6037492e-05 -7.8170194e-05   4.404904e-05  2.6906624e-05  4.2394839e-05  3.7267013e-05
   -0.001549255  7.2582042e-05              0   7.837057e-06 -3.8378162e-05 -3.8488914e-05 -7.8170194e-05  0.00090884166 -0.00020271971 -0.00011819034  -0.0001868421 -0.00017865538
    0.012593981   -0.001138818              0 -3.1969113e-06  0.00062158459  0.00059641944   4.404904e-05 -0.00020271971   0.0018919295   0.0011712132   0.0018393731   0.0015275135
   0.0080223304 -0.00072868781              0 -6.1959079e-06  0.00039534056  0.00037953747  2.6906624e-05 -0.00011819034   0.0011712132   0.0007883839   0.0011679584  0.00096912204
    0.012446118  -0.0011300977              0 -2.8854221e-06  0.00061572085  0.00059088761  4.2394839e-05  -0.0001868421   0.0018393731   0.0011679584   0.0018438521   0.0015073398
    0.010311217 -0.00094187048              0 -4.2452688e-06  0.00051369797   0.0004927214  3.7267013e-05 -0.00017865538   0.0015275135  0.00096912204   0.0015073398   0.0013038412


# ext. ||   Name    ||   type  ||     Value     ||  Error +/- 

   0   ||Natural mortality || limited ||    0.05076697909821 ||0.004997414653592
   1   ||Targeted q || limited ||      4.504773333045 ||0.3917779622853
   2   ||Nontargeted q || limited ||                   2 ||22.06548931833
   3   ||     sigma || limited ||      6.297926981699 ||0.3127323940709
   4   ||  Biomass1 || limited ||      13.42795937897 ||1.234657730357
   5   ||  Biomass2 || limited ||      12.17027038057 ||1.115753179241
   6   ||   vm_mean || limited ||      2.095649615042 ||0.006627626044108
   7   ||  vm_sigma || limited ||       14.4664011351 ||0.6562865035402
   8   ||Recruit year 1 || limited ||      10.71173295637 ||0.9505900340588
   9   ||Recruit year 2 || limited ||      4.502149690366 ||0.4111963502101
  10   ||Recruit year 3 || limited ||      8.663353643024 ||0.8534853319107
  11   ||Recruit year 4 || limited ||      7.234037035262 ||0.6608980607137





