# Minimum negative log likelihood

Minuit did successfully converge.
# of function calls: 907
minimum function Value: 601.8222200369
minimum edm: 1.891474464856e-05
minimum internal state vector: LAVector parameters:
    -0.4730770802148
     -1.150416026249
     -1.287002217587
     -1.149659298381
     -1.399332030116
      -1.40720359673
     -0.749069407138
        -1.104786488
     -1.308230737707
     -1.386207408475
     -1.148107118768
    0.08556005958647
    0.06097564701975
    0.08060407378439
    0.05913333399553

minimum internal covariance matrix: LASymMatrix parameters:
    0.034001597  -0.0022342969              0  0.00013425769  0.00096874764  0.00090337395  -0.0043537756   0.0042256773   0.0023928536   0.0016628673   0.0036866237  0.00028646586   0.0003429971  0.00030120679  0.00030175017
  -0.0022342969  0.00016268608              0  -6.819426e-06 -7.0782213e-05 -6.5811565e-05  0.00024335421 -0.00028282935 -0.00015847242 -0.00011067272 -0.00025209367 -1.6272002e-05 -2.1342216e-05 -1.8559224e-05 -1.8193577e-05
              0              0              2              0              0              0              0              0              0              0              0              0              0              0              0
  0.00013425769  -6.819426e-06              0  0.00021841957  2.6800424e-06  2.4847555e-06 -6.2617383e-05  1.5871194e-05  7.2773017e-06  6.8586513e-06  1.4627848e-05   3.074432e-06  1.2197038e-06  1.1531749e-06  2.3637033e-06
  0.00096874764 -7.0782213e-05              0  2.6800424e-06  3.7531176e-05  3.4323766e-05 -0.00010453554  0.00012309205  6.8627281e-05  4.8043195e-05  0.00010947343   6.710742e-06  9.1769908e-06  8.1192868e-06  7.8739111e-06
  0.00090337395 -6.5811565e-05              0  2.4847555e-06  3.4323766e-05  3.1475602e-05 -9.7622188e-05  0.00011463144  6.4002656e-05   4.477376e-05  0.00010194457  6.3397176e-06  8.5665673e-06  7.5758496e-06  7.3493913e-06
  -0.0043537756  0.00024335421              0 -6.2617383e-05 -0.00010453554 -9.7622188e-05   0.0015793485 -0.00052493812 -0.00030023619 -0.00020679436 -0.00046470417 -6.0403662e-05 -6.2357407e-05 -5.4314328e-05 -6.9607913e-05
   0.0042256773 -0.00028282935              0  1.5871194e-05  0.00012309205  0.00011463144 -0.00052493812    0.000536927  0.00029732776  0.00020688785  0.00046037329  3.4298306e-05  4.2679664e-05  3.7107308e-05  3.6918388e-05
   0.0023928536 -0.00015847242              0  7.2773017e-06  6.8627281e-05  6.4002656e-05 -0.00030023619  0.00029732776  0.00017851088  0.00011721329  0.00026052107  1.9795105e-05  2.2760271e-05  2.1430099e-05  2.0957857e-05
   0.0016628673 -0.00011067272              0  6.8586513e-06  4.8043195e-05   4.477376e-05 -0.00020679436  0.00020688785  0.00011721329  9.1534887e-05  0.00018066305  1.3861341e-05  1.6482197e-05  1.3142506e-05  1.4718987e-05
   0.0036866237 -0.00025209367              0  1.4627848e-05  0.00010947343  0.00010194457 -0.00046470417  0.00046037329  0.00026052107  0.00018066305  0.00042640593  2.9953149e-05  3.6808463e-05  3.2146083e-05  3.3567142e-05
  0.00028646586 -1.6272002e-05              0   3.074432e-06   6.710742e-06  6.3397176e-06 -6.0403662e-05  3.4298306e-05  1.9795105e-05  1.3861341e-05  2.9953149e-05  4.9364744e-06  3.4287446e-06  2.7890116e-06  3.2863076e-06
   0.0003429971 -2.1342216e-05              0  1.2197038e-06  9.1769908e-06  8.5665673e-06 -6.2357407e-05  4.2679664e-05  2.2760271e-05  1.6482197e-05  3.6808463e-05  3.4287446e-06  9.7273829e-06  3.6220346e-06  3.5921275e-06
  0.00030120679 -1.8559224e-05              0  1.1531749e-06  8.1192868e-06  7.5758496e-06 -5.4314328e-05  3.7107308e-05  2.1430099e-05  1.3142506e-05  3.2146083e-05  2.7890116e-06  3.6220346e-06   1.520808e-05  3.2127815e-06
  0.00030175017 -1.8193577e-05              0  2.3637033e-06  7.8739111e-06  7.3493913e-06 -6.9607913e-05  3.6918388e-05  2.0957857e-05  1.4718987e-05  3.3567142e-05  3.2863076e-06  3.5921275e-06  3.2127815e-06  5.3201619e-06


# ext. ||   Name    ||   type  ||     Value     ||  Error +/- 

   0   ||Natural mortality || limited ||     0.0336093108967 ||0.002893454177395
   1   ||Targeted q || limited ||      4.353309861809 ||0.1840344292327
   2   ||Nontargeted q || limited ||                   2 ||22.06548931833
   3   ||     sigma || limited ||      4.368764252255 ||0.2136004008396
   4   ||  Biomass1 || limited ||      7.332011390822 ||0.3695671016067
   5   ||  Biomass2 || limited ||      6.675737059207 ||0.3230472263136
   6   ||  vm_sigma || limited ||      12.76253805748 ||0.8230457814141
   7   ||Recruit year 1 || limited ||      5.341053081663 ||0.3680531415375
   8   ||Recruit year 2 || limited ||      1.723466871567 ||0.122595252661
   9   ||Recruit year 3 || limited ||     0.8593258276328 ||0.06207805678603
  10   ||Recruit year 4 || limited ||      4.410105580635 ||0.2994461447554
  11   ||Mean Rec dist 1 || limited ||     0.8545570704752 ||0.01565314806841
  12   ||Mean Rec dist 2 || limited ||     0.6093786916736 ||0.02201277501837
  13   ||Mean Rec dist 3 || limited ||     0.8051682113092 ||0.02748585836307
  14   ||Mean Rec dist 4 || limited ||     0.5909887759436 ||0.01628124004022





