# Minimum negative log likelihood

Minuit did successfully converge.
# of function calls: 1145
minimum function Value: 674.5039141778
minimum edm: 6.230513114488e-05
minimum internal state vector: LAVector parameters:
     -1.232030892814
     -1.121610951138
     -1.287002217587
     -1.067635017799
     -1.539987396409
     -1.541135968516
     0.1055901265013
    -0.5461289034074
     -1.173848491585
    -0.9948908309841
     -1.485781332567
    -0.9687028150902

minimum internal covariance matrix: LASymMatrix parameters:
    0.017857318  -0.0033010112              0  4.9928553e-05  0.00023375592  0.00022607301   5.411605e-05 -0.00034296298   0.0030074899   0.0039797574   0.0009306368   0.0049835211
  -0.0033010112  0.00062205317              0 -7.4902906e-06 -4.4126693e-05  -4.265413e-05  -4.756548e-06  5.1622397e-06 -0.00055668546 -0.00073385001 -0.00016168354 -0.00092752296
              0              0              2              0              0              0              0              0              0              0              0              0
  4.9928553e-05 -7.4902906e-06              0  0.00033222431  1.5923064e-06  1.4430673e-06  2.4264922e-06 -5.0307387e-06  8.2893798e-06   1.117616e-05  2.0658789e-06  1.3122477e-05
  0.00023375592 -4.4126693e-05              0  1.5923064e-06  1.8487225e-05  1.6167187e-05  5.0817434e-07 -6.0728468e-06  4.0491208e-05  5.2063653e-05  1.0898534e-05  6.5434871e-05
  0.00022607301  -4.265413e-05              0  1.4430673e-06  1.6167187e-05  1.4235742e-05  5.0242991e-07 -4.7599629e-06  3.8952857e-05  5.0327141e-05  1.0644544e-05  6.3307201e-05
   5.411605e-05  -4.756548e-06              0  2.4264922e-06  5.0817434e-07  5.0242991e-07  8.4540429e-06 -7.8832982e-05  8.8814065e-06  1.3084021e-05  5.9273613e-06  1.3566324e-05
 -0.00034296298  5.1622397e-06              0 -5.0307387e-06 -6.0728468e-06 -4.7599629e-06 -7.8832982e-05   0.0019714121 -4.8516444e-05 -8.5508083e-05  -3.934981e-05 -7.8377068e-05
   0.0030074899 -0.00055668546              0  8.2893798e-06  4.0491208e-05  3.8952857e-05  8.8814065e-06 -4.8516444e-05  0.00051805018  0.00066903186  0.00015747119  0.00083987399
   0.0039797574 -0.00073385001              0   1.117616e-05  5.2063653e-05  5.0327141e-05  1.3084021e-05 -8.5508083e-05  0.00066903186  0.00089942772  0.00020561237    0.001110496
   0.0009306368 -0.00016168354              0  2.0658789e-06  1.0898534e-05  1.0644544e-05  5.9273613e-06  -3.934981e-05  0.00015747119  0.00020561237  9.1327649e-05  0.00025351555
   0.0049835211 -0.00092752296              0  1.3122477e-05  6.5434871e-05  6.3307201e-05  1.3566324e-05 -7.8377068e-05  0.00083987399    0.001110496  0.00025351555   0.0014123566


# ext. ||   Name    ||   type  ||     Value     ||  Error +/- 

   0   ||Natural mortality || limited ||   0.008525151179337 ||0.004703251837748
   1   ||Targeted q || limited ||      4.959943147399 ||0.3828846320343
   2   ||Nontargeted q || limited ||                   2 ||22.06548931833
   3   ||     sigma || limited ||      6.196871653736 ||0.3107302928925
   4   ||  Biomass1 || limited ||     0.2372787784393 ||0.04682719139545
   5   ||  Biomass2 || limited ||     0.2199180900928 ||0.03956008862718
   6   ||   vm_mean || limited ||     0.3311051008358 ||0.006423049164149
   7   ||  vm_sigma || limited ||      19.22543504876 ||1.072976173709
   8   ||Recruit year 1 || limited ||      3.897347679089 ||0.311061703148
   9   ||Recruit year 2 || limited ||      8.074217581249 ||0.5773449491374
  10   ||Recruit year 3 || limited ||     0.1905618712549 ||0.02868677092877
  11   ||Recruit year 4 || limited ||       8.80153468311 ||0.7523712416977





