# Minimum negative log likelihood

Minuit did successfully converge.
# of function calls: 1053
minimum function Value: 549.2947760903
minimum edm: 1.652065094789e-05
minimum internal state vector: LAVector parameters:
      2.041494423676
    -0.9613798981325
     -1.287002217587
     -1.200231998582
     -1.506668837292
     -1.502371445018
    -0.8565710636298
     -1.237687720866
     -1.244833366337
    -0.9220055843202
    -0.9853649164893
     -1.172051279188

minimum internal covariance matrix: LASymMatrix parameters:
     0.33600535   0.0089249982              0  9.5685364e-05  -0.0008985591  -0.0010255721  -0.0008408854  0.00060753159  -0.0048960264  -0.0098099924   -0.010944812  -0.0071861727
   0.0089249982  0.00035275289              0 -1.2350884e-06 -3.4660465e-05 -3.9178344e-05  4.7484733e-05 -1.5428744e-05 -0.00014222518 -0.00029333853 -0.00031870971 -0.00020306206
              0              0              2              0              0              0              0              0              0              0              0              0
  9.5685364e-05 -1.2350884e-06              0  0.00016862454  8.7645343e-07  5.7777277e-07  -2.254722e-06  1.2827293e-06 -1.9743169e-06   -1.61935e-06 -2.0976544e-06 -1.7399953e-06
  -0.0008985591 -3.4660465e-05              0  8.7645343e-07  1.0259428e-05  7.6685682e-06 -3.8385118e-06  1.5066765e-06  1.8885722e-05  2.9139404e-05  3.2033083e-05   2.038643e-05
  -0.0010255721 -3.9178344e-05              0  5.7777277e-07  7.6685682e-06  7.0476552e-06 -4.4006204e-06  1.2810505e-06  1.6122248e-05  3.3412818e-05  3.6396685e-05   2.319386e-05
  -0.0008408854  4.7484733e-05              0  -2.254722e-06 -3.8385118e-06 -4.4006204e-06  5.1601599e-05 -2.1096634e-05  3.9537503e-06  4.5102455e-06  1.1035603e-05   1.072631e-05
  0.00060753159 -1.5428744e-05              0  1.2827293e-06  1.5066765e-06  1.2810505e-06 -2.1096634e-05  1.2423062e-05 -4.0971309e-06 -9.2292282e-06 -1.2186509e-05 -9.5825524e-06
  -0.0048960264 -0.00014222518              0 -1.9743169e-06  1.8885722e-05  1.6122248e-05  3.9537503e-06 -4.0971309e-06  9.9427594e-05  0.00014511688  0.00016232392  0.00010624281
  -0.0098099924 -0.00029333853              0   -1.61935e-06  2.9139404e-05  3.3412818e-05  4.5102455e-06 -9.2292282e-06  0.00014511688  0.00030256123  0.00032703233  0.00021353958
   -0.010944812 -0.00031870971              0 -2.0976544e-06  3.2033083e-05  3.6396685e-05  1.1035603e-05 -1.2186509e-05  0.00016232392  0.00032703233  0.00037118688  0.00023650734
  -0.0071861727 -0.00020306206              0 -1.7399953e-06   2.038643e-05   2.319386e-05   1.072631e-05 -9.5825524e-06  0.00010624281  0.00021353958  0.00023650734  0.00016285371


# ext. ||   Name    ||   type  ||     Value     ||  Error +/- 

   0   ||Natural mortality || limited ||    0.06728129781174 ||0.004518084379149
   1   ||Targeted q || limited ||      9.000890635569 ||0.3800745912046
   2   ||Nontargeted q || limited ||                   2 ||22.06548931833
   3   ||     sigma || limited ||      3.393843631544 ||0.1662599359434
   4   ||  Biomass1 || limited ||      1.027731457061 ||0.0725709397271
   5   ||  Biomass2 || limited ||      1.170034499676 ||0.06417297683084
   6   ||   vm_mean || limited ||     -2.373790379469 ||0.01045267024357
   7   ||  vm_sigma || limited ||       2.19975443252 ||0.03259700745111
   8   ||Recruit year 1 || limited ||      2.642596446378 ||0.1128785716656
   9   ||Recruit year 2 || limited ||      10.16823194881 ||0.371539270649
  10   ||Recruit year 3 || limited ||      8.335478178567 ||0.3763336979285
  11   ||Recruit year 4 || limited ||      3.932159241687 ||0.1751578352411





