# Minimum negative log likelihood

Minuit did successfully converge.
# of function calls: 2057
minimum function Value: 394.2741672757
minimum edm: 2.227533577414e-06
minimum internal state vector: LAVector parameters:
      0.833857684062
    -0.9564411544922
     -1.287002217587
      -1.31629063684
      -1.46089924232
     -1.470635989452
    -0.3839687698218
     -1.045366732144
     -1.234543341871
     -1.013079557001
     -1.213230352737
     0.0514409803471
    0.04522713835055
    0.03024929419409
     0.0388485177992

minimum internal covariance matrix: LASymMatrix parameters:
   0.0031624927 -0.00018416332              0 -9.5400675e-08  3.6029456e-05  3.0801884e-05  -0.0002195633  0.00020474223    0.000126439  0.00020547288  0.00013493811  7.0284487e-06  6.9993304e-06  5.6942072e-06  6.3726149e-06
 -0.00018416332  1.3220013e-05              0 -4.0465556e-07 -2.5503438e-06  -2.171801e-06  7.2428771e-06 -1.2488377e-05 -7.8076746e-06 -1.2630441e-05 -8.4913614e-06 -2.3713554e-07 -2.4852079e-07 -1.8687703e-07 -2.5716928e-07
              0              0              2              0              0              0              0              0              0              0              0              0              0              0              0
 -9.5400675e-08 -4.0465556e-07              0  8.1410326e-05 -1.7600901e-08  -8.594477e-09  1.0048031e-06  1.8230037e-07  2.1169039e-07   2.242107e-07  1.2298592e-07 -4.0143493e-08 -3.3163605e-08 -6.7325053e-09  1.1772415e-08
  3.6029456e-05 -2.5503438e-06              0 -1.7600901e-08  1.1936552e-06  9.4970996e-07 -1.6481087e-06  2.4517922e-06  1.4800364e-06   2.448719e-06  1.6528816e-06  5.2862315e-08  5.3607185e-08  3.6798245e-08  5.4534383e-08
  3.0801884e-05  -2.171801e-06              0  -8.594477e-09  9.4970996e-07  7.6956089e-07 -1.3980375e-06  2.0909385e-06  1.2691875e-06  2.0926994e-06   1.410717e-06  4.5413308e-08   4.585501e-08  3.2163813e-08  4.6706912e-08
  -0.0002195633  7.2428771e-06              0  1.0048031e-06 -1.6481087e-06 -1.3980375e-06  9.7807172e-05 -1.2761888e-05 -7.6318101e-06 -1.2821325e-05 -8.3589683e-06 -1.6117175e-06 -1.5629829e-06 -1.4146874e-06 -1.4295832e-06
  0.00020474223 -1.2488377e-05              0  1.8230037e-07  2.4517922e-06  2.0909385e-06 -1.2761888e-05  1.4994824e-05  8.2825822e-06  1.3470024e-05  8.8650553e-06  4.2001809e-07  4.1400472e-07  3.3552033e-07  3.8367693e-07
    0.000126439 -7.8076746e-06              0  2.1169039e-07  1.4800364e-06  1.2691875e-06 -7.6318101e-06  8.2825822e-06  6.7064701e-06  8.3620839e-06  5.5093554e-06  2.3865728e-07   2.626672e-07  2.0629377e-07  2.3696894e-07
  0.00020547288 -1.2630441e-05              0   2.242107e-07   2.448719e-06  2.0926994e-06 -1.2821325e-05  1.3470024e-05  8.3620839e-06  1.5094486e-05  8.9237153e-06  4.0860003e-07  4.0915971e-07  3.4336026e-07  3.8507808e-07
  0.00013493811 -8.4913614e-06              0  1.2298592e-07  1.6528816e-06   1.410717e-06 -8.3589683e-06  8.8650553e-06  5.5093554e-06  8.9237153e-06  7.6707623e-06  2.5976746e-07  2.6235272e-07  2.0773445e-07  2.9606227e-07
  7.0284487e-06 -2.3713554e-07              0 -4.0143493e-08  5.2862315e-08  4.5413308e-08 -1.6117175e-06  4.2001809e-07  2.3865728e-07  4.0860003e-07  2.5976746e-07  8.0129109e-08  3.4131532e-08  2.9228366e-08  2.8964789e-08
  6.9993304e-06 -2.4852079e-07              0 -3.3163605e-08  5.3607185e-08   4.585501e-08 -1.5629829e-06  4.1400472e-07   2.626672e-07  4.0915971e-07  2.6235272e-07  3.4131532e-08  1.3660241e-07  2.8813932e-08  3.0121662e-08
  5.6942072e-06 -1.8687703e-07              0 -6.7325053e-09  3.6798245e-08  3.2163813e-08 -1.4146874e-06  3.3552033e-07  2.0629377e-07  3.4336026e-07  2.0773445e-07  2.9228366e-08  2.8813932e-08  5.8912655e-08  2.5960232e-08
  6.3726149e-06 -2.5716928e-07              0  1.1772415e-08  5.4534383e-08  4.6706912e-08 -1.4295832e-06  3.8367693e-07  2.3696894e-07  3.8507808e-07  2.9606227e-07  2.8964789e-08  3.0121662e-08  2.5960232e-08   1.150681e-07


# ext. ||   Name    ||   type  ||     Value     ||  Error +/- 

   0   ||Natural mortality || limited ||    0.06351323328191 ||0.0006678979729167
   1   ||Targeted q || limited ||      9.142734204895 ||0.07410002206072
   2   ||Nontargeted q || limited ||                   2 ||22.06548931833
   3   ||     sigma || limited ||      1.610606754887 ||0.0803138975101
   4   ||  Biomass1 || limited ||      3.016304707821 ||0.04236488526055
   5   ||  Biomass2 || limited ||      2.505927268235 ||0.03101314861398
   6   ||  vm_sigma || limited ||       25.0165595131 ||0.2593509716717
   7   ||Recruit year 1 || limited ||      6.753898374954 ||0.06866350988518
   8   ||Recruit year 2 || limited ||      2.809838709186 ||0.03020712657453
   9   ||Recruit year 3 || limited ||      7.585956233461 ||0.07269111602105
  10   ||Recruit year 4 || limited ||      3.172109002325 ||0.03426830636246
  11   ||Mean Rec dist 1 || limited ||     0.5141829638054 ||0.001998965475739
  12   ||Mean Rec dist 2 || limited ||     0.4521172128706 ||0.002610777483395
  13   ||Mean Rec dist 3 || limited ||     0.3024468128796 ||0.001715499410294
  14   ||Mean Rec dist 4 || limited ||     0.3883874679188 ||0.002396815830816





