# Minimum negative log likelihood

Minuit did successfully converge.
# of function calls: 1318
minimum function Value: 664.8753151222
minimum edm: 6.354178287146e-05
minimum internal state vector: LAVector parameters:
     -1.095067813087
     -1.147437583811
     -1.287002217587
     -1.079467058763
     -1.526839818593
     -1.493650623133
     -1.062426389213
    -0.1140181922273
     -1.184679472888
     -1.173530335339
     -1.299783818473
     -1.383120352329

minimum internal covariance matrix: LASymMatrix parameters:
      1.2968125   -0.057728922              0  0.00073205677   0.0058635122   0.0097327758   0.0030384434   -0.028511252    0.063106643    0.059459369    0.036875703    0.026259918
   -0.057728922   0.0025938809              0 -2.9355457e-05 -0.00026254571  -0.0004326501 -0.00012716713   0.0010637809  -0.0028752362    -0.00265239   -0.001641687  -0.0011690044
              0              0              2              0              0              0              0              0              0              0              0              0
  0.00073205677 -2.9355457e-05              0  0.00029739338  1.7728163e-08   4.593885e-06  -2.849962e-06  -4.495243e-05  3.7700113e-05  2.9996394e-05  1.9186555e-05  1.4366343e-05
   0.0058635122 -0.00026254571              0  1.7728163e-08  6.4493541e-05  6.0808839e-05  1.8493136e-05 -0.00011237879  0.00025876162  0.00026907977  0.00016706043  0.00011935262
   0.0097327758  -0.0004326501              0   4.593885e-06  6.0808839e-05  8.6437519e-05  1.0693552e-05  -0.0002275884  0.00043721727  0.00044486987  0.00027576823  0.00019644398
   0.0030384434 -0.00012716713              0  -2.849962e-06  1.8493136e-05  1.0693552e-05  6.4886898e-05 -0.00056043579  0.00018165961  0.00014089944  8.7532653e-05  6.2520179e-05
   -0.028511252   0.0010637809              0  -4.495243e-05 -0.00011237879  -0.0002275884 -0.00056043579     0.02052694  -0.0025735745  -0.0012649141 -0.00074814196 -0.00053839552
    0.063106643  -0.0028752362              0  3.7700113e-05  0.00025876162  0.00043721727  0.00018165961  -0.0025735745   0.0039150618   0.0029142071   0.0017933343    0.001279445
    0.059459369    -0.00265239              0  2.9996394e-05  0.00026907977  0.00044486987  0.00014089944  -0.0012649141   0.0029142071   0.0027451056   0.0016897105   0.0012043662
    0.036875703   -0.001641687              0  1.9186555e-05  0.00016706043  0.00027576823  8.7532653e-05 -0.00074814196   0.0017933343   0.0016897105   0.0010644788  0.00074257513
    0.026259918  -0.0011690044              0  1.4366343e-05  0.00011935262  0.00019644398  6.2520179e-05 -0.00053839552    0.001279445   0.0012043662  0.00074257513  0.00054904053


# ext. ||   Name    ||   type  ||     Value     ||  Error +/- 

   0   ||Natural mortality || limited ||    0.02277601729158 ||0.008255140771148
   1   ||Targeted q || limited ||      4.414288500867 ||0.7395933262568
   2   ||Nontargeted q || limited ||                   2 ||22.06548931833
   3   ||     sigma || limited ||      5.914675433704 ||0.2876512674536
   4   ||  Biomass1 || limited ||     0.4829658812772 ||0.1247653833587
   5   ||  Biomass2 || limited ||       1.48712713077 ||0.2533284132816
   6   ||   vm_mean || limited ||     -2.744304041774 ||0.008710047743799
   7   ||  vm_sigma || limited ||      35.44970446466 ||4.019105797773
   8   ||Recruit year 1 || limited ||      3.690711389826 ||0.8327460578913
   9   ||Recruit year 2 || limited ||      3.903499442169 ||0.7164551676763
  10   ||Recruit year 3 || limited ||      1.834800771836 ||0.3087461132259
  11   ||Recruit year 4 || limited ||     0.8878874190426 ||0.154543276391





