# Minimum negative log likelihood

Minuit did successfully converge.
# of function calls: 1177
minimum function Value: 583.7773377588
minimum edm: 6.262241665941e-05
minimum internal state vector: LAVector parameters:
    -0.2455694796406
    -0.9946411148154
     -1.287002217587
     -1.167793962577
     -1.428446373915
     -1.438859536067
     -0.406580436508
    -0.9642136644386
    -0.9791270564105
      -1.08614794122
    -0.9232574622009
    0.03377800455469
      0.088169603685
    0.07026601330265
    0.05430056244712

minimum internal covariance matrix: LASymMatrix parameters:
   0.0045877945 -0.00028770306              0   0.0002866876  8.2257224e-05  7.2970429e-05 -0.00076266835   0.0005244152  0.00054912027    0.000452672  0.00057204259  2.1910862e-05  2.2218993e-05  3.4979638e-05  2.4893917e-05
 -0.00028770306  2.4920006e-05              0 -1.2396276e-05 -7.0447707e-06 -6.2725051e-06  3.6233122e-05 -3.3970315e-05 -3.5194512e-05 -2.9009872e-05 -3.8734417e-05 -1.0200026e-06 -1.1454814e-06 -1.0960553e-06 -1.2272727e-06
              0              0              2              0              0              0              0              0              0              0              0              0              0              0              0
   0.0002866876 -1.2396276e-05              0  0.00031242498  5.8480837e-07  3.2327912e-07 -0.00011332389  2.5088533e-05  3.1104026e-05  2.5575651e-05  3.6361367e-05  7.9999774e-07  4.4136159e-06  3.9279925e-06  3.5668095e-06
  8.2257224e-05 -7.0447707e-06              0  5.8480837e-07  8.9680144e-06  7.3434962e-06 -1.0028205e-05  1.1675208e-05  9.2831149e-06  7.7373908e-06  7.5514197e-06  3.0849192e-07  1.5730049e-08  5.6914746e-07   1.768739e-07
  7.2970429e-05 -6.2725051e-06              0  3.2327912e-07  7.3434962e-06  6.0916986e-06  -9.056058e-06  1.0231732e-05  8.3228481e-06    6.99377e-06  6.8905665e-06   2.635678e-07  2.8375186e-08  4.5820028e-07  2.0026463e-07
 -0.00076266835  3.6233122e-05              0 -0.00011332389 -1.0028205e-05  -9.056058e-06  0.00073789954 -9.0413731e-05  -8.071816e-05 -6.6434328e-05 -9.3270528e-05 -8.7136395e-06 -1.4153463e-05 -9.9606306e-06 -1.2580197e-05
   0.0005244152 -3.3970315e-05              0  2.5088533e-05  1.1675208e-05  1.0231732e-05 -9.0413731e-05  7.0197889e-05  6.2439086e-05  5.1397528e-05  6.2900859e-05  2.3928857e-06  2.4673971e-06  4.3636218e-06  2.7353631e-06
  0.00054912027 -3.5194512e-05              0  3.1104026e-05  9.2831149e-06  8.3228481e-06  -8.071816e-05  6.2439086e-05  7.3726566e-05  5.4897088e-05  6.9655606e-05  2.4732898e-06  2.2365059e-06  4.0462874e-06  2.9075403e-06
    0.000452672 -2.9009872e-05              0  2.5575651e-05  7.7373908e-06    6.99377e-06 -6.6434328e-05  5.1397528e-05  5.4897088e-05  5.2755967e-05  5.7233055e-05  1.9734621e-06  1.7660274e-06  3.1003349e-06  2.5544698e-06
  0.00057204259 -3.8734417e-05              0  3.6361367e-05  7.5514197e-06  6.8905665e-06 -9.3270528e-05  6.2900859e-05  6.9655606e-05  5.7233055e-05  8.8171556e-05  2.7865741e-06  2.8030496e-06  3.4643251e-06  3.2371367e-06
  2.1910862e-05 -1.0200026e-06              0  7.9999774e-07  3.0849192e-07   2.635678e-07 -8.7136395e-06  2.3928857e-06  2.4732898e-06  1.9734621e-06  2.7865741e-06  4.1637461e-07  1.9636984e-07  1.7219785e-07  1.4997821e-07
  2.2218993e-05 -1.1454814e-06              0  4.4136159e-06  1.5730049e-08  2.8375186e-08 -1.4153463e-05  2.4673971e-06  2.2365059e-06  1.7660274e-06  2.8030496e-06  1.9636984e-07  1.0036934e-06   3.254439e-07  2.3598837e-07
  3.4979638e-05 -1.0960553e-06              0  3.9279925e-06  5.6914746e-07  4.5820028e-07 -9.9606306e-06  4.3636218e-06  4.0462874e-06  3.1003349e-06  3.4643251e-06  1.7219785e-07   3.254439e-07  1.2364432e-06  2.3314698e-07
  2.4893917e-05 -1.2272727e-06              0  3.5668095e-06   1.768739e-07  2.0026463e-07 -1.2580197e-05  2.7353631e-06  2.9075403e-06  2.5544698e-06  3.2371367e-06  1.4997821e-07  2.3598837e-07  2.3314698e-07   5.462665e-07


# ext. ||   Name    ||   type  ||     Value     ||  Error +/- 

   0   ||Natural mortality || limited ||    0.03892228102794 ||0.00116100006211
   1   ||Targeted q || limited ||      8.071825093092 ||0.09615422299565
   2   ||Nontargeted q || limited ||                   2 ||22.06548931833
   3   ||     sigma || limited ||      4.005616562197 ||0.2450779109902
   4   ||  Biomass1 || limited ||      5.057328676323 ||0.150207785573
   5   ||  Biomass2 || limited ||      4.345520042951 ||0.1147966434484
   6   ||  vm_sigma || limited ||       24.1818637089 ||0.7056356052197
   7   ||Recruit year 1 || limited ||      8.929062526014 ||0.1688472518555
   8   ||Recruit year 2 || limited ||      8.508609811015 ||0.1693005604966
   9   ||Recruit year 3 || limited ||      5.767483194006 ||0.1196287653071
  10   ||Recruit year 4 || limited ||      10.13044626803 ||0.2002406228913
  11   ||Mean Rec dist 1 || limited ||     0.3377158173184 ||0.004560151859801
  12   ||Mean Rec dist 2 || limited ||     0.8805541144125 ||0.007056595767205
  13   ||Mean Rec dist 3 || limited ||     0.7020820669586 ||0.007843303810442
  14   ||Mean Rec dist 4 || limited ||     0.5427388171721 ||0.005218511934722





