# Minimum negative log likelihood

Minuit did successfully converge.
# of function calls: 1080
minimum function Value: 351.4857675155
minimum edm: 7.945576015708e-05
minimum internal state vector: LAVector parameters:
    -0.0206389750839
     -1.213698337329
     -1.287002217587
      -1.34128577376
     -1.436686873053
     -1.441897907506
     0.2791347910439
     -1.007869790106
     -1.175431506644
     -1.282817980203
     -1.433933271939
    0.04899681675368
    0.05875056745968
    0.09360158797921
    0.03534221469676

minimum internal covariance matrix: LASymMatrix parameters:
   0.0012382432 -0.00011117057              0 -2.6253516e-06  4.3462345e-05  4.1068688e-05 -0.00086363119  0.00026264656  0.00018229106  0.00013039433  5.9046402e-05  6.9836491e-06  7.6819689e-06  7.7816203e-06  5.1419298e-06
 -0.00011117057  1.1947829e-05              0   2.019606e-06 -4.8215005e-06   -4.51873e-06  5.8497128e-05 -2.4934881e-05 -1.7094942e-05 -1.2491997e-05 -5.5973488e-06 -4.9152595e-07 -5.5607958e-07 -4.5294245e-07 -5.9896067e-07
              0              0              2              0              0              0              0              0              0              0              0              0              0              0              0
 -2.6253516e-06   2.019606e-06              0  8.1324989e-05 -1.8365937e-06 -1.6026789e-06 -2.9941099e-05 -2.7347202e-06 -1.4890721e-06 -8.1246519e-07  2.5305034e-07  3.1372982e-07  4.6531095e-07  2.3606804e-07  1.2032885e-06
  4.3462345e-05 -4.8215005e-06              0 -1.8365937e-06  3.0637005e-06  2.7640161e-06 -2.8194559e-05  9.8965784e-06  6.7639148e-06   4.757641e-06  2.1939245e-06  1.7697419e-07  1.4372799e-07  1.8242841e-07  8.1757102e-08
  4.1068688e-05   -4.51873e-06              0 -1.6026789e-06  2.7640161e-06  2.5073192e-06  -2.620034e-05  9.3167346e-06  6.3761015e-06  4.4739452e-06   2.069125e-06  1.6979978e-07  1.4737437e-07  1.7663557e-07  8.0141219e-08
 -0.00086363119  5.8497128e-05              0 -2.9941099e-05 -2.8194559e-05  -2.620034e-05   0.0038079098 -0.00016403574 -0.00010935441 -8.9347479e-05 -3.4853799e-05 -1.5186591e-05 -1.2900593e-05 -1.1440373e-05 -6.1364522e-06
  0.00026264656 -2.4934881e-05              0 -2.7347202e-06  9.8965784e-06  9.3167346e-06 -0.00016403574  5.7945508e-05  3.9109377e-05  2.8136554e-05  1.2809615e-05  1.3534752e-06  1.5384615e-06  1.5161269e-06  1.1312408e-06
  0.00018229106 -1.7094942e-05              0 -1.4890721e-06  6.7639148e-06  6.3761015e-06 -0.00010935441  3.9109377e-05  2.8533578e-05  1.9216617e-05  8.7039207e-06  9.3459523e-07  9.7678531e-07  1.1063115e-06  7.1899859e-07
  0.00013039433 -1.2491997e-05              0 -8.1246519e-07   4.757641e-06  4.4739452e-06 -8.9347479e-05  2.8136554e-05  1.9216617e-05  1.5936637e-05  6.1346167e-06  7.1548751e-07  8.1902212e-07  4.9710323e-07  9.1439357e-07
  5.9046402e-05 -5.5973488e-06              0  2.5305034e-07  2.1939245e-06   2.069125e-06 -3.4853799e-05  1.2809615e-05  8.7039207e-06  6.1346167e-06  5.6605549e-06  2.9262369e-07  3.5844879e-07  3.2383635e-07  4.8582803e-07
  6.9836491e-06 -4.9152595e-07              0  3.1372982e-07  1.7697419e-07  1.6979978e-07 -1.5186591e-05  1.3534752e-06  9.3459523e-07  7.1548751e-07  2.9262369e-07  1.3785843e-07  7.6745368e-08  7.2741773e-08  7.2662142e-08
  7.6819689e-06 -5.5607958e-07              0  4.6531095e-07  1.4372799e-07  1.4737437e-07 -1.2900593e-05  1.5384615e-06  9.7678531e-07  8.1902212e-07  3.5844879e-07  7.6745368e-08  2.5669405e-07  7.0269075e-08  8.7475246e-08
  7.7816203e-06 -4.5294245e-07              0  2.3606804e-07  1.8242841e-07  1.7663557e-07 -1.1440373e-05  1.5161269e-06  1.1063115e-06  4.9710323e-07  3.2383635e-07  7.2741773e-08  7.0269075e-08  5.1161498e-07    1.41466e-08
  5.1419298e-06 -5.9896067e-07              0  1.2032885e-06  8.1757102e-08  8.0141219e-08 -6.1364522e-06  1.1312408e-06  7.1899859e-07  9.1439357e-07  4.8582803e-07  7.2662142e-08  8.7475246e-08    1.41466e-08   1.779601e-06


# ext. ||   Name    ||   type  ||     Value     ||  Error +/- 

   0   ||Natural mortality || limited ||    0.04448406225349 ||0.0006218571929659
   1   ||Targeted q || limited ||      3.154240756163 ||0.04271857808824
   2   ||Nontargeted q || limited ||                   2 ||22.06548931833
   3   ||     sigma || limited ||      1.311106935852 ||0.07253494089597
   4   ||  Biomass1 || limited ||      4.489601420882 ||0.08274368101971
   5   ||  Biomass2 || limited ||      4.147952731632 ||0.07196213374053
   6   ||  vm_sigma || limited ||      51.02132349628 ||1.677263835377
   7   ||Recruit year 1 || limited ||      7.724381028221 ||0.1436107065291
   8   ||Recruit year 2 || limited ||      3.866808422475 ||0.07272986846625
   9   ||Recruit year 3 || limited ||      2.068793440107 ||0.04008202954015
  10   ||Recruit year 4 || limited ||     0.4775101182324 ||0.01147546845196
  11   ||Mean Rec dist 1 || limited ||     0.4897721476132 ||0.002622286574366
  12   ||Mean Rec dist 2 || limited ||     0.5871677576323 ||0.003576374195843
  13   ||Mean Rec dist 3 || limited ||     0.9346496990802 ||0.005035601337541
  14   ||Mean Rec dist 4 || limited ||      0.353348576603 ||0.009427031839148





