# Minimum negative log likelihood

Minuit did successfully converge.
# of function calls: 744
minimum function Value: 277.7627127173
minimum edm: 4.364238857936e-05
minimum internal state vector: LAVector parameters:
     -1.211877365028
     -1.287002217587
     -1.378692403608
     -1.493912232896
     -1.496470442707
     0.1522753881874
    -0.9185111588608
      -1.19737950145
     -1.138529919454
     -1.102140803566
     -1.498745923767

minimum internal covariance matrix: LASymMatrix parameters:
  8.2632299e-07              0  4.1999702e-07 -2.9402174e-07 -2.6397364e-07  2.2408807e-07 -3.2347884e-06 -4.7999888e-07  -3.197444e-07 -3.9343235e-07 -1.2762632e-07
              0              2              0              0              0              0              0              0              0              0              0
  4.1999702e-07              0  6.0693334e-05 -6.8078955e-07 -6.0479722e-07 -5.0078082e-07  1.4649499e-05  1.6782417e-07 -1.5525586e-07 -3.7527375e-07 -8.8869232e-07
 -2.9402174e-07              0 -6.8078955e-07  5.9360965e-07  5.0217547e-07 -3.9846952e-08  1.0400944e-07  2.1192083e-07  6.7881676e-08  1.2820122e-07  1.7739717e-07
 -2.6397364e-07              0 -6.0479722e-07  5.0217547e-07  4.2966456e-07 -3.9158392e-08  1.7084979e-07  1.8005754e-07  6.9542314e-08   1.160071e-07  1.3987942e-07
  2.2408807e-07              0 -5.0078082e-07 -3.9846952e-08 -3.9158392e-08  2.7887309e-07 -3.8054135e-06 -1.8047129e-07 -1.2039128e-07 -1.5365305e-07 -1.3336816e-09
 -3.2347884e-06              0  1.4649499e-05  1.0400944e-07  1.7084979e-07 -3.8054135e-06   8.892886e-05  2.7196272e-06  1.5776499e-06   1.838494e-06 -4.4255027e-07
 -4.7999888e-07              0  1.6782417e-07  2.1192083e-07  1.8005754e-07 -1.8047129e-07  2.7196272e-06  8.7280263e-07  5.8179969e-08  1.8856967e-07  1.9562665e-07
  -3.197444e-07              0 -1.5525586e-07  6.7881676e-08  6.9542314e-08 -1.2039128e-07  1.5776499e-06  5.8179969e-08  8.4346613e-07  2.3896878e-07 -1.3886761e-07
 -3.9343235e-07              0 -3.7527375e-07  1.2820122e-07   1.160071e-07 -1.5365305e-07   1.838494e-06  1.8856967e-07  2.3896878e-07   7.470038e-07 -9.6034404e-08
 -1.2762632e-07              0 -8.8869232e-07  1.7739717e-07  1.3987942e-07 -1.3336816e-09 -4.4255027e-07  1.9562665e-07 -1.3886761e-07 -9.6034404e-08  2.8981799e-06


# ext. ||   Name    ||   type  ||     Value     ||  Error +/- 

   0   ||Targeted q || limited ||      3.186145067326 ||0.01128915456977
   1   ||Nontargeted q || limited ||                   2 ||22.06548931833
   2   ||     sigma || limited ||      0.919764130715 ||0.05258780602929
   3   ||  Biomass1 || limited ||      1.477063161679 ||0.02092252103728
   4   ||  Biomass2 || limited ||      1.380448580523 ||0.01720916914197
   5   ||   vm_mean || limited ||      1.516875817133 ||0.003690910810288
   6   ||  vm_sigma || limited ||      8.212946604854 ||0.1619009021256
   7   ||Recruit year 1 || limited ||      3.455338985461 ||0.01204822596628
   8   ||Recruit year 2 || limited ||      4.608609246084 ||0.013601494797
   9   ||Recruit year 3 || limited ||       5.40064201713 ||0.01380100526232
  10   ||Recruit year 4 || limited ||     0.1397124074496 ||0.004332461721774





