# Minimum negative log likelihood

Minuit did successfully converge.
# of function calls: 879
minimum function Value: 562.1441729071
minimum edm: 1.636544944079e-05
minimum internal state vector: LAVector parameters:
    -0.3407969645748
     -1.102626678832
     -1.287002217587
     -1.188481180487
     -1.484225913754
     -1.486434779979
    0.00705016971253
   -0.02934717201444
     -1.514012562811
    -0.9657078135113
      -1.43210688899
     -1.183198065099

minimum internal covariance matrix: LASymMatrix parameters:
    0.043731887  -0.0032650019              0 -4.4526603e-05  0.00056673167  0.00054202742   6.383254e-05 -0.00088815162  0.00053632395   0.0043385481   0.0013704351   0.0035644662
  -0.0032650019  0.00025127874              0  1.1929787e-06  -4.345337e-05 -4.1530842e-05 -2.6371265e-06  2.7285182e-05 -3.9567041e-05  -0.0003253826 -0.00010136525 -0.00026930312
              0              0              2              0              0              0              0              0              0              0              0              0
 -4.4526603e-05  1.1929787e-06              0  0.00017240564  1.3185225e-06  1.0846791e-06 -8.4975126e-07  2.5943395e-06  1.5948237e-06 -3.5993777e-06 -2.6285932e-07 -5.1748631e-06
  0.00056673167  -4.345337e-05              0  1.3185225e-06  1.2257223e-05  1.1224512e-05  3.4685139e-07 -1.9169506e-06  9.5746189e-06  5.6642522e-05  1.7571318e-05  4.6519142e-05
  0.00054202742 -4.1530842e-05              0  1.0846791e-06  1.1224512e-05  1.0352451e-05  3.8058423e-07 -2.3973255e-06  8.4684268e-06  5.4148497e-05  1.6828831e-05  4.4474735e-05
   6.383254e-05 -2.6371265e-06              0 -8.4975126e-07  3.4685139e-07  3.8058423e-07  3.1680057e-06  -6.183684e-05   5.843422e-07  5.8758319e-06  2.3088721e-06  4.1411285e-06
 -0.00088815162  2.7285182e-05              0  2.5943395e-06 -1.9169506e-06 -2.3973255e-06  -6.183684e-05    0.003167211 -1.6144829e-06  -8.177248e-05 -4.6299341e-05 -4.3464796e-05
  0.00053632395 -3.9567041e-05              0  1.5948237e-06  9.5746189e-06  8.4684268e-06   5.843422e-07 -1.6144829e-06  2.4198703e-05  5.2936692e-05  1.7182714e-05  4.3424754e-05
   0.0043385481  -0.0003253826              0 -3.5993777e-06  5.6642522e-05  5.4148497e-05  5.8758319e-06  -8.177248e-05  5.2936692e-05  0.00043717581  0.00013502557  0.00035351499
   0.0013704351 -0.00010136525              0 -2.6285932e-07  1.7571318e-05  1.6828831e-05  2.3088721e-06 -4.6299341e-05  1.7182714e-05  0.00013502557  5.0798328e-05  0.00011161517
   0.0035644662 -0.00026930312              0 -5.1748631e-06  4.6519142e-05  4.4474735e-05  4.1411285e-06 -4.3464796e-05  4.3424754e-05  0.00035351499  0.00011161517  0.00029976549


# ext. ||   Name    ||   type  ||     Value     ||  Error +/- 

   0   ||Natural mortality || limited ||    0.03664404179438 ||0.003471493495773
   1   ||Targeted q || limited ||      5.380213219648 ||0.2528974847655
   2   ||Nontargeted q || limited ||                   2 ||22.06548931833
   3   ||     sigma || limited ||      3.609829379326 ||0.1731865670217
   4   ||  Biomass1 || limited ||      1.872439258758 ||0.10702309085
   5   ||  Biomass2 || limited ||      1.778162690461 ||0.09585295529999
   6   ||   vm_mean || limited ||    0.02214857789226 ||0.003953820430873
   7   ||  vm_sigma || limited ||       38.8267962866 ||1.590656438593
   8   ||Recruit year 1 || limited ||    0.09058017995754 ||0.009869553414013
   9   ||Recruit year 2 || limited ||      8.886524688181 ||0.4204458121789
  10   ||Recruit year 3 || limited ||     0.4900507047858 ||0.034832502689
  11   ||Recruit year 4 || limited ||      3.718653874426 ||0.2313365211908





