# Minimum negative log likelihood

Minuit did successfully converge.
# of function calls: 1636
minimum function Value: 250.5245583405
minimum edm: 4.873583447248e-05
minimum internal state vector: LAVector parameters:
     0.5674724223022
     -1.337568694366
     -1.287002217587
     -1.390884795996
     -1.408407641026
     -1.414670615811
     0.1975351127343
     0.2809458665453
     -1.297747270586
     -1.031576699678
     -1.351962064374
     -1.499949131451

minimum internal covariance matrix: LASymMatrix parameters:
     0.01430873  -0.0025243823              0  1.2844995e-05   0.0017284632   0.0016802965  2.5844816e-05 -0.00072708258   0.0029610282   0.0059752323   0.0023386183  0.00078428382
  -0.0025243823  0.00045023932              0 -1.8848909e-06 -0.00030816519 -0.00029955115 -3.7892305e-06  8.1215152e-05 -0.00052664407  -0.0010630892 -0.00041542352 -0.00013915052
              0              0              2              0              0              0              0              0              0              0              0              0
  1.2844995e-05 -1.8848909e-06              0  4.0422755e-05  1.1092901e-06  1.1090891e-06  1.5174027e-08 -1.2222768e-05  2.4326029e-06  4.7540798e-06  1.8880542e-06  7.6820124e-07
   0.0017284632 -0.00030816519              0  1.1092901e-06  0.00021134422  0.00020538254  2.5912546e-06 -5.5425734e-05  0.00036057465  0.00072775212  0.00028445322  9.5227208e-05
   0.0016802965 -0.00029955115              0  1.1090891e-06  0.00020538254  0.00019959918  2.5292402e-06 -5.4257435e-05   0.0003504846  0.00070741496  0.00027650579  9.2572479e-05
  2.5844816e-05 -3.7892305e-06              0  1.5174027e-08  2.5912546e-06  2.5292402e-06  7.0207368e-07 -2.8488408e-05  4.6714633e-06  9.4357665e-06  3.7306477e-06  1.2985085e-06
 -0.00072708258  8.1215152e-05              0 -1.2222768e-05 -5.5425734e-05 -5.4257435e-05 -2.8488408e-05   0.0038377233  -0.0001101601  -0.0002195856  -8.996313e-05 -3.3943852e-05
   0.0029610282 -0.00052664407              0  2.4326029e-06  0.00036057465   0.0003504846  4.6714633e-06  -0.0001101601  0.00061723041   0.0012443292  0.00048641175  0.00016299851
   0.0059752323  -0.0010630892              0  4.7540798e-06  0.00072775212  0.00070741496  9.4357665e-06  -0.0002195856   0.0012443292   0.0025123432  0.00098173373  0.00032895441
   0.0023386183 -0.00041542352              0  1.8880542e-06  0.00028445322  0.00027650579  3.7306477e-06  -8.996313e-05  0.00048641175  0.00098173373  0.00038475893  0.00012845486
  0.00078428382 -0.00013915052              0  7.6820124e-07  9.5227208e-05  9.2572479e-05  1.2985085e-06 -3.3943852e-05  0.00016299851  0.00032895441  0.00012845486  4.4375711e-05


# ext. ||   Name    ||   type  ||     Value     ||  Error +/- 

   0   ||Natural mortality || limited ||    0.05843755892781 ||0.001781025931509
   1   ||Targeted q || limited ||      1.353725149978 ||0.1733788079089
   2   ||Nontargeted q || limited ||                   2 ||22.06548931833
   3   ||     sigma || limited ||     0.8070236229353 ||0.0402235205549
   4   ||  Biomass1 || limited ||      6.578046932255 ||0.8309748892502
   5   ||  Biomass2 || limited ||      6.081441289504 ||0.7766687156748
   6   ||   vm_mean || limited ||     0.6165469079287 ||0.001825145119956
   7   ||  vm_sigma || limited ||      51.09094356745 ||1.682935996673
   8   ||Recruit year 1 || limited ||      1.862157839655 ||0.2368337392279
   9   ||Recruit year 2 || limited ||      7.103808650942 ||0.9096456507767
  10   ||Recruit year 3 || limited ||      1.202321523402 ||0.1505343089875
  11   ||Recruit year 4 || limited ||     0.1354181062001 ||0.01667024274772





