# Minimum negative log likelihood

Minuit did successfully converge.
# of function calls: 879
minimum function Value: 371.4210445087
minimum edm: 3.108398618493e-06
minimum internal state vector: LAVector parameters:
    -0.5780316720817
     -1.068769655033
     -1.287002217587
     -1.329970143046
     -1.556942278183
     -1.538115870723
    -0.7795694702681
    -0.8482542424939
    -0.9622447210359
    -0.9355583161975
    -0.9578619253175
     -1.252112408836

minimum internal covariance matrix: LASymMatrix parameters:
  0.00023735759 -9.4570452e-05              0  2.5898552e-06  3.9413427e-06  5.0590511e-06  4.1818781e-06 -1.7714856e-05   0.0001338545  0.00012388825  0.00013296292  6.3621161e-05
 -9.4570452e-05  3.9257088e-05              0 -1.4395161e-06 -1.7058052e-06 -2.0792758e-06 -8.4562232e-07  4.1303402e-06 -5.3935558e-05 -5.0059854e-05 -5.3671974e-05 -2.5670369e-05
              0              0              2              0              0              0              0              0              0              0              0              0
  2.5898552e-06 -1.4395161e-06              0  6.3931705e-05  2.2287625e-06  3.8449549e-07 -7.3321474e-08   1.128891e-06  1.5935684e-06  1.3754555e-06  1.4812864e-06  5.6562864e-07
  3.9413427e-06 -1.7058052e-06              0  2.2287625e-06  1.3016369e-05  1.6671463e-06 -4.8568076e-07 -5.0592749e-07  5.8978378e-06  2.2586703e-06  2.3812949e-06  1.2514793e-06
  5.0590511e-06 -2.0792758e-06              0  3.8449549e-07  1.6671463e-06  8.8259359e-07  1.0573586e-07  -2.114745e-07  2.6610639e-06  2.6897357e-06  2.8800307e-06   1.397026e-06
  4.1818781e-06 -8.4562232e-07              0 -7.3321474e-08 -4.8568076e-07  1.0573586e-07  1.0729055e-06 -2.6812449e-06  1.7292262e-06  1.8323629e-06  1.9170607e-06  9.3368838e-07
 -1.7714856e-05  4.1303402e-06              0   1.128891e-06 -5.0592749e-07  -2.114745e-07 -2.6812449e-06  2.1079672e-05 -1.0271357e-05 -7.9843207e-06 -8.5871012e-06 -4.0819166e-06
   0.0001338545 -5.3935558e-05              0  1.5935684e-06  5.8978378e-06  2.6610639e-06  1.7292262e-06 -1.0271357e-05  7.9008152e-05  7.0124115e-05  7.5322782e-05  3.6028291e-05
  0.00012388825 -5.0059854e-05              0  1.3754555e-06  2.2586703e-06  2.6897357e-06  1.8323629e-06 -7.9843207e-06  7.0124115e-05   6.620653e-05  6.9692242e-05  3.3338062e-05
  0.00013296292 -5.3671974e-05              0  1.4812864e-06  2.3812949e-06  2.8800307e-06  1.9170607e-06 -8.5871012e-06  7.5322782e-05  6.9692242e-05   7.609986e-05  3.5803523e-05
  6.3621161e-05 -2.5670369e-05              0  5.6562864e-07  1.2514793e-06   1.397026e-06  9.3368838e-07 -4.0819166e-06  3.6028291e-05  3.3338062e-05  3.5803523e-05  1.8252911e-05


# ext. ||   Name    ||   type  ||     Value     ||  Error +/- 

   0   ||Natural mortality || limited ||    0.06804353348096 ||0.001368594048217
   1   ||Targeted q || limited ||      6.169543896767 ||0.1065960387099
   2   ||Nontargeted q || limited ||                   2 ||22.06548931833
   3   ||     sigma || limited ||      1.442937134022 ||0.06742305301271
   4   ||  Biomass1 || limited ||    0.04798289826169 ||0.0176710466758
   5   ||  Biomass2 || limited ||     0.2669792895775 ||0.01085290897698
   6   ||   vm_mean || limited ||     -2.208455706621 ||0.001636504668583
   7   ||  vm_sigma || limited ||      9.995791448828 ||0.08587467474514
   8   ||Recruit year 1 || limited ||      8.985257597579 ||0.1796376756081
   9   ||Recruit year 2 || limited ||      9.762500095608 ||0.1706807444384
  10   ||Recruit year 3 || limited ||      9.110916404206 ||0.1774077551739
  11   ||Recruit year 4 || limited ||      2.527318678352 ||0.04732176812507





