# Minimum negative log likelihood

Minuit did successfully converge.
# of function calls: 826
minimum function Value: 541.3749468302
minimum edm: 5.552696093782e-05
minimum internal state vector: LAVector parameters:
    -0.8682692344289
     -1.037348753105
     -1.287002217587
     -1.207315103266
     -1.546131768289
      -1.54766943573
     0.1494457291685
    -0.9723012034944
     -1.029449412616
     -1.030391072937
     -1.126026038314
     -1.177946003383

minimum internal covariance matrix: LASymMatrix parameters:
   0.0021497818 -0.00072261467              0 -8.8712569e-06  3.3458798e-05  3.1575966e-05  1.2414086e-05 -2.9500476e-05  0.00078865176  0.00075722059  0.00056739992  0.00052347285
 -0.00072261467  0.00025180885              0  2.3263773e-06  -1.140761e-05 -1.0796095e-05  3.5178773e-07 -6.4386126e-06 -0.00026647081 -0.00025553948 -0.00019105691  -0.0001774325
              0              0              2              0              0              0              0              0              0              0              0              0
 -8.8712569e-06  2.3263773e-06              0  0.00016262537 -4.3603038e-07 -2.5510689e-07 -4.1457665e-07 -7.5105763e-07 -3.1415582e-06 -4.2102532e-06 -1.4194479e-06 -3.3907732e-06
  3.3458798e-05  -1.140761e-05              0 -4.3603038e-07  4.2696387e-06  3.5198824e-06  8.9899098e-08 -5.6610748e-07  1.2338007e-05  1.1866524e-05  8.7978863e-06  8.1496041e-06
  3.1575966e-05 -1.0796095e-05              0 -2.5510689e-07  3.5198824e-06  2.9505238e-06  7.1397739e-08 -3.2411321e-07    1.16474e-05    1.11573e-05  8.3284927e-06  7.6931362e-06
  1.2414086e-05  3.5178773e-07              0 -4.1457665e-07  8.9899098e-08  7.1397739e-08  4.5834727e-06 -1.2369588e-05  3.8402257e-06  3.7727497e-06  2.9913867e-06  2.3553705e-06
 -2.9500476e-05 -6.4386126e-06              0 -7.5105763e-07 -5.6610748e-07 -3.2411321e-07 -1.2369588e-05   7.530896e-05 -7.8908676e-06 -8.0204015e-06 -7.6403888e-06 -4.5547047e-06
  0.00078865176 -0.00026647081              0 -3.1415582e-06  1.2338007e-05    1.16474e-05  3.8402257e-06 -7.8908676e-06  0.00029508377  0.00027780114  0.00020750514  0.00019137989
  0.00075722059 -0.00025553948              0 -4.2102532e-06  1.1866524e-05    1.11573e-05  3.7727497e-06 -8.0204015e-06  0.00027780114  0.00027182966  0.00019916762  0.00018481717
  0.00056739992 -0.00019105691              0 -1.4194479e-06  8.7978863e-06  8.3284927e-06  2.9913867e-06 -7.6403888e-06  0.00020750514  0.00019916762  0.00015561346  0.00013793712
  0.00052347285  -0.0001774325              0 -3.3907732e-06  8.1496041e-06  7.6931362e-06  2.3553705e-06 -4.5547047e-06  0.00019137989  0.00018481717  0.00013793712  0.00013413443


# ext. ||   Name    ||   type  ||     Value     ||  Error +/- 

   0   ||Natural mortality || limited ||    0.03551823761953 ||0.003177078598818
   1   ||Targeted q || limited ||      6.947045851737 ||0.2852834308021
   2   ||Nontargeted q || limited ||                   2 ||22.06548931833
   3   ||     sigma || limited ||      3.266759510845 ||0.1602949064393
   4   ||  Biomass1 || limited ||     0.1520774017664 ||0.01801688581538
   5   ||  Biomass2 || limited ||     0.1337073129375 ||0.01404374713104
   6   ||   vm_mean || limited ||     0.4677519267914 ||0.004702882200629
   7   ||  vm_sigma || limited ||      6.953537198552 ||0.1382855681586
   8   ||Recruit year 1 || limited ||       7.15851475212 ||0.3129146780701
   9   ||Recruit year 2 || limited ||      7.134274734065 ||0.2998621457159
  10   ||Recruit year 3 || limited ||      4.874037411885 ||0.189736521527
  11   ||Recruit year 4 || limited ||      3.818536895858 ||0.1567382740873





