# Minimum negative log likelihood

Minuit did successfully converge.
# of function calls: 1092
minimum function Value: 512.4758790591
minimum edm: 5.657420127842e-06
minimum internal state vector: LAVector parameters:
     0.5397663622736
     -1.298975076773
     -1.287002217587
     -1.231941379392
     -1.505799488574
     -1.507964498951
    0.03230515954295
     -1.043927516492
      -1.15527166249
     -1.227928597261
     -1.319225207795
    0.04343636922465
    0.05168322631177
    0.06261514056657
    0.08055140043576

minimum internal covariance matrix: LASymMatrix parameters:
    0.012089651   -0.001303508              0  -6.679467e-05  0.00032165926   0.0003070752  -0.0043148363    0.003117269   0.0024456686   0.0020130101   0.0014715272  5.9693899e-05  6.3241291e-05  5.3216709e-05  6.5268819e-05
   -0.001303508  0.00015719227              0  3.2327564e-06 -3.8575896e-05 -3.6806103e-05   0.0003476365 -0.00035737685  -0.0002792384 -0.00022951257 -0.00017119963 -5.2392236e-06  -6.009573e-06 -4.7530584e-06 -6.8597894e-06
              0              0              2              0              0              0              0              0              0              0              0              0              0              0              0
  -6.679467e-05  3.2327564e-06              0  0.00014833636 -5.4861598e-07 -5.5155628e-07  7.1213162e-05 -1.0730874e-05 -1.0047923e-05 -8.4361263e-06 -2.6442865e-06 -4.0614337e-07  -7.314392e-07 -6.8566001e-07 -1.2405281e-06
  0.00032165926 -3.8575896e-05              0 -5.4861598e-07  1.5580921e-05  1.4231912e-05 -9.5882284e-05  8.8337331e-05  6.8742463e-05  5.6578537e-05  4.1901827e-05  1.2545897e-06  1.5122985e-06  1.2339385e-06   1.629955e-06
   0.0003070752 -3.6806103e-05              0 -5.5155628e-07  1.4231912e-05  1.3075755e-05 -9.0123633e-05   8.418659e-05  6.5563944e-05  5.3954521e-05  4.0011866e-05  1.1976857e-06  1.4556839e-06  1.1642591e-06   1.542429e-06
  -0.0043148363   0.0003476365              0  7.1213162e-05 -9.5882284e-05 -9.0123633e-05    0.010842686  -0.0009397941 -0.00073582229 -0.00060877888 -0.00043847834 -6.9898833e-05 -5.4409057e-05  -4.132223e-05 -4.4936907e-05
    0.003117269 -0.00035737685              0 -1.0730874e-05  8.8337331e-05   8.418659e-05  -0.0009397941  0.00084109424    0.000651671  0.00053588617  0.00039523229  1.3792582e-05  1.5183264e-05  1.2818143e-05  1.6464035e-05
   0.0024456686  -0.0002792384              0 -1.0047923e-05  6.8742463e-05  6.5563944e-05 -0.00073582229    0.000651671  0.00051926966  0.00041962767  0.00030955493  1.0755719e-05  1.1613642e-05  1.0326143e-05  1.2913513e-05
   0.0020130101 -0.00022951257              0 -8.4361263e-06  5.6578537e-05  5.3954521e-05 -0.00060877888  0.00053588617  0.00041962767  0.00035470312  0.00025426841  8.9449707e-06  9.7435759e-06  8.0294555e-06   1.056814e-05
   0.0014715272 -0.00017119963              0 -2.6442865e-06  4.1901827e-05  4.0011866e-05 -0.00043847834  0.00039523229  0.00030955493  0.00025426841  0.00020863973  6.3571008e-06  7.1469107e-06  5.7650476e-06  8.8643642e-06
  5.9693899e-05 -5.2392236e-06              0 -4.0614337e-07  1.2545897e-06  1.1976857e-06 -6.9898833e-05  1.3792582e-05  1.0755719e-05  8.9449707e-06  6.3571008e-06  1.1668478e-06  4.3671359e-07    3.49741e-07   4.463474e-07
  6.3241291e-05  -6.009573e-06              0  -7.314392e-07  1.5122985e-06  1.4556839e-06 -5.4409057e-05  1.5183264e-05  1.1613642e-05  9.7435759e-06  7.1469107e-06  4.3671359e-07  1.6311498e-06  4.1715021e-07  1.8997867e-07
  5.3216709e-05 -4.7530584e-06              0 -6.8566001e-07  1.2339385e-06  1.1642591e-06  -4.132223e-05  1.2818143e-05  1.0326143e-05  8.0294555e-06  5.7650476e-06    3.49741e-07  4.1715021e-07  2.2913385e-06  2.8969056e-07
  6.5268819e-05 -6.8597894e-06              0 -1.2405281e-06   1.629955e-06   1.542429e-06 -4.4936907e-05  1.6464035e-05  1.2913513e-05   1.056814e-05  8.8643642e-06   4.463474e-07  1.8997867e-07  2.8969056e-07  5.9188704e-06


# ext. ||   Name    ||   type  ||     Value     ||  Error +/- 

   0   ||Natural mortality || limited ||    0.05784838961291 ||0.00166569271392
   1   ||Targeted q || limited ||      1.835824319544 ||0.1190109650605
   2   ||Nontargeted q || limited ||                   2 ||22.06548931833
   3   ||     sigma || limited ||       2.84320461692 ||0.1431344240341
   4   ||  Biomass1 || limited ||      1.055775481356 ||0.09064365463454
   5   ||  Biomass2 || limited ||      0.986634993826 ||0.08027527883153
   6   ||  vm_sigma || limited ||      41.29246548089 ||2.940958234587
   7   ||Recruit year 1 || limited ||      6.790033974283 ||0.5154944596878
   8   ||Recruit year 2 || limited ||      4.264341763945 ||0.325173940732
   9   ||Recruit year 3 || limited ||      2.919986996634 ||0.2238283554581
  10   ||Recruit year 4 || limited ||      1.583716364088 ||0.1271079355692
  11   ||Mean Rec dist 1 || limited ||     0.4342271181525 ||0.007631013966916
  12   ||Mean Rec dist 2 || limited ||     0.5166022039228 ||0.009018858400794
  13   ||Mean Rec dist 3 || limited ||     0.6257423318395 ||0.01068261633536
  14   ||Mean Rec dist 4 || limited ||     0.8046431868781 ||0.01714721965628





