# Minimum negative log likelihood

Minuit did successfully converge.
# of function calls: 1140
minimum function Value: 599.5918927433
minimum edm: 4.001889126771e-05
minimum internal state vector: LAVector parameters:
     0.2147017934674
     -1.104162806486
     -1.287002217587
     -1.151918396265
     -1.450493670586
     -1.456523203603
    -0.4008787460891
     -1.264602838158
     -1.416151451533
    -0.9755530016687
     -1.127870797498
    0.08167929998824
     0.0724366775859
    0.03851069678745
    0.03576451821573

minimum internal covariance matrix: LASymMatrix parameters:
    0.012774391 -0.00096205435              0 -0.00010677942  0.00026438223  0.00024136196   -0.002679512   0.0010227566  0.00050153166   0.0019042951   0.0013926505  5.8061743e-05  8.0136627e-05  7.4835166e-05  7.2871766e-05
 -0.00096205435  9.1111181e-05              0  2.9657918e-06 -2.7634454e-05 -2.4865398e-05   0.0001633638 -8.1816853e-05 -4.0483066e-05 -0.00015310153  -0.0001160474  -3.289095e-06 -5.7106259e-06 -4.5603481e-06 -5.2576839e-06
              0              0              2              0              0              0              0              0              0              0              0              0              0              0              0
 -0.00010677942  2.9657918e-06              0  0.00026040673 -1.9093767e-06 -1.5577587e-06  7.1679669e-05 -6.2150752e-06 -2.8293706e-06 -1.3714812e-05 -1.0505516e-05 -5.4217282e-08  6.8854333e-07 -6.3188714e-07 -6.1189034e-07
  0.00026438223 -2.7634454e-05              0 -1.9093767e-06  1.7337166e-05  1.4799961e-05 -4.6318582e-05  2.3805954e-05  1.1616546e-05  4.2668272e-05  3.3450294e-05  4.0358201e-07   2.057849e-06  1.3194274e-06  1.5953889e-06
  0.00024136196 -2.4865398e-05              0 -1.5577587e-06  1.4799961e-05  1.2729891e-05  -4.189557e-05  2.1566157e-05  1.0573139e-05    3.88051e-05  3.0299129e-05  4.4038325e-07  1.8652611e-06  1.2021287e-06  1.4437717e-06
   -0.002679512   0.0001633638              0  7.1679669e-05 -4.6318582e-05  -4.189557e-05   0.0019668169 -0.00020734237  -9.582894e-05 -0.00037796645  -0.0002862868 -2.7940344e-05   -3.06213e-05 -3.4737493e-05 -3.1446691e-05
   0.0010227566 -8.1816853e-05              0 -6.2150752e-06  2.3805954e-05  2.1566157e-05 -0.00020734237  9.4879331e-05  4.2304432e-05  0.00015445197  0.00011460967  3.6840309e-06  6.3589265e-06  5.9123189e-06  5.9862258e-06
  0.00050153166 -4.0483066e-05              0 -2.8293706e-06  1.1616546e-05  1.0573139e-05  -9.582894e-05  4.2304432e-05  3.5032791e-05  7.4222435e-05  5.5464319e-05  1.7811756e-06   1.732246e-06   2.711609e-06  2.6821468e-06
   0.0019042951 -0.00015310153              0 -1.3714812e-05  4.2668272e-05    3.88051e-05 -0.00037796645  0.00015445197  7.4222435e-05  0.00030280774  0.00021152327  7.9506223e-06  1.1757151e-05  1.0897631e-05   1.103996e-05
   0.0013926505  -0.0001160474              0 -1.0505516e-05  3.3450294e-05  3.0299129e-05  -0.0002862868  0.00011460967  5.5464319e-05  0.00021152327  0.00017950133  6.8671514e-06  8.3312033e-06  7.8615305e-06  8.7380288e-06
  5.8061743e-05  -3.289095e-06              0 -5.4217282e-08  4.0358201e-07  4.4038325e-07 -2.7940344e-05  3.6840309e-06  1.7811756e-06  7.9506223e-06  6.8671514e-06  3.2825192e-06  5.5665836e-07  5.7493583e-07  5.6461865e-07
  8.0136627e-05 -5.7106259e-06              0  6.8854333e-07   2.057849e-06  1.8652611e-06   -3.06213e-05  6.3589265e-06   1.732246e-06  1.1757151e-05  8.3312033e-06  5.5665836e-07  1.1241672e-05  6.1736301e-07  6.0655884e-07
  7.4835166e-05 -4.5603481e-06              0 -6.3188714e-07  1.3194274e-06  1.2021287e-06 -3.4737493e-05  5.9123189e-06   2.711609e-06  1.0897631e-05  7.8615305e-06  5.7493583e-07  6.1736301e-07  1.1730759e-06  6.7595016e-07
  7.2871766e-05 -5.2576839e-06              0 -6.1189034e-07  1.5953889e-06  1.4437717e-06 -3.1446691e-05  5.9862258e-06  2.6821468e-06   1.103996e-05  8.7380288e-06  5.6461865e-07  6.0655884e-07  6.7595016e-07   1.539067e-06


# ext. ||   Name    ||   type  ||     Value     ||  Error +/- 

   0   ||Natural mortality || limited ||     0.0503264019519 ||0.001950046777265
   1   ||Targeted q || limited ||      5.345606717596 ||0.1518226028225
   2   ||Nontargeted q || limited ||                   2 ||22.06548931833
   3   ||     sigma || limited ||      4.322704951783 ||0.2320512551649
   4   ||  Biomass1 || limited ||      3.613820629718 ||0.1766731569476
   5   ||  Biomass2 || limited ||      3.261035708266 ||0.1438352641403
   6   ||  vm_sigma || limited ||      24.39159228989 ||1.154721323775
   7   ||Recruit year 1 || limited ||      2.335373598215 ||0.1037964237505
   8   ||Recruit year 2 || limited ||     0.6066256982309 ||0.03222929439677
   9   ||Recruit year 3 || limited ||      8.608535637374 ||0.3449233485971
  10   ||Recruit year 4 || limited ||        4.8344327656 ||0.2029903492789
  11   ||Mean Rec dist 1 || limited ||     0.8158850959446 ||0.01276845077777
  12   ||Mean Rec dist 2 || limited ||     0.7237334745614 ||0.02364610793967
  13   ||Mean Rec dist 3 || limited ||     0.3850117845927 ||0.007652897264673
  14   ||Mean Rec dist 4 || limited ||     0.3575689429958 ||0.008766695086899





