# Minimum negative log likelihood

Minuit did successfully converge.
# of function calls: 1168
minimum function Value: 536.064596964
minimum edm: 2.666723336705e-05
minimum internal state vector: LAVector parameters:
     -0.651753398633
     -1.255092838918
     -1.287002217587
     -1.211973828704
     -1.502395673728
     -1.504244854859
   -0.01061727598933
     -1.479394214371
    -0.9878292019263
    -0.9917745793306
     -1.199342151107
     0.0863489403205
    0.02904806968022
    0.05014481316149
    0.08482435946232

minimum internal covariance matrix: LASymMatrix parameters:
   0.0067905351 -0.00055855044              0  2.5616135e-05  0.00011886592  0.00011470419   -0.002201578  0.00022911664   0.0014273794   0.0014206845  0.00091824082  3.8056206e-05  3.6794469e-05  4.1213109e-05  3.5394988e-05
 -0.00055855044  5.1417067e-05              0 -2.1906823e-06   -1.10134e-05 -1.0601132e-05  0.00011654059  -1.943666e-05  -0.0001218329 -0.00011990952 -7.9149634e-05 -2.6006864e-06 -2.3125653e-06 -2.9054897e-06 -3.1799099e-06
              0              0              2              0              0              0              0              0              0              0              0              0              0              0              0
  2.5616135e-05 -2.1906823e-06              0  0.00018391837 -2.4806997e-06 -2.0915845e-06 -7.7331592e-05  4.5728241e-07  4.0375985e-06 -5.7725039e-07   4.979847e-06  2.2356239e-06  1.4060788e-06  8.8086738e-07 -6.9464162e-08
  0.00011886592   -1.10134e-05              0 -2.4806997e-06  7.8202145e-06  7.0049676e-06 -2.2227094e-05    5.41511e-06  2.6217085e-05  2.6214969e-05  1.6696796e-05 -8.0731285e-07  3.7513245e-07  5.4532895e-07  7.5297041e-07
  0.00011470419 -1.0601132e-05              0 -2.0915845e-06  7.0049676e-06  6.3123845e-06 -2.1395091e-05   4.973529e-06  2.5233574e-05   2.518386e-05  1.6143515e-05 -4.5149973e-07  3.7649749e-07  5.3826925e-07  7.1527847e-07
   -0.002201578  0.00011654059              0 -7.7331592e-05 -2.2227094e-05 -2.1395091e-05   0.0090319034 -6.2748041e-05 -0.00040303283 -0.00041901999   -0.000261652 -9.3773116e-06 -5.9876197e-05 -4.2759683e-05 -3.8000065e-05
  0.00022911664  -1.943666e-05              0  4.5728241e-07    5.41511e-06   4.973529e-06 -6.2748041e-05  1.6037051e-05  4.8953665e-05  4.8625184e-05  3.1453458e-05 -3.0875338e-06  1.1798117e-06  1.3225426e-06  1.3302375e-06
   0.0014273794  -0.0001218329              0  4.0375985e-06  2.6217085e-05  2.5233574e-05 -0.00040303283  4.8953665e-05  0.00030923745  0.00030133203  0.00019575516  7.3876076e-06  7.0400168e-06  8.3167041e-06  7.6574779e-06
   0.0014206845 -0.00011990952              0 -5.7725039e-07  2.6214969e-05   2.518386e-05 -0.00041901999  4.8625184e-05  0.00030133203  0.00030712749  0.00019289322  7.5655774e-06  7.0513848e-06  7.7106184e-06  7.9890144e-06
  0.00091824082 -7.9149634e-05              0   4.979847e-06  1.6696796e-05  1.6143515e-05   -0.000261652  3.1453458e-05  0.00019575516  0.00019289322  0.00014552195  3.8529345e-06  4.7473982e-06  5.5867326e-06  6.0508885e-06
  3.8056206e-05 -2.6006864e-06              0  2.2356239e-06 -8.0731285e-07 -4.5149973e-07 -9.3773116e-06 -3.0875338e-06  7.3876076e-06  7.5655774e-06  3.8529345e-06  5.9720625e-05  2.2732833e-07  3.3214781e-07  3.0789785e-07
  3.6794469e-05 -2.3125653e-06              0  1.4060788e-06  3.7513245e-07  3.7649749e-07 -5.9876197e-05  1.1798117e-06  7.0400168e-06  7.0513848e-06  4.7473982e-06  2.2732833e-07  8.6102568e-07  4.5159744e-07  3.2410329e-07
  4.1213109e-05 -2.9054897e-06              0  8.8086738e-07  5.4532895e-07  5.3826925e-07 -4.2759683e-05  1.3225426e-06  8.3167041e-06  7.7106184e-06  5.5867326e-06  3.3214781e-07  4.5159744e-07  1.0937378e-06  2.1761953e-07
  3.5394988e-05 -3.1799099e-06              0 -6.9464162e-08  7.5297041e-07  7.1527847e-07 -3.8000065e-05  1.3302375e-06  7.6574779e-06  7.9890144e-06  6.0508885e-06  3.0789785e-07  3.2410329e-07  2.1761953e-07  3.4700781e-06


# ext. ||   Name    ||   type  ||     Value     ||  Error +/- 

   0   ||Natural mortality || limited ||    0.02983546682574 ||0.001157470862272
   1   ||Targeted q || limited ||      2.471090423589 ||0.07871324101723
   2   ||Nontargeted q || limited ||                   2 ||22.06548931833
   3   ||     sigma || limited ||      3.184451082559 ||0.1683762161384
   4   ||  Biomass1 || limited ||      1.169206369461 ||0.06757492908369
   5   ||  Biomass2 || limited ||       1.10686597887 ||0.05907293236462
   6   ||  vm_sigma || limited ||      39.57582224791 ||2.685825558159
   7   ||Recruit year 1 || limited ||     0.2186924165877 ||0.01292184753233
   8   ||Recruit year 2 || limited ||      8.267528423829 ||0.3422208270267
   9   ||Recruit year 3 || limited ||      8.159267221911 ||0.3390081804524
  10   ||Recruit year 4 || limited ||       3.41963361955 ||0.1547897767615
  11   ||Mean Rec dist 1 || limited ||     0.8624167536006 ||0.05444072701451
  12   ||Mean Rec dist 2 || limited ||      0.290439847724 ||0.006558579241094
  13   ||Mean Rec dist 3 || limited ||     0.5012380092886 ||0.007385762233485
  14   ||Mean Rec dist 4 || limited ||     0.8472267507561 ||0.0131247250161





