# Minimum negative log likelihood

Minuit did successfully converge.
# of function calls: 1072
minimum function Value: 498.4961937466
minimum edm: 3.673259010713e-06
minimum internal state vector: LAVector parameters:
       2.71081845774
     -1.034405147048
     -1.287002217587
     -1.243247805843
     -1.449487283323
     -1.454760029361
     0.9973227585611
     -2.974398966214
     -1.305512696203
     -1.198641115954
     -1.036699881626
     -1.285483728402

minimum internal covariance matrix: LASymMatrix parameters:
    0.023633934   0.0015515633              0 -5.4264977e-05 -0.00032393735 -0.00031299569 -2.6290426e-05 -5.3387362e-05  -0.0008447683  -0.0015713182  -0.0014187656 -0.00081789752
   0.0015515633  0.00010886852              0 -4.1275773e-06 -2.3260107e-05 -2.2195312e-05  1.0696462e-06  2.5176702e-05 -5.6508613e-05 -0.00010446483  -9.458822e-05 -5.5437671e-05
              0              0              2              0              0              0              0              0              0              0              0              0
 -5.4264977e-05 -4.1275773e-06              0  0.00013295108  5.3147083e-07  4.4829673e-07  4.9669278e-07 -2.3717328e-06  2.5493026e-06  3.0866935e-06  3.4243571e-06  1.6296032e-06
 -0.00032393735 -2.3260107e-05              0  5.3147083e-07   7.444285e-06  6.7347371e-06 -4.2401237e-07 -7.0936719e-06  1.1821059e-05  2.1999785e-05  1.9872549e-05  1.1679426e-05
 -0.00031299569 -2.2195312e-05              0  4.4829673e-07  6.7347371e-06  6.1654224e-06 -3.2843399e-07 -5.8492224e-06  1.1350239e-05  2.1223868e-05  1.9146341e-05   1.121383e-05
 -2.6290426e-05  1.0696462e-06              0  4.9669278e-07 -4.2401237e-07 -3.2843399e-07  4.1445683e-06  2.8081817e-05  7.4692403e-07  9.4261775e-07  9.8651872e-07  9.5536877e-07
 -5.3387362e-05  2.5176702e-05              0 -2.3717328e-06 -7.0936719e-06 -5.8492224e-06  2.8081817e-05  0.00082156448 -1.5267677e-06 -5.0990672e-06 -1.2960179e-06  2.9773018e-06
  -0.0008447683 -5.6508613e-05              0  2.5493026e-06  1.1821059e-05  1.1350239e-05  7.4692403e-07 -1.5267677e-06  3.4201885e-05  5.6025406e-05   5.072627e-05  2.9639746e-05
  -0.0015713182 -0.00010446483              0  3.0866935e-06  2.1999785e-05  2.1223868e-05  9.4261775e-07 -5.0990672e-06  5.6025406e-05  0.00010876382  9.4578975e-05  5.4578994e-05
  -0.0014187656  -9.458822e-05              0  3.4243571e-06  1.9872549e-05  1.9146341e-05  9.8651872e-07 -1.2960179e-06   5.072627e-05  9.4578975e-05  8.9243026e-05  4.9485702e-05
 -0.00081789752 -5.5437671e-05              0  1.6296032e-06  1.1679426e-05   1.121383e-05  9.5536877e-07  2.9773018e-06  2.9639746e-05  5.4578994e-05  4.9485702e-05  3.6384064e-05


# ext. ||   Name    ||   type  ||     Value     ||  Error +/- 

   0   ||Natural mortality || limited ||    0.05543935987345 ||0.002464509527535
   1   ||Targeted q || limited ||      7.022074174927 ||0.1885188813217
   2   ||Nontargeted q || limited ||                   2 ||22.06548931833
   3   ||     sigma || limited ||      2.658305765494 ||0.1311529446242
   4   ||  Biomass1 || limited ||      3.674461610309 ||0.1167330186078
   5   ||  Biomass2 || limited ||      3.362330386327 ||0.1016377490161
   6   ||   vm_mean || limited ||      2.639005219766 ||0.002453673062276
   7   ||  vm_sigma || limited ||      33.34395010651 ||0.7993410025802
   8   ||Recruit year 1 || limited ||      1.758916261758 ||0.05420506481612
   9   ||Recruit year 2 || limited ||      3.432366558544 ||0.134060964608
  10   ||Recruit year 3 || limited ||      6.972856275751 ||0.1700072631854
  11   ||Recruit year 4 || limited ||      2.031112048406 ||0.06001759256489





