# Minimum negative log likelihood

Minuit did successfully converge.
# of function calls: 1620
minimum function Value: 410.1764360145
minimum edm: 1.117540749012e-05
minimum internal state vector: LAVector parameters:
    -0.6873462475128
     -1.005873802887
     -1.287002217587
     -1.306313548397
     -1.494267618074
     -1.500033750984
    -0.5448283828698
    -0.9662660233678
     -1.114133621335
     -1.233733061017
     -0.933367696194
     0.1023327029099
     0.1057410111767
    0.07380936650937
    0.09722637496529

minimum internal covariance matrix: LASymMatrix parameters:
  0.00013748013 -4.2999958e-05              0  1.3364904e-05  5.2138123e-06  5.0862778e-06 -7.9166469e-05  8.1031256e-05  5.9797716e-05   4.297813e-05  8.6791827e-05  3.6988909e-06  4.1532248e-06  3.3402201e-06  3.7212467e-06
 -4.2999958e-05  1.5475133e-05              0 -6.4888215e-06 -1.8464698e-06 -1.7817547e-06  2.0893474e-05 -2.5518889e-05  -1.911217e-05 -1.4118486e-05 -2.8755672e-05 -1.0590272e-06 -1.2128262e-06 -7.7459505e-07 -1.0885907e-06
              0              0              2              0              0              0              0              0              0              0              0              0              0              0              0
  1.3364904e-05 -6.4888215e-06              0  0.00011296325 -2.0384387e-06 -1.5799385e-06 -1.0487861e-05  5.8940562e-06  5.3096062e-06  5.9711329e-06  1.0936417e-05  5.8427021e-07  9.0506096e-07  -1.392082e-06  3.4964461e-07
  5.2138123e-06 -1.8464698e-06              0 -2.0384387e-06  1.8318343e-06   1.494202e-06  2.3929574e-07  3.0491298e-06  2.3220496e-06  1.7241008e-06  3.5090571e-06   1.262039e-07  1.2756772e-07  2.1884944e-07  2.0483081e-07
  5.0862778e-06 -1.7817547e-06              0 -1.5799385e-06   1.494202e-06   1.255887e-06 -3.1947668e-07  3.0887205e-06  2.3010207e-06  1.6059499e-06   3.456599e-06  1.2173579e-07   1.390116e-07  2.1968218e-07  1.8953958e-07
 -7.9166469e-05  2.0893474e-05              0 -1.0487861e-05  2.3929574e-07 -3.1947668e-07  0.00014122935 -4.6028907e-05 -3.3634148e-05 -2.3763141e-05 -4.7478798e-05 -3.5605332e-06 -3.7207214e-06 -3.3314531e-06  -3.169239e-06
  8.1031256e-05 -2.5518889e-05              0  5.8940562e-06  3.0491298e-06  3.0887205e-06 -4.6028907e-05   5.054323e-05  3.5473811e-05  2.4539169e-05  5.1361627e-05  2.0157793e-06  2.4038198e-06  2.1562417e-06  2.1323147e-06
  5.9797716e-05  -1.911217e-05              0  5.3096062e-06  2.3220496e-06  2.3010207e-06 -3.3634148e-05  3.5473811e-05   2.786832e-05  1.8822376e-05  3.8199645e-05  1.5864234e-06  1.7501177e-06  1.5169445e-06  1.5786964e-06
   4.297813e-05 -1.4118486e-05              0  5.9711329e-06  1.7241008e-06  1.6059499e-06 -2.3763141e-05  2.4539169e-05  1.8822376e-05   1.617978e-05  2.7720556e-05  1.2551959e-06  1.2904713e-06  8.6604027e-07  1.1540399e-06
  8.6791827e-05 -2.8755672e-05              0  1.0936417e-05  3.5090571e-06   3.456599e-06 -4.7478798e-05  5.1361627e-05  3.8199645e-05  2.7720556e-05  5.8865993e-05  2.3047438e-06  2.6264695e-06  1.9363122e-06  2.3702181e-06
  3.6988909e-06 -1.0590272e-06              0  5.8427021e-07   1.262039e-07  1.2173579e-07 -3.5605332e-06  2.0157793e-06  1.5864234e-06  1.2551959e-06  2.3047438e-06  2.2447207e-07  1.4658009e-07  1.0388849e-07   1.282303e-07
  4.1532248e-06 -1.2128262e-06              0  9.0506096e-07  1.2756772e-07   1.390116e-07 -3.7207214e-06  2.4038198e-06  1.7501177e-06  1.2904713e-06  2.6264695e-06  1.4658009e-07  3.1463654e-07  1.0436509e-07  1.4425776e-07
  3.3402201e-06 -7.7459505e-07              0  -1.392082e-06  2.1884944e-07  2.1968218e-07 -3.3314531e-06  2.1562417e-06  1.5169445e-06  8.6604027e-07  1.9363122e-06  1.0388849e-07  1.0436509e-07  4.4537822e-07  1.0649489e-07
  3.7212467e-06 -1.0885907e-06              0  3.4964461e-07  2.0483081e-07  1.8953958e-07  -3.169239e-06  2.1323147e-06  1.5786964e-06  1.1540399e-06  2.3702181e-06   1.282303e-07  1.4425776e-07  1.0649489e-07   2.079169e-07


# ext. ||   Name    ||   type  ||     Value     ||  Error +/- 

   0   ||Natural mortality || limited ||    0.05482676291706 ||0.0009612422050279
   1   ||Targeted q || limited ||      7.768496009317 ||0.07445772345529
   2   ||Nontargeted q || limited ||                   2 ||22.06548931833
   3   ||     sigma || limited ||      1.738608154161 ||0.09822947122196
   4   ||  Biomass1 || limited ||      1.463446365149 ||0.03658460865366
   5   ||  Biomass2 || limited ||      1.251313256963 ||0.02801375767603
   6   ||  vm_sigma || limited ||      19.26990600049 ||0.2874569887078
   7   ||Recruit year 1 || limited ||       8.87065622114 ||0.1428488448642
   8   ||Recruit year 2 || limited ||      5.133033122185 ||0.08229254160976
   9   ||Recruit year 3 || limited ||      2.823220563341 ||0.04702771415792
  10   ||Recruit year 4 || limited ||      9.827582414975 ||0.1614188482713
  11   ||Mean Rec dist 1 || limited ||      1.021541920317 ||0.003332638511399
  12   ||Mean Rec dist 2 || limited ||      1.055440700909 ||0.003944183127864
  13   ||Mean Rec dist 3 || limited ||     0.7374236803946 ||0.004706146240194
  14   ||Mean Rec dist 4 || limited ||     0.9707326771407 ||0.003209031373043





