# Minimum negative log likelihood

Minuit did successfully converge.
# of function calls: 1188
minimum function Value: 632.186920628
minimum edm: 1.068130853092e-05
minimum internal state vector: LAVector parameters:
    -0.8128844571642
     -1.032343062432
     -1.287002217587
     -1.117240699241
     -1.390818634866
     -1.401578117846
     -0.104121261336
     -1.352322523069
     -1.462366271942
    -0.9294249427833
     -1.087560495339
    0.02687417707102
     0.1013810175849
      0.057223449653
     0.1099510212857

minimum internal covariance matrix: LASymMatrix parameters:
    0.024134632  -0.0011555402              0  8.5246427e-05  0.00037033528  0.00033508614  -0.0039297735  0.00072907093   0.0004223249   0.0024990558   0.0018386709  0.00012477555   6.353832e-05  8.5011982e-05  8.8166351e-05
  -0.0011555402  6.8066416e-05              0 -4.5011275e-07 -2.4700219e-05 -2.2207855e-05  0.00014681121 -3.6997263e-05 -1.9388638e-05 -0.00011805685 -9.5518158e-05 -3.7115848e-06 -3.0451002e-06 -3.1721808e-06 -3.3704948e-06
              0              0              2              0              0              0              0              0              0              0              0              0              0              0              0
  8.5246427e-05 -4.5011275e-07              0  0.00028375689  5.1848049e-06   3.459106e-06  4.6123959e-05  1.0013023e-06  2.6066119e-06  1.0847534e-05  8.0347473e-06  -2.925123e-07  7.0757146e-06 -2.2907033e-07  3.3673961e-06
  0.00037033528 -2.4700219e-05              0  5.1848049e-06   2.525305e-05  2.1306592e-05 -5.3330854e-05  1.6402417e-05  5.8114224e-06  3.6636027e-05  3.2887541e-05  -9.164954e-07  4.2555972e-06  6.6723377e-07  3.2693698e-07
  0.00033508614 -2.2207855e-05              0   3.459106e-06  2.1306592e-05  1.8104983e-05 -4.9095467e-05  1.4475049e-05  5.2250284e-06  3.3110496e-05  2.9555869e-05 -6.4597976e-07  3.4996494e-06  6.5319801e-07  2.9530473e-07
  -0.0039297735  0.00014681121              0  4.6123959e-05 -5.3330854e-05 -4.9095467e-05   0.0042107575 -0.00013167764 -6.2753166e-05 -0.00039377247 -0.00027764502 -3.1827152e-05 -3.7231473e-05 -4.0653007e-05 -3.4247536e-05
  0.00072907093 -3.6997263e-05              0  1.0013023e-06  1.6402417e-05  1.4475049e-05 -0.00013167764  3.4357821e-05  1.2251533e-05   7.385271e-05  5.6249195e-05  1.5820007e-06  3.7157459e-06  2.4704569e-06  2.2615054e-06
   0.0004223249 -1.9388638e-05              0  2.6066119e-06  5.8114224e-06  5.2250284e-06 -6.2753166e-05  1.2251533e-05  1.6965029e-05    4.45334e-05  3.1554454e-05  2.6537298e-06 -1.0543489e-07  1.4360676e-06  1.5833714e-06
   0.0024990558 -0.00011805685              0  1.0847534e-05  3.6636027e-05  3.3110496e-05 -0.00039377247   7.385271e-05    4.45334e-05  0.00027182581  0.00018874831   1.485942e-05  4.6382981e-06  8.5704134e-06  8.7399711e-06
   0.0018386709 -9.5518158e-05              0  8.0347473e-06  3.2887541e-05  2.9555869e-05 -0.00027764502  5.6249195e-05  3.1554454e-05  0.00018874831  0.00016444987   8.663385e-06  4.7234618e-06  6.0306159e-06  6.9137364e-06
  0.00012477555 -3.7115848e-06              0  -2.925123e-07  -9.164954e-07 -6.4597976e-07 -3.1827152e-05  1.5820007e-06  2.6537298e-06   1.485942e-05   8.663385e-06  5.5292018e-06 -1.7276941e-06  6.1032745e-07  1.0983388e-07
   6.353832e-05 -3.0451002e-06              0  7.0757146e-06  4.2555972e-06  3.4996494e-06 -3.7231473e-05  3.7157459e-06 -1.0543489e-07  4.6382981e-06  4.7234618e-06 -1.7276941e-06  2.1768475e-05  3.9390412e-07  1.4312147e-06
  8.5011982e-05 -3.1721808e-06              0 -2.2907033e-07  6.6723377e-07  6.5319801e-07 -4.0653007e-05  2.4704569e-06  1.4360676e-06  8.5704134e-06  6.0306159e-06  6.1032745e-07  3.9390412e-07  8.6352899e-07  5.1500137e-07
  8.8166351e-05 -3.3704948e-06              0  3.3673961e-06  3.2693698e-07  2.9530473e-07 -3.4247536e-05  2.2615054e-06  1.5833714e-06  8.7399711e-06  6.9137364e-06  1.0983388e-07  1.4312147e-06  5.1500137e-07  2.1933053e-06


# ext. ||   Name    ||   type  ||     Value     ||  Error +/- 

   0   ||Natural mortality || limited ||    0.02684317531898 ||0.001884018254428
   1   ||Targeted q || limited ||      7.074855623976 ||0.1495802978919
   2   ||Nontargeted q || limited ||                   2 ||22.06548931833
   3   ||     sigma || limited ||      5.055258088305 ||0.2609486584514
   4   ||  Biomass1 || limited ||      8.076156826119 ||0.3180405834748
   5   ||  Biomass2 || limited ||      7.141634525353 ||0.2533528900041
   6   ||  vm_sigma || limited ||       35.8432227902 ||1.824773078547
   7   ||Recruit year 1 || limited ||      1.198412453256 ||0.04491197158435
   8   ||Recruit year 2 || limited ||     0.3036096920323 ||0.0157574739307
   9   ||Recruit year 3 || limited ||      9.945205399465 ||0.3487083537448
  10   ||Recruit year 4 || limited ||      5.734625374091 ||0.2106422366545
  11   ||Mean Rec dist 1 || limited ||     0.2687094233689 ||0.01662107746925
  12   ||Mean Rec dist 2 || limited ||      1.012074392577 ||0.0328218097768
  13   ||Mean Rec dist 3 || limited ||     0.5719222484694 ||0.006560123111697
  14   ||Mean Rec dist 4 || limited ||      1.097296180138 ||0.01040888045371





