# Minimum negative log likelihood

Minuit did successfully converge.
# of function calls: 2219
minimum function Value: 408.2238991246
minimum edm: 8.735294121039e-05
minimum internal state vector: LAVector parameters:
    -0.6522303075401
    -0.9356415416762
     -1.287002217587
     -1.307543810683
     -1.462128513575
     -1.472001596617
     0.1515363838174
     -0.950674831863
     -1.341912613977
     -1.129039567688
     -1.245071485829
    0.06051697855475
    0.02588247881569
    0.07352100942417
    0.07924417053785

minimum internal covariance matrix: LASymMatrix parameters:
  9.4171504e-05 -3.6708777e-05              0  5.2107461e-06  6.4288268e-06  5.5664355e-06 -0.00011080499  5.2867309e-05  1.5914452e-05  3.7435207e-05  2.8681289e-05   1.388075e-06  1.1394691e-06  1.5068022e-06  1.8544483e-06
 -3.6708777e-05  1.7450736e-05              0 -3.4523348e-06 -3.0292985e-06 -2.5908073e-06  3.0568862e-05 -2.1507485e-05 -6.2595437e-06 -1.4924577e-05 -1.2198056e-05 -3.4822224e-07 -3.1389265e-07 -4.1017339e-07 -6.1728741e-07
              0              0              2              0              0              0              0              0              0              0              0              0              0              0              0
  5.2107461e-06 -3.4523348e-06              0  9.7988102e-05  1.9413142e-07  1.5731856e-07 -1.1735032e-05  3.8813126e-06  6.5345759e-07  7.0103032e-07  2.0009938e-06 -3.2693858e-08  2.8211334e-07   1.567693e-07  9.9571243e-08
  6.4288268e-06 -3.0292985e-06              0  1.9413142e-07  1.4091401e-06  1.1287538e-06 -4.1043111e-06  3.7575141e-06  1.1573931e-06    2.57326e-06  2.1557896e-06  5.0671911e-08   7.426442e-08  7.8122154e-08  1.2015196e-07
  5.5664355e-06 -2.5908073e-06              0  1.5731856e-07  1.1287538e-06  9.2187828e-07 -3.6145859e-06  3.2466417e-06  1.0056302e-06  2.2170273e-06  1.8739544e-06  4.5071948e-08  6.2166257e-08  6.8394115e-08  1.0440171e-07
 -0.00011080499  3.0568862e-05              0 -1.1735032e-05 -4.1043111e-06 -3.6145859e-06  0.00063799403 -5.9697128e-05 -1.7878697e-05 -4.2821376e-05   -2.97614e-05 -4.5029269e-06 -3.8894614e-06  -4.477173e-06 -4.3234777e-06
  5.2867309e-05 -2.1507485e-05              0  3.8813126e-06  3.7575141e-06  3.2466417e-06 -5.9697128e-05  3.2321524e-05  9.0512527e-06  2.1414737e-05  1.6534559e-05  7.1260797e-07  6.0342035e-07   8.296082e-07  1.0333742e-06
  1.5914452e-05 -6.2595437e-06              0  6.5345759e-07  1.1573931e-06  1.0056302e-06 -1.7878697e-05  9.0512527e-06  4.3871406e-06  6.3838426e-06  4.9418824e-06  2.2184802e-07  2.1056738e-07  2.3073491e-07  3.1400869e-07
  3.7435207e-05 -1.4924577e-05              0  7.0103032e-07    2.57326e-06  2.2170273e-06 -4.2821376e-05  2.1414737e-05  6.3838426e-06  1.7095652e-05  1.1332755e-05  5.4828162e-07  3.9255097e-07  5.8322937e-07  7.5730215e-07
  2.8681289e-05 -1.2198056e-05              0  2.0009938e-06  2.1557896e-06  1.8739544e-06   -2.97614e-05  1.6534559e-05  4.9418824e-06  1.1332755e-05   1.150688e-05  3.3975759e-07  2.9471151e-07  3.8881843e-07  5.3905011e-07
   1.388075e-06 -3.4822224e-07              0 -3.2693858e-08  5.0671911e-08  4.5071948e-08 -4.5029269e-06  7.1260797e-07  2.2184802e-07  5.4828162e-07  3.3975759e-07  7.3334126e-08  3.7032447e-08  4.0964253e-08   4.436734e-08
  1.1394691e-06 -3.1389265e-07              0  2.8211334e-07   7.426442e-08  6.2166257e-08 -3.8894614e-06  6.0342035e-07  2.1056738e-07  3.9255097e-07  2.9471151e-07  3.7032447e-08  2.1543346e-07  3.4456989e-08  2.6808302e-08
  1.5068022e-06 -4.1017339e-07              0   1.567693e-07  7.8122154e-08  6.8394115e-08  -4.477173e-06   8.296082e-07  2.3073491e-07  5.8322937e-07  3.8881843e-07  4.0964253e-08  3.4456989e-08  1.3281418e-07  4.3174524e-08
  1.8544483e-06 -6.1728741e-07              0  9.9571243e-08  1.2015196e-07  1.0440171e-07 -4.3234777e-06  1.0333742e-06  3.1400869e-07  7.5730215e-07  5.3905011e-07   4.436734e-08  2.6808302e-08  4.3174524e-08  2.0144861e-07


# ext. ||   Name    ||   type  ||     Value     ||  Error +/- 

   0   ||Natural mortality || limited ||    0.05895593838265 ||0.0008180000740868
   1   ||Targeted q || limited ||      9.751006411112 ||0.08762683958961
   2   ||Nontargeted q || limited ||                   2 ||22.06548931833
   3   ||     sigma || limited ||      1.722564533825 ||0.09107156213213
   4   ||  Biomass1 || limited ||      2.949269441521 ||0.04551744642506
   5   ||  Biomass2 || limited ||      2.438115627871 ||0.0334825735738
   6   ||  vm_sigma || limited ||      46.03870801692 ||0.7061861077547
   7   ||Recruit year 1 || limited ||      9.318676147859 ||0.1167972553654
   8   ||Recruit year 2 || limited ||      1.313855766455 ||0.01680035600429
   9   ||Recruit year 3 || limited ||      4.809420287594 ||0.06249116072086
  10   ||Recruit year 4 || limited ||      2.638785625092 ||0.03837372410203
  11   ||Mean Rec dist 1 || limited ||     0.6048004671575 ||0.001911359220199
  12   ||Mean Rec dist 2 || limited ||     0.2587958912203 ||0.003280923388036
  13   ||Mean Rec dist 3 || limited ||     0.7345479299502 ||0.002569995734756
  14   ||Mean Rec dist 4 || limited ||      0.791612591166 ||0.003163749588397





