# Minimum negative log likelihood

Minuit did successfully converge.
# of function calls: 1410
minimum function Value: 409.7497628242
minimum edm: 2.858191460699e-05
minimum internal state vector: LAVector parameters:
     0.2456350459304
     -0.986183310293
     -1.287002217587
     -1.306599231195
      -1.52310292465
     -1.526831940253
   -0.07474265149951
     -1.045008181379
    -0.9674829983243
     -1.073944093195
     -1.179194175545
     0.1201377178487
    0.07533346812429
    0.07885748964508
    0.04859986678068

minimum internal covariance matrix: LASymMatrix parameters:
   0.0031830027 -0.00017299905              0  0.00012321046 -3.7852504e-06 -2.6795664e-06 -0.00075655999  0.00032652037   0.0003522551  0.00030326298  0.00024852494  2.0612012e-05  1.5592195e-05  1.6220703e-05  8.3961522e-06
 -0.00017299905   1.158842e-05              0 -5.2546104e-06 -1.0556749e-08 -9.4293311e-08  3.9132318e-05 -1.7663586e-05 -1.9665294e-05 -1.6705666e-05  -1.414956e-05 -9.4477474e-07 -6.7458417e-07   -6.90524e-07 -5.3938911e-07
              0              0              2              0              0              0              0              0              0              0              0              0              0              0              0
  0.00012321046 -5.2546104e-06              0  0.00011530741 -5.6828105e-07 -6.9122527e-07 -3.3932694e-05  1.1679238e-05  1.2018915e-05  1.3679243e-05  1.0278961e-05  9.2618821e-07  8.3172343e-07  7.8882092e-08 -2.5920025e-07
 -3.7852504e-06 -1.0556749e-08              0 -5.6828105e-07  1.3027838e-06  9.8052219e-07  5.5670848e-07 -3.0222125e-07 -9.3806414e-08 -6.8877271e-07 -1.5805405e-07 -9.3974259e-08 -8.2846177e-08 -6.7119644e-08  2.2943309e-08
 -2.6795664e-06 -9.4293311e-08              0 -6.9122527e-07  9.8052219e-07  7.5832405e-07  1.8870427e-07 -2.0568253e-07 -4.4276026e-08 -5.1857864e-07 -9.7217586e-08 -7.3508834e-08  -6.359737e-08 -4.9817814e-08  2.8230602e-08
 -0.00075655999  3.9132318e-05              0 -3.3932694e-05  5.5670848e-07  1.8870427e-07  0.00059899639 -7.4405317e-05 -7.7318582e-05  -7.036647e-05 -6.2380844e-05 -6.3116417e-06 -7.1942461e-06 -5.3382613e-06 -4.8449881e-06
  0.00032652037 -1.7663586e-05              0  1.1679238e-05 -3.0222125e-07 -2.0568253e-07 -7.4405317e-05  3.5859267e-05  3.6367617e-05  3.0375485e-05  2.5456059e-05  2.0747087e-06  1.6224792e-06  1.7368295e-06   7.935413e-07
   0.0003522551 -1.9665294e-05              0  1.2018915e-05 -9.3806414e-08 -4.4276026e-08 -7.7318582e-05  3.6367617e-05  4.2453658e-05  3.3716302e-05  2.6222575e-05  2.5353722e-06  1.3807946e-06  1.7313189e-06  8.4805639e-07
  0.00030326298 -1.6705666e-05              0  1.3679243e-05 -6.8877271e-07 -5.1857864e-07  -7.036647e-05  3.0375485e-05  3.3716302e-05  3.3857404e-05  2.2222407e-05  1.9395286e-06  1.3081602e-06  1.5361188e-06  8.2941628e-07
  0.00024852494  -1.414956e-05              0  1.0278961e-05 -1.5805405e-07 -9.7217586e-08 -6.2380844e-05  2.5456059e-05  2.6222575e-05  2.2222407e-05  2.4146256e-05  1.3144284e-06  1.2948902e-06  1.2152971e-06  9.1313522e-07
  2.0612012e-05 -9.4477474e-07              0  9.2618821e-07 -9.3974259e-08 -7.3508834e-08 -6.3116417e-06  2.0747087e-06  2.5353722e-06  1.9395286e-06  1.3144284e-06  3.4668635e-07  8.0915796e-08  1.2562666e-07  3.1603038e-08
  1.5592195e-05 -6.7458417e-07              0  8.3172343e-07 -8.2846177e-08  -6.359737e-08 -7.1942461e-06  1.6224792e-06  1.3807946e-06  1.3081602e-06  1.2948902e-06  8.0915796e-08  2.6865958e-07  1.2434449e-07  3.5674819e-08
  1.6220703e-05   -6.90524e-07              0  7.8882092e-08 -6.7119644e-08 -4.9817814e-08 -5.3382613e-06  1.7368295e-06  1.7313189e-06  1.5361188e-06  1.2152971e-06  1.2562666e-07  1.2434449e-07  2.4891142e-07  9.5341428e-08
  8.3961522e-06 -5.3938911e-07              0 -2.5920025e-07  2.2943309e-08  2.8230602e-08 -4.8449881e-06   7.935413e-07  8.4805639e-07  8.2941628e-07  9.1313522e-07  3.1603038e-08  3.5674819e-08  9.5341428e-08  2.1460391e-07


# ext. ||   Name    ||   type  ||     Value     ||  Error +/- 

   0   ||Natural mortality || limited ||    0.05107930893995 ||0.0009671469695354
   1   ||Targeted q || limited ||      8.303714224822 ||0.06642151258962
   2   ||Nontargeted q || limited ||                   2 ||22.06548931833
   3   ||     sigma || limited ||      1.734876105676 ||0.09913873507848
   4   ||  Biomass1 || limited ||     0.5685573668541 ||0.01923910124232
   5   ||  Biomass2 || limited ||     0.4831389931855 ||0.01353142381696
   6   ||  vm_sigma || limited ||      37.01361414665 ||0.6902648712804
   7   ||Recruit year 1 || limited ||      6.762892434541 ||0.1062487230073
   8   ||Recruit year 2 || limited ||       8.83610519987 ||0.1306883898589
   9   ||Recruit year 3 || limited ||      6.055028873179 ||0.09804976646077
  10   ||Recruit year 4 || limited ||      3.794683808549 ||0.0663015020846
  11   ||Mean Rec dist 1 || limited ||      1.198489336227 ||0.004133440480405
  12   ||Mean Rec dist 2 || limited ||     0.7526223378519 ||0.003654707707071
  13   ||Mean Rec dist 3 || limited ||     0.7877578578817 ||0.003516864783118
  14   ||Mean Rec dist 4 || limited ||     0.4858073732129 ||0.003271829929293





