# Minimum negative log likelihood

Minuit did successfully converge.
# of function calls: 1255
minimum function Value: 637.4428951184
minimum edm: 2.001221060349e-05
minimum internal state vector: LAVector parameters:
    -0.1130361221702
     -1.152687911673
     -1.287002217587
     -1.111397809268
      -1.38499234842
      -1.39422551073
     -0.942305120131
     -1.227768295412
    -0.9811899778958
    -0.9534368611242
    -0.9852752021774
    0.02471770706549
    0.03746336246266
    0.04799441842827
    0.06393592664484

minimum internal covariance matrix: LASymMatrix parameters:
    0.014538823  -0.0011733004              0 -1.9160081e-05  0.00055105111  0.00051169246  -0.0012162135    0.001403552   0.0025007318   0.0026510774   0.0025239882  0.00016202796  0.00015474383  0.00015963365  0.00016223255
  -0.0011733004  0.00011152283              0 -9.4575161e-07 -5.1839103e-05 -4.8002835e-05  6.4193902e-05  -0.0001177817   -0.000209863 -0.00022243902  -0.0002177495 -1.0860249e-05 -9.9647933e-06 -1.0673282e-05 -1.1946995e-05
              0              0              2              0              0              0              0              0              0              0              0              0              0              0              0
 -1.9160081e-05 -9.4575161e-07              0  0.00026828813  1.0750689e-06  7.4449667e-07  3.5367874e-06 -6.0173729e-07 -4.3120084e-06 -2.6459563e-06  -2.246576e-06 -3.1495616e-07 -1.7501407e-07  -1.490298e-07 -2.4763108e-07
  0.00055105111 -5.1839103e-05              0  1.0750689e-06  3.4562483e-05  3.0986508e-05 -3.4264397e-05  5.6483458e-05  9.8029087e-05  0.00010426382  0.00010261186  4.3804453e-06  5.0540268e-06  5.1688338e-06  5.8972306e-06
  0.00051169246 -4.8002835e-05              0  7.4449667e-07  3.0986508e-05  2.7928649e-05 -3.1421938e-05  5.2121482e-05  9.1046796e-05  9.6755683e-05  9.5033501e-05  4.2879236e-06  4.6603271e-06  4.7916157e-06  5.4343164e-06
  -0.0012162135  6.4193902e-05              0  3.5367874e-06 -3.4264397e-05 -3.1421938e-05  0.00035646768 -0.00010583457 -0.00018879472 -0.00020088518 -0.00019188097 -2.1484951e-05 -2.4741297e-05 -2.3662214e-05 -2.3085661e-05
    0.001403552  -0.0001177817              0 -6.0173729e-07  5.6483458e-05  5.2121482e-05 -0.00010583457  0.00015222646  0.00024374828  0.00025833195  0.00024749468  1.3773598e-05  1.4348808e-05  1.4658127e-05  1.5422927e-05
   0.0025007318   -0.000209863              0 -4.3120084e-06  9.8029087e-05  9.1046796e-05 -0.00018879472  0.00024374828  0.00044916403  0.00046006462  0.00044039632  2.6674484e-05  2.5059872e-05  2.6460979e-05  2.7137751e-05
   0.0026510774 -0.00022243902              0 -2.6459563e-06  0.00010426382  9.6755683e-05 -0.00020088518  0.00025833195  0.00046006462  0.00050275996  0.00046726635  2.8184004e-05  2.6709605e-05  2.7561659e-05  2.9110895e-05
   0.0025239882  -0.0002177495              0  -2.246576e-06  0.00010261186  9.5033501e-05 -0.00019188097  0.00024749468  0.00044039632  0.00046726635  0.00047781221  2.6501728e-05  2.5213765e-05  2.6233753e-05  2.9195082e-05
  0.00016202796 -1.0860249e-05              0 -3.1495616e-07  4.3804453e-06  4.2879236e-06 -2.1484951e-05  1.3773598e-05  2.6674484e-05  2.8184004e-05  2.6501728e-05  6.7006883e-06  2.1950576e-06  2.1714347e-06  2.1033811e-06
  0.00015474383 -9.9647933e-06              0 -1.7501407e-07  5.0540268e-06  4.6603271e-06 -2.4741297e-05  1.4348808e-05  2.5059872e-05  2.6709605e-05  2.5213765e-05  2.1950576e-06  3.4210982e-06  2.2875076e-06  2.2109524e-06
  0.00015963365 -1.0673282e-05              0  -1.490298e-07  5.1688338e-06  4.7916157e-06 -2.3662214e-05  1.4658127e-05  2.6460979e-05  2.7561659e-05  2.6233753e-05  2.1714347e-06  2.2875076e-06  3.4263785e-06  2.2057997e-06
  0.00016223255 -1.1946995e-05              0 -2.4763108e-07  5.8972306e-06  5.4343164e-06 -2.3085661e-05  1.5422927e-05  2.7137751e-05  2.9110895e-05  2.9195082e-05  2.1033811e-06  2.2109524e-06  2.2057997e-06  4.1190134e-06


# ext. ||   Name    ||   type  ||     Value     ||  Error +/- 

   0   ||Natural mortality || limited ||    0.04218011094059 ||0.002115353125109
   1   ||Targeted q || limited ||      4.307069009942 ||0.1515980764273
   2   ||Nontargeted q || limited ||                   2 ||22.06548931833
   3   ||     sigma || limited ||      5.184031878636 ||0.2567737343118
   4   ||  Biomass1 || limited ||      8.605978032325 ||0.3839807761009
   5   ||  Biomass2 || limited ||       7.77408386508 ||0.3282002045913
   6   ||  vm_sigma || limited ||      7.644285020151 ||0.3139486537779
   7   ||Recruit year 1 || limited ||      2.922681920306 ||0.146699954305
   8   ||Recruit year 2 || limited ||       8.45117445604 ||0.4165806148505
   9   ||Recruit year 3 || limited ||      9.238584008435 ||0.4588442725348
  10   ||Recruit year 4 || limited ||      8.337956720929 ||0.4270319072647
  11   ||Mean Rec dist 1 || limited ||     0.2471519019989 ||0.01829834380856
  12   ||Mean Rec dist 2 || limited ||     0.3745459975071 ||0.01306961543062
  13   ||Mean Rec dist 3 || limited ||     0.4797599497951 ||0.0130738097439
  14   ||Mean Rec dist 4 || limited ||     0.6389237597136 ||0.01432165456179





