# Minimum negative log likelihood

Minuit did successfully converge.
# of function calls: 995
minimum function Value: 599.9970110972
minimum edm: 4.830333838941e-05
minimum internal state vector: LAVector parameters:
      2.990390303565
     -1.047616669037
     -1.287002217587
      -1.15159713122
     -1.376202241652
     -1.387991105238
     0.6952638350428
    -0.9649819452329
    -0.9645432731046
    -0.9755278763812
     -1.293043407059
     -1.348747731916

minimum internal covariance matrix: LASymMatrix parameters:
     0.02969095   0.0022379782              0  3.4648663e-05 -0.00085924317 -0.00081426685 -0.00010430729  0.00021006117  -0.0033264924  -0.0025511555  -0.0013191481  -0.0011249102
   0.0022379782  0.00018634776              0  1.7002065e-06 -7.1174413e-05 -6.7084164e-05  3.3145602e-06 -1.6583773e-05 -0.00025694977 -0.00019625631 -0.00010097784 -8.4430364e-05
              0              0              2              0              0              0              0              0              0              0              0              0
  3.4648663e-05  1.7002065e-06              0  0.00021845714  5.6107239e-07  1.8233095e-07 -4.5023496e-07   1.649279e-06 -4.5836579e-06 -7.0511206e-06  5.2025782e-06 -5.6717117e-06
 -0.00085924317 -7.1174413e-05              0  5.6107239e-07  3.3923575e-05   3.099197e-05 -1.2565817e-06  6.9480239e-06  9.8628098e-05  7.5473631e-05  3.7337835e-05  3.5287469e-05
 -0.00081426685 -6.7084164e-05              0  1.8233095e-07   3.099197e-05  2.8504553e-05 -7.3225445e-07  5.5784504e-06   9.328808e-05  7.1414624e-05    3.55091e-05  3.2911802e-05
 -0.00010430729  3.3145602e-06              0 -4.5023496e-07 -1.2565817e-06 -7.3225445e-07   1.764193e-05 -3.4459054e-05  6.8867536e-06  7.5429067e-06  1.8469966e-06  3.8502619e-06
  0.00021006117 -1.6583773e-05              0   1.649279e-06  6.9480239e-06  5.5784504e-06 -3.4459054e-05  0.00017835326 -1.1325578e-05 -1.4335818e-05 -7.0718319e-06 -6.3786147e-06
  -0.0033264924 -0.00025694977              0 -4.5836579e-06  9.8628098e-05   9.328808e-05  6.8867536e-06 -1.1325578e-05  0.00038524849  0.00028724079   0.0001483228  0.00012601405
  -0.0025511555 -0.00019625631              0 -7.0511206e-06  7.5473631e-05  7.1414624e-05  7.5429067e-06 -1.4335818e-05  0.00028724079  0.00023002066  0.00011232074  9.5893738e-05
  -0.0013191481 -0.00010097784              0  5.2025782e-06  3.7337835e-05    3.55091e-05  1.8469966e-06 -7.0718319e-06   0.0001483228  0.00011232074   7.326621e-05  4.5750261e-05
  -0.0011249102 -8.4430364e-05              0 -5.6717117e-06  3.5287469e-05  3.2911802e-05  3.8502619e-06 -6.3786147e-06  0.00012601405  9.5893738e-05  4.5750261e-05  6.6378757e-05


# ext. ||   Name    ||   type  ||     Value     ||  Error +/- 

   0   ||Natural mortality || limited ||    0.04876567182751 ||0.003003851683131
   1   ||Targeted q || limited ||      6.688255668223 ||0.2411375991276
   2   ||Nontargeted q || limited ||                   2 ||22.06548931833
   3   ||     sigma || limited ||      4.329240806182 ||0.212694223619
   4   ||  Biomass1 || limited ||      9.436879279658 ||0.3981895528291
   5   ||  Biomass2 || limited ||        8.3311976171 ||0.3431453604702
   6   ||   vm_mean || limited ||      2.012466732975 ||0.007164787431106
   7   ||  vm_sigma || limited ||       7.11936559585 ||0.2150875583355
   8   ||Recruit year 1 || limited ||      8.919670809951 ||0.3953526503422
   9   ||Recruit year 2 || limited ||      8.609239980309 ||0.3006362062989
  10   ||Recruit year 3 || limited ||      1.926108132478 ||0.08296996878132
  11   ||Recruit year 4 || limited ||      1.237460353626 ||0.06343033692076





