# Minimum negative log likelihood

Minuit did successfully converge.
# of function calls: 1315
minimum function Value: 590.9850284639
minimum edm: 2.051756985137e-05
minimum internal state vector: LAVector parameters:
    -0.6314179572239
    -0.9727651605798
     -1.287002217587
      -1.16065429941
     -1.459767086005
     -1.467490082926
     0.2044178410944
    -0.9974929409441
     -1.011452350095
     -1.268162424864
     -1.271751364326
     0.1193613673331
    0.07266590464347
     0.0238719282206
    0.04278272354392

minimum internal covariance matrix: LASymMatrix parameters:
    0.010198846 -0.00052150086              0  7.5857186e-05  8.8934774e-05  8.3731341e-05   -0.002881199  0.00092631013  0.00093744461  0.00045391745  0.00040567882  3.8193007e-05  3.5056648e-05  3.2694486e-05  2.2925192e-05
 -0.00052150086  3.2621128e-05              0  1.8828862e-06 -5.7516791e-06 -5.2387444e-06  0.00010669422 -4.7622836e-05 -4.6733789e-05 -2.2815156e-05 -2.3602077e-05 -1.2347184e-06 -1.5367381e-06 -1.4243106e-06 -1.2124211e-06
              0              0              2              0              0              0              0              0              0              0              0              0              0              0              0
  7.5857186e-05  1.8828862e-06              0  0.00027970258 -8.6641002e-07 -1.0029732e-06 -1.2492873e-06  1.1977517e-05  1.5212373e-05  1.4331766e-05 -1.0753636e-05  4.9314934e-06 -3.1874129e-06  4.1304001e-07 -3.6716848e-06
  8.8934774e-05 -5.7516791e-06              0 -8.6641002e-07  6.5076743e-06  5.1043394e-06 -2.9792411e-05  8.4892127e-06  9.3646052e-06  4.0799805e-06  4.6125459e-06   1.510097e-07   2.831886e-07  1.0544544e-07  4.8514205e-07
  8.3731341e-05 -5.2387444e-06              0 -1.0029732e-06  5.1043394e-06  4.1027006e-06 -2.6035285e-05  7.8190731e-06  8.5722308e-06  3.7148524e-06  4.0684989e-06  1.3648723e-07  3.0421306e-07   1.286132e-07  3.9517044e-07
   -0.002881199  0.00010669422              0 -1.2492873e-06 -2.9792411e-05 -2.6035285e-05   0.0050693288 -0.00024953248 -0.00027546701 -0.00010424777  -0.0001238294 -2.3728535e-05 -3.1975626e-05 -2.0178305e-05 -3.1632181e-05
  0.00092631013 -4.7622836e-05              0  1.1977517e-05  8.4892127e-06  7.8190731e-06 -0.00024953248  9.1306911e-05  8.5362852e-05  4.2436595e-05  3.6775987e-05  3.7546475e-06  2.7670302e-06  2.9831975e-06  1.8372246e-06
  0.00093744461 -4.6733789e-05              0  1.5212373e-05  9.3646052e-06  8.5722308e-06 -0.00027546701  8.5362852e-05  9.6045819e-05  4.2073002e-05  3.5394777e-05  3.7876794e-06  3.0159222e-06  2.8485963e-06  1.9710773e-06
  0.00045391745 -2.2815156e-05              0  1.4331766e-05  4.0799805e-06  3.7148524e-06 -0.00010424777  4.2436595e-05  4.2073002e-05  2.9134223e-05  1.6866692e-05  2.4792588e-06  8.2179528e-07  1.4155344e-06   3.562684e-07
  0.00040567882 -2.3602077e-05              0 -1.0753636e-05  4.6125459e-06  4.0684989e-06  -0.0001238294  3.6775987e-05  3.5394777e-05  1.6866692e-05  2.8610531e-05  7.6301105e-07  1.7567739e-06  1.2499178e-06  1.8904556e-06
  3.8193007e-05 -1.2347184e-06              0  4.9314934e-06   1.510097e-07  1.3648723e-07 -2.3728535e-05  3.7546475e-06  3.7876794e-06  2.4792588e-06  7.6301105e-07  9.3335119e-07   -3.96522e-08  2.1476168e-07 -9.1491796e-08
  3.5056648e-05 -1.5367381e-06              0 -3.1874129e-06   2.831886e-07  3.0421306e-07 -3.1975626e-05  2.7670302e-06  3.0159222e-06  8.2179528e-07  1.7567739e-06   -3.96522e-08  6.7649984e-07   1.494571e-07    3.69629e-07
  3.2694486e-05 -1.4243106e-06              0  4.1304001e-07  1.0544544e-07   1.286132e-07 -2.0178305e-05  2.9831975e-06  2.8485963e-06  1.4155344e-06  1.2499178e-06  2.1476168e-07   1.494571e-07  6.7963593e-07  9.6310624e-08
  2.2925192e-05 -1.2124211e-06              0 -3.6716848e-06  4.8514205e-07  3.9517044e-07 -3.1632181e-05  1.8372246e-06  1.9710773e-06   3.562684e-07  1.8904556e-06 -9.1491796e-08    3.69629e-07  9.6310624e-08  1.0381644e-06


# ext. ||   Name    ||   type  ||     Value     ||  Error +/- 

   0   ||Natural mortality || limited ||    0.03024275215668 ||0.001439818771347
   1   ||Targeted q || limited ||      8.677714912845 ||0.1136905539003
   2   ||Nontargeted q || limited ||                   2 ||22.06548931833
   3   ||     sigma || limited ||      4.146789993679 ||0.235766700619
   4   ||  Biomass1 || limited ||      3.078708397721 ||0.09993379601436
   5   ||  Biomass2 || limited ||      2.665673028146 ||0.07384882513356
   6   ||  vm_sigma || limited ||      48.12028475623 ||1.971031434602
   7   ||Recruit year 1 || limited ||      8.003511970277 ||0.18322636336
   8   ||Recruit year 2 || limited ||      7.629068057209 ||0.1838397184849
   9   ||Recruit year 3 || limited ||      2.282032524525 ||0.05686959724005
  10   ||Recruit year 4 || limited ||      2.228863776844 ||0.05570800113993
  11   ||Mean Rec dist 1 || limited ||      1.190781428928 ||0.00678275936927
  12   ||Mean Rec dist 2 || limited ||     0.7260197148773 ||0.00580057714688
  13   ||Mean Rec dist 3 || limited ||     0.2386966097339 ||0.005827729518923
  14   ||Mean Rec dist 4 || limited ||     0.4276967343043 ||0.007198142540889





