# Minimum negative log likelihood

Minuit did successfully converge.
# of function calls: 1497
minimum function Value: 634.132782021
minimum edm: 3.325723868044e-05
minimum internal state vector: LAVector parameters:
     0.9387791259553
     -1.059217970568
     -1.287002217587
     -1.115083171242
     -1.444869727508
     -1.454310586153
    -0.4124013757593
     -1.366287771257
     -1.060705112528
     -1.076085339039
     -1.275293554395
    0.07408052857046
     0.0962460771884
    0.02409804246495
     0.1026449245294

minimum internal covariance matrix: LASymMatrix parameters:
    0.066623069  -0.0030853749              0   8.011268e-05  0.00079082922  0.00070859369  -0.0051483411   0.0018293696    0.004639446   0.0040522627   0.0026938503  0.00018190417  0.00017810193  0.00015795844  0.00019934227
  -0.0030853749  0.00017110462              0 -4.6144006e-06 -4.4362649e-05 -3.9510375e-05  0.00015569953 -8.8640288e-05 -0.00022638118   -0.000197273  -0.0001363754 -6.0033126e-06 -5.6877262e-06 -5.3890665e-06 -7.7380548e-06
              0              0              2              0              0              0              0              0              0              0              0              0              0              0              0
   8.011268e-05 -4.6144006e-06              0  0.00025471049  1.8304998e-06  1.5235803e-06  -9.990483e-06  2.8695972e-06  6.2653536e-06  6.8359841e-06  4.8032222e-06  2.6985524e-07 -1.6631497e-07  4.4693981e-07  1.9106192e-08
  0.00079082922 -4.4362649e-05              0  1.8304998e-06  2.0254426e-05  1.7273906e-05 -4.3217484e-05  2.2922483e-05  5.7918645e-05  5.0854089e-05  3.4798893e-05  1.4339052e-06  1.3250816e-06   1.428027e-06  1.9912823e-06
  0.00070859369 -3.9510375e-05              0  1.5235803e-06  1.7273906e-05  1.4867999e-05  -3.934772e-05  2.0452202e-05  5.1813876e-05  4.5516968e-05  3.1039144e-05  1.3694494e-06  1.2204874e-06  1.2828513e-06  1.8128307e-06
  -0.0051483411  0.00015569953              0  -9.990483e-06 -4.3217484e-05  -3.934772e-05   0.0022034059 -0.00012746579 -0.00031676701 -0.00029182411 -0.00017476829 -3.7082347e-05 -3.9045977e-05 -3.4051009e-05 -4.0360629e-05
   0.0018293696 -8.8640288e-05              0  2.8695972e-06  2.2922483e-05  2.0452202e-05 -0.00012746579   6.995539e-05  0.00012889273  0.00011235454  7.5545912e-05  4.2180211e-06   4.493214e-06   4.098083e-06   5.082918e-06
    0.004639446 -0.00022638118              0  6.2653536e-06  5.7918645e-05  5.1813876e-05 -0.00031676701  0.00012889273   0.0003470627  0.00028594441  0.00019224143  1.1594361e-05  1.1208256e-05  9.9872225e-06  1.3089301e-05
   0.0040522627   -0.000197273              0  6.8359841e-06  5.0854089e-05  4.5516968e-05 -0.00029182411  0.00011235454  0.00028594441  0.00026740431  0.00016762598  1.0219458e-05  9.8813756e-06  9.3130422e-06  1.1810638e-05
   0.0026938503  -0.0001363754              0  4.8032222e-06  3.4798893e-05  3.1039144e-05 -0.00017476829  7.5545912e-05  0.00019224143  0.00016762598  0.00014207932  5.2962564e-06  5.6907771e-06  5.9135004e-06  8.2845969e-06
  0.00018190417 -6.0033126e-06              0  2.6985524e-07  1.4339052e-06  1.3694494e-06 -3.7082347e-05  4.2180211e-06  1.1594361e-05  1.0219458e-05  5.2962564e-06  6.4768618e-06  1.0584202e-06  6.8803953e-07  9.4634136e-07
  0.00017810193 -5.6877262e-06              0 -1.6631497e-07  1.3250816e-06  1.2204874e-06 -3.9045977e-05   4.493214e-06  1.1208256e-05  9.8813756e-06  5.6907771e-06  1.0584202e-06  2.0313179e-06  7.0560743e-07  8.8798217e-07
  0.00015795844 -5.3890665e-06              0  4.4693981e-07   1.428027e-06  1.2828513e-06 -3.4051009e-05   4.098083e-06  9.9872225e-06  9.3130422e-06  5.9135004e-06  6.8803953e-07  7.0560743e-07  1.3522353e-06  8.0808716e-07
  0.00019934227 -7.7380548e-06              0  1.9106192e-08  1.9912823e-06  1.8128307e-06 -4.0360629e-05   5.082918e-06  1.3089301e-05  1.1810638e-05  8.2845969e-06  9.4634136e-07  8.8798217e-07  8.0808716e-07  4.7859774e-06


# ext. ||   Name    ||   type  ||     Value     ||  Error +/- 

   0   ||Natural mortality || limited ||    0.06517093604616 ||0.002680677012512
   1   ||Targeted q || limited ||      6.401354836288 ||0.2264020774318
   2   ||Nontargeted q || limited ||                   2 ||22.06548931833
   3   ||     sigma || limited ||      5.102630260394 ||0.2483266539037
   4   ||  Biomass1 || limited ||      3.959141108416 ||0.1998404062589
   5   ||  Biomass2 || limited ||      3.388397931847 ||0.1584422132666
   6   ||  vm_sigma || limited ||       23.9682792745 ||1.216126797424
   7   ||Recruit year 1 || limited ||      1.051850392609 ||0.06004814261093
   8   ||Recruit year 2 || limited ||      6.374364735593 ||0.3215520857432
   9   ||Recruit year 3 || limited ||      6.004102377483 ||0.274458102386
  10   ||Recruit year 4 || limited ||      2.176991007987 ||0.1227140707604
  11   ||Mean Rec dist 1 || limited ||         0.740127891 ||0.01794627439383
  12   ||Mean Rec dist 2 || limited ||     0.9609755316352 ||0.01003134728417
  13   ||Mean Rec dist 3 || limited ||     0.2409571018093 ||0.008220249088669
  14   ||Mean Rec dist 4 || limited ||      1.024647753036 ||0.01538786130961





