# Minimum negative log likelihood

Minuit did successfully converge.
# of function calls: 1630
minimum function Value: 543.0844313077
minimum edm: 8.976375697578e-05
minimum internal state vector: LAVector parameters:
      2.841222056868
    -0.9534484137876
     -1.287002217587
     -1.205780593962
     -1.484484362761
     -1.492086715099
   -0.06823033542339
     -1.449493677142
    -0.9474717913096
     -1.073402525769
     -1.001242870557
    0.08294202589116
    0.08304853931945
    0.04157872441307
     0.1006715898073

minimum internal covariance matrix: LASymMatrix parameters:
       0.013377  0.00087168381              0  0.00025918769 -0.00011822312 -0.00010836973   0.0033387202 -0.00029915181  -0.0014553108 -0.00096851291  -0.0014526047 -6.0500776e-05 -6.4134405e-05 -6.5936923e-05 -7.1316846e-05
  0.00087168381  7.5564898e-05              0  3.0784285e-05 -8.1868593e-06 -7.7911638e-06  0.00014071051 -1.9120013e-05 -9.8490641e-05 -6.8629687e-05 -0.00010244695  -3.671536e-06 -3.1235521e-06 -2.4737764e-06 -3.7818141e-06
              0              0              2              0              0              0              0              0              0              0              0              0              0              0              0
  0.00025918769  3.0784285e-05              0  0.00027296823 -4.0763303e-07 -1.3302483e-06  9.7173101e-05 -2.4228336e-06 -2.9025331e-05 -2.4930859e-05 -3.0308328e-05 -1.6212377e-08  1.2430199e-06 -1.8945115e-06 -1.3426795e-06
 -0.00011822312 -8.1868593e-06              0 -4.0763303e-07  4.6624654e-06  3.7374741e-06 -2.9282646e-05  3.1294273e-06  1.3755315e-05   9.459822e-06  1.2447295e-05   9.757364e-07  6.9527462e-07   5.677041e-07  5.7102893e-07
 -0.00010836973 -7.7911638e-06              0 -1.3302483e-06  3.7374741e-06  3.0654865e-06  -2.684903e-05  2.7693687e-06  1.2566513e-05  8.6761855e-06  1.1536767e-05  8.8105686e-07  6.1628417e-07  5.0347683e-07  5.1976891e-07
   0.0033387202  0.00014071051              0  9.7173101e-05 -2.9282646e-05  -2.684903e-05   0.0035846105 -7.6258889e-05 -0.00036567036 -0.00023510297 -0.00031141782 -4.7005303e-05 -3.4318858e-05 -3.3566265e-05 -3.4557892e-05
 -0.00029915181 -1.9120013e-05              0 -2.4228336e-06  3.1294273e-06  2.7693687e-06 -7.6258889e-05   1.308189e-05  3.3604883e-05  2.2258564e-05  3.1815548e-05  5.4006063e-07  1.6244671e-06  1.4292628e-06  1.8218688e-06
  -0.0014553108 -9.8490641e-05              0 -2.9025331e-05  1.3755315e-05  1.2566513e-05 -0.00036567036  3.3604883e-05  0.00017161642  0.00011108506  0.00015952322  6.5759937e-06  7.3219063e-06  7.0318381e-06  8.4769183e-06
 -0.00096851291 -6.8629687e-05              0 -2.4930859e-05   9.459822e-06  8.6761855e-06 -0.00023510297  2.2258564e-05  0.00011108506  8.2630228e-05  0.00010365902  3.7361758e-06  4.7346805e-06  4.5580777e-06  4.9939929e-06
  -0.0014526047 -0.00010244695              0 -3.0308328e-05  1.2447295e-05  1.1536767e-05 -0.00031141782  3.1815548e-05  0.00015952322  0.00010365902   0.0001808765   1.089905e-05  6.0540627e-06  5.9815399e-06   8.641493e-06
 -6.0500776e-05  -3.671536e-06              0 -1.6212377e-08   9.757364e-07  8.8105686e-07 -4.7005303e-05  5.4006063e-07  6.5759937e-06  3.7361758e-06   1.089905e-05  1.1358422e-05  8.8115546e-07  5.9401811e-07  2.9022846e-07
 -6.4134405e-05 -3.1235521e-06              0  1.2430199e-06  6.9527462e-07  6.1628417e-07 -3.4318858e-05  1.6244671e-06  7.3219063e-06  4.7346805e-06  6.0540627e-06  8.8115546e-07  8.2375738e-07  5.0102776e-07  4.3352526e-07
 -6.5936923e-05 -2.4737764e-06              0 -1.8945115e-06   5.677041e-07  5.0347683e-07 -3.3566265e-05  1.4292628e-06  7.0318381e-06  4.5580777e-06  5.9815399e-06  5.9401811e-07  5.0102776e-07  8.4258881e-07  4.1386602e-07
 -7.1316846e-05 -3.7818141e-06              0 -1.3426795e-06  5.7102893e-07  5.1976891e-07 -3.4557892e-05  1.8218688e-06  8.4769183e-06  4.9939929e-06   8.641493e-06  2.9022846e-07  4.3352526e-07  4.1386602e-07  1.0686627e-06


# ext. ||   Name    ||   type  ||     Value     ||  Error +/- 

   0   ||Natural mortality || limited ||    0.05239685577326 ||0.001950862598901
   1   ||Targeted q || limited ||      9.229172579214 ||0.1779085610207
   2   ||Nontargeted q || limited ||                   2 ||22.06548931833
   3   ||     sigma || limited ||      3.294092738724 ||0.2085093759162
   4   ||  Biomass1 || limited ||      1.861282844834 ||0.06581036277953
   5   ||  Biomass2 || limited ||       1.54800131387 ||0.04867252247642
   6   ||  vm_sigma || limited ||       37.2734377659 ||1.688959059958
   7   ||Recruit year 1 || limited ||     0.3773707349409 ||0.0154721638586
   8   ||Recruit year 2 || limited ||      9.411945186201 ||0.2703351592954
   9   ||Recruit year 3 || limited ||      6.067941223573 ||0.1533278107772
  10   ||Recruit year 4 || limited ||      7.902117682221 ||0.2563841232002
  11   ||Mean Rec dist 1 || limited ||      0.828469603157 ||0.02374914792246
  12   ||Mean Rec dist 2 || limited ||     0.8295310711066 ||0.006395657939154
  13   ||Mean Rec dist 3 || limited ||     0.4156674529918 ||0.00648510938443
  14   ||Mean Rec dist 4 || limited ||      1.005016287382 ||0.007272786103288





