# Minimum negative log likelihood

Minuit did successfully converge.
# of function calls: 1134
minimum function Value: 724.4392091424
minimum edm: 6.348613388488e-05
minimum internal state vector: LAVector parameters:
      3.935538474902
    -0.9186059464746
     -1.287002217587
      -1.00181624763
     -1.435904189584
     -1.443300109956
     0.5320760820797
      3.120854273642
     -1.194010829296
     -0.966242304844
     -1.626007747994
     -1.084802983369

minimum internal covariance matrix: LASymMatrix parameters:
      0.2837821    0.015700124              0 -0.00039101641  -0.0032367801  -0.0029160413  0.00017210088   0.0015714447  -0.0098061419   -0.013984004   0.0014149881   -0.010036017
    0.015700124  0.00090460383              0 -4.0288968e-05 -0.00018700187 -0.00016798564  1.9825978e-05  0.00029162613 -0.00054193423 -0.00077221227  7.5740429e-05 -0.00056011449
              0              0              2              0              0              0              0              0              0              0              0              0
 -0.00039101641 -4.0288968e-05              0  0.00046093888  5.7347431e-06  4.9516626e-06 -8.3332258e-06 -0.00018216498  1.1510177e-05  1.8610658e-05 -6.4394063e-07  1.1189455e-05
  -0.0032367801 -0.00018700187              0  5.7347431e-06  5.4208011e-05  4.7235327e-05 -3.8950348e-06 -5.2003592e-05  0.00011208868  0.00015940939 -1.4885226e-05  0.00011653134
  -0.0029160413 -0.00016798564              0  4.9516626e-06  4.7235327e-05  4.1413928e-05 -3.3853198e-06  -4.493762e-05  0.00010097985  0.00014366781 -1.3543673e-05  0.00010488234
  0.00017210088  1.9825978e-05              0 -8.3332258e-06 -3.8950348e-06 -3.3853198e-06  8.6445904e-06  0.00012671899 -5.7435741e-06 -8.2981368e-06   2.632825e-07 -6.3264608e-06
   0.0015714447  0.00029162613              0 -0.00018216498 -5.2003592e-05  -4.493762e-05  0.00012671899   0.0066164823 -5.0100272e-05 -8.0604148e-05 -1.0832895e-05 -6.9362861e-05
  -0.0098061419 -0.00054193423              0  1.1510177e-05  0.00011208868  0.00010097985 -5.7435741e-06 -5.0100272e-05  0.00036105024  0.00048276957 -4.8652954e-05  0.00034654947
   -0.013984004 -0.00077221227              0  1.8610658e-05  0.00015940939  0.00014366781 -8.2981368e-06 -8.0604148e-05  0.00048276957  0.00071278446 -6.9322642e-05   0.0004935704
   0.0014149881  7.5740429e-05              0 -6.4394063e-07 -1.4885226e-05 -1.3543673e-05   2.632825e-07 -1.0832895e-05 -4.8652954e-05 -6.9322642e-05  3.6014577e-05 -4.9674011e-05
   -0.010036017 -0.00056011449              0  1.1189455e-05  0.00011653134  0.00010488234 -6.3264608e-06 -6.9362861e-05  0.00034654947   0.0004935704 -4.9674011e-05  0.00038426035


# ext. ||   Name    ||   type  ||     Value     ||  Error +/- 

   0   ||Natural mortality || limited ||     0.0271718754215 ||0.0064467223205
   1   ||Targeted q || limited ||      10.26218492477 ||0.6453408222117
   2   ||Nontargeted q || limited ||                   2 ||22.06548931833
   3   ||     sigma || limited ||      7.877454042611 ||0.4089459359929
   4   ||  Biomass1 || limited ||      4.542078636714 ||0.3500689206766
   5   ||  Biomass2 || limited ||      4.058319427725 ||0.2892989006404
   6   ||   vm_mean || limited ||       1.59380380812 ||0.005628477432964
   7   ||  vm_sigma || limited ||      40.82996536959 ||2.298900949642
   8   ||Recruit year 1 || limited ||      3.517041243511 ||0.2471448100576
   9   ||Recruit year 2 || limited ||      8.871330216917 ||0.5364327610423
  10   ||Recruit year 3 || limited ||    0.08618055029687 ||0.01170732546094
  11   ||Recruit year 4 || limited ||      5.798850671654 ||0.323674255759





