# Minimum negative log likelihood

Minuit did successfully converge.
# of function calls: 1263
minimum function Value: 705.1236344466
minimum edm: 9.203193795737e-05
minimum internal state vector: LAVector parameters:
    -0.5141936563714
     -1.232053387924
     -1.287002217587
     -1.028361764934
     -1.374526644767
       -1.3804188471
    0.08281141998633
     -1.115242748439
    -0.9667747048091
     -1.321439226814
     -1.089631069717
    0.05738472881635
     0.1171451458722
    0.07291234113712
    0.03729213602136

minimum internal covariance matrix: LASymMatrix parameters:
    0.041702656  -0.0030549519              0 -4.0240948e-05   0.0018321115    0.001750816   -0.020274014     0.00646535   0.0081608819   0.0036952011    0.006232402  0.00026285872   0.0001995912  0.00036385196  0.00021516043
  -0.0030549519   0.0002468564              0  8.9741738e-06 -0.00014675486 -0.00013995094   0.0013354732 -0.00048550517 -0.00061429149 -0.00026959742 -0.00048094602 -1.7003864e-05 -1.3191799e-05 -2.7790009e-05 -1.5264809e-05
              0              0              2              0              0              0              0              0              0              0              0              0              0              0              0
 -4.0240948e-05  8.9741738e-06              0  0.00037249053 -6.3371973e-06 -5.8059074e-06 -3.5398061e-05 -1.3208064e-05  -1.750652e-05  -8.505329e-06 -1.6407133e-05 -4.3285189e-07  -2.539774e-07 -1.0895912e-06 -1.3194982e-06
   0.0018321115 -0.00014675486              0 -6.3371973e-06  0.00011054477  0.00010320519 -0.00088918439  0.00029218343  0.00036662365  0.00016108912  0.00028883331  9.6721591e-06   8.089897e-06  1.7735771e-05  9.2069304e-06
    0.001750816 -0.00013995094              0 -5.8059074e-06  0.00010320519   9.663204e-05 -0.00084423134  0.00027866529   0.0003502489  0.00015403219  0.00027557236  9.4205353e-06  7.7362946e-06  1.6843217e-05  8.8060652e-06
   -0.020274014   0.0013354732              0 -3.5398061e-05 -0.00088918439 -0.00084423134    0.053222908   -0.003137751  -0.0039231371  -0.0018483544  -0.0030678069 -0.00026839453 -0.00024585065  -0.0001826288 -0.00028000224
     0.00646535 -0.00048550517              0 -1.3208064e-05  0.00029218343  0.00027866529   -0.003137751   0.0010368744   0.0012739219  0.00057430545   0.0009790399  3.8332982e-05  3.0754339e-05  5.6148399e-05  3.3327924e-05
   0.0081608819 -0.00061429149              0  -1.750652e-05  0.00036662365   0.0003502489  -0.0039231371   0.0012739219   0.0016348502  0.00072194739   0.0012387826  5.0452272e-05  3.7408176e-05  7.2703393e-05  4.2262621e-05
   0.0036952011 -0.00026959742              0  -8.505329e-06  0.00016108912  0.00015403219  -0.0018483544  0.00057430545  0.00072194739  0.00035819167  0.00054972951  2.3540186e-05  1.7658316e-05  2.4452085e-05  2.0081018e-05
    0.006232402 -0.00048094602              0 -1.6407133e-05  0.00028883331  0.00027557236  -0.0030678069   0.0009790399   0.0012387826  0.00054972951   0.0010106124  3.7706174e-05  2.8973031e-05  5.5915829e-05  3.4420578e-05
  0.00026285872 -1.7003864e-05              0 -4.3285189e-07  9.6721591e-06  9.4205353e-06 -0.00026839453  3.8332982e-05  5.0452272e-05  2.3540186e-05  3.7706174e-05    6.80111e-06  1.8517206e-06   1.766789e-06  1.7862071e-06
   0.0001995912 -1.3191799e-05              0  -2.539774e-07   8.089897e-06  7.7362946e-06 -0.00024585065  3.0754339e-05  3.7408176e-05  1.7658316e-05  2.8973031e-05  1.8517206e-06  5.8275062e-06  1.1925367e-06  1.5421387e-06
  0.00036385196 -2.7790009e-05              0 -1.0895912e-06  1.7735771e-05  1.6843217e-05  -0.0001826288  5.6148399e-05  7.2703393e-05  2.4452085e-05  5.5915829e-05   1.766789e-06  1.1925367e-06  3.8761966e-05  1.6010471e-06
  0.00021516043 -1.5264809e-05              0 -1.3194982e-06  9.2069304e-06  8.8060652e-06 -0.00028000224  3.3327924e-05  4.2262621e-05  2.0081018e-05  3.4420578e-05  1.7862071e-06  1.5421387e-06  1.6010471e-06  4.6105113e-06


# ext. ||   Name    ||   type  ||     Value     ||  Error +/- 

   0   ||Natural mortality || limited ||       0.03270417665 ||0.003132275116197
   1   ||Targeted q || limited ||      2.841343289663 ||0.1845868972447
   2   ||Nontargeted q || limited ||                   2 ||22.06548931833
   3   ||     sigma || limited ||      7.177277756704 ||0.3522379663116
   4   ||  Biomass1 || limited ||      9.599571520479 ||0.7249055774866
   5   ||  Biomass2 || limited ||      9.033562621208 ||0.6576594736365
   6   ||  vm_sigma || limited ||      43.30913074924 ||6.473961452058
   7   ||Recruit year 1 || limited ||      5.108609401551 ||0.5007833000042
   8   ||Recruit year 2 || limited ||      8.856206881081 ||0.8117212338764
   9   ||Recruit year 3 || limited ||       1.55628148268 ||0.1651079801079
  10   ||Recruit year 4 || limited ||      5.686620818291 ||0.5200826147474
  11   ||Mean Rec dist 1 || limited ||     0.5735323928164 ||0.01841022914742
  12   ||Mean Rec dist 2 || limited ||      1.168773994684 ||0.01695272102828
  13   ||Mean Rec dist 3 || limited ||     0.7284775542708 ||0.04390672805364
  14   ||Mean Rec dist 4 || limited ||      0.372834929056 ||0.01517250620526





