# Minimum negative log likelihood

Minuit did successfully converge.
# of function calls: 864
minimum function Value: 655.6076904072
minimum edm: 3.644304141525e-05
minimum internal state vector: LAVector parameters:
    -0.8473385224685
      -1.17726002887
     -1.287002217587
     -1.090449607714
     -1.326527702214
     -1.334042478802
    -0.2660123353506
      -1.14978005101
     -1.250405559768
    -0.9970518088765
     -1.030259203503
     0.0562076956699
    0.09110610249399
    0.05305154337226
    0.03542101079286

minimum internal covariance matrix: LASymMatrix parameters:
    0.006507125 -0.00021269657              0   3.079081e-05 -7.2542639e-05 -4.4812788e-05  -0.0023151913   0.0005650974   0.0004298302  0.00077476457  0.00061651916  5.9059717e-05  4.7925346e-05  5.3348421e-05  3.1741148e-05
 -0.00021269657  1.4805436e-05              0 -4.0811948e-07  2.5738302e-06  1.3158771e-06  1.9429502e-07 -1.9387047e-05  -1.529985e-05  -2.858474e-05 -2.6343357e-05 -1.0820791e-06 -7.2992185e-07 -6.4667869e-07 -5.4286307e-07
              0              0              2              0              0              0              0              0              0              0              0              0              0              0              0
   3.079081e-05 -4.0811948e-07              0  0.00029623439  2.0871859e-07  6.6746016e-08  2.7753813e-06  2.3989868e-06  5.6981023e-07  2.2817079e-06  8.0713098e-07  1.0644185e-06  4.7652122e-07  1.3512597e-06  1.2303432e-06
 -7.2542639e-05  2.5738302e-06              0  2.0871859e-07  1.1597505e-06  7.4397692e-07  3.3864246e-05 -6.1704853e-06 -4.8494384e-06  -8.681829e-06 -7.1385756e-06 -7.1035431e-07 -5.6946166e-07 -5.7913601e-07 -3.8124992e-07
 -4.4812788e-05  1.3158771e-06              0  6.6746016e-08  7.4397692e-07   5.685217e-07  2.7318993e-05 -3.8790075e-06 -2.9234377e-06 -5.2583525e-06  -4.247452e-06  -4.490216e-07 -3.6857815e-07 -4.4444064e-07  -3.068381e-07
  -0.0023151913  1.9429502e-07              0  2.7753813e-06  3.3864246e-05  2.7318993e-05   0.0071059527 -0.00019416479 -0.00013101723 -0.00023799064 -0.00019755633 -5.2327881e-05 -5.0212707e-05 -7.0266302e-05 -5.1962761e-05
   0.0005650974 -1.9387047e-05              0  2.3989868e-06 -6.1704853e-06 -3.8790075e-06 -0.00019416479  6.3676266e-05  3.7139451e-05  6.7599516e-05  5.4295621e-05  3.9123322e-06  4.5990214e-06   4.577647e-06  2.6023214e-06
   0.0004298302  -1.529985e-05              0  5.6981023e-07 -4.8494384e-06 -2.9234377e-06 -0.00013101723  3.7139451e-05  4.1807176e-05  5.1534702e-05  4.1679753e-05  3.4936658e-06  2.0024581e-06  3.2472697e-06   1.743661e-06
  0.00077476457  -2.858474e-05              0  2.2817079e-06  -8.681829e-06 -5.2583525e-06 -0.00023799064  6.7599516e-05  5.1534702e-05  0.00010777147  7.5830562e-05  6.5010974e-06  5.0327674e-06  5.4554576e-06  3.6815745e-06
  0.00061651916 -2.6343357e-05              0  8.0713098e-07 -7.1385756e-06  -4.247452e-06 -0.00019755633  5.4295621e-05  4.1679753e-05  7.5830562e-05  9.1348924e-05  4.9832018e-06  3.7824847e-06  4.1543031e-06  3.7338641e-06
  5.9059717e-05 -1.0820791e-06              0  1.0644185e-06 -7.1035431e-07  -4.490216e-07 -5.2327881e-05  3.9123322e-06  3.4936658e-06  6.5010974e-06  4.9832018e-06  4.0815778e-06  7.4003804e-07  9.0259881e-07  5.9925019e-07
  4.7925346e-05 -7.2992185e-07              0  4.7652122e-07 -5.6946166e-07 -3.6857815e-07 -5.0212707e-05  4.5990214e-06  2.0024581e-06  5.0327674e-06  3.7824847e-06  7.4003804e-07  7.0173416e-06  8.7218032e-07  4.7323546e-07
  5.3348421e-05 -6.4667869e-07              0  1.3512597e-06 -5.7913601e-07 -4.4444064e-07 -7.0266302e-05   4.577647e-06  3.2472697e-06  5.4554576e-06  4.1543031e-06  9.0259881e-07  8.7218032e-07  2.1816798e-06   6.920678e-07
  3.1741148e-05 -5.4286307e-07              0  1.2303432e-06 -3.8124992e-07  -3.068381e-07 -5.1962761e-05  2.6023214e-06   1.743661e-06  3.6815745e-06  3.7338641e-06  5.9925019e-07  4.7323546e-07   6.920678e-07  1.9596342e-06


# ext. ||   Name    ||   type  ||     Value     ||  Error +/- 

   0   ||Natural mortality || limited ||    0.02626196959829 ||0.0009434722704606
   1   ||Targeted q || limited ||      3.822059000911 ||0.05216527465469
   2   ||Nontargeted q || limited ||                   2 ||22.06548931833
   3   ||     sigma || limited ||       5.65826190917 ||0.2811806826013
   4   ||  Biomass1 || limited ||      14.84276738872 ||0.0920825763174
   5   ||  Biomass2 || limited ||       13.9477626895 ||0.06252601369544
   6   ||  vm_sigma || limited ||      29.48518620176 ||2.299020827568
   7   ||Recruit year 1 || limited ||      4.375859781233 ||0.1152896058986
   8   ||Recruit year 2 || limited ||      2.554124393502 ||0.07198795048714
   9   ||Recruit year 3 || limited ||      8.015478587369 ||0.1991975717225
  10   ||Recruit year 4 || limited ||      7.137667000238 ||0.1738709034399
  11   ||Mean Rec dist 1 || limited ||     0.5617810413524 ||0.0142630530782
  12   ||Mean Rec dist 2 || limited ||     0.9098011979373 ||0.01865375060498
  13   ||Mean Rec dist 3 || limited ||     0.5302666157754 ||0.01042963202936
  14   ||Mean Rec dist 4 || limited ||     0.3541360444073 ||0.009892360641491





