# Minimum negative log likelihood

Minuit did successfully converge.
# of function calls: 645
minimum function Value: 278.2597143651
minimum edm: 3.814209320567e-05
minimum internal state vector: LAVector parameters:
     -0.860594634458
     -1.105412089491
     -1.287002217587
     -1.378438217865
     -1.525438985475
     -1.525787775068
     0.2401205604175
     -1.244081697064
    -0.9531495075849
     -1.183491636349
     -1.426481036089
     -1.116536903077

minimum internal covariance matrix: LASymMatrix parameters:
  0.00010210858 -4.1363652e-05              0  7.9901953e-06   4.560328e-06  4.2147616e-06  5.3244329e-06 -3.7627861e-06  6.1142101e-05  3.4769001e-05  8.9117864e-06  4.0043107e-05
 -4.1363652e-05   1.919552e-05              0 -3.0643215e-06 -1.9871556e-06 -1.8784173e-06 -7.9513848e-07  7.7392485e-07 -2.5913261e-05 -1.4257908e-05 -3.4875442e-06 -1.7128235e-05
              0              0              2              0              0              0              0              0              0              0              0              0
  7.9901953e-06 -3.0643215e-06              0  5.8645255e-05  1.0827189e-06   8.884917e-07   2.527578e-07 -1.2963302e-06  4.4157828e-06  2.6206847e-06  7.9598175e-07  2.8771323e-06
   4.560328e-06 -1.9871556e-06              0  1.0827189e-06  6.8909819e-07  5.6964514e-07  1.2753895e-07 -2.3753408e-07  2.8320814e-06  1.5730283e-06  3.7316989e-07  1.8353581e-06
  4.2147616e-06 -1.8784173e-06              0   8.884917e-07  5.6964514e-07  4.8319722e-07  1.0550641e-07 -1.5652292e-07  2.6167633e-06  1.4486022e-06  3.5219869e-07  1.7110185e-06
  5.3244329e-06 -7.9513848e-07              0   2.527578e-07  1.2753895e-07  1.0550641e-07  1.6201973e-06 -7.3526337e-07   2.573315e-06  1.6539118e-06  5.1804071e-07  1.6609777e-06
 -3.7627861e-06  7.7392485e-07              0 -1.2963302e-06 -2.3753408e-07 -1.5652292e-07 -7.3526337e-07  1.1819786e-06 -2.0709492e-06 -1.3550241e-06 -2.4892564e-07 -1.2676114e-06
  6.1142101e-05 -2.5913261e-05              0  4.4157828e-06  2.8320814e-06  2.6167633e-06   2.573315e-06 -2.0709492e-06  3.7690696e-05  2.0942536e-05  5.2162422e-06  2.4418971e-05
  3.4769001e-05 -1.4257908e-05              0  2.6206847e-06  1.5730283e-06  1.4486022e-06  1.6539118e-06 -1.3550241e-06  2.0942536e-05  1.2356814e-05  2.9521056e-06  1.3709205e-05
  8.9117864e-06 -3.4875442e-06              0  7.9598175e-07  3.7316989e-07  3.5219869e-07  5.1804071e-07 -2.4892564e-07  5.2162422e-06  2.9521056e-06  1.2851778e-06  3.4021106e-06
  4.0043107e-05 -1.7128235e-05              0  2.8771323e-06  1.8353581e-06  1.7110185e-06  1.6609777e-06 -1.2676114e-06  2.4418971e-05  1.3709205e-05  3.4021106e-06  1.6565411e-05


# ext. ||   Name    ||   type  ||     Value     ||  Error +/- 

   0   ||Natural mortality || limited ||    0.03626544139652 ||0.0006987831750926
   1   ||Targeted q || limited ||      5.317540056924 ||0.06951433973209
   2   ||Nontargeted q || limited ||                   2 ||22.06548931833
   3   ||     sigma || limited ||     0.9221922309984 ||0.05176047392662
   4   ||  Biomass1 || limited ||     0.5142339331988 ||0.01330743046976
   5   ||  Biomass2 || limited ||     0.5063569432726 ||0.0110577202988
   6   ||   vm_mean || limited ||      0.747132715425 ||0.002746479217704
   7   ||  vm_sigma || limited ||      2.116900058095 ||0.009868677442569
   8   ||Recruit year 1 || limited ||      9.246902078906 ||0.1256882319657
   9   ||Recruit year 2 || limited ||      3.713108427337 ||0.04693584202154
  10   ||Recruit year 3 || limited ||      0.529717562007 ||0.005763641197294
  11   ||Recruit year 4 || limited ||      5.080181071774 ||0.06313580207989





