# Minimum negative log likelihood

Minuit did successfully converge.
# of function calls: 1989
minimum function Value: 319.5018773107
minimum edm: 5.735520014201e-05
minimum internal state vector: LAVector parameters:
     0.2990385531622
     -1.147532933897
     -1.287002217587
     -1.358331894671
     -1.525738628631
     -1.528038550956
    0.02590837450391
     -1.201860917819
     -1.278142596224
     -1.090650478546
     -1.487978314708
     0.0828751535307
     0.0765946444377
    0.08174025336856
    0.04336626666574

minimum internal covariance matrix: LASymMatrix parameters:
   0.0018911124 -0.00014644285              0  1.9127625e-06  1.4072935e-05  1.3209841e-05 -0.00067190117  0.00019953936  0.00015957597   0.0002594458  4.2022354e-05  9.0170008e-06  1.0788583e-05  1.0375228e-05  1.8049027e-05
 -0.00014644285  1.2794226e-05              0 -2.0375781e-07  -1.444333e-06 -1.3371514e-06  3.8777967e-05 -1.5780872e-05 -1.2737055e-05 -2.0806136e-05 -3.1608601e-06 -5.4391099e-07 -7.0744009e-07 -6.3911517e-07 -1.5476272e-06
              0              0      3.9358226              0              0              0              0              0              0              0              0              0              0              0              0
  1.9127625e-06 -2.0375781e-07              0   6.848544e-05 -1.5107217e-08 -7.8923677e-08  2.3680156e-05  6.2928619e-07 -4.6207456e-07 -6.4499847e-07  1.8779969e-07  3.1769172e-08  4.0229855e-08 -6.0644104e-09  5.9904829e-08
  1.4072935e-05  -1.444333e-06              0 -1.5107217e-08  1.0688235e-06  9.1291324e-07   -2.45152e-06  1.5329427e-06  1.3041576e-06   2.085228e-06  4.3464737e-07  6.1500681e-08  3.7137174e-08  6.7433268e-08  1.1538461e-07
  1.3209841e-05 -1.3371514e-06              0 -7.8923677e-08  9.1291324e-07  7.8567343e-07 -2.2883187e-06  1.4349857e-06  1.2256932e-06  1.9586093e-06  3.9628461e-07  5.6976432e-08  3.8536991e-08  6.0939417e-08  1.2304021e-07
 -0.00067190117  3.8777967e-05              0  2.3680156e-05   -2.45152e-06 -2.2883187e-06   0.0012409868 -6.7923613e-05 -5.4114897e-05 -8.4629471e-05 -1.8338536e-05 -9.1864848e-06 -7.8848402e-06 -1.0071717e-05 -4.4937352e-06
  0.00019953936 -1.5780872e-05              0  6.2928619e-07  1.5329427e-06  1.4349857e-06 -6.7923613e-05  2.2261482e-05  1.6960905e-05  2.7398414e-05  4.8166775e-06  8.5849841e-07  1.1711151e-06  1.0985321e-06  2.3036244e-06
  0.00015957597 -1.2737055e-05              0 -4.6207456e-07  1.3041576e-06  1.2256932e-06 -5.4114897e-05  1.6960905e-05  1.5118049e-05  2.1817798e-05   3.237961e-06  7.4529488e-07  8.7044302e-07  8.5597334e-07  1.4461428e-06
   0.0002594458 -2.0806136e-05              0 -6.4499847e-07   2.085228e-06  1.9586093e-06 -8.4629471e-05  2.7398414e-05  2.1817798e-05  3.7556226e-05  5.4795543e-06  1.1322747e-06  1.4340871e-06  1.3477825e-06   2.388747e-06
  4.2022354e-05 -3.1608601e-06              0  1.8779969e-07  4.3464737e-07  3.9628461e-07 -1.8338536e-05  4.8166775e-06   3.237961e-06  5.4795543e-06  3.6852518e-06  1.2243831e-07  2.8957368e-07   2.514949e-07  1.0497236e-06
  9.0170008e-06 -5.4391099e-07              0  3.1769172e-08  6.1500681e-08  5.6976432e-08 -9.1864848e-06  8.5849841e-07  7.4529488e-07  1.1322747e-06  1.2243831e-07  2.1107764e-07  7.8732611e-08  1.0213531e-07  2.4354189e-08
  1.0788583e-05 -7.0744009e-07              0  4.0229855e-08  3.7137174e-08  3.8536991e-08 -7.8848402e-06  1.1711151e-06  8.7044302e-07  1.4340871e-06  2.8957368e-07  7.8732611e-08  2.7516694e-07  9.1565976e-08  1.0165855e-07
  1.0375228e-05 -6.3911517e-07              0 -6.0644104e-09  6.7433268e-08  6.0939417e-08 -1.0071717e-05  1.0985321e-06  8.5597334e-07  1.3477825e-06   2.514949e-07  1.0213531e-07  9.1565976e-08  1.8246425e-07   1.289939e-07
  1.8049027e-05 -1.5476272e-06              0  5.9904829e-08  1.1538461e-07  1.2304021e-07 -4.4937352e-06  2.3036244e-06  1.4461428e-06   2.388747e-06  1.0497236e-06  2.4354189e-08  1.0165855e-07   1.289939e-07  4.7140171e-06


# ext. ||   Name    ||   type  ||     Value     ||  Error +/- 

   0   ||Natural mortality || limited ||    0.05236503912425 ||0.0007345147947618
   1   ||Targeted q || limited ||      4.412330098236 ||0.05194293393728
   2   ||Nontargeted q || limited ||                   2 ||63.08608319935
   3   ||     sigma || limited ||      1.124289501351 ||0.06169721115543
   4   ||  Biomass1 || limited ||     0.5074631780865 ||0.01646379728143
   5   ||  Biomass2 || limited ||     0.4569872192685 ||0.01339549537321
   6   ||  vm_sigma || limited ||      41.03670609239 ||0.995938340319
   7   ||Recruit year 1 || limited ||       3.37407407156 ||0.06015072189214
   8   ||Recruit year 2 || limited ||      2.135704301812 ||0.03965481183564
   9   ||Recruit year 3 || limited ||      5.663056454741 ||0.1000707547751
  10   ||Recruit year 4 || limited ||     0.1813554560966 ||0.005614010909391
  11   ||Mean Rec dist 1 || limited ||     0.8278031765839 ||0.003237523809152
  12   ||Mean Rec dist 2 || limited ||     0.7651977293193 ||0.00369834932067
  13   ||Mean Rec dist 3 || limited ||     0.8164925961071 ||0.003010380608918
  14   ||Mean Rec dist 4 || limited ||     0.4335267527118 ||0.0153381119946





