# Minimum negative log likelihood

Minuit did successfully converge.
# of function calls: 2033
minimum function Value: 583.4223810791
minimum edm: 1.811238305373e-05
minimum internal state vector: LAVector parameters:
     0.5241678597095
     -1.104311413239
     -1.287002217587
     -1.168171066292
     -1.541848853122
     -1.543682477586
   -0.04827941738421
    -0.9353225572564
     -1.005441802108
     -1.183479155869
    -0.9471218426222
    0.09393823752172
    0.06458046379273
    0.03210456952189
     0.0425295247436

minimum internal covariance matrix: LASymMatrix parameters:
   0.0087461672 -0.00065822766              0  7.1266297e-05  3.9361935e-05  3.6306854e-05  -0.0016196856   0.0012871386   0.0011664473  0.00078894148   0.0012750063  2.4034798e-05  3.1747423e-05  3.0761962e-05  2.4753942e-05
 -0.00065822766  6.0137765e-05              0 -7.6310431e-06 -3.3826979e-06 -3.1547112e-06  6.1114924e-05 -0.00010223669 -9.2322981e-05 -6.1911139e-05 -0.00010672697 -6.4879693e-07 -1.5170153e-06 -1.4787022e-06 -1.0899675e-06
              0              0              2              0              0              0              0              0              0              0              0              0              0              0              0
  7.1266297e-05 -7.6310431e-06              0  0.00023059809  -4.502462e-07  4.9278945e-08   2.612828e-05  7.5095409e-06  1.2489063e-05  1.5624191e-05  1.6955656e-05    -1.4033e-06 -6.1871865e-07 -2.0237645e-07 -4.1583778e-07
  3.9361935e-05 -3.3826979e-06              0  -4.502462e-07  5.6903385e-06  4.6571383e-06 -1.0626308e-05  6.1051645e-06  5.2214728e-06   3.446522e-06  5.6572953e-06  1.5634896e-07  1.7096761e-07  1.7201773e-07   1.608321e-07
  3.6306854e-05 -3.1547112e-06              0  4.9278945e-08  4.6571383e-06  3.8691285e-06 -9.0381477e-06  5.5525207e-06  4.8525704e-06  3.2481738e-06  5.3696274e-06  1.3070228e-07  1.5405255e-07  1.4994383e-07   1.416803e-07
  -0.0016196856  6.1114924e-05              0   2.612828e-05 -1.0626308e-05 -9.0381477e-06   0.0028744529 -0.00018531531 -0.00017842469 -0.00014157905 -0.00016250472 -2.8980032e-05 -2.3366109e-05 -2.3962556e-05 -2.5442179e-05
   0.0012871386 -0.00010223669              0  7.5095409e-06  6.1051645e-06  5.5525207e-06 -0.00018531531  0.00020617339  0.00017354795  0.00011412134  0.00019314619  2.5172199e-06  3.9473496e-06  3.8811711e-06  2.9880264e-06
   0.0011664473 -9.2322981e-05              0  1.2489063e-05  5.2214728e-06  4.8525704e-06 -0.00017842469  0.00017354795  0.00016947772  0.00010705705    0.000176036  2.4780933e-06  3.6774358e-06  3.7524158e-06  2.7837795e-06
  0.00078894148 -6.1911139e-05              0  1.5624191e-05   3.446522e-06  3.2481738e-06 -0.00014157905  0.00011412134  0.00010705705  8.8510111e-05  0.00011753206  1.8643155e-06  2.7476286e-06  2.7059544e-06  2.2065824e-06
   0.0012750063 -0.00010672697              0  1.6955656e-05  5.6572953e-06  5.3696274e-06 -0.00016250472  0.00019314619    0.000176036  0.00011753206  0.00021607162  1.8703524e-06  3.7003246e-06  3.4127764e-06  2.7916986e-06
  2.4034798e-05 -6.4879693e-07              0    -1.4033e-06  1.5634896e-07  1.3070228e-07 -2.8980032e-05  2.5172199e-06  2.4780933e-06  1.8643155e-06  1.8703524e-06   8.096394e-07  3.6483789e-07  2.6329245e-07  3.3318539e-07
  3.1747423e-05 -1.5170153e-06              0 -6.1871865e-07  1.7096761e-07  1.5405255e-07 -2.3366109e-05  3.9473496e-06  3.6774358e-06  2.7476286e-06  3.7003246e-06  3.6483789e-07  7.3969888e-07  2.0912184e-07  2.7902296e-07
  3.0761962e-05 -1.4787022e-06              0 -2.0237645e-07  1.7201773e-07  1.4994383e-07 -2.3962556e-05  3.8811711e-06  3.7524158e-06  2.7059544e-06  3.4127764e-06  2.6329245e-07  2.0912184e-07  1.2457354e-06  2.7812901e-07
  2.4753942e-05 -1.0899675e-06              0 -4.1583778e-07   1.608321e-07   1.416803e-07 -2.5442179e-05  2.9880264e-06  2.7837795e-06  2.2065824e-06  2.7916986e-06  3.3318539e-07  2.7902296e-07  2.7812901e-07  5.3005056e-07


# ext. ||   Name    ||   type  ||     Value     ||  Error +/- 

   0   ||Natural mortality || limited ||    0.05751231900766 ||0.001430227632652
   1   ||Targeted q || limited ||      5.342264433458 ||0.1233096925638
   2   ||Nontargeted q || limited ||                   2 ||22.06548931833
   3   ||     sigma || limited ||      3.998225169355 ||0.2103670729992
   4   ||  Biomass1 || limited ||     0.2094744298572 ||0.02441034195008
   5   ||  Biomass2 || limited ||     0.1837789453871 ||0.01885382206909
   6   ||  vm_sigma || limited ||      38.07009757818 ||1.514282071099
   7   ||Recruit year 1 || limited ||      9.769495118156 ||0.3012896552904
   8   ||Recruit year 2 || limited ||      7.789285532364 ||0.2465447288572
   9   ||Recruit year 3 || limited ||      3.713344097567 ||0.1256198664655
  10   ||Recruit year 4 || limited ||      9.422160562509 ||0.3034811261972
  11   ||Mean Rec dist 1 || limited ||     0.9380014048764 ||0.006334491712368
  12   ||Mean Rec dist 2 || limited ||     0.6453558288172 ||0.006068846928606
  13   ||Mean Rec dist 3 || limited ||     0.3209905475802 ||0.007888129105943
  14   ||Mean Rec dist 4 || limited ||     0.4251670494916 ||0.005143405273025





