# Minimum negative log likelihood

Minuit did successfully converge.
# of function calls: 1065
minimum function Value: 534.2750952769
minimum edm: 3.344346038768e-05
minimum internal state vector: LAVector parameters:
     0.2678190368434
     -1.232132313948
     -1.287002217587
     -1.213525447768
      -1.37358306397
     -1.381408777904
    -0.5064427733837
     -1.287777710448
    -0.9714117164967
     -1.199154210853
     -1.060923066061
    0.07379530404767
    0.04447519242909
     0.1003015291825
     0.1171535300109

minimum internal covariance matrix: LASymMatrix parameters:
    0.011662278  -0.0010704168              0 -0.00014957685   0.0006442212  0.00060714593  -0.0019653164    0.001246039   0.0026558121   0.0015939702   0.0021756335  9.6304326e-05  9.1193912e-05  7.8379609e-05  8.3619195e-05
  -0.0010704168  0.00010944161              0  1.2505807e-05 -6.5332804e-05 -6.1448352e-05  0.00012988363 -0.00011865285 -0.00025381484 -0.00015158591 -0.00021317309 -7.9854887e-06 -7.2934449e-06 -6.2058911e-06 -6.8524074e-06
              0              0              2              0              0              0              0              0              0              0              0              0              0              0              0
 -0.00014957685  1.2505807e-05              0  0.00019479216 -1.0262559e-05 -9.7083686e-06   3.424769e-05 -1.5166034e-05 -3.1202187e-05 -1.7728511e-05 -2.3719457e-05 -2.0828209e-06 -2.2149488e-06   4.417742e-07 -1.1819328e-06
   0.0006442212 -6.5332804e-05              0 -1.0262559e-05  4.4535399e-05  4.1409842e-05 -8.4276257e-05  7.1998675e-05  0.00015241317  9.1148378e-05  0.00012781342  4.3248116e-06  4.4439329e-06  3.6027667e-06  4.1893067e-06
  0.00060714593 -6.1448352e-05              0 -9.7083686e-06  4.1409842e-05  3.8574299e-05 -7.9908712e-05  6.7678371e-05  0.00014354073  8.5837743e-05   0.0001203373  4.1708739e-06  4.1979996e-06   3.427405e-06  3.9560369e-06
  -0.0019653164  0.00012988363              0   3.424769e-05 -8.4276257e-05 -7.9908712e-05   0.0018973045 -0.00019413948  -0.0004093662 -0.00024834886 -0.00032595931 -2.7630839e-05 -3.4952811e-05 -2.9616394e-05 -3.3168076e-05
    0.001246039 -0.00011865285              0 -1.5166034e-05  7.1998675e-05  6.7678371e-05 -0.00019413948  0.00014321533  0.00028825239  0.00017277161  0.00023766115  8.8619424e-06  9.3618693e-06  7.7762988e-06  8.5422204e-06
   0.0026558121 -0.00025381484              0 -3.1202187e-05  0.00015241317  0.00014354073  -0.0004093662  0.00028825239  0.00062263429  0.00036838794  0.00050844834  2.1117584e-05  1.9675864e-05  1.6889308e-05  1.8186549e-05
   0.0015939702 -0.00015158591              0 -1.7728511e-05  9.1148378e-05  8.5837743e-05 -0.00024834886  0.00017277161  0.00036838794  0.00022770199  0.00030442585  1.2612074e-05  1.1907815e-05  9.5747312e-06  1.1037131e-05
   0.0021756335 -0.00021317309              0 -2.3719457e-05  0.00012781342   0.0001203373 -0.00032595931  0.00023766115  0.00050844834  0.00030442585  0.00044144769  1.6977856e-05   1.579181e-05  1.3604647e-05  1.5474991e-05
  9.6304326e-05 -7.9854887e-06              0 -2.0828209e-06  4.3248116e-06  4.1708739e-06 -2.7630839e-05  8.8619424e-06  2.1117584e-05  1.2612074e-05  1.6977856e-05  6.0293382e-06  8.1841379e-07  4.8140103e-07  1.2407722e-06
  9.1193912e-05 -7.2934449e-06              0 -2.2149488e-06  4.4439329e-06  4.1979996e-06 -3.4952811e-05  9.3618693e-06  1.9675864e-05  1.1907815e-05   1.579181e-05  8.1841379e-07  1.4805154e-06  8.7881361e-07  8.2209782e-07
  7.8379609e-05 -6.2058911e-06              0   4.417742e-07  3.6027667e-06   3.427405e-06 -2.9616394e-05  7.7762988e-06  1.6889308e-05  9.5747312e-06  1.3604647e-05  4.8140103e-07  8.7881361e-07  3.8506659e-06  9.5403143e-07
  8.3619195e-05 -6.8524074e-06              0 -1.1819328e-06  4.1893067e-06  3.9560369e-06 -3.3168076e-05  8.5422204e-06  1.8186549e-05  1.1037131e-05  1.5474991e-05  1.2407722e-06  8.2209782e-07  9.5403143e-07  2.5649742e-06


# ext. ||   Name    ||   type  ||     Value     ||  Error +/- 

   0   ||Natural mortality || limited ||    0.05161572137929 ||0.001839201786121
   1   ||Targeted q || limited ||      2.840032073832 ||0.1228789767702
   2   ||Nontargeted q || limited ||                   2 ||22.06548931833
   3   ||     sigma || limited ||      3.157263192109 ||0.1725649566434
   4   ||  Biomass1 || limited ||      9.691794607409 ||0.4622994280901
   5   ||  Biomass2 || limited ||      8.940141111698 ||0.4133850427881
   6   ||  vm_sigma || limited ||      20.59795794368 ||1.077177029493
   7   ||Recruit year 1 || limited ||       1.99895861862 ||0.1181415862727
   8   ||Recruit year 2 || limited ||      8.724981726074 ||0.4976089574854
   9   ||Recruit year 3 || limited ||      3.423044942561 ||0.1937170891209
  10   ||Recruit year 4 || limited ||      6.369045438749 ||0.3625052841459
  11   ||Mean Rec dist 1 || limited ||     0.7372834385798 ||0.01731553851258
  12   ||Mean Rec dist 2 || limited ||     0.4446053157389 ||0.008595314015077
  13   ||Mean Rec dist 3 || limited ||      1.001334348964 ||0.01380589355573
  14   ||Mean Rec dist 4 || limited ||       1.16885726141 ||0.01124706561377





