# Minimum negative log likelihood

Minuit did successfully converge.
# of function calls: 1343
minimum function Value: 505.4944562903
minimum edm: 3.906948260476e-05
minimum internal state vector: LAVector parameters:
     0.5456533725479
     -1.068281890433
     -1.287002217587
     -1.237633988926
     -1.423079857589
     -1.432777385523
    -0.7385212239619
    -0.9948771591644
     -1.101752117708
     -1.036502938842
     -1.319228621776
     0.0460966936368
    0.09167407061337
     0.1095203257292
    0.05626637925568

minimum internal covariance matrix: LASymMatrix parameters:
   0.0091813873 -0.00054344915              0  2.2078617e-05  0.00017076169  0.00015403811 -0.00074466011   0.0010182909  0.00085229718  0.00094805428  0.00043636212  5.7579749e-05  5.7007635e-05  5.1376505e-05   5.306603e-05
 -0.00054344915  3.8203053e-05              0 -1.2762735e-06 -1.1961904e-05 -1.0769356e-05  3.1759829e-05 -6.2189288e-05 -5.2190539e-05 -5.8145725e-05 -2.7511586e-05 -2.7557335e-06 -2.6530272e-06 -2.2770589e-06 -2.9874415e-06
              0              0              2              0              0              0              0              0              0              0              0              0              0              0              0
  2.2078617e-05 -1.2762735e-06              0  0.00015066458  1.7113257e-06    1.35774e-06 -4.2086358e-06  4.4606841e-06  3.0881209e-06 -4.2496868e-07  1.9762936e-06  6.0819579e-07  2.8092975e-07  5.3388396e-07 -1.7693692e-07
  0.00017076169 -1.1961904e-05              0  1.7113257e-06  6.5715435e-06  5.6275888e-06 -1.0310221e-05  1.9782661e-05  1.6173571e-05  1.7990993e-05   8.809176e-06  8.6016306e-07  9.2230692e-07  7.7377305e-07   6.905997e-07
  0.00015403811 -1.0769356e-05              0    1.35774e-06  5.6275888e-06  4.8699187e-06 -9.1808009e-06  1.7793523e-05  1.4612755e-05  1.6245464e-05  7.8756492e-06  7.8129016e-07  8.2857049e-07  6.8172073e-07  6.2596193e-07
 -0.00074466011  3.1759829e-05              0 -4.2086358e-06 -1.0310221e-05 -9.1808009e-06  0.00021907001  -7.997045e-05 -6.2265948e-05  -6.927991e-05 -3.2849016e-05 -8.4880295e-06 -9.0213919e-06   -9.63886e-06 -8.2094189e-06
   0.0010182909 -6.2189288e-05              0  4.4606841e-06  1.9782661e-05  1.7793523e-05  -7.997045e-05   0.0001195028  9.4354774e-05  0.00010548983  4.9255984e-05  6.3156039e-06  6.1857622e-06  5.4769232e-06  6.1554131e-06
  0.00085229718 -5.2190539e-05              0  3.0881209e-06  1.6173571e-05  1.4612755e-05 -6.2265948e-05  9.4354774e-05  8.6806439e-05  8.8194154e-05  4.0825954e-05  5.0365708e-06  4.8011367e-06  4.4667123e-06  4.7750081e-06
  0.00094805428 -5.8145725e-05              0 -4.2496868e-07  1.7990993e-05  1.6245464e-05  -6.927991e-05  0.00010548983  8.8194154e-05  0.00010523409  4.5188523e-05  5.6466008e-06  5.6686264e-06  4.6899964e-06  5.0790787e-06
  0.00043636212 -2.7511586e-05              0  1.9762936e-06   8.809176e-06  7.8756492e-06 -3.2849016e-05  4.9255984e-05  4.0825954e-05  4.5188523e-05  3.1859683e-05  2.4694152e-06  2.4318939e-06  2.1955566e-06  2.9949263e-06
  5.7579749e-05 -2.7557335e-06              0  6.0819579e-07  8.6016306e-07  7.8129016e-07 -8.4880295e-06  6.3156039e-06  5.0365708e-06  5.6466008e-06  2.4694152e-06    7.34325e-07  4.5375915e-07  4.4747174e-07   4.013858e-07
  5.7007635e-05 -2.6530272e-06              0  2.8092975e-07  9.2230692e-07  8.2857049e-07 -9.0213919e-06  6.1857622e-06  4.8011367e-06  5.6686264e-06  2.4318939e-06  4.5375915e-07  1.0860738e-06  4.9641809e-07  3.9157739e-07
  5.1376505e-05 -2.2770589e-06              0  5.3388396e-07  7.7377305e-07  6.8172073e-07   -9.63886e-06  5.4769232e-06  4.4667123e-06  4.6899964e-06  2.1955566e-06  4.4747174e-07  4.9641809e-07   1.017335e-06  4.1135447e-07
   5.306603e-05 -2.9874415e-06              0 -1.7693692e-07   6.905997e-07  6.2596193e-07 -8.2094189e-06  6.1554131e-06  4.7750081e-06  5.0790787e-06  2.9949263e-06   4.013858e-07  3.9157739e-07  4.1135447e-07  2.3749584e-06


# ext. ||   Name    ||   type  ||     Value     ||  Error +/- 

   0   ||Natural mortality || limited ||    0.05797441741266 ||0.001446789814305
   1   ||Targeted q || limited ||      6.181284802742 ||0.1052487078431
   2   ||Nontargeted q || limited ||                   2 ||22.06548931833
   3   ||     sigma || limited ||      2.749355934568 ||0.1419210624493
   4   ||  Biomass1 || limited ||      5.445126880933 ||0.1333941654852
   5   ||  Biomass2 || limited ||      4.754751980063 ||0.107343232819
   6   ||  vm_sigma || limited ||      13.07303079127 ||0.3095570113893
   7   ||Recruit year 1 || limited ||      8.074589827799 ||0.2104644052299
   8   ||Recruit year 2 || limited ||      5.409422729452 ||0.1488865386058
   9   ||Recruit year 3 || limited ||       6.97786942843 ||0.1846726401719
  10   ||Recruit year 4 || limited ||      1.583673877194 ||0.04967015493987
  11   ||Mean Rec dist 1 || limited ||     0.4608037018746 ||0.006052956479055
  12   ||Mean Rec dist 2 || limited ||     0.9154571767904 ||0.007338159338826
  13   ||Mean Rec dist 3 || limited ||      1.093015130597 ||0.007089361283521
  14   ||Mean Rec dist 4 || limited ||     0.5623669494898 ||0.01087990459424





