# Minimum negative log likelihood

Minuit did successfully converge.
# of function calls: 1131
minimum function Value: 652.9639720597
minimum edm: 4.103681280399e-05
minimum internal state vector: LAVector parameters:
    0.06542452180014
      -1.07704268917
     -1.287002217587
     -1.093585876408
     -1.416590083982
     -1.425082058836
    -0.1469926907781
     -1.097923765744
     -1.122416953217
     -1.211412880482
     -1.237361535556
     0.1121686033331
    0.04765691529636
    0.05268050930649
    0.02384891063984

minimum internal covariance matrix: LASymMatrix parameters:
    0.020392151  -0.0014644722              0  -1.117835e-05  0.00043104406  0.00040125341  -0.0047934547   0.0023540712    0.002156227   0.0018897414   0.0014929663  0.00010484754  0.00011796274  0.00012332324   8.959232e-05
  -0.0014644722  0.00013273314              0  -8.650817e-06 -4.2928229e-05 -3.9409534e-05  0.00018171297  -0.0001786371 -0.00015686103   -0.000145177 -0.00011677123 -5.4370901e-06 -5.6031939e-06 -6.2344536e-06  -3.758932e-06
              0              0              2              0              0              0              0              0              0              0              0              0              0              0              0
  -1.117835e-05  -8.650817e-06              0  0.00031031471  9.8165079e-06  8.0970328e-06 -9.4153749e-05  4.0971737e-06  8.5991369e-07  5.6001435e-07  1.7115549e-06  1.1938469e-06 -2.7553829e-07  8.9369669e-07  6.2970021e-07
  0.00043104406 -4.2928229e-05              0  9.8165079e-06  2.6812882e-05  2.3181036e-05 -5.8012769e-05  5.4526583e-05  4.6462984e-05  4.3741321e-05  3.6315983e-05  1.7994081e-06  1.8647073e-06  1.8298811e-06  7.1715508e-07
  0.00040125341 -3.9409534e-05              0  8.0970328e-06  2.3181036e-05  2.0240447e-05 -5.3069773e-05  5.0557341e-05  4.2945914e-05  4.0794438e-05  3.3518943e-05   1.651737e-06  1.7403355e-06  1.6179349e-06  6.4715278e-07
  -0.0047934547  0.00018171297              0 -9.4153749e-05 -5.8012769e-05 -5.3069773e-05   0.0065855838 -0.00048989723  -0.0005061186 -0.00035726365 -0.00030037676 -6.9225152e-05 -7.3842169e-05 -7.7795393e-05 -6.7324906e-05
   0.0023540712  -0.0001786371              0  4.0971737e-06  5.4526583e-05  5.0557341e-05 -0.00048989723  0.00029522774  0.00024585605  0.00022730748   0.0001782973  1.0792432e-05  1.2163729e-05  1.2734867e-05  1.0023413e-05
    0.002156227 -0.00015686103              0  8.5991369e-07  4.6462984e-05  4.2945914e-05  -0.0005061186  0.00024585605  0.00025070637  0.00019205741  0.00015395518  1.1394674e-05  1.2536637e-05  1.3390635e-05   9.817027e-06
   0.0018897414   -0.000145177              0  5.6001435e-07  4.3741321e-05  4.0794438e-05 -0.00035726365  0.00022730748  0.00019205741  0.00021152444  0.00014810556  7.5874754e-06  8.4814541e-06  1.0443972e-05  6.7645955e-06
   0.0014929663 -0.00011677123              0  1.7115549e-06  3.6315983e-05  3.3518943e-05 -0.00030037676   0.0001782973  0.00015395518  0.00014810556  0.00014028729  6.3305917e-06  6.9836489e-06  8.7254488e-06  6.2999547e-06
  0.00010484754 -5.4370901e-06              0  1.1938469e-06  1.7994081e-06   1.651737e-06 -6.9225152e-05  1.0792432e-05  1.1394674e-05  7.5874754e-06  6.3305917e-06  2.9500418e-06  1.0738939e-06  1.1596141e-06  8.9441479e-07
  0.00011796274 -5.6031939e-06              0 -2.7553829e-07  1.8647073e-06  1.7403355e-06 -7.3842169e-05  1.2163729e-05  1.2536637e-05  8.4814541e-06  6.9836489e-06  1.0738939e-06  2.6199071e-06  8.5624099e-07  8.3294552e-07
  0.00012332324 -6.2344536e-06              0  8.9369669e-07  1.8298811e-06  1.6179349e-06 -7.7795393e-05  1.2734867e-05  1.3390635e-05  1.0443972e-05  8.7254488e-06  1.1596141e-06  8.5624099e-07  3.5840771e-06  8.7050532e-07
   8.959232e-05  -3.758932e-06              0  6.2970021e-07  7.1715508e-07  6.4715278e-07 -6.7324906e-05  1.0023413e-05   9.817027e-06  6.7645955e-06  6.2999547e-06  8.9441479e-07  8.3294552e-07  8.7050532e-07  2.8928257e-06


# ext. ||   Name    ||   type  ||     Value     ||  Error +/- 

   0   ||Natural mortality || limited ||    0.04663444645707 ||0.002514711294408
   1   ||Targeted q || limited ||      5.971995611007 ||0.1930448588822
   2   ||Nontargeted q || limited ||                   2 ||22.06548931833
   3   ||     sigma || limited ||       5.58601870413 ||0.2860515466049
   4   ||  Biomass1 || limited ||      5.933120086912 ||0.2811934167393
   5   ||  Biomass2 || limited ||      5.298776422032 ||0.2309555735107
   6   ||  vm_sigma || limited ||      34.14201639905 ||2.26928727165
   7   ||Recruit year 1 || limited ||      5.496267915957 ||0.2766405779628
   8   ||Recruit year 2 || limited ||       4.95196394414 ||0.2426498195488
   9   ||Recruit year 3 || limited ||      3.203988481386 ||0.1808227311175
  10   ||Recruit year 4 || limited ||      2.763537370587 ||0.1370405697515
  11   ||Mean Rec dist 1 || limited ||      1.119335375198 ||0.0120687177508
  12   ||Mean Rec dist 2 || limited ||     0.4763887776014 ||0.01143232300226
  13   ||Mean Rec dist 3 || limited ||     0.5265614587926 ||0.01336812901038
  14   ||Mean Rec dist 4 || limited ||     0.2384664994451 ||0.0120232676629





