# Minimum negative log likelihood

Minuit did successfully converge.
# of function calls: 905
minimum function Value: 684.9869718351
minimum edm: 2.603299801684e-05
minimum internal state vector: LAVector parameters:
    -0.4723251095632
     -1.083774028347
     -1.287002217587
     -1.054547153004
     -1.436030381814
     -1.443335979736
    -0.3992811041731
     -1.444086611842
     -1.014895160066
     -1.038609452232
    -0.9999686929386
     0.1015379263612
    0.06438158983091
    0.08389159398766
    0.09771921832225

minimum internal covariance matrix: LASymMatrix parameters:
    0.030556727  -0.0019232233              0  2.2016535e-05  0.00054713684  0.00050200275  -0.0057798294  0.00093931458   0.0037983219   0.0037447415   0.0040429942  0.00030110261  0.00017890656  0.00020551373   0.0001895998
  -0.0019232233  0.00013749694              0  4.5415398e-06 -3.8769666e-05  -3.546405e-05  0.00029756177 -5.9374851e-05 -0.00024364287 -0.00023827014 -0.00026730462 -1.7574183e-05  -9.227134e-06 -1.0597326e-05 -1.1048089e-05
              0              0              2              0              0              0              0              0              0              0              0              0              0              0              0
  2.2016535e-05  4.5415398e-06              0  0.00037023939   9.248934e-06  7.3249695e-06 -4.1659968e-05  1.1193709e-05 -6.2180918e-06  -2.183913e-07 -4.0452271e-06 -8.9652736e-06  2.0930874e-06  8.5648813e-07 -8.3174407e-07
  0.00054713684 -3.8769666e-05              0   9.248934e-06  2.6085216e-05    2.25262e-05 -7.5281806e-05  2.0106876e-05  6.7178599e-05  6.7129327e-05   7.459518e-05  1.6168745e-06  2.7865511e-06  2.8454909e-06  2.7499882e-06
  0.00050200275  -3.546405e-05              0  7.3249695e-06    2.25262e-05  1.9603731e-05 -7.0074408e-05  1.8086755e-05   6.177853e-05  6.1612546e-05   6.847473e-05  1.9271133e-06  2.5552661e-06  2.6231728e-06  2.5652453e-06
  -0.0057798294  0.00029756177              0 -4.1659968e-05 -7.5281806e-05 -7.0074408e-05   0.0041297631 -0.00014870712 -0.00070509062 -0.00067832393 -0.00069976936  -5.228925e-05 -7.7621104e-05 -7.7342596e-05 -7.8578056e-05
  0.00093931458 -5.9374851e-05              0  1.1193709e-05  2.0106876e-05  1.8086755e-05 -0.00014870712  6.2569617e-05  0.00010676009  0.00011908117  0.00013931575  9.0333361e-06  4.7736222e-06  6.3646633e-06  5.8116069e-06
   0.0037983219 -0.00024364287              0 -6.2180918e-06  6.7178599e-05   6.177853e-05 -0.00070509062  0.00010676009  0.00049850115  0.00046342058  0.00049634877  3.3944067e-05  2.1737691e-05  2.4661235e-05  2.3245145e-05
   0.0037447415 -0.00023827014              0  -2.183913e-07  6.7129327e-05  6.1612546e-05 -0.00067832393  0.00011908117  0.00046342058  0.00048024237  0.00050405591  4.1667615e-05  2.0847177e-05   2.493221e-05  2.3097864e-05
   0.0040429942 -0.00026730462              0 -4.0452271e-06   7.459518e-05   6.847473e-05 -0.00069976936  0.00013931575  0.00049634877  0.00050405591  0.00060177565  5.1201159e-05  2.0842125e-05  2.6232521e-05  2.6122563e-05
  0.00030110261 -1.7574183e-05              0 -8.9652736e-06  1.6168745e-06  1.9271133e-06  -5.228925e-05  9.0333361e-06  3.3944067e-05  4.1667615e-05  5.1201159e-05  6.2951272e-05  9.2492906e-07  3.1867879e-06  2.5970691e-06
  0.00017890656  -9.227134e-06              0  2.0930874e-06  2.7865511e-06  2.5552661e-06 -7.7621104e-05  4.7736222e-06  2.1737691e-05  2.0847177e-05  2.0842125e-05  9.2492906e-07  3.0159612e-06  1.8714797e-06  1.8084088e-06
  0.00020551373 -1.0597326e-05              0  8.5648813e-07  2.8454909e-06  2.6231728e-06 -7.7342596e-05  6.3646633e-06  2.4661235e-05   2.493221e-05  2.6232521e-05  3.1867879e-06  1.8714797e-06  3.9769202e-06  1.8583234e-06
   0.0001895998 -1.1048089e-05              0 -8.3174407e-07  2.7499882e-06  2.5652453e-06 -7.8578056e-05  5.8116069e-06  2.3245145e-05  2.3097864e-05  2.6122563e-05  2.5970691e-06  1.8084088e-06  1.8583234e-06  3.6910733e-06


# ext. ||   Name    ||   type  ||     Value     ||  Error +/- 

   0   ||Natural mortality || limited ||    0.03362604866793 ||0.002744809327269
   1   ||Targeted q || limited ||      5.813483585665 ||0.1940167106545
   2   ||Nontargeted q || limited ||                   2 ||22.06548931833
   3   ||     sigma || limited ||      6.516160909208 ||0.3357972103195
   4   ||  Biomass1 || limited ||      4.533597199757 ||0.2426141062115
   5   ||  Biomass2 || limited ||      4.056039306102 ||0.1989858486871
   6   ||  vm_sigma || limited ||      24.45045058473 ||1.674067343466
   7   ||Recruit year 1 || limited ||     0.4108069693643 ||0.03533769557242
   8   ||Recruit year 2 || limited ||      7.537985553095 ||0.416505851567
   9   ||Recruit year 3 || limited ||      6.924334985389 ||0.3930892269763
  10   ||Recruit year 4 || limited ||      7.936503814442 ||0.4685598766118
  11   ||Mean Rec dist 1 || limited ||       1.01363541115 ||0.05581389651702
  12   ||Mean Rec dist 2 || limited ||     0.6433712221636 ||0.01225454158867
  13   ||Mean Rec dist 3 || limited ||     0.8379322657159 ||0.01405168040112
  14   ||Mean Rec dist 4 || limited ||     0.9756377168007 ||0.013520238375





