# Minimum negative log likelihood

Minuit did successfully converge.
# of function calls: 1377
minimum function Value: 533.2329909666
minimum edm: 2.875427963192e-05
minimum internal state vector: LAVector parameters:
    -0.7523361329856
    -0.9480357902132
     -1.287002217587
     -1.214438949858
     -1.420219618513
     -1.432855326817
     0.7181069322976
    -0.9456288327018
     -0.933817203452
    -0.9545362225192
     -1.138869997698
     -1.476333397138

minimum internal covariance matrix: LASymMatrix parameters:
   0.0014446478 -0.00044230795              0 -5.5772464e-06  0.00010114417  9.6657587e-05   8.658142e-06 -3.0342637e-05  0.00044985383  0.00048585393  0.00035651568  8.9190128e-05
 -0.00044230795  0.00014569107              0  1.6636656e-06 -3.3726915e-05 -3.1823196e-05  4.4119297e-06 -8.3860903e-06 -0.00013905157 -0.00015170354 -0.00010945733 -2.8196408e-05
              0              0              2              0              0              0              0              0              0              0              0              0
 -5.5772464e-06  1.6636656e-06              0    0.000164149 -4.1495749e-07 -6.8982168e-07 -3.5752663e-06  8.1285766e-06  5.6657284e-07 -1.3363248e-06 -6.7233029e-07 -1.6568995e-06
  0.00010114417 -3.3726915e-05              0 -4.1495749e-07  1.0381599e-05  9.2960466e-06 -1.4441312e-06  3.1683432e-06   3.193967e-05  3.4914517e-05  2.5028819e-05   6.321181e-06
  9.6657587e-05 -3.1823196e-05              0 -6.8982168e-07  9.2960466e-06  8.4608072e-06 -8.7845729e-07  1.8060309e-06  3.0273697e-05  3.3157463e-05  2.3918845e-05  6.0905229e-06
   8.658142e-06  4.4119297e-06              0 -3.5752663e-06 -1.4441312e-06 -8.7845729e-07  9.1534268e-06 -1.9698291e-05  1.9554668e-07  1.6579332e-07  2.0033884e-06  1.0135592e-06
 -3.0342637e-05 -8.3860903e-06              0  8.1285766e-06  3.1683432e-06  1.8060309e-06 -1.9698291e-05  7.3210109e-05 -4.6244939e-06 -2.7356931e-06 -7.4179999e-06 -9.6562859e-07
  0.00044985383 -0.00013905157              0  5.6657284e-07   3.193967e-05  3.0273697e-05  1.9554668e-07 -4.6244939e-06  0.00014690966  0.00015205107   0.0001109247  2.6801464e-05
  0.00048585393 -0.00015170354              0 -1.3363248e-06  3.4914517e-05  3.3157463e-05  1.6579332e-07 -2.7356931e-06  0.00015205107  0.00016973777  0.00011964298  3.0521812e-05
  0.00035651568 -0.00010945733              0 -6.7233029e-07  2.5028819e-05  2.3918845e-05  2.0033884e-06 -7.4179999e-06   0.0001109247  0.00011964298  9.2651925e-05  2.1857452e-05
  8.9190128e-05 -2.8196408e-05              0 -1.6568995e-06   6.321181e-06  6.0905229e-06  1.0135592e-06 -9.6562859e-07  2.6801464e-05  3.0521812e-05  2.1857452e-05  1.5309593e-05


# ext. ||   Name    ||   type  ||     Value     ||  Error +/- 

   0   ||Natural mortality || limited ||    0.04749806685847 ||0.002942957799876
   1   ||Targeted q || limited ||      9.386430560997 ||0.2489104055399
   2   ||Nontargeted q || limited ||                   2 ||22.06548931833
   3   ||     sigma || limited ||       3.14130929873 ||0.1580239210075
   4   ||  Biomass1 || limited ||      5.657634348365 ||0.1708843017754
   5   ||  Biomass2 || limited ||      4.749391857268 ||0.1414085998447
   6   ||   vm_mean || limited ||      2.067043157364 ||0.005061179443002
   7   ||  vm_sigma || limited ||      7.566301120832 ||0.1416287172899
   8   ||Recruit year 1 || limited ||      9.814212027205 ||0.2548474326078
   9   ||Recruit year 2 || limited ||      9.206791692335 ||0.2662030061453
  10   ||Recruit year 3 || limited ||      4.601489137849 ||0.1424480310742
  11   ||Recruit year 4 || limited ||     0.2328930008225 ||0.01304692547247





