# Minimum negative log likelihood

Minuit did successfully converge.
# of function calls: 732
minimum function Value: 652.3385209019
minimum edm: 1.529085416285e-06
minimum internal state vector: LAVector parameters:
     0.4546087340035
     -1.124615271861
     -1.287002217587
     -1.094310346935
     -1.546936394297
     -1.548026688983
    -0.5294536268991
    -0.1372113137926
     -1.148787870659
     -1.040363236738
     -1.085833028203
    -0.9843602678906

minimum internal covariance matrix: LASymMatrix parameters:
     0.13875102   -0.012765656              0 -2.5841905e-06   0.0006424188  0.00062105811  5.7302045e-05 -0.00015359113    0.011622252    0.015807049    0.012813777    0.018212492
   -0.012765656   0.0011959741              0 -1.7150519e-06 -6.1128941e-05  -5.909815e-05  9.9261538e-07 -0.00010673139   -0.001077566  -0.0014652452  -0.0011879627  -0.0016887861
              0              0              2              0              0              0              0              0              0              0              0              0
 -2.5841905e-06 -1.7150519e-06              0  0.00028177168  1.4780826e-06  1.8240641e-06 -5.7858474e-07  2.2409248e-05  5.1920935e-07  5.1984763e-07  8.2090744e-07  2.4393685e-06
   0.0006424188 -6.1128941e-05              0  1.4780826e-06  3.4790918e-05  2.7027831e-05 -8.8533812e-07  -7.480461e-06  5.8891259e-05  7.4078995e-05  6.0206639e-05  8.6880378e-05
  0.00062105811  -5.909815e-05              0  1.8240641e-06  2.7027831e-05  2.1669142e-05 -7.5111743e-07  1.0856583e-06  5.5481223e-05  7.1611664e-05  5.8212736e-05  8.3816819e-05
  5.7302045e-05  9.9261538e-07              0 -5.7858474e-07 -8.8533812e-07 -7.5111743e-07  5.9928135e-06 -9.7073681e-05  2.3986222e-06  3.2748487e-06  2.9316694e-06  3.5055116e-06
 -0.00015359113 -0.00010673139              0  2.2409248e-05  -7.480461e-06  1.0856583e-06 -9.7073681e-05   0.0038717559  3.0168074e-05  4.7002349e-05  3.1699019e-05  5.3984772e-05
    0.011622252   -0.001077566              0  5.1920935e-07  5.8891259e-05  5.5481223e-05  2.3986222e-06  3.0168074e-05    0.000996123   0.0013283829   0.0010770465   0.0015305385
    0.015807049  -0.0014652452              0  5.1984763e-07  7.4078995e-05  7.1611664e-05  3.2748487e-06  4.7002349e-05   0.0013283829   0.0018259836   0.0014644982   0.0020816198
    0.012813777  -0.0011879627              0  8.2090744e-07  6.0206639e-05  5.8212736e-05  2.9316694e-06  3.1699019e-05   0.0010770465   0.0014644982   0.0012058681   0.0016878333
    0.018212492  -0.0016887861              0  2.4393685e-06  8.6880378e-05  8.3816819e-05  3.5055116e-06  5.3984772e-05   0.0015305385   0.0020816198   0.0016878333   0.0024197209


# ext. ||   Name    ||   type  ||     Value     ||  Error +/- 

   0   ||Natural mortality || limited ||     0.0559777705295 ||0.005847840586474
   1   ||Targeted q || limited ||      4.894917920522 ||0.5275664480147
   2   ||Nontargeted q || limited ||                   2 ||22.06548931833
   3   ||     sigma || limited ||      5.569392784396 ||0.2721972867712
   4   ||  Biomass1 || limited ||     0.1423173427768 ||0.04975247542932
   5   ||  Biomass2 || limited ||     0.1296085016817 ||0.03747086124142
   6   ||   vm_mean || limited ||     -1.586698601329 ||0.004693563285923
   7   ||  vm_sigma || limited ||      34.52932143317 ||1.742819080449
   8   ||Recruit year 1 || limited ||      4.396154829309 ||0.4569672677243
   9   ||Recruit year 2 || limited ||      6.879910533199 ||0.7641253161232
  10   ||Recruit year 3 || limited ||       5.77482050949 ||0.5722260702311
  11   ||Recruit year 4 || limited ||      8.363252808574 ||0.9621498295639





