# Minimum negative log likelihood

Minuit did successfully converge.
# of function calls: 373
minimum function Value: 158.0378499722
minimum edm: 9.095935835977e-05
minimum internal state vector: LAVector parameters:
     -1.214972455351
     -1.287002217587
     -1.054858967257
     -1.472387065969
      -1.48113002212
    0.02257071921132
    -0.1837606159551
    -0.9862693431875
    -0.9587858268642
     -1.205661790549
     -1.037342988009

minimum internal covariance matrix: LASymMatrix parameters:
  4.5336591e-05              0  1.3603889e-05 -1.3681232e-05 -1.1550283e-05  1.1465587e-05  -0.0008167257 -2.4490946e-05 -2.5713868e-05 -1.0649675e-05 -2.4510996e-05
              0              2              0              0              0              0              0              0              0              0              0
  1.3603889e-05              0   0.0015551587 -8.3808633e-06 -5.6606432e-06  4.3405467e-06 -0.00034742983 -4.2575601e-06 -1.7788381e-06 -2.9947407e-05  3.3506759e-06
 -1.3681232e-05              0 -8.3808633e-06   8.382952e-05  4.6527658e-05 -3.7034076e-06  0.00021442399   1.529374e-05  7.4154811e-06  3.7902196e-06  6.8584924e-06
 -1.1550283e-05              0 -5.6606432e-06  4.6527658e-05  2.8448576e-05 -2.9168962e-06  0.00019391696  9.1408304e-06  6.5633757e-06  2.4919671e-06  6.0257418e-06
  1.1465587e-05              0  4.3405467e-06 -3.7034076e-06 -2.9168962e-06  4.7186573e-06 -0.00031913754 -5.7866961e-06 -5.8811638e-06 -2.9291758e-06 -5.9384345e-06
  -0.0008167257              0 -0.00034742983  0.00021442399  0.00019391696 -0.00031913754    0.024276553  0.00040244517  0.00042633137   0.0002106951  0.00044189838
 -2.4490946e-05              0 -4.2575601e-06   1.529374e-05  9.1408304e-06 -5.7866961e-06  0.00040244517  4.2239862e-05    9.93329e-06  6.0426375e-06  1.6123936e-05
 -2.5713868e-05              0 -1.7788381e-06  7.4154811e-06  6.5633757e-06 -5.8811638e-06  0.00042633137    9.93329e-06  5.8704213e-05 -1.7029647e-06  3.9230065e-06
 -1.0649675e-05              0 -2.9947407e-05  3.7902196e-06  2.4919671e-06 -2.9291758e-06   0.0002106951  6.0426375e-06 -1.7029647e-06  4.9124437e-05 -3.3173283e-06
 -2.4510996e-05              0  3.3506759e-06  6.8584924e-06  6.0257418e-06 -5.9384345e-06  0.00044189838  1.6123936e-05  3.9230065e-06 -3.3173283e-06  5.9251837e-05


# ext. ||   Name    ||   type  ||     Value     ||  Error +/- 

   0   ||Targeted q || limited ||      3.132009957241 ||0.08292958696055
   1   ||Nontargeted q || limited ||                   2 ||22.06548931833
   2   ||     sigma || limited ||      6.508467110547 ||0.6877673794734
   3   ||  Biomass1 || limited ||      2.419142383315 ||0.318042549405
   4   ||  Biomass2 || limited ||      2.008665193928 ||0.1688617955013
   5   ||   vm_mean || limited ||     0.2256880286551 ||0.01535618792312
   6   ||  vm_sigma || limited ||      32.69146508183 ||4.323941981346
   7   ||Recruit year 1 || limited ||      8.310510267566 ||0.1267817940859
   8   ||Recruit year 2 || limited ||       9.08436186909 ||0.1556126346941
   9   ||Recruit year 3 || limited ||      3.305883874003 ||0.08847447472758
  10   ||Recruit year 4 || limited ||      6.956497712209 ||0.1383756716032





