# Minimum negative log likelihood

Minuit did successfully converge.
# of function calls: 1419
minimum function Value: 425.9573788409
minimum edm: 1.497645752245e-05
minimum internal state vector: LAVector parameters:
    -0.6656014436005
     -1.017370861364
     -1.287002217587
     -1.296032990593
     -1.483013090444
     -1.488460010407
    -0.8024975148173
     -1.217231422052
    -0.9655544755648
    -0.9486414335628
     -0.962699112184
    0.06416825813526
     0.1134727172242
    0.06837502277604
    0.02217264823973

minimum internal covariance matrix: LASymMatrix parameters:
   0.0019550515   -9.64444e-05              0  6.3478786e-05  1.3720677e-05  1.2756371e-05 -0.00014431892  0.00011904902  0.00020301559   0.0002172434  0.00018685397  1.3008173e-05  1.2034129e-05  1.2782489e-05  1.1613486e-05
   -9.64444e-05  5.8369322e-06              0 -3.3788383e-06 -8.2462477e-07 -7.5128213e-07  4.9970811e-06 -5.9333521e-06 -1.0108842e-05  -1.073789e-05 -9.7579415e-06 -5.5930773e-07 -4.0005049e-07 -4.8312262e-07 -5.4317836e-07
              0              0              2              0              0              0              0              0              0              0              0              0              0              0              0
  6.3478786e-05 -3.3788383e-06              0  8.7402693e-05  7.8218644e-07  6.9088137e-07 -7.0766565e-07   3.352666e-06  6.9083815e-06  6.4849214e-06  6.0085217e-06  3.4474518e-07  1.2816975e-07  2.9443303e-07  2.2432281e-07
  1.3720677e-05 -8.2462477e-07              0  7.8218644e-07  1.0226277e-06  8.3038386e-07 -6.4580173e-07  9.6897844e-07  1.4709718e-06  1.6637035e-06  1.5070469e-06  4.2181849e-08  5.3470504e-08  5.6163245e-08  6.8537359e-08
  1.2756371e-05 -7.5128213e-07              0  6.9088137e-07  8.3038386e-07  6.8758504e-07 -6.2184816e-07  8.7518685e-07  1.3778358e-06  1.5253831e-06  1.3675257e-06  4.1390885e-08  5.4225019e-08   6.097538e-08  5.7533068e-08
 -0.00014431892  4.9970811e-06              0 -7.0766565e-07 -6.4580173e-07 -6.2184816e-07  4.0027163e-05 -8.5030005e-06 -1.4185196e-05   -1.58188e-05 -1.2842072e-05 -1.7649832e-06 -2.0471154e-06 -1.8964212e-06 -1.5870746e-06
  0.00011904902 -5.9333521e-06              0   3.352666e-06  9.6897844e-07  8.7518685e-07 -8.5030005e-06  9.1208933e-06  1.2117636e-05  1.3096018e-05  1.1184061e-05  8.0229275e-07  6.1857249e-07  7.7636012e-07  6.7170478e-07
  0.00020301559 -1.0108842e-05              0  6.9083815e-06  1.4709718e-06  1.3778358e-06 -1.4185196e-05  1.2117636e-05  2.2801103e-05  2.2376308e-05   1.955541e-05  1.3025934e-06   1.192447e-06  1.3251763e-06  1.1282611e-06
   0.0002172434  -1.073789e-05              0  6.4849214e-06  1.6637035e-06  1.5253831e-06   -1.58188e-05  1.3096018e-05  2.2376308e-05  2.5995879e-05  2.0732687e-05  1.3463817e-06  1.4010166e-06  1.3449075e-06  1.3176304e-06
  0.00018685397 -9.7579415e-06              0  6.0085217e-06  1.5070469e-06  1.3675257e-06 -1.2842072e-05  1.1184061e-05   1.955541e-05  2.0732687e-05  2.0505009e-05  1.2886818e-06  1.0111515e-06  1.0968524e-06  1.2094174e-06
  1.3008173e-05 -5.5930773e-07              0  3.4474518e-07  4.2181849e-08  4.1390885e-08 -1.7649832e-06  8.0229275e-07  1.3025934e-06  1.3463817e-06  1.2886818e-06  4.0948679e-07  8.2047831e-08  1.0723411e-07  1.2179049e-07
  1.2034129e-05 -4.0005049e-07              0  1.2816975e-07  5.3470504e-08  5.4225019e-08 -2.0471154e-06  6.1857249e-07   1.192447e-06  1.4010166e-06  1.0111515e-06  8.2047831e-08  2.9949067e-07  1.2555029e-07  9.7339163e-08
  1.2782489e-05 -4.8312262e-07              0  2.9443303e-07  5.6163245e-08   6.097538e-08 -1.8964212e-06  7.7636012e-07  1.3251763e-06  1.3449075e-06  1.0968524e-06  1.0723411e-07  1.2555029e-07  2.2652658e-07  8.1766002e-08
  1.1613486e-05 -5.4317836e-07              0  2.2432281e-07  6.8537359e-08  5.7533068e-08 -1.5870746e-06  6.7170478e-07  1.1282611e-06  1.3176304e-06  1.2094174e-06  1.2179049e-07  9.7339163e-08  8.1766002e-08  1.9345339e-07


# ext. ||   Name    ||   type  ||     Value     ||  Error +/- 

   0   ||Natural mortality || limited ||    0.02956169232104 ||0.0006146915069837
   1   ||Targeted q || limited ||      7.463546157502 ||0.0448958452524
   2   ||Nontargeted q || limited ||                   2 ||22.06548931833
   3   ||     sigma || limited ||      1.875528199777 ||0.08967981633246
   4   ||  Biomass1 || limited ||      1.925237362901 ||0.03134493808402
   5   ||  Biomass2 || limited ||      1.693859996937 ||0.02411119935061
   6   ||  vm_sigma || limited ||       11.2371040614 ||0.1243500359676
   7   ||Recruit year 1 || limited ||       3.10247330213 ||0.03696687048732
   8   ||Recruit year 2 || limited ||      8.890885934038 ||0.09604420508167
   9   ||Recruit year 3 || limited ||       9.37783816007 ||0.1050444749121
  10   ||Recruit year 4 || limited ||       8.97227482211 ||0.09145558102091
  11   ||Mean Rec dist 1 || limited ||      0.641242310344 ||0.004515545291277
  12   ||Mean Rec dist 2 || limited ||      1.132293604113 ||0.003844807668392
  13   ||Mean Rec dist 3 || limited ||     0.6832175805196 ||0.003357597183392
  14   ||Mean Rec dist 4 || limited ||     0.2217083150811 ||0.003109327040042





