# Minimum negative log likelihood

Minuit did successfully converge.
# of function calls: 650
minimum function Value: 494.157170687
minimum edm: 1.8936648185e-06
minimum internal state vector: LAVector parameters:
     -1.073712908092
     -1.287002217587
     -1.246672527414
     -1.356602194427
     -1.368288986322
     0.5449190044485
      1.570805759656
    -0.9898758906628
    -0.9565490888764
     -1.065776402544
     -1.144110148953

minimum internal covariance matrix: LASymMatrix parameters:
  1.5141882e-06              0  5.6736193e-09 -7.9546552e-07 -6.7678794e-07  2.7928924e-07 -2.7430198e-07  3.3179572e-07 -1.3500913e-06 -3.7489969e-08 -9.3336949e-07
              0              2              0              0              0              0              0              0              0              0              0
  5.6736193e-09              0  0.00011648396  -4.984894e-07 -4.3561129e-07 -5.9782016e-07   7.588252e-06 -1.5837978e-06 -9.4873833e-07 -1.0311092e-06 -1.5422003e-06
 -7.9546552e-07              0  -4.984894e-07  2.4813075e-06  2.0227996e-06 -1.6818551e-07 -9.4874549e-07  1.1691385e-07  3.0206162e-07  1.0354166e-07  4.1211341e-07
 -6.7678794e-07              0 -4.3561129e-07  2.0227996e-06   1.669056e-06 -1.4120044e-07 -8.8568631e-07  4.8685683e-08  3.1163273e-07  7.1445596e-08  3.5305473e-07
  2.7928924e-07              0 -5.9782016e-07 -1.6818551e-07 -1.4120044e-07  1.3480095e-06  1.3129808e-06 -3.5325918e-08 -5.2968653e-07 -1.1446272e-07 -1.1775155e-07
 -2.7430198e-07              0   7.588252e-06 -9.4874549e-07 -8.8568631e-07  1.3129808e-06     0.14824757  1.1047619e-06   1.660217e-06  9.2661405e-07  9.7188371e-07
  3.3179572e-07              0 -1.5837978e-06  1.1691385e-07  4.8685683e-08 -3.5325918e-08  1.1047619e-06  2.0575272e-05 -2.3199091e-05  6.7189133e-06  8.9125209e-07
 -1.3500913e-06              0 -9.4873833e-07  3.0206162e-07  3.1163273e-07 -5.2968653e-07   1.660217e-06 -2.3199091e-05  3.4357928e-05 -9.0054891e-06 -9.3473468e-07
 -3.7489969e-08              0 -1.0311092e-06  1.0354166e-07  7.1445596e-08 -1.1446272e-07  9.2661405e-07  6.7189133e-06 -9.0054891e-06   5.836649e-06  3.7904017e-07
 -9.3336949e-07              0 -1.5422003e-06  4.1211341e-07  3.5305473e-07 -1.1775155e-07  9.7188371e-07  8.9125209e-07 -9.3473468e-07  3.7904017e-07  6.7957899e-06


# ext. ||   Name    ||   type  ||     Value     ||  Error +/- 

   0   ||Targeted q || limited ||      6.051144454227 ||0.02074623963121
   1   ||Nontargeted q || limited ||                   2 ||22.06548931833
   2   ||     sigma || limited ||      2.603492941699 ||0.1215244695064
   3   ||  Biomass1 || limited ||      11.42599663013 ||0.118379593831
   4   ||  Biomass2 || limited ||      10.21731700444 ||0.0918668361384
   5   ||   vm_mean || limited ||      1.628440867835 ||0.002205633735673
   6   ||  vm_sigma || limited ||      79.99999999822** ||1.473322654346
   7   ||Recruit year 1 || limited ||       8.21128605802 ||0.08800202648434
   8   ||Recruit year 2 || limited ||      9.148709640373 ||0.1194277448768
   9   ||Recruit year 3 || limited ||      6.251134086587 ||0.04132200127076
  10   ||Recruit year 4 || limited ||        4.4924421116 ||0.03814002239472

** Parameter is at Upper limit




