# Minimum negative log likelihood

Minuit did successfully converge.
# of function calls: 774
minimum function Value: 409.7899312527
minimum edm: 3.098594304912e-06
minimum internal state vector: LAVector parameters:
    0.04917044164627
     -1.114347542635
     -1.287002217587
       -1.3065684494
     -1.478956026726
     -1.483158114216
     0.4197595980037
    -0.5983616955325
     -1.174447587341
     -1.043152421737
    -0.9317229524956
     -1.002960441091

minimum internal covariance matrix: LASymMatrix parameters:
    0.012831931  -0.0011023222              0  2.4239296e-05   0.0002066051  0.00020222189  6.8507248e-05 -0.00047053334    0.001028551   0.0014684138   0.0017794716     0.00149441
  -0.0011023222  9.6945345e-05              0 -2.0159432e-06  -1.821238e-05 -1.7805718e-05 -5.1411996e-06  3.3076075e-05  -8.891404e-05  -0.0001270076 -0.00015368813 -0.00012978826
              0              0              2              0              0              0              0              0              0              0              0              0
  2.4239296e-05 -2.0159432e-06              0  0.00010155772  1.9558928e-06  1.6997585e-06 -7.9512157e-09  1.0501073e-06  2.6100219e-06  1.8496021e-06  4.8836851e-06  1.1465721e-06
   0.0002066051  -1.821238e-05              0  1.9558928e-06   4.677649e-06  4.4040651e-06   9.337602e-07 -5.9761586e-06  1.6785422e-05  2.3639174e-05  2.8841628e-05  2.4088029e-05
  0.00020222189 -1.7805718e-05              0  1.6997585e-06  4.4040651e-06   4.171688e-06  9.2057735e-07 -5.8810748e-06  1.6411336e-05  2.3149666e-05  2.8209411e-05  2.3587534e-05
  6.8507248e-05 -5.1411996e-06              0 -7.9512157e-09   9.337602e-07  9.2057735e-07  1.1888827e-06 -8.9371733e-06  5.2787093e-06  7.5475086e-06  9.2214416e-06  7.7755132e-06
 -0.00047053334  3.3076075e-05              0  1.0501073e-06 -5.9761586e-06 -5.8810748e-06 -8.9371733e-06  0.00012757059 -3.5437835e-05 -5.1104065e-05 -6.2428055e-05 -5.2637457e-05
    0.001028551  -8.891404e-05              0  2.6100219e-06  1.6785422e-05  1.6411336e-05  5.2787093e-06 -3.5437835e-05  8.4598759e-05  0.00011811252  0.00014258581  0.00012003404
   0.0014684138  -0.0001270076              0  1.8496021e-06  2.3639174e-05  2.3149666e-05  7.5475086e-06 -5.1104065e-05  0.00011811252  0.00017030463  0.00020383529  0.00017186241
   0.0017794716 -0.00015368813              0  4.8836851e-06  2.8841628e-05  2.8209411e-05  9.2214416e-06 -6.2428055e-05  0.00014258581  0.00020383529  0.00024903646  0.00020777945
     0.00149441 -0.00012978826              0  1.1465721e-06  2.4088029e-05  2.3587534e-05  7.7755132e-06 -5.2637457e-05  0.00012003404  0.00017186241  0.00020777945  0.00017775016


# ext. ||   Name    ||   type  ||     Value     ||  Error +/- 

   0   ||Natural mortality || limited ||    0.04622876576367 ||0.001997934769249
   1   ||Targeted q || limited ||      5.118830017576 ||0.1534335539618
   2   ||Nontargeted q || limited ||                   2 ||22.06548931833
   3   ||     sigma || limited ||      1.735278037676 ||0.09305102203417
   4   ||  Biomass1 || limited ||      2.107178446594 ||0.07012796828867
   5   ||  Biomass2 || limited ||       1.91888544456 ||0.06320453006858
   6   ||   vm_mean || limited ||      1.280327600756 ||0.002211892552627
   7   ||  vm_sigma || limited ||      17.46919903626 ||0.2639530769544
   8   ||Recruit year 1 || limited ||      3.885776432415 ||0.1255269930045
   9   ||Recruit year 2 || limited ||      6.809532020692 ||0.2322829441739
  10   ||Recruit year 3 || limited ||      9.876573739171 ||0.3327434301763
  11   ||Recruit year 4 || limited ||      7.855873923786 ||0.2534767076246





