# Minimum negative log likelihood

Minuit did successfully converge.
# of function calls: 781
minimum function Value: 653.2450057846
minimum edm: 1.02273174466e-05
minimum internal state vector: LAVector parameters:
    -0.1958194642185
      -1.21147393156
     -1.287002217587
     -1.093244790199
     -1.341814842349
     -1.347567003996
     0.7721157048242
    -0.6151709723566
     -1.169118786139
      -1.15094576451
     -1.082869653994
     -1.080852772582

minimum internal covariance matrix: LASymMatrix parameters:
      0.1082682   -0.011654155              0 -8.4544447e-05   0.0069730711   0.0069931041  -0.0002344207 -0.00048353997    0.013680346    0.013861656       0.015905     0.01642135
   -0.011654155    0.001289452              0  1.2623026e-05 -0.00077351485 -0.00077434159   4.643378e-05 -0.00013102369  -0.0014867608  -0.0015079667  -0.0017292956  -0.0017936199
              0              0              2              0              0              0              0              0              0              0              0              0
 -8.4544447e-05  1.2623026e-05              0  0.00029394963  -8.109408e-06 -7.8765433e-06   2.919645e-07 -1.5148523e-05 -1.1825424e-05 -1.3488058e-05 -1.3619897e-05 -1.5853405e-05
   0.0069730711 -0.00077351485              0  -8.109408e-06  0.00047825624  0.00047661924 -2.9109661e-05  8.6694062e-05  0.00089137881  0.00090349965   0.0010358027   0.0010749596
   0.0069931041 -0.00077434159              0 -7.8765433e-06  0.00047661924   0.0004754066  -2.828031e-05  8.0280883e-05  0.00089314776  0.00090544269   0.0010381317   0.0010770468
  -0.0002344207   4.643378e-05              0   2.919645e-07 -2.9109661e-05  -2.828031e-05  4.0279877e-05 -0.00025258068 -3.8327338e-05 -3.9431493e-05 -4.4562581e-05 -4.1297478e-05
 -0.00048353997 -0.00013102369              0 -1.5148523e-05  8.6694062e-05  8.0280883e-05 -0.00025258068   0.0032190186  1.2293211e-05  2.1970258e-05  1.8778783e-05  3.4255583e-06
    0.013680346  -0.0014867608              0 -1.1825424e-05  0.00089137881  0.00089314776 -3.8327338e-05  1.2293211e-05   0.0017497478   0.0017578598   0.0020175253   0.0020863522
    0.013861656  -0.0015079667              0 -1.3488058e-05  0.00090349965  0.00090544269 -3.9431493e-05  2.1970258e-05   0.0017578598   0.0017981768    0.002044335   0.0021137823
       0.015905  -0.0017292956              0 -1.3619897e-05   0.0010358027   0.0010381317 -4.4562581e-05  1.8778783e-05   0.0020175253    0.002044335   0.0023598129   0.0024255638
     0.01642135  -0.0017936199              0 -1.5853405e-05   0.0010749596   0.0010770468 -4.1297478e-05  3.4255583e-06   0.0020863522   0.0021137823   0.0024255638   0.0025525075


# ext. ||   Name    ||   type  ||     Value     ||  Error +/- 

   0   ||Natural mortality || limited ||    0.04013573991812 ||0.00565418078794
   1   ||Targeted q || limited ||      3.193234424952 ||0.4463845815709
   2   ||Nontargeted q || limited ||                   2 ||22.06548931833
   3   ||     sigma || limited ||      5.593854384615 ||0.2785906495922
   4   ||  Biomass1 || limited ||      13.05095570459 ||1.754957247357
   5   ||  Biomass2 || limited ||      12.40618596153 ||1.70650955675
   6   ||   vm_mean || limited ||      2.191740177797 ||0.01010078285343
   7   ||  vm_sigma || limited ||      16.91686216776 ||1.310189010475
   8   ||Recruit year 1 || limited ||      3.989280371688 ||0.5780581649009
   9   ||Recruit year 2 || limited ||      4.352072503976 ||0.6109735800106
  10   ||Recruit year 3 || limited ||      5.844080387102 ||0.8049119864691
  11   ||Recruit year 4 || limited ||      5.891440694459 ||0.8402965060395





