# Minimum negative log likelihood

Minuit did successfully converge.
# of function calls: 1431
minimum function Value: 379.4265167964
minimum edm: 6.979411285487e-05
minimum internal state vector: LAVector parameters:
     0.5455562345954
    -0.9592355006409
     -1.287002217587
     -1.325285696066
     -1.503806976584
     -1.509469749101
     -1.091903269706
    -0.9639732601836
    -0.9931125758114
    -0.9849680541899
    -0.9592134993674
    0.03896264635792
    0.03319795237178
    0.02853910709463
     0.1032308195484

minimum internal covariance matrix: LASymMatrix parameters:
   0.0027736492 -0.00015868362              0   6.775406e-05  1.4314024e-05  1.2837249e-05 -6.1199012e-05   0.0002335379  0.00021657467  0.00021834046  0.00026396072  2.0665272e-05  1.6869459e-05  1.7302222e-05  1.8027766e-05
 -0.00015868362  1.1377723e-05              0 -2.5641791e-06 -1.1266984e-06  -9.964192e-07  2.4950935e-06 -1.4108836e-05 -1.2894079e-05 -1.2944614e-05 -1.6667715e-05 -8.7154791e-07 -8.3255966e-07 -7.9287335e-07 -8.6987314e-07
              0              0              2              0              0              0              0              0              0              0              0              0              0              0              0
   6.775406e-05 -2.5641791e-06              0  0.00010053599  3.6161392e-07   1.942791e-07  1.4206905e-06  5.7866609e-06  4.0214735e-06  4.8416902e-06  3.1678179e-06  1.5215855e-06  -7.193153e-07  2.7581929e-07  6.8167309e-08
  1.4314024e-05 -1.1266984e-06              0  3.6161392e-07  8.0290625e-07  6.0689948e-07 -3.1268657e-07  1.4742361e-06  1.1723074e-06  1.2039009e-06  1.5282863e-06  6.3094791e-08   7.555253e-08  8.6866802e-08  8.3682861e-08
  1.2837249e-05  -9.964192e-07              0   1.942791e-07  6.0689948e-07  4.7481926e-07 -2.5626306e-07  1.2629964e-06  1.0649344e-06  1.0845345e-06  1.3882864e-06  5.6893137e-08  7.2073561e-08  7.7043655e-08  8.2172511e-08
 -6.1199012e-05  2.4950935e-06              0  1.4206905e-06 -3.1268657e-07 -2.5626306e-07    4.36768e-06 -5.0495481e-06 -4.4133233e-06 -4.4201363e-06 -5.8170435e-06 -5.0859111e-07 -7.3590551e-07 -6.1127761e-07 -6.6509273e-07
   0.0002335379 -1.4108836e-05              0  5.7866609e-06  1.4742361e-06  1.2629964e-06 -5.0495481e-06  2.1995579e-05  1.8243687e-05  1.8310586e-05   2.268336e-05  1.6359425e-06  1.3719069e-06  1.4403397e-06  1.3989542e-06
  0.00021657467 -1.2894079e-05              0  4.0214735e-06  1.1723074e-06  1.0649344e-06 -4.4133233e-06  1.8243687e-05  1.8468344e-05  1.7255207e-05  2.0870586e-05  1.5533725e-06  1.3071267e-06  1.3173307e-06  1.4188891e-06
  0.00021834046 -1.2944614e-05              0  4.8416902e-06  1.2039009e-06  1.0845345e-06 -4.4201363e-06  1.8310586e-05  1.7255207e-05  1.8685152e-05  2.0919587e-05  1.5811751e-06  1.2858224e-06  1.3221583e-06  1.4009453e-06
  0.00026396072 -1.6667715e-05              0  3.1678179e-06  1.5282863e-06  1.3882864e-06 -5.8170435e-06   2.268336e-05  2.0870586e-05  2.0919587e-05  2.9151748e-05  1.5810451e-06  1.7474689e-06  1.5527016e-06  1.7803125e-06
  2.0665272e-05 -8.7154791e-07              0  1.5215855e-06  6.3094791e-08  5.6893137e-08 -5.0859111e-07  1.6359425e-06  1.5533725e-06  1.5811751e-06  1.5810451e-06  3.0746592e-07  9.9901096e-08   1.519371e-07  1.5247619e-07
  1.6869459e-05 -8.3255966e-07              0  -7.193153e-07   7.555253e-08  7.2073561e-08 -7.3590551e-07  1.3719069e-06  1.3071267e-06  1.2858224e-06  1.7474689e-06  9.9901096e-08  2.5683222e-07  1.3504051e-07  1.5355386e-07
  1.7302222e-05 -7.9287335e-07              0  2.7581929e-07  8.6866802e-08  7.7043655e-08 -6.1127761e-07  1.4403397e-06  1.3173307e-06  1.3221583e-06  1.5527016e-06   1.519371e-07  1.3504051e-07  2.1104587e-07  1.4702723e-07
  1.8027766e-05 -8.6987314e-07              0  6.8167309e-08  8.3682861e-08  8.2172511e-08 -6.6509273e-07  1.3989542e-06  1.4188891e-06  1.4009453e-06  1.7803125e-06  1.5247619e-07  1.5355386e-07  1.4702723e-07  2.9721874e-07


# ext. ||   Name    ||   type  ||     Value     ||  Error +/- 

   0   ||Natural mortality || limited ||     0.0579723415416 ||0.0007956729912358
   1   ||Targeted q || limited ||      9.062356335505 ||0.06847068659583
   2   ||Nontargeted q || limited ||                   2 ||22.06548931833
   3   ||     sigma || limited ||      1.499332910679 ||0.08616100797847
   4   ||  Biomass1 || limited ||      1.121473775009 ||0.02120646562095
   5   ||  Biomass2 || limited ||     0.9399426377888 ||0.01493123117854
   6   ||  vm_sigma || limited ||      4.500722055473 ||0.0272379547339
   7   ||Recruit year 1 || limited ||      8.935915307516 ||0.09454789160476
   8   ||Recruit year 2 || limited ||      8.122700405287 ||0.08296313306854
   9   ||Recruit year 3 || limited ||      8.346444855121 ||0.08448852844425
  10   ||Recruit year 4 || limited ||      9.072081643876 ||0.1095920005218
  11   ||Mean Rec dist 1 || limited ||     0.3895278898642 ||0.003917903650054
  12   ||Mean Rec dist 2 || limited ||     0.3319185477488 ||0.003581544761809
  13   ||Mean Rec dist 3 || limited ||     0.2853523316073 ||0.003247106501198
  14   ||Mean Rec dist 4 || limited ||      1.030475689222 ||0.003834466160805





