# Minimum negative log likelihood

Minuit did successfully converge.
# of function calls: 982
minimum function Value: 656.5424091905
minimum edm: 2.184404693418e-05
minimum internal state vector: LAVector parameters:
      3.118504259419
     -1.028466533696
     -1.287002217587
     -1.089332458751
     -1.472263187754
      -1.47929125645
     0.4670925675587
    -0.2587978856711
     -1.284805021837
      -0.99128358908
     -1.336235916844
     -1.161846261451

minimum internal covariance matrix: LASymMatrix parameters:
     0.11746207   0.0092843661              0  0.00013862238  -0.0014359863  -0.0014226002  5.9223245e-06  0.00045817266  -0.0062643351  -0.0089978287  -0.0036709875  -0.0072864888
   0.0092843661  0.00075976356              0   1.148083e-05 -0.00011766908 -0.00011625528  7.2435622e-06 -6.8279078e-05 -0.00049726338 -0.00071394554 -0.00029026169 -0.00058451987
              0              0              2              0              0              0              0              0              0              0              0              0
  0.00013862238   1.148083e-05              0  0.00031362185  3.3179844e-07 -4.2294243e-07  7.1325648e-07  7.6494143e-06 -4.8461214e-06 -8.5671467e-06 -2.8062988e-06 -1.2232514e-05
  -0.0014359863 -0.00011766908              0  3.3179844e-07  2.6367439e-05  2.4347206e-05  -1.299235e-06  1.0564155e-05  7.6989974e-05  0.00011023298  4.4987374e-05  8.9738449e-05
  -0.0014226002 -0.00011625528              0 -4.2294243e-07  2.4347206e-05  2.2852812e-05 -1.1267949e-06  7.7509337e-06  7.6064598e-05  0.00010907767  4.4491593e-05  8.9026459e-05
  5.9223245e-06  7.2435622e-06              0  7.1325648e-07  -1.299235e-06 -1.1267949e-06  6.4221139e-06 -7.7552056e-05 -1.3733095e-06 -1.5989884e-06 -6.2583287e-07 -1.6356113e-06
  0.00045817266 -6.8279078e-05              0  7.6494143e-06  1.0564155e-05  7.7509337e-06 -7.7552056e-05   0.0033206802  1.0626986e-06 -9.0412983e-06 -6.5745549e-06 -1.5829669e-05
  -0.0062643351 -0.00049726338              0 -4.8461214e-06  7.6989974e-05  7.6064598e-05 -1.3733095e-06  1.0626986e-06  0.00034923978  0.00047952172  0.00019546462  0.00038753938
  -0.0089978287 -0.00071394554              0 -8.5671467e-06  0.00011023298  0.00010907767 -1.5989884e-06 -9.0412983e-06  0.00047952172  0.00070259234  0.00028032839  0.00055713388
  -0.0036709875 -0.00029026169              0 -2.8062988e-06  4.4987374e-05  4.4491593e-05 -6.2583287e-07 -6.5745549e-06  0.00019546462  0.00028032839  0.00012912615  0.00022646605
  -0.0072864888 -0.00058451987              0 -1.2232514e-05  8.9738449e-05  8.9026459e-05 -1.6356113e-06 -1.5829669e-05  0.00038753938  0.00055713388  0.00022646605  0.00047345201


# ext. ||   Name    ||   type  ||     Value     ||  Error +/- 

   0   ||Natural mortality || limited ||    0.04557715857305 ||0.005997891784884
   1   ||Targeted q || limited ||      7.174573791537 ||0.5029539969236
   2   ||Nontargeted q || limited ||                   2 ||22.06548931833
   3   ||     sigma || limited ||      5.684100556621 ||0.2899346605178
   4   ||  Biomass1 || limited ||      2.425231749434 ||0.1785942079113
   5   ||  Biomass2 || limited ||      2.091834255053 ||0.1544411132805
   6   ||   vm_mean || limited ||      1.414634668453 ||0.005026519231715
   7   ||  vm_sigma || limited ||      29.76388175208 ||1.575157075855
   8   ||Recruit year 1 || limited ||      2.040673492096 ||0.1863704945844
   9   ||Recruit year 2 || limited ||      8.172704547812 ||0.5131144156143
  10   ||Recruit year 3 || limited ||      1.379032941782 ||0.09336390587909
  11   ||Recruit year 4 || limited ||      4.132646144773 ||0.3058646223816





