# Minimum negative log likelihood

Minuit did successfully converge.
# of function calls: 1008
minimum function Value: 543.2344967384
minimum edm: 5.480875745944e-06
minimum internal state vector: LAVector parameters:
      3.609926731162
    -0.9548187323857
     -1.287002217587
     -1.205663554014
     -1.349301424846
     -1.359922855803
      1.058527639815
    -0.2991334947552
     -1.121407546318
     -1.287466230741
     -1.343408202949
     -1.051430397293

minimum internal covariance matrix: LASymMatrix parameters:
    0.047621659   0.0036935455              0  8.5538532e-05  -0.0012228844  -0.0011040331  6.9833342e-05 -0.00085549099  -0.0026857876  -0.0012851087  -0.0010122259  -0.0028914174
   0.0036935455  0.00029794648              0  3.3324844e-06 -9.8857661e-05 -8.8740977e-05  1.1153895e-05 -0.00010448182 -0.00020854898 -9.9632169e-05 -7.9879595e-05 -0.00022807719
              0              0              2              0              0              0              0              0              0              0              0              0
  8.5538532e-05  3.3324844e-06              0  0.00016506632 -2.8409657e-06 -2.6189058e-06 -1.2430205e-06  1.6486986e-05 -2.0844048e-06 -4.9505668e-06 -2.3996073e-06 -5.1339702e-06
  -0.0012228844 -9.8857661e-05              0 -2.8409657e-06  3.5495115e-05  3.1573284e-05 -3.2257868e-06  3.1524196e-05  6.9018891e-05  3.2798189e-05   2.683118e-05  7.5381007e-05
  -0.0011040331 -8.8740977e-05              0 -2.6189058e-06  3.1573284e-05  2.8177075e-05 -2.6256126e-06  2.6292799e-05  6.2301708e-05  2.9633566e-05  2.4127098e-05   6.793572e-05
  6.9833342e-05  1.1153895e-05              0 -1.2430205e-06 -3.2257868e-06 -2.6256126e-06  8.4906544e-06 -5.2763472e-05 -3.6191726e-06 -2.2623695e-06 -2.7766987e-06 -2.5034887e-06
 -0.00085549099 -0.00010448182              0  1.6486986e-05  3.1524196e-05  2.6292799e-05 -5.2763472e-05  0.00068283985  4.7064355e-05  2.1490645e-05  3.1814295e-05  4.3052377e-05
  -0.0026857876 -0.00020854898              0 -2.0844048e-06  6.9018891e-05  6.2301708e-05 -3.6191726e-06  4.7064355e-05  0.00015695328  7.1353217e-05  5.6542205e-05  0.00016276093
  -0.0012851087 -9.9632169e-05              0 -4.9505668e-06  3.2798189e-05  2.9633566e-05 -2.2623695e-06  2.1490645e-05  7.1353217e-05  4.0622781e-05  2.6997861e-05  7.8750917e-05
  -0.0010122259 -7.9879595e-05              0 -2.3996073e-06   2.683118e-05  2.4127098e-05 -2.7766987e-06  3.1814295e-05  5.6542205e-05  2.6997861e-05  2.7698352e-05  6.0747518e-05
  -0.0028914174 -0.00022807719              0 -5.1339702e-06  7.5381007e-05   6.793572e-05 -2.5034887e-06  4.3052377e-05  0.00016276093  7.8750917e-05  6.0747518e-05  0.00019780167


# ext. ||   Name    ||   type  ||     Value     ||  Error +/- 

   0   ||Natural mortality || limited ||     0.0337149906497 ||0.003428654983144
   1   ||Targeted q || limited ||      9.189548736324 ||0.3525805567967
   2   ||Nontargeted q || limited ||                   2 ||22.06548931833
   3   ||     sigma || limited ||      3.296182010962 ||0.1621943281198
   4   ||  Biomass1 || limited ||      12.21493643554 ||0.4627483157261
   5   ||  Biomass2 || limited ||      11.07577101161 ||0.3928261879612
   6   ||   vm_mean || limited ||      2.738321299728 ||0.003172776279897
   7   ||  vm_sigma || limited ||       28.2129556764 ||0.7062311613556
   8   ||Recruit year 1 || limited ||      4.973863885783 ||0.1923959799506
   9   ||Recruit year 2 || limited ||      2.003309632574 ||0.06298852598956
  10   ||Recruit year 3 || limited ||      1.296945179524 ||0.0419426902619
  11   ||Recruit year 4 || limited ||      6.602637558232 ||0.2467685021382





