# Minimum negative log likelihood

Minuit did successfully converge.
# of function calls: 1413
minimum function Value: 507.0902674493
minimum edm: 1.033071298618e-05
minimum internal state vector: LAVector parameters:
     0.1599734526871
     -1.313743581729
     -1.287002217587
     -1.236345394721
     -1.476127681439
     -1.476722448122
    -0.6252076156216
   -0.07279067275103
     -1.075989750184
     -1.340016720201
     -1.340883613507
     -1.410143559117

minimum internal covariance matrix: LASymMatrix parameters:
     0.07740519   -0.012615189              0  -3.382797e-06   0.0049827484   0.0047902434 -7.3996377e-05  -0.0014629876    0.025192899    0.010986835    0.011443227   0.0075486692
   -0.012615189     0.00208622              0  1.2435291e-06 -0.00082293344 -0.00079157221  2.0357325e-05 -8.2905872e-05  -0.0041440867  -0.0018036957   -0.001882692  -0.0012409187
              0              0              2              0              0              0              0              0              0              0              0              0
  -3.382797e-06  1.2435291e-06              0  0.00013394999 -2.5111342e-06 -2.0568332e-06  -3.327908e-07  2.8668634e-05 -1.5866848e-06  2.8194116e-07 -5.2641047e-07 -4.3606418e-07
   0.0049827484 -0.00082293344              0 -2.5111342e-06  0.00036793682  0.00034410341 -1.0354131e-05 -0.00024978658   0.0016659327  0.00071223334  0.00074365671  0.00049196064
   0.0047902434 -0.00079157221              0 -2.0568332e-06  0.00034410341  0.00032400558 -9.1241943e-06 -0.00015597757   0.0015941978  0.00068492631  0.00071507246  0.00047256301
 -7.3996377e-05  2.0357325e-05              0  -3.327908e-07 -1.0354131e-05 -9.1241943e-06  1.5651458e-05 -0.00018087682 -3.8136736e-05 -1.4223576e-05 -1.5524522e-05 -1.0397521e-05
  -0.0014629876 -8.2905872e-05              0  2.8668634e-05 -0.00024978658 -0.00015597757 -0.00018087682    0.024242668  -0.0003723508 -6.8195773e-05 -4.4888307e-05 -5.1613941e-05
    0.025192899  -0.0041440867              0 -1.5866848e-06   0.0016659327   0.0015941978 -3.8136736e-05  -0.0003723508   0.0082815349   0.0035925208   0.0037478959   0.0024725497
    0.010986835  -0.0018036957              0  2.8194116e-07  0.00071223334  0.00068492631 -1.4223576e-05 -6.8195773e-05   0.0035925208   0.0015718126   0.0016320089   0.0010761952
    0.011443227   -0.001882692              0 -5.2641047e-07  0.00074365671  0.00071507246 -1.5524522e-05 -4.4888307e-05   0.0037478959   0.0016320089   0.0017077212   0.0011222223
   0.0075486692  -0.0012409187              0 -4.3606418e-07  0.00049196064  0.00047256301 -1.0397521e-05 -5.1613941e-05   0.0024725497   0.0010761952   0.0011222223  0.00074537421


# ext. ||   Name    ||   type  ||     Value     ||  Error +/- 

   0   ||Natural mortality || limited ||    0.04898229995816 ||0.004824186064009
   1   ||Targeted q || limited ||      1.642826910832 ||0.4104766665192
   2   ||Nontargeted q || limited ||                   2 ||22.06548931833
   3   ||     sigma || limited ||      2.770465806427 ||0.1343157667876
   4   ||  Biomass1 || limited ||      2.238865266208 ||0.6410406675117
   5   ||  Biomass2 || limited ||      2.210842463522 ||0.5977888480088
   6   ||   vm_mean || limited ||     -1.838666200281 ||0.007126031619731
   7   ||  vm_sigma || limited ||      37.09147997256 ||4.383292794931
   8   ||Recruit year 1 || limited ||      6.006371522545 ||1.526631197631
   9   ||Recruit year 2 || limited ||      1.335449124218 ||0.3205461727427
  10   ||Recruit year 3 || limited ||       1.32555389622 ||0.3328804974925
  11   ||Recruit year 4 || limited ||     0.6537818515955 ||0.1543797169678





