# Minimum negative log likelihood

Minuit did successfully converge.
# of function calls: 722
minimum function Value: 595.2640740859
minimum edm: 5.025444076836e-05
minimum internal state vector: LAVector parameters:
    -0.4903973828034
     -1.101353440738
     -1.287002217587
     -1.156408907417
     -1.516233433171
     -1.517946136803
    -0.3812250910396
    -0.2206804515935
      -1.14646847628
     -1.343263981105
     -1.059362682818
     -1.232628007391

minimum internal covariance matrix: LASymMatrix parameters:
    0.070002012  -0.0052980849              0  1.3423758e-05  0.00064369701  0.00060079796   0.0001971429  -0.0034844404   0.0055662952   0.0025417234   0.0059926513   0.0044778213
  -0.0052980849  0.00040997234              0 -2.4441496e-06 -4.9629109e-05 -4.6341647e-05 -1.1379146e-05  0.00018971807 -0.00042278499 -0.00019243797 -0.00045506704  -0.0003401536
              0              0              2              0              0              0              0              0              0              0              0              0
  1.3423758e-05 -2.4441496e-06              0  0.00020723297 -7.1968895e-07 -6.9468187e-07 -3.0380009e-07 -2.3000091e-05  1.3985944e-06  6.5849373e-07  8.2247714e-07  1.7577164e-06
  0.00064369701 -4.9629109e-05              0 -7.1968895e-07  1.6894784e-05  1.4449376e-05  1.4081909e-06 -4.2052422e-05  5.3142376e-05  2.3428096e-05  5.5155008e-05  4.1311267e-05
  0.00060079796 -4.6341647e-05              0 -6.9468187e-07  1.4449376e-05  1.2526598e-05  1.3177283e-06 -3.4016815e-05  4.9208316e-05  2.1798114e-05  5.1500288e-05  3.8606778e-05
   0.0001971429 -1.1379146e-05              0 -3.0380009e-07  1.4081909e-06  1.3177283e-06  6.6209644e-06 -0.00011519881  1.5106703e-05  7.2116697e-06   1.635762e-05  1.2026284e-05
  -0.0034844404  0.00018971807              0 -2.3000091e-05 -4.2052422e-05 -3.4016815e-05 -0.00011519881   0.0043735934 -0.00027626226 -0.00012744958 -0.00028704392 -0.00021612981
   0.0055662952 -0.00042278499              0  1.3985944e-06  5.3142376e-05  4.9208316e-05  1.5106703e-05 -0.00027626226  0.00045086371  0.00020180897  0.00047658356  0.00035601127
   0.0025417234 -0.00019243797              0  6.5849373e-07  2.3428096e-05  2.1798114e-05  7.2116697e-06 -0.00012744958  0.00020180897  0.00010115666  0.00021730843  0.00016172501
   0.0059926513 -0.00045506704              0  8.2247714e-07  5.5155008e-05  5.1500288e-05   1.635762e-05 -0.00028704392  0.00047658356  0.00021730843  0.00052049482  0.00038305694
   0.0044778213  -0.0003401536              0  1.7577164e-06  4.1311267e-05  3.8606778e-05  1.2026284e-05 -0.00021612981  0.00035601127  0.00016172501  0.00038305694  0.00029582635


# ext. ||   Name    ||   type  ||     Value     ||  Error +/- 

   0   ||Natural mortality || limited ||    0.03322558812731 ||0.0041018918887
   1   ||Targeted q || limited ||      5.408977045698 ||0.3238396125295
   2   ||Nontargeted q || limited ||                   2 ||22.06548931833
   3   ||     sigma || limited ||      4.231843244171 ||0.2049190247529
   4   ||  Biomass1 || limited ||     0.7440927088902 ||0.07925243278295
   5   ||  Biomass2 || limited ||     0.6981231263985 ||0.0661021349859
   6   ||   vm_mean || limited ||     -1.168854332378 ||0.005305682819248
   7   ||  vm_sigma || limited ||      31.24486450752 ||1.824477299377
   8   ||Recruit year 1 || limited ||      4.443773161462 ||0.3090349216455
   9   ||Recruit year 2 || limited ||      1.298571146372 ||0.08020371828982
  10   ||Recruit year 3 || limited ||      6.407173287463 ||0.3947205251247
  11   ||Recruit year 4 || limited ||      2.841520543288 ||0.2017172014356





