# Minimum negative log likelihood

Minuit did successfully converge.
# of function calls: 1346
minimum function Value: 617.5597627463
minimum edm: 8.954659793149e-05
minimum internal state vector: LAVector parameters:
      3.489758460711
    -0.9502155732832
     -1.287002217587
     -1.133173385054
     -1.451657880177
      -1.46124748093
    -0.8338389195838
     -1.052445311013
    -0.9959285261566
      -1.17740930545
    -0.9958194213984
    0.06250088891921
    0.06734020915619
    0.03830727713613
    0.08892175508725

minimum internal covariance matrix: LASymMatrix parameters:
    0.015595763  0.00094826323              0  9.3914817e-05  -0.0002106486 -0.00018564598   0.0010335057  -0.0014225999  -0.0015880197  -0.0009794392  -0.0016537868 -0.00011588777 -0.00010855938 -8.7141375e-05 -0.00010947916
  0.00094826323  7.0196664e-05              0  1.0086474e-06 -1.4552667e-05 -1.2808501e-05  4.6793377e-05 -8.7512194e-05 -9.7621686e-05 -5.9674352e-05 -0.00010504249 -5.3532011e-06 -5.2195142e-06 -4.4862822e-06 -5.9509213e-06
              0              0              2              0              0              0              0              0              0              0              0              0              0              0              0
  9.3914817e-05  1.0086474e-06              0  0.00029468812 -7.5167589e-06 -5.9060842e-06  1.1599917e-05 -1.2250355e-05 -1.2742666e-05 -7.9145168e-06 -1.1479185e-05 -2.4791602e-06 -1.4620338e-06 -9.6211749e-07 -1.2129612e-06
  -0.0002106486 -1.4552667e-05              0 -7.5167589e-06   9.398167e-06  7.6279097e-06 -1.1549063e-05  1.9945487e-05  2.2216461e-05  1.3348203e-05  2.3732972e-05   1.547355e-06  1.3113893e-06  9.1172617e-07   1.480747e-06
 -0.00018564598 -1.2808501e-05              0 -5.9060842e-06  7.6279097e-06  6.3038978e-06 -9.9534953e-06  1.7541025e-05  1.9592311e-05  1.1711747e-05  2.0970544e-05  1.3771995e-06   1.137645e-06  7.1558091e-07  1.2979764e-06
   0.0010335057  4.6793377e-05              0  1.1599917e-05 -1.1549063e-05 -9.9534953e-06  0.00024804573 -8.9328922e-05 -9.5482926e-05 -6.9402116e-05 -0.00010130058 -1.1221837e-05 -1.3164367e-05 -1.3151325e-05 -1.4498642e-05
  -0.0014225999 -8.7512194e-05              0 -1.2250355e-05  1.9945487e-05  1.7541025e-05 -8.9328922e-05  0.00014039895  0.00014607615  8.8928407e-05  0.00015197641  1.0530246e-05  9.8511575e-06  7.6483916e-06   9.854249e-06
  -0.0015880197 -9.7621686e-05              0 -1.2742666e-05  2.2216461e-05  1.9592311e-05 -9.5482926e-05  0.00014607615   0.0001733281  9.8722264e-05  0.00016989806  1.2056622e-05  1.0714739e-05  8.0959801e-06  1.0806782e-05
  -0.0009794392 -5.9674352e-05              0 -7.9145168e-06  1.3348203e-05  1.1711747e-05 -6.9402116e-05  8.8928407e-05  9.8722264e-05  7.1698645e-05  0.00010337384  7.0602706e-06  6.8659739e-06  5.7648023e-06  7.0045556e-06
  -0.0016537868 -0.00010504249              0 -1.1479185e-05  2.3732972e-05  2.0970544e-05 -0.00010130058  0.00015197641  0.00016989806  0.00010337384  0.00019257845  1.2185528e-05  1.0969168e-05  7.9128114e-06   1.167402e-05
 -0.00011588777 -5.3532011e-06              0 -2.4791602e-06   1.547355e-06  1.3771995e-06 -1.1221837e-05  1.0530246e-05  1.2056622e-05  7.0602706e-06  1.2185528e-05  1.9504367e-06  1.0601172e-06  5.5505903e-07  9.6489113e-07
 -0.00010855938 -5.2195142e-06              0 -1.4620338e-06  1.3113893e-06   1.137645e-06 -1.3164367e-05  9.8511575e-06  1.0714739e-05  6.8659739e-06  1.0969168e-05  1.0601172e-06  1.5823168e-06  9.4122614e-07  1.0127771e-06
 -8.7141375e-05 -4.4862822e-06              0 -9.6211749e-07  9.1172617e-07  7.1558091e-07 -1.3151325e-05  7.6483916e-06  8.0959801e-06  5.7648023e-06  7.9128114e-06  5.5505903e-07  9.4122614e-07  2.4622384e-06  8.8126865e-07
 -0.00010947916 -5.9509213e-06              0 -1.2129612e-06   1.480747e-06  1.2979764e-06 -1.4498642e-05   9.854249e-06  1.0806782e-05  7.0045556e-06   1.167402e-05  9.6489113e-07  1.0127771e-06  8.8126865e-07  1.8333243e-06


# ext. ||   Name    ||   type  ||     Value     ||  Error +/- 

   0   ||Natural mortality || limited ||    0.03647064397796 ||0.002072486128655
   1   ||Targeted q || limited ||      9.322955938933 ||0.1722527602969
   2   ||Nontargeted q || limited ||                   2 ||22.06548931833
   3   ||     sigma || limited ||      4.711920545797 ||0.2572017485887
   4   ||  Biomass1 || limited ||      3.544297084962 ||0.1288250435219
   5   ||  Biomass2 || limited ||      2.997238132798 ||0.09705058563708
   6   ||  vm_sigma || limited ||      10.38020141973 ||0.299357578837
   7   ||Recruit year 1 || limited ||      6.577475839369 ||0.2075328687568
   8   ||Recruit year 2 || limited ||      8.045986835974 ||0.2530568922038
   9   ||Recruit year 3 || limited ||       3.82881553981 ||0.1147426047845
  10   ||Recruit year 4 || limited ||      8.048952932024 ||0.2667841112847
  11   ||Mean Rec dist 1 || limited ||     0.6246020502596 ||0.009856030859924
  12   ||Mean Rec dist 2 || limited ||     0.6728932604451 ||0.008874547587152
  13   ||Mean Rec dist 3 || limited ||      0.382979088373 ||0.01108743862914
  14   ||Mean Rec dist 4 || limited ||     0.8880461619145 ||0.009536418711386





