# Minimum negative log likelihood

Minuit did successfully converge.
# of function calls: 1353
minimum function Value: 591.7711620576
minimum edm: 2.393011479975e-05
minimum internal state vector: LAVector parameters:
     0.1632989839996
      -1.31677402978
     -1.287002217587
      -1.15984761241
     -1.440888953323
     -1.443424777231
     0.3425233160857
    -0.1575133681671
     -1.274925850576
      -1.23225035867
    -0.9541966938085
     -1.135192095883

minimum internal covariance matrix: LASymMatrix parameters:
     0.12807649   -0.021650747              0  1.5775216e-05    0.010834585    0.010637362 -2.7773843e-05  -0.0016643041    0.026402282    0.029819088    0.052550751    0.037007877
   -0.021650747   0.0037141099              0    1.73302e-06  -0.0018566109  -0.0018225055  1.3929428e-05  1.3956796e-05  -0.0045077861  -0.0050919804  -0.0089733594  -0.0063225668
              0              0              2              0              0              0              0              0              0              0              0              0
  1.5775216e-05    1.73302e-06              0  0.00020967162 -2.2348763e-06 -1.8893193e-06  5.9892546e-07 -4.2438688e-05  3.7844735e-06 -8.1384824e-07  5.3740755e-06  3.9827102e-06
    0.010834585  -0.0018566109              0 -2.2348763e-06  0.00093966022  0.00092129628  -6.834328e-06 -1.6744746e-05   0.0022555896   0.0025460874    0.004487676   0.0031618907
    0.010637362  -0.0018225055              0 -1.8893193e-06  0.00092129628  0.00090344151 -6.6216703e-06 -1.7831257e-05    0.002213956   0.0024996165   0.0044055597    0.003104078
 -2.7773843e-05  1.3929428e-05              0  5.9892546e-07  -6.834328e-06 -6.6216703e-06  9.8275835e-06 -0.00016096893 -1.3671249e-05 -1.5397425e-05 -2.6425451e-05 -1.8379371e-05
  -0.0016643041  1.3956796e-05              0 -4.2438688e-05 -1.6744746e-05 -1.7831257e-05 -0.00016096893    0.010156162 -0.00010402756  -0.0001217866 -0.00023485042 -0.00016938482
    0.026402282  -0.0045077861              0  3.7844735e-06   0.0022555896    0.002213956 -1.3671249e-05 -0.00010402756   0.0054929221   0.0061869959    0.010909364   0.0076830106
    0.029819088  -0.0050919804              0 -8.1384824e-07   0.0025460874   0.0024996165 -1.5397425e-05  -0.0001217866   0.0061869959   0.0070050413     0.01232152   0.0086830998
    0.052550751  -0.0089733594              0  5.3740755e-06    0.004487676   0.0044055597 -2.6425451e-05 -0.00023485042    0.010909364     0.01232152    0.021724656    0.015298178
    0.037007877  -0.0063225668              0  3.9827102e-06   0.0031618907    0.003104078 -1.8379371e-05 -0.00016938482   0.0076830106   0.0086830998    0.015298178    0.010796926


# ext. ||   Name    ||   type  ||     Value     ||  Error +/- 

   0   ||Natural mortality || limited ||    0.04906435451914 ||0.006175868602653
   1   ||Targeted q || limited ||      1.604527287891 ||0.5413012934706
   2   ||Nontargeted q || limited ||                   2 ||22.06548931833
   3   ||     sigma || limited ||      4.162887813079 ||0.2045085409559
   4   ||  Biomass1 || limited ||      4.213051489141 ||1.403841295446
   5   ||  Biomass2 || limited ||       4.05039749215 ||1.349801264814
   6   ||   vm_mean || limited ||      1.055150689723 ||0.006559449270074
   7   ||  vm_sigma || limited ||      33.72606459958 ||2.812721866661
   8   ||Recruit year 1 || limited ||       2.18234785702 ||0.7635917223079
   9   ||Recruit year 2 || limited ||      2.847787711379 ||0.982094097179
  10   ||Recruit year 3 || limited ||      9.216605226393 ||3.007654208852
  11   ||Recruit year 4 || limited ||      4.678770697397 ||1.548603807351





