# Minimum negative log likelihood

Minuit did successfully converge.
# of function calls: 1531
minimum function Value: 529.4890427633
minimum edm: 9.512459227891e-05
minimum internal state vector: LAVector parameters:
     0.7646588665734
     -1.037568336846
     -1.287002217587
     -1.217643377869
      -1.46496678996
     -1.472374898787
     -1.248071735228
     -1.051656456462
     -1.211922467248
     -1.240825614515
     -1.254902586729
    0.06295103938209
    0.07879820904567
    0.02628387874895
    0.08629580290854

minimum internal covariance matrix: LASymMatrix parameters:
     0.09696798  -0.0034560474              0  1.6946981e-05  0.00075120205  0.00066003289  -0.0010074399   0.0064331079   0.0044489997   0.0037761928   0.0038971971   0.0009438762  0.00095709108  0.00091940889  0.00094593083
  -0.0034560474  0.00016280194              0  -2.952427e-07 -3.3367764e-05 -2.9944512e-05  1.6915769e-05 -0.00024303092 -0.00016749801 -0.00014211855 -0.00015284941 -2.8085076e-05 -2.9449846e-05 -2.9598397e-05 -2.9011249e-05
              0              0              2              0              0              0              0              0              0              0              0              0              0              0              0
  1.6946981e-05  -2.952427e-07              0  0.00015372453  1.7579592e-08 -1.7778189e-08 -7.1182111e-07  1.2583495e-06   7.130181e-07   5.655676e-07  5.0377128e-07  4.9564751e-07  4.4887181e-07  4.5359319e-07  2.8846204e-09
  0.00075120205 -3.3367764e-05              0  1.7579592e-08  1.0642175e-05  8.9870704e-06  -5.284063e-06  5.2355798e-05  3.5931004e-05  3.0356992e-05  3.2438604e-05   6.338557e-06  6.6383507e-06  6.6460065e-06  6.7806958e-06
  0.00066003289 -2.9944512e-05              0 -1.7778189e-08  8.9870704e-06   7.707964e-06 -4.0863719e-06   4.615603e-05  3.1748611e-05  2.6824104e-05  2.8718919e-05  5.5193539e-06  5.7418937e-06  5.7795314e-06   5.826459e-06
  -0.0010074399  1.6915769e-05              0 -7.1182111e-07  -5.284063e-06 -4.0863719e-06  2.6344956e-05 -5.9936947e-05 -4.1454874e-05 -3.5196668e-05  -3.450129e-05 -1.3055962e-05 -1.2826798e-05 -1.1156471e-05 -1.3499581e-05
   0.0064331079 -0.00024303092              0  1.2583495e-06  5.2355798e-05   4.615603e-05 -5.9936947e-05  0.00043799832  0.00029786362  0.00025309081  0.00026295405  6.0575996e-05  6.1904616e-05  5.9913529e-05  6.1024277e-05
   0.0044489997 -0.00016749801              0   7.130181e-07  3.5931004e-05  3.1748611e-05 -4.1454874e-05  0.00029786362   0.0002125695  0.00017448882  0.00018195088   4.197752e-05  4.2779804e-05  4.1619104e-05  4.2105681e-05
   0.0037761928 -0.00014211855              0   5.655676e-07  3.0356992e-05  2.6824104e-05 -3.5196668e-05  0.00025309081  0.00017448882  0.00015524268  0.00015418776  3.5506326e-05  3.6179804e-05  3.5481527e-05  3.5871398e-05
   0.0038971971 -0.00015284941              0  5.0377128e-07  3.2438604e-05  2.8718919e-05  -3.450129e-05  0.00026295405  0.00018195088  0.00015418776  0.00017215368  3.6145691e-05  3.6837577e-05  3.5588747e-05  3.7840605e-05
   0.0009438762 -2.8085076e-05              0  4.9564751e-07   6.338557e-06  5.5193539e-06 -1.3055962e-05  6.0575996e-05   4.197752e-05  3.5506326e-05  3.6145691e-05  1.1213971e-05  1.0029354e-05  9.3636787e-06  9.9968903e-06
  0.00095709108 -2.9449846e-05              0  4.4887181e-07  6.6383507e-06  5.7418937e-06 -1.2826798e-05  6.1904616e-05  4.2779804e-05  3.6179804e-05  3.6837577e-05  1.0029354e-05  1.2755975e-05  9.5761779e-06  9.9911773e-06
  0.00091940889 -2.9598397e-05              0  4.5359319e-07  6.6460065e-06  5.7795314e-06 -1.1156471e-05  5.9913529e-05  4.1619104e-05  3.5481527e-05  3.5588747e-05  9.3636787e-06  9.5761779e-06  1.1534072e-05  9.4315453e-06
  0.00094593083 -2.9011249e-05              0  2.8846204e-09  6.7806958e-06   5.826459e-06 -1.3499581e-05  6.1024277e-05  4.2105681e-05  3.5871398e-05  3.7840605e-05  9.9968903e-06  9.9911773e-06  9.4315453e-06  1.4384121e-05


# ext. ||   Name    ||   type  ||     Value     ||  Error +/- 

   0   ||Natural mortality || limited ||    0.06230727176592 ||0.003940322819963
   1   ||Targeted q || limited ||      6.941463919073 ||0.2293044791233
   2   ||Nontargeted q || limited ||                   2 ||22.06548931833
   3   ||     sigma || limited ||       3.08565469121 ||0.1516068140486
   4   ||  Biomass1 || limited ||      2.797360409675 ||0.1218332225422
   5   ||  Biomass2 || limited ||      2.419740136001 ||0.09645235819139
   6   ||  vm_sigma || limited ||       2.06598096861 ||0.04604201847698
   7   ||Recruit year 1 || limited ||      6.597029233397 ||0.3670544650464
   8   ||Recruit year 2 || limited ||      3.195034444184 ||0.1810229618431
   9   ||Recruit year 3 || limited ||      2.707138578953 ||0.1427174469471
  10   ||Recruit year 4 || limited ||      2.483797404369 ||0.1440978118822
  11   ||Mean Rec dist 1 || limited ||     0.6290947020638 ||0.02363214922928
  12   ||Mean Rec dist 2 || limited ||      0.787166892732 ||0.02517628665035
  13   ||Mean Rec dist 3 || limited ||     0.2628085251769 ||0.02400633598053
  14   ||Mean Rec dist 4 || limited ||     0.8618873580329 ||0.02671819052654





