# Minimum negative log likelihood

WARNING: Minuit did not converge.

# of function calls: 171
minimum function Value: 724.6699851012
minimum edm: 323.0787406491
minimum internal state vector: LAVector parameters:
     0.5119655121678
     -1.018268860838
     -1.287002217587
    -0.9372040651982
     -1.528114352312
     -1.530233842851
    -0.1735015244616
     -6.264866216295
     -1.347931485276
     -1.182822233215
     -1.045747562659
      -1.18466962792

minimum internal covariance matrix: LASymMatrix parameters:
      1.5290607   3.293738e-05              0 -4.9069034e-05 -1.0995145e-06  5.6633028e-07  4.5833863e-05   0.0055622247   3.281868e-06  4.3482061e-06  1.2658108e-06 -5.8784245e-06
   3.293738e-05      1.5274175              0 -2.2264174e-05 -1.1847116e-07 -6.0896231e-08  1.2924721e-05  0.00073551702  3.6689704e-07  9.9388339e-07 -1.0167456e-09 -1.9009354e-06
              0              0      3.5273607              0              0              0              0              0              0              0              0              0
 -4.9069034e-05 -2.2264174e-05              0      1.5274616  1.4095881e-06 -1.2012343e-06 -1.4978913e-05  -0.0045345087 -3.8437825e-06 -3.0069658e-06 -2.6028675e-06  3.8140817e-07
 -1.0995145e-06 -1.1847116e-07              0  1.4095881e-06      1.5273611  4.2339087e-08  5.8842184e-08 -4.2344344e-06  1.0126597e-07  3.5349275e-08  6.2178764e-08  3.8894733e-08
  5.6633028e-07 -6.0896231e-08              0 -1.2012343e-06  4.2339087e-08       1.527361 -1.8705124e-07 -4.4357966e-05 -1.1404663e-07 -5.3405817e-08 -7.0355137e-08 -2.4683303e-08
  4.5833863e-05  1.2924721e-05              0 -1.4978913e-05  5.8842184e-08 -1.8705124e-07      1.5273762  0.00082540522 -1.5469863e-07  4.5916701e-07 -4.3432743e-08 -7.3278184e-07
   0.0055622247  0.00073551702              0  -0.0045345087 -4.2344344e-06 -4.4357966e-05  0.00082540522       1.000002   -0.000208764 -0.00017981689 -0.00013628214 -0.00011321654
   3.281868e-06  3.6689704e-07              0 -3.8437825e-06  1.0126597e-07 -1.1404663e-07 -1.5469863e-07   -0.000208764      1.5274095 -1.0970346e-07 -1.7313869e-07 -1.0215294e-07
  4.3482061e-06  9.9388339e-07              0 -3.0069658e-06  3.5349275e-08 -5.3405817e-08  4.5916701e-07 -0.00017981689 -1.0970346e-07       1.527412 -6.6066068e-08 -1.1151669e-07
  1.2658108e-06 -1.0167456e-09              0 -2.6028675e-06  6.2178764e-08 -7.0355137e-08 -4.3432743e-08 -0.00013628214 -1.7313869e-07 -6.6066068e-08      1.5274141 -7.1509251e-08
 -5.8784245e-06 -1.9009354e-06              0  3.8140817e-07  3.8894733e-08 -2.4683303e-08 -7.3278184e-07 -0.00011321654 -1.0215294e-07 -1.1151669e-07 -7.1509251e-08      1.5274154


# ext. ||   Name    ||   type  ||     Value     ||  Error +/- 

   0   ||Natural mortality || limited ||    0.05724729231889 ||0.01671954508049
   1   ||Targeted q || limited ||      7.439963685445 ||20.12344502619
   2   ||Nontargeted q || limited ||                   2 ||61.43606873363
   3   ||     sigma || limited ||      9.704703137579 ||22.70039640805
   4   ||  Biomass1 || limited ||     0.4553685994611 ||178.9119928314
   5   ||  Biomass2 || limited ||     0.4112723818953 ||178.9277720605
   6   ||   vm_mean || limited ||    -0.5423405352288 ||2.372908208238
   7   ||  vm_sigma || limited ||      40.73321349247 ||25.98081419884
   8   ||Recruit year 1 || limited ||      1.246463733571 ||17.46339608999
   9   ||Recruit year 2 || limited ||      3.725759015367 ||16.57543428053
  10   ||Recruit year 3 || limited ||      6.744351528742 ||19.2172070133
  11   ||Recruit year 4 || limited ||      3.690896751324 ||16.58795526941



WARNING: FunctionMinimum is invalid: 
	 Edm is above max


