# Minimum negative log likelihood

Minuit did successfully converge.
# of function calls: 1680
minimum function Value: 148.9692674614
minimum edm: 5.97750123335e-05
minimum internal state vector: LAVector parameters:
    -0.6445531870516
     -1.249791055677
     -1.287002217587
     -1.102109817421
     -1.448126338159
      -1.44845613404
    -0.1176325799925
    -0.2468521889306
     -1.227447300577
     -1.224377337478
     -1.180233421446
     -1.084758938231

minimum internal covariance matrix: LASymMatrix parameters:
      0.1065709   -0.009545646              0 -0.00034720333   0.0040572494    0.003607546  -0.0010471003    -0.12359416    0.012456081    0.012807155    0.014057395    0.017415335
   -0.009545646  0.00087023731              0   4.864645e-05  -0.0003710547 -0.00033031669  9.6470056e-05    0.011033423  -0.0011156827   -0.001146783  -0.0012606885  -0.0015628412
              0              0              2              0              0              0              0              0              0              0              0              0
 -0.00034720333   4.864645e-05              0   0.0013440879 -3.0038397e-05 -1.8322466e-05 -9.2737609e-07 -0.00038037918 -7.1484495e-05 -4.3749388e-05 -4.6999906e-05 -5.1451315e-05
   0.0040572494  -0.0003710547              0 -3.0038397e-05  0.00025634996  0.00017155221 -4.2163952e-05   -0.004819493  0.00059022015  0.00049018017  0.00053257661  0.00066879577
    0.003607546 -0.00033031669              0 -1.8322466e-05  0.00017155221  0.00014569324 -3.5345314e-05   -0.004124335  0.00042400797  0.00043485252  0.00047575285  0.00059146836
  -0.0010471003  9.6470056e-05              0 -9.2737609e-07 -4.2163952e-05 -3.5345314e-05  1.3257412e-05   0.0012699183  -0.0001285812  -0.0001258522 -0.00013850012 -0.00017119202
    -0.12359416    0.011033423              0 -0.00038037918   -0.004819493   -0.004124335   0.0012699183       0.152741   -0.014849022   -0.014888247   -0.016366266    -0.02014577
    0.012456081  -0.0011156827              0 -7.1484495e-05  0.00059022015  0.00042400797  -0.0001285812   -0.014849022   0.0017212471    0.001496256   0.0016384819   0.0020419874
    0.012807155   -0.001146783              0 -4.3749388e-05  0.00049018017  0.00043485252  -0.0001258522   -0.014888247    0.001496256   0.0015524992   0.0016871138   0.0020941316
    0.014057395  -0.0012606885              0 -4.6999906e-05  0.00053257661  0.00047575285 -0.00013850012   -0.016366266   0.0016384819   0.0016871138   0.0018682099    0.002296298
    0.017415335  -0.0015628412              0 -5.1451315e-05  0.00066879577  0.00059146836 -0.00017119202    -0.02014577   0.0020419874   0.0020941316    0.002296298   0.0028626832


# ext. ||   Name    ||   type  ||     Value     ||  Error +/- 

   0   ||Natural mortality || limited ||    0.05987380044137 ||0.0274333414502
   1   ||Targeted q || limited ||      2.554064308842 ||0.3290562426051
   2   ||Nontargeted q || limited ||                   2 ||22.06548931833
   3   ||     sigma || limited ||      5.391880958889 ||0.585442909137
   4   ||  Biomass1 || limited ||      3.757266391953 ||0.6926453647609
   5   ||  Biomass2 || limited ||      3.737116044323 ||0.5207804767037
   6   ||   vm_mean || limited ||     -1.173614789823 ||0.02556831961791
   7   ||  vm_sigma || limited ||      30.22651076365 ||10.58294785431
   8   ||Recruit year 1 || limited ||      2.928081980161 ||0.4936735525974
   9   ||Recruit year 2 || limited ||       2.97997258037 ||0.4728805126877
  10   ||Recruit year 3 || limited ||      3.774878312429 ||0.5816341894386
  11   ||Recruit year 4 || limited ||      5.799879257045 ||0.8833412722359





