# Minimum negative log likelihood

Minuit did successfully converge.
# of function calls: 756
minimum function Value: 349.8202408229
minimum edm: 2.531482401116e-06
minimum internal state vector: LAVector parameters:
     0.5070268025051
     -1.240409342852
     -1.287002217587
     -1.342213608312
     -1.519533000579
      -1.52090823643
    -0.7923972607063
     0.1329851948981
     -1.077439470998
     -1.253942168379
     -1.237821074894
     -1.094009749065

minimum internal covariance matrix: LASymMatrix parameters:
    0.014035153   -0.001551496              0  8.0792687e-06  0.00023003851   0.0002253039  1.3096956e-05 -0.00011624919   0.0024518481   0.0014542932   0.0016402831   0.0021692803
   -0.001551496  0.00017360593              0 -1.2157462e-06 -2.5798583e-05 -2.5272719e-05 -7.8362746e-07 -8.4368227e-06 -0.00027263905 -0.00016163091 -0.00018244919 -0.00024135499
              0              0              2              0              0              0              0              0              0              0              0              0
  8.0792687e-06 -1.2157462e-06              0  6.6367241e-05  2.7006172e-07  2.7895365e-07 -2.9326377e-08  4.0080441e-06  1.6972601e-06  6.2688624e-07  1.1933476e-06  1.3526745e-06
  0.00023003851 -2.5798583e-05              0  2.7006172e-07   6.585621e-06  5.3894041e-06  2.1813733e-08 -7.6942064e-06  4.2284074e-05  2.4001657e-05   2.711024e-05   3.586548e-05
   0.0002253039 -2.5272719e-05              0  2.7895365e-07  5.3894041e-06   4.860977e-06  1.3837739e-07  3.7566696e-06  4.0188613e-05  2.3501855e-05  2.6551182e-05  3.5121323e-05
  1.3096956e-05 -7.8362746e-07              0 -2.9326377e-08  2.1813733e-08  1.3837739e-07  1.1946559e-06 -1.5014294e-05  1.4888668e-06  1.0786196e-06  1.1523944e-06    1.53529e-06
 -0.00011624919 -8.4368227e-06              0  4.0080441e-06 -7.6942064e-06  3.7566696e-06 -1.5014294e-05   0.0019607976 -3.0363191e-05 -3.9991826e-06 -1.7137955e-06 -2.0946818e-06
   0.0024518481 -0.00027263905              0  1.6972601e-06  4.2284074e-05  4.0188613e-05  1.4888668e-06 -3.0363191e-05  0.00043355747  0.00025475993  0.00028754098  0.00038034354
   0.0014542932 -0.00016163091              0  6.2688624e-07  2.4001657e-05  2.3501855e-05  1.0786196e-06 -3.9991826e-06  0.00025475993  0.00015232678  0.00017043129  0.00022549017
   0.0016402831 -0.00018244919              0  1.1933476e-06   2.711024e-05  2.6551182e-05  1.1523944e-06 -1.7137955e-06  0.00028754098  0.00017043129  0.00019360169  0.00025442319
   0.0021692803 -0.00024135499              0  1.3526745e-06   3.586548e-05  3.5121323e-05    1.53529e-06 -2.0946818e-06  0.00038034354  0.00022549017  0.00025442319  0.00033771526


# ext. ||   Name    ||   type  ||     Value     ||  Error +/- 

   0   ||Natural mortality || limited ||     0.0571395062801 ||0.001828657614037
   1   ||Targeted q || limited ||      2.704156337761 ||0.1511207297974
   2   ||Nontargeted q || limited ||                   2 ||22.06548931833
   3   ||     sigma || limited ||      1.300573733384 ||0.06526559268717
   4   ||  Biomass1 || limited ||     0.6568382910861 ||0.0464910852272
   5   ||  Biomass2 || limited ||     0.6220763542439 ||0.03887168193412
   6   ||   vm_mean || limited ||     -2.236935016086 ||0.001704826603985
   7   ||  vm_sigma || limited ||      45.30417634802 ||1.241175933956
   8   ||Recruit year 1 || limited ||      5.972000387061 ||0.3485918643775
   9   ||Recruit year 2 || limited ||      2.498736298827 ||0.1359446689964
  10   ||Recruit year 3 || limited ||      2.756022966463 ||0.1607740709801
  11   ||Recruit year 4 || limited ||      5.585730764945 ||0.2981383455102





