# Minimum negative log likelihood

Minuit did successfully converge.
# of function calls: 676
minimum function Value: 380.7210088262
minimum edm: 4.321527015184e-05
minimum internal state vector: LAVector parameters:
     -1.113354826938
     -1.287002217587
      -1.32448687235
     -1.414117895021
     -1.412373794602
     0.2999349621684
    -0.8664397628027
     -1.200475819393
     -1.126970629949
     -0.977067309774
     -1.441914401672

minimum internal covariance matrix: LASymMatrix parameters:
  1.2877464e-06              0 -8.8091199e-07 -7.1764273e-07 -5.6739087e-07  1.5803914e-07 -4.3832754e-07 -7.9140276e-08 -7.8738383e-07  6.4813358e-07  5.0234187e-07
              0              2              0              0              0              0              0              0              0              0              0
 -8.8091199e-07              0  0.00010603597 -3.4858045e-07 -1.7221095e-07 -8.3023353e-08   1.363212e-05 -2.7266136e-06  5.9844932e-06 -2.8372919e-06 -1.2509659e-06
 -7.1764273e-07              0 -3.4858045e-07  1.8231153e-06  1.4188337e-06  -5.643365e-08  8.8669148e-07 -1.1787263e-07  4.1474992e-07 -4.6214636e-07  1.4646916e-06
 -5.6739087e-07              0 -1.7221095e-07  1.4188337e-06  1.1201548e-06 -3.7589325e-08  1.0092388e-06 -6.2265949e-08  3.3745849e-07 -3.2749938e-07  1.1260407e-06
  1.5803914e-07              0 -8.3023353e-08  -5.643365e-08 -3.7589325e-08  7.0343283e-08  2.5615688e-09  9.9025862e-09 -2.2692289e-07  2.3177745e-07  2.7225678e-07
 -4.3832754e-07              0   1.363212e-05  8.8669148e-07  1.0092388e-06  2.5615688e-09  4.2031685e-05  -2.387571e-06  6.5587365e-06 -2.5239442e-06  1.5506367e-06
 -7.9140276e-08              0 -2.7266136e-06 -1.1787263e-07 -6.2265949e-08  9.9025862e-09  -2.387571e-06  2.9910012e-06 -1.6840996e-06   5.348013e-07 -6.0266629e-07
 -7.8738383e-07              0  5.9844932e-06  4.1474992e-07  3.3745849e-07 -2.2692289e-07  6.5587365e-06 -1.6840996e-06  4.6142836e-06 -1.8996582e-06 -1.5297875e-07
  6.4813358e-07              0 -2.8372919e-06 -4.6214636e-07 -3.2749938e-07  2.3177745e-07 -2.5239442e-06   5.348013e-07 -1.8996582e-06  3.0307073e-06 -8.4796278e-07
  5.0234187e-07              0 -1.2509659e-06  1.4646916e-06  1.1260407e-06  2.7225678e-07  1.5506367e-06 -6.0266629e-07 -1.5297875e-07 -8.4796278e-07  1.6002358e-05


# ext. ||   Name    ||   type  ||     Value     ||  Error +/- 

   0   ||Targeted q || limited ||      5.140729758107 ||0.01771953875242
   1   ||Nontargeted q || limited ||                   2 ||22.06548931833
   2   ||     sigma || limited ||      1.509056156357 ||0.08876844503509
   3   ||  Biomass1 || limited ||      6.124488623896 ||0.07448913328129
   4   ||  Biomass2 || limited ||      6.261312848428 ||0.05903271912847
   5   ||   vm_mean || limited ||      2.954580730227 ||0.001791684013354
   6   ||  vm_sigma || limited ||      9.519746519137 ||0.1187395750699
   7   ||Recruit year 1 || limited ||      3.399091192049 ||0.02212714704093
   8   ||Recruit year 2 || limited ||      4.853739028557 ||0.0326079283737
   9   ||Recruit year 3 || limited ||       8.56613295914 ||0.03443096525683
  10   ||Recruit year 4 || limited ||     0.4246478015114 ||0.01817573696531





