# Minimum negative log likelihood

Minuit did successfully converge.
# of function calls: 524
minimum function Value: 330.5931973373
minimum edm: 2.498118964505e-05
minimum internal state vector: LAVector parameters:
     -1.214230105408
     -1.287002217587
     -1.352573516152
      -1.50388385659
     -1.506457104942
    -0.7225368667177
    -0.4855878636514
     -1.143619467153
     -1.298431317878
     -1.147912601154
     -1.352409639622

minimum internal covariance matrix: LASymMatrix parameters:
  1.9940245e-06              0  5.7936494e-07 -4.8644692e-07 -4.6373005e-07  9.1098027e-07 -1.2040319e-05 -7.1063326e-07 -4.0976895e-07 -9.0363045e-07 -2.2167523e-07
              0              2              0              0              0              0              0              0              0              0              0
  5.7936494e-07              0  6.2223868e-05 -1.7238846e-06  -1.099079e-06 -1.1496438e-08 -9.1965481e-06  -1.968512e-06 -3.6095113e-08 -8.5521961e-08 -2.0329602e-07
 -4.8644692e-07              0 -1.7238846e-06  1.7227458e-06  1.1174097e-06 -2.1676625e-07  1.3146315e-06  1.4860774e-06  1.2203248e-07  3.1184595e-07  6.4935358e-08
 -4.6373005e-07              0  -1.099079e-06  1.1174097e-06  8.2130877e-07 -1.5356465e-07  2.8271641e-06  6.9519676e-07  1.1176171e-07    2.62025e-07  6.1602511e-08
  9.1098027e-07              0 -1.1496438e-08 -2.1676625e-07 -1.5356465e-07  1.4647112e-06 -9.8055971e-06 -6.1210335e-07 -1.9387357e-07 -4.1883377e-07 -8.7074309e-08
 -1.2040319e-05              0 -9.1965481e-06  1.3146315e-06  2.8271641e-06 -9.8055971e-06  0.00025573964  4.7762433e-07  2.4181877e-06  5.1060454e-06  1.0729303e-06
 -7.1063326e-07              0  -1.968512e-06  1.4860774e-06  6.9519676e-07 -6.1210335e-07  4.7762433e-07  3.4166815e-06  9.1752118e-08  3.1793059e-07  1.2566819e-07
 -4.0976895e-07              0 -3.6095113e-08  1.2203248e-07  1.1176171e-07 -1.9387357e-07  2.4181877e-06  9.1752118e-08  8.4456721e-07  1.8747043e-07  3.8765554e-08
 -9.0363045e-07              0 -8.5521961e-08  3.1184595e-07    2.62025e-07 -4.1883377e-07  5.1060454e-06  3.1793059e-07  1.8747043e-07  1.1622363e-06  7.4498661e-08
 -2.2167523e-07              0 -2.0329602e-07  6.4935358e-08  6.1602511e-08 -8.7074309e-08  1.0729303e-06  1.2566819e-07  3.8765554e-08  7.4498661e-08  7.9345365e-07


# ext. ||   Name    ||   type  ||     Value     ||  Error +/- 

   0   ||Targeted q || limited ||      3.144953223426 ||0.01742683001268
   1   ||Nontargeted q || limited ||                   2 ||22.06548931833
   2   ||     sigma || limited ||      1.185812832388 ||0.060378035394
   3   ||  Biomass1 || limited ||      1.118902104033 ||0.03102762111126
   4   ||  Biomass2 || limited ||      1.034526921545 ||0.02060081203942
   5   ||   vm_mean || limited ||     -2.077503111791 ||0.002016729616524
   6   ||  vm_sigma || limited ||      21.33159947987 ||0.4000169787047
   7   ||Recruit year 1 || limited ||      4.502600164225 ||0.02707271346776
   8   ||Recruit year 2 || limited ||      1.852946716152 ||0.008739711585812
   9   ||Recruit year 3 || limited ||      4.414095741143 ||0.01564074667965
  10   ||Recruit year 4 || limited ||      1.197468650965 ||0.006822457956366





