# Minimum negative log likelihood

Minuit did successfully converge.
# of function calls: 1063
minimum function Value: 648.7379521231
minimum edm: 8.45016543703e-06
minimum internal state vector: LAVector parameters:
    -0.4104293720443
     -1.092825940259
     -1.287002217587
      -1.09848163462
     -1.420134728023
     -1.427302945277
     0.0574417627677
     -1.178025846673
     -1.056774125437
     -1.210601511865
     -1.156315218324
    0.02879266626424
    0.09897102737745
    0.04089873836801
    0.04397576214044

minimum internal covariance matrix: LASymMatrix parameters:
     0.01404128 -0.00095436055              0 -7.3365445e-05  0.00029233462  0.00027071918  -0.0054364323   0.0012412923   0.0016667708   0.0011615642   0.0012562356  6.1683943e-05  6.1169184e-05  7.0576445e-05  7.2203783e-05
 -0.00095436055   8.061557e-05              0  6.3687411e-06 -2.4106845e-05 -2.2302517e-05  0.00025080639 -8.5502242e-05 -0.00011614048 -7.9030152e-05 -9.4109555e-05 -3.2091869e-06 -2.6309797e-06 -3.8267428e-06 -3.4531392e-06
              0              0              2              0              0              0              0              0              0              0              0              0              0              0              0
 -7.3365445e-05  6.3687411e-06              0  0.00032230838  4.6875607e-06  3.3177489e-06   -2.49491e-05 -5.4483291e-06 -6.0632304e-06 -3.1760114e-06 -5.9041151e-06 -9.4702533e-07  9.3608327e-07 -4.3835068e-07 -7.0238444e-08
  0.00029233462 -2.4106845e-05              0  4.6875607e-06   1.756184e-05  1.5077514e-05 -8.9261294e-05  2.6248268e-05  3.5332573e-05    2.43941e-05  2.8090725e-05  7.3274311e-07  1.0634175e-06  1.2488871e-06   1.366478e-06
  0.00027071918 -2.2302517e-05              0  3.3177489e-06  1.5077514e-05  1.3091967e-05 -8.0587685e-05  2.4182307e-05  3.2676498e-05  2.2501037e-05  2.6107163e-05  7.6649455e-07  9.6815934e-07   1.173539e-06  1.2350914e-06
  -0.0054364323  0.00025080639              0   -2.49491e-05 -8.9261294e-05 -8.0587685e-05    0.013177383 -0.00044396564 -0.00060198958 -0.00043588089  -0.0004545948 -6.6004228e-05 -8.3667412e-05 -6.8595913e-05 -8.1273042e-05
   0.0012412923 -8.5502242e-05              0 -5.4483291e-06  2.6248268e-05  2.4182307e-05 -0.00044396564  0.00012481579  0.00014509633   0.0001018826   0.0001116614  4.7550754e-06  5.2491842e-06  5.7928431e-06  6.3059827e-06
   0.0016667708 -0.00011614048              0 -6.0632304e-06  3.5332573e-05  3.2676498e-05 -0.00060198958  0.00014509633  0.00021495706  0.00013938717  0.00014850717  6.9202907e-06  6.1994429e-06  8.0136014e-06  7.8326903e-06
   0.0011615642 -7.9030152e-05              0 -3.1760114e-06    2.43941e-05  2.2501037e-05 -0.00043588089   0.0001018826  0.00013938717  0.00011072574   0.0001025055  4.9322588e-06  4.7245734e-06  5.3109574e-06  5.8590037e-06
   0.0012562356 -9.4109555e-05              0 -5.9041151e-06  2.8090725e-05  2.6107163e-05  -0.0004545948   0.0001116614  0.00014850717   0.0001025055  0.00014161756  5.2015274e-06  5.1277307e-06  6.1155491e-06  6.1929835e-06
  6.1683943e-05 -3.2091869e-06              0 -9.4702533e-07  7.3274311e-07  7.6649455e-07 -6.6004228e-05  4.7550754e-06  6.9202907e-06  4.9322588e-06  5.2015274e-06    1.70471e-06  6.2629243e-07   4.604715e-07  6.1381372e-07
  6.1169184e-05 -2.6309797e-06              0  9.3608327e-07  1.0634175e-06  9.6815934e-07 -8.3667412e-05  5.2491842e-06  6.1994429e-06  4.7245734e-06  5.1277307e-06  6.2629243e-07  1.8433768e-06  6.2039943e-07   7.771079e-07
  7.0576445e-05 -3.8267428e-06              0 -4.3835068e-07  1.2488871e-06   1.173539e-06 -6.8595913e-05  5.7928431e-06  8.0136014e-06  5.3109574e-06  6.1155491e-06   4.604715e-07  6.2039943e-07   2.300082e-06  7.6914373e-07
  7.2203783e-05 -3.4531392e-06              0 -7.0238444e-08   1.366478e-06  1.2350914e-06 -8.1273042e-05  6.3059827e-06  7.8326903e-06  5.8590037e-06  6.1929835e-06  6.1381372e-07   7.771079e-07  7.6914373e-07  2.0663224e-06


# ext. ||   Name    ||   type  ||     Value     ||  Error +/- 

   0   ||Natural mortality || limited ||    0.03502492306823 ||0.001918516438529
   1   ||Targeted q || limited ||      5.603483577214 ||0.1460153741605
   2   ||Nontargeted q || limited ||                   2 ||22.06548931833
   3   ||     sigma || limited ||      5.474119581525 ||0.2887630656188
   4   ||  Biomass1 || limited ||       5.66400327033 ||0.2223810118
   5   ||  Biomass2 || limited ||      5.138761142011 ||0.1829352699677
   6   ||  vm_sigma || limited ||      42.29687846526 ||3.237876341859
   7   ||Recruit year 1 || limited ||      3.817008902886 ||0.151166768291
   8   ||Recruit year 2 || limited ||      6.470658565084 ||0.2548387156058
   9   ||Recruit year 3 || limited ||      3.218270258969 ||0.1311104964072
  10   ||Recruit year 4 || limited ||      4.243306170651 ||0.1694192817614
  11   ||Mean Rec dist 1 || limited ||     0.2878868815781 ||0.009228479618885
  12   ||Mean Rec dist 2 || limited ||     0.9880953193106 ||0.009553477673472
  13   ||Mean Rec dist 3 || limited ||     0.4088733738861 ||0.01071502662899
  14   ||Mean Rec dist 4 || limited ||     0.4396158962689 ||0.01015462521956





