# Minimum negative log likelihood

Minuit did successfully converge.
# of function calls: 1499
minimum function Value: 634.1068134634
minimum edm: 5.621087398687e-05
minimum internal state vector: LAVector parameters:
      3.325858403023
    -0.9804032127202
     -1.287002217587
     -1.114107731578
     -1.427309827316
     -1.437331996109
      3.306702390129
      -1.02451897936
     -1.085090292937
     -1.371440388656
     -1.104301974063
      0.104776788776
     0.1091323304169
    0.09224206303352
    0.09428209265705

minimum internal covariance matrix: LASymMatrix parameters:
   0.0093759736  0.00038770188              0 -0.00076989133 -0.00014865454  -0.0001244835   0.0008033023  -0.0010121752 -0.00099657137 -0.00058768652 -0.00066382197 -1.0393367e-05 -5.5667097e-05  4.3111555e-05 -7.2689274e-06
  0.00038770188  3.0300566e-05              0 -5.3334339e-05 -1.2287192e-05 -1.0151702e-05  0.00016965715 -4.0926546e-05 -4.7740355e-05 -2.7087047e-05 -2.8693557e-05  1.9321338e-06 -3.6858579e-07 -1.7774111e-06  1.5628026e-06
              0              0              2              0              0              0              0              0              0              0              0              0              0              0              0
 -0.00076989133 -5.3334339e-05              0  0.00036040405  2.4842248e-05  1.8991127e-05  0.00012165044  8.8805036e-05  8.0072673e-05  3.2961826e-05  6.0512774e-05   6.433279e-06  3.5427094e-06  7.0067956e-06 -2.5905059e-06
 -0.00014865454 -1.2287192e-05              0  2.4842248e-05   1.607949e-05  1.2717037e-05  -7.627485e-06  1.5963063e-05  2.0319337e-05  1.1018546e-05   1.453777e-05  4.2974008e-07  2.3777256e-07  1.5918092e-06  -1.065506e-06
  -0.0001244835 -1.0151702e-05              0  1.8991127e-05  1.2717037e-05  1.0236478e-05 -5.4940906e-06   1.322472e-05  1.6976042e-05  8.9679332e-06  1.2477336e-05  2.7463745e-07  1.8219109e-07  1.5582071e-06 -6.9837524e-07
   0.0008033023  0.00016965715              0  0.00012165044  -7.627485e-06 -5.4940906e-06   0.0045991259 -7.1257317e-05 -9.8157316e-05 -4.2868576e-05 -4.0454517e-05  4.3241609e-05  1.4791182e-05 -2.9366581e-05  2.5691058e-05
  -0.0010121752 -4.0926546e-05              0  8.8805036e-05  1.5963063e-05   1.322472e-05 -7.1257317e-05  0.00012661327  0.00010701522  6.1253843e-05  7.3009867e-05  2.6111203e-06  5.8770224e-06 -7.1774575e-06  2.2515367e-07
 -0.00099657137 -4.7740355e-05              0  8.0072673e-05  2.0319337e-05  1.6976042e-05 -9.8157316e-05  0.00010701522  0.00012374099  6.3831825e-05  7.2047252e-05   2.904536e-07  5.5474198e-06  1.6123071e-07  7.8822581e-07
 -0.00058768652 -2.7087047e-05              0  3.2961826e-05  1.1018546e-05  8.9679332e-06 -4.2868576e-05  6.1253843e-05  6.3831825e-05  5.2450708e-05   4.198604e-05 -2.6280492e-07  4.5636854e-06 -3.9127592e-06  9.3168754e-07
 -0.00066382197 -2.8693557e-05              0  6.0512774e-05   1.453777e-05  1.2477336e-05 -4.0454517e-05  7.3009867e-05  7.2047252e-05   4.198604e-05  7.2770969e-05  1.5097238e-06  3.1665462e-06 -3.9453783e-06  4.6410321e-07
 -1.0393367e-05  1.9321338e-06              0   6.433279e-06  4.2974008e-07  2.7463745e-07  4.3241609e-05  2.6111203e-06   2.904536e-07 -2.6280492e-07  1.5097238e-06  1.8416897e-06  1.5720916e-07 -1.1102979e-06 -1.7722589e-07
 -5.5667097e-05 -3.6858579e-07              0  3.5427094e-06  2.3777256e-07  1.8219109e-07  1.4791182e-05  5.8770224e-06  5.5474198e-06  4.5636854e-06  3.1665462e-06  1.5720916e-07  1.6699926e-06 -1.0385844e-06  3.1113428e-07
  4.3111555e-05 -1.7774111e-06              0  7.0067956e-06  1.5918092e-06  1.5582071e-06 -2.9366581e-05 -7.1774575e-06  1.6123071e-07 -3.9127592e-06 -3.9453783e-06 -1.1102979e-06 -1.0385844e-06  1.1192867e-05 -1.3447731e-07
 -7.2689274e-06  1.5628026e-06              0 -2.5905059e-06  -1.065506e-06 -6.9837524e-07  2.5691058e-05  2.2515367e-07  7.8822581e-07  9.3168754e-07  4.6410321e-07 -1.7722589e-07  3.1113428e-07 -1.3447731e-07  1.4578093e-06


# ext. ||   Name    ||   type  ||     Value     ||  Error +/- 

   0   ||Natural mortality || limited ||    0.04041938093729 ||0.001681429734342
   1   ||Targeted q || limited ||      8.463904922457 ||0.1083405050333
   2   ||Nontargeted q || limited ||                   2 ||22.06548931833
   3   ||     sigma || limited ||      5.124116302981 ||0.295974434161
   4   ||  Biomass1 || limited ||      5.138269082929 ||0.2027264119023
   5   ||  Biomass2 || limited ||      4.446575538702 ||0.1505237511874
   6   ||  vm_sigma || limited ||      33.42615913476 ||1.891315396973
   7   ||Recruit year 1 || limited ||      7.286052655825 ||0.2066524188166
   8   ||Recruit year 2 || limited ||      5.792143240283 ||0.1835799718461
   9   ||Recruit year 3 || limited ||      1.000184476759 ||0.05070304348905
  10   ||Recruit year 4 || limited ||      5.351942451039 ||0.1356334794374
  11   ||Mean Rec dist 1 || limited ||      1.045851843176 ||0.009543439177013
  12   ||Mean Rec dist 2 || limited ||      1.089158341489 ||0.009083450944586
  13   ||Mean Rec dist 3 || limited ||     0.9211131023027 ||0.02355618897602
  14   ||Mean Rec dist 4 || limited ||     0.9414247402993 ||0.008499672686591





