# Minimum negative log likelihood

Minuit did successfully converge.
# of function calls: 683
minimum function Value: 982.3178788618
minimum edm: 4.197190193939e-05
minimum internal state vector: LAVector parameters:
     -1.211558257554
     -1.287002217587
    -0.4731857069298
     -1.458089371385
     -1.438301245573
      1.570771211008
      1.572116097725
     -1.108081139459
     -1.003535003846
     -1.271396889951
    -0.8478265038763

minimum internal covariance matrix: LASymMatrix parameters:
  0.00021336298              0  4.1165583e-06 -0.00010297374 -9.4498186e-05  1.1856014e-06  -6.676963e-05 -0.00029958184  7.6447166e-06 -0.00017991268 -0.00010594119
              0              2              0              0              0              0              0              0              0              0              0
  4.1165583e-06              0   0.0018469689 -1.2544967e-05 -1.3965782e-05   5.698871e-06  0.00018429724 -6.9643514e-05   1.525882e-05 -8.6505693e-06 -3.8257482e-06
 -0.00010297374              0 -1.2544967e-05  0.00065384608  0.00040258813  -1.248427e-05  3.9201462e-05 -0.00073887608  0.00065057661 -0.00095358898  0.00046983426
 -9.4498186e-05              0 -1.3965782e-05  0.00040258813  0.00029659369 -1.0065311e-05  0.00024373373  0.00025008618  -5.743424e-05  9.3869478e-05  2.5880244e-05
  1.1856014e-06              0   5.698871e-06  -1.248427e-05 -1.0065311e-05   0.0006305067  -0.0002426245 -1.0652266e-05  1.9395628e-05 -5.5288724e-05  3.8541073e-05
  -6.676963e-05              0  0.00018429724  3.9201462e-05  0.00024373373  -0.0002426245      1.0054566   0.0016709181  -0.0013424405   0.0020720505   -0.001213052
 -0.00029958184              0 -6.9643514e-05 -0.00073887608  0.00025008618 -1.0652266e-05   0.0016709181    0.011625733   -0.007802529    0.011597613  -0.0046397443
  7.6447166e-06              0   1.525882e-05  0.00065057661  -5.743424e-05  1.9395628e-05  -0.0013424405   -0.007802529   0.0063589758  -0.0093006577   0.0039005853
 -0.00017991268              0 -8.6505693e-06 -0.00095358898  9.3869478e-05 -5.5288724e-05   0.0020720505    0.011597613  -0.0093006577    0.016085745  -0.0067583135
 -0.00010594119              0 -3.8257482e-06  0.00046983426  2.5880244e-05  3.8541073e-05   -0.001213052  -0.0046397443   0.0039005853  -0.0067583135   0.0039035695


# ext. ||   Name    ||   type  ||     Value     ||  Error +/- 

   0   ||Targeted q || limited ||      3.191751971804 ||0.1815547275292
   1   ||Nontargeted q || limited ||                   2 ||22.06548931833
   2   ||     sigma || limited ||      27.21378711295 ||1.352281163547
   3   ||  Biomass1 || limited ||      3.172354151822 ||1.016716727491
   4   ||  Biomass2 || limited ||      4.382320056352 ||0.8043657436154
   5   ||   vm_mean || limited ||      3.141592652599** ||0.0004951857937043
   6   ||  vm_sigma || limited ||      79.99996516453 ||9.640206136081
   7   ||Recruit year 1 || limited ||      5.267284530329 ||1.699828373641
   8   ||Recruit year 2 || limited ||      7.840432181063 ||1.513949906498
   9   ||Recruit year 3 || limited ||           2.2340878 ||1.320665903363
  10   ||Recruit year 4 || limited ||      12.51654117557 ||1.460852121996

** Parameter is at Upper limit




