# Minimum negative log likelihood

Minuit did successfully converge.
# of function calls: 685
minimum function Value: 569.7354638874
minimum edm: 2.196808740597e-05
minimum internal state vector: LAVector parameters:
    0.08955868354878
     -1.173055161431
     -1.287002217587
     -1.181345709648
     -1.355913827578
     -1.364832876178
     -1.014447913015
    -0.9385860129748
     -1.271347352144
    -0.9769078145508
    -0.9983873709768
      0.107353031878
    0.06775977690697
    0.09750795980961
    0.05477293064373

minimum internal covariance matrix: LASymMatrix parameters:
   0.0029653865 -0.00011956274              0  -5.982796e-05   -2.88314e-05 -1.5381639e-05 -0.00032006453  0.00048705507  0.00024899994  0.00045783524  0.00040128371  5.2419868e-05  4.0804934e-05  5.0732982e-05   3.912534e-05
 -0.00011956274  1.0035212e-05              0  3.5240128e-06  1.3328648e-06  5.7428953e-07  2.9409078e-06 -2.2921769e-05 -1.0821806e-05 -2.2021902e-05  -2.055155e-05 -1.2029121e-06 -1.5430103e-06 -1.0121486e-06 -1.2619641e-06
              0              0              2              0              0              0              0              0              0              0              0              0              0              0              0
  -5.982796e-05  3.5240128e-06              0  0.00018311682  6.1148573e-07  2.5969568e-07  1.9192585e-06 -1.1077476e-05 -4.7959514e-06 -9.6787021e-06 -9.0188661e-06 -7.9073503e-07  -4.799077e-07 -1.0832033e-06 -5.1384676e-07
   -2.88314e-05  1.3328648e-06              0  6.1148573e-07  5.1408414e-07  3.1531007e-07  2.8035961e-06 -4.8485577e-06  -2.574473e-06 -4.5947932e-06 -4.1834262e-06 -4.9932135e-07 -3.1896299e-07 -4.7982483e-07 -3.9525121e-07
 -1.5381639e-05  5.7428953e-07              0  2.5969568e-07  3.1531007e-07   2.375297e-07  1.9038669e-06 -2.5546458e-06  -1.388521e-06 -2.3639601e-06  -2.178763e-06 -2.7411868e-07 -1.5365065e-07 -2.9798191e-07 -2.3390942e-07
 -0.00032006453  2.9409078e-06              0  1.9192585e-06  2.8035961e-06  1.9038669e-06  0.00015015187 -4.4713152e-05 -2.4232344e-05 -3.9512845e-05 -3.9343901e-05 -1.1683635e-05 -6.7285949e-06 -1.2391823e-05 -9.4457028e-06
  0.00048705507 -2.2921769e-05              0 -1.1077476e-05 -4.8485577e-06 -2.5546458e-06 -4.4713152e-05  9.0961529e-05  4.0936546e-05   7.736817e-05  6.8336352e-05  7.3953841e-06  7.0700467e-06  7.5712346e-06  6.1160024e-06
  0.00024899994 -1.0821806e-05              0 -4.7959514e-06  -2.574473e-06  -1.388521e-06 -2.4232344e-05  4.0936546e-05  3.0301516e-05  3.8890753e-05  3.4355987e-05  4.0885307e-06  1.9306916e-06  4.1291883e-06  3.1579492e-06
  0.00045783524 -2.2021902e-05              0 -9.6787021e-06 -4.5947932e-06 -2.3639601e-06 -3.9512845e-05   7.736817e-05  3.8890753e-05  8.1988847e-05  6.4615779e-05  7.3150908e-06  6.2061539e-06  6.5793231e-06  5.8616898e-06
  0.00040128371  -2.055155e-05              0 -9.0188661e-06 -4.1834262e-06  -2.178763e-06 -3.9343901e-05  6.8336352e-05  3.4355987e-05  6.4615779e-05  7.4187201e-05  6.6162644e-06  5.5936964e-06  6.1426606e-06   6.261424e-06
  5.2419868e-05 -1.2029121e-06              0 -7.9073503e-07 -4.9932135e-07 -2.7411868e-07 -1.1683635e-05  7.3953841e-06  4.0885307e-06  7.3150908e-06  6.6162644e-06  2.5514181e-06  9.6316333e-07   1.306723e-06  9.5097901e-07
  4.0804934e-05 -1.5430103e-06              0  -4.799077e-07 -3.1896299e-07 -1.5365065e-07 -6.7285949e-06  7.0700467e-06  1.9306916e-06  6.2061539e-06  5.5936964e-06  9.6316333e-07  6.2868799e-06  8.4150743e-07  6.4362046e-07
  5.0732982e-05 -1.0121486e-06              0 -1.0832033e-06 -4.7982483e-07 -2.9798191e-07 -1.2391823e-05  7.5712346e-06  4.1291883e-06  6.5793231e-06  6.1426606e-06   1.306723e-06  8.4150743e-07  2.4984526e-06  1.0078635e-06
   3.912534e-05 -1.2619641e-06              0 -5.1384676e-07 -3.9525121e-07 -2.3390942e-07 -9.4457028e-06  6.1160024e-06  3.1579492e-06  5.8616898e-06   6.261424e-06  9.5097901e-07  6.4362046e-07  1.0078635e-06  1.9996706e-06


# ext. ||   Name    ||   type  ||     Value     ||  Error +/- 

   0   ||Natural mortality || limited ||    0.04723597525335 ||0.0009585490082578
   1   ||Targeted q || limited ||      3.903086244244 ||0.04338171386108
   2   ||Nontargeted q || limited ||                   2 ||22.06548931833
   3   ||     sigma || limited ||      3.744110536776 ||0.181647941421
   4   ||  Biomass1 || limited ||      11.49927202374 ||0.05405374131662
   5   ||  Biomass2 || limited ||      10.56779837817 ||0.03523945916128
   6   ||  vm_sigma || limited ||      6.033359385562 ||0.1830233465679
   7   ||Recruit year 1 || limited ||      9.672866578267 ||0.1992382379994
   8   ||Recruit year 2 || limited ||      2.234818335493 ||0.05740575938644
   9   ||Recruit year 3 || limited ||      8.570594565947 ||0.1791242301977
  10   ||Recruit year 4 || limited ||      7.979273800271 ||0.164929753971
  11   ||Mean Rec dist 1 || limited ||      1.071469492261 ||0.01122970509666
  12   ||Mean Rec dist 2 || limited ||     0.6770793691201 ||0.01768905311961
  13   ||Mean Rec dist 3 || limited ||     0.9735351884804 ||0.01112378516054
  14   ||Mean Rec dist 4 || limited ||     0.5474554761138 ||0.009984179357041





