# Minimum negative log likelihood

Minuit did successfully converge.
# of function calls: 1005
minimum function Value: 594.8520803619
minimum edm: 4.666582572933e-05
minimum internal state vector: LAVector parameters:
    -0.2097500498649
     -1.237268658873
     -1.287002217587
     -1.156768948458
     -1.475054138153
      -1.47816832655
    -0.3239792666239
     -1.036409151957
     -1.214625018211
     -1.079059387978
    -0.9106836072782
    0.07721055052896
    0.05963074179057
     0.1085009931679
    0.05389170057191

minimum internal covariance matrix: LASymMatrix parameters:
    0.013242881  -0.0011692747              0 -4.1984325e-05  0.00035075528  0.00033435227   -0.003698049   0.0027706209   0.0018460062   0.0024751056     0.00334252  0.00010450517  0.00011939436  9.8728527e-05  9.3449824e-05
  -0.0011692747  0.00011539003              0  5.3131439e-06 -3.4642409e-05 -3.2895158e-05   0.0002555239 -0.00025381533 -0.00016677139 -0.00022741404 -0.00031179789 -7.9074605e-06 -9.9041343e-06 -7.6661483e-06 -7.8676931e-06
              0              0              2              0              0              0              0              0              0              0              0              0              0              0              0
 -4.1984325e-05  5.3131439e-06              0  0.00020782681 -2.9151492e-06 -2.7861209e-06  3.9159793e-05 -9.8877911e-06 -5.1737413e-06 -9.7820851e-06 -1.2375401e-05 -7.0311544e-07  -2.867115e-07 -7.3571459e-07 -3.3978643e-07
  0.00035075528 -3.4642409e-05              0 -2.9151492e-06  1.8842595e-05  1.7090754e-05 -8.0485533e-05  7.6799295e-05  5.0046892e-05  6.8745435e-05  9.3786954e-05  2.2733942e-06  2.9756159e-06  2.1118014e-06  2.3137056e-06
  0.00033435227 -3.2895158e-05              0 -2.7861209e-06  1.7090754e-05  1.5589735e-05 -7.7036032e-05   7.300173e-05  4.7605438e-05  6.5419606e-05  8.9194713e-05  2.2186915e-06  2.8521304e-06  2.0391853e-06   2.205641e-06
   -0.003698049   0.0002555239              0  3.9159793e-05 -8.0485533e-05 -7.7036032e-05    0.005101299 -0.00071917813 -0.00048212533  -0.0006426713 -0.00086261706 -6.6267008e-05 -5.6733551e-05 -6.1837459e-05 -5.1962625e-05
   0.0027706209 -0.00025381533              0 -9.8877911e-06  7.6799295e-05   7.300173e-05 -0.00071917813  0.00059721067  0.00038906058  0.00052510527  0.00071306758  2.0458542e-05  2.4795556e-05  1.9656857e-05  1.9281809e-05
   0.0018460062 -0.00016677139              0 -5.1737413e-06  5.0046892e-05  4.7605438e-05 -0.00048212533  0.00038906058  0.00027065529  0.00034738244  0.00047208961  1.3710438e-05  1.5260675e-05  1.3271996e-05  1.2926536e-05
   0.0024751056 -0.00022741404              0 -9.7820851e-06  6.8745435e-05  6.5419606e-05  -0.0006426713  0.00052510527  0.00034738244  0.00048020746  0.00063612055  1.8725109e-05  2.1845454e-05  1.6919368e-05  1.7341458e-05
     0.00334252 -0.00031179789              0 -1.2375401e-05  9.3786954e-05  8.9194713e-05 -0.00086261706  0.00071306758  0.00047208961  0.00063612055  0.00089173333  2.4531079e-05  2.9453584e-05   2.317697e-05  2.3930799e-05
  0.00010450517 -7.9074605e-06              0 -7.0311544e-07  2.2733942e-06  2.2186915e-06 -6.6267008e-05  2.0458542e-05  1.3710438e-05  1.8725109e-05  2.4531079e-05  2.5766855e-06  1.2680479e-06  1.0659641e-06  9.7229079e-07
  0.00011939436 -9.9041343e-06              0  -2.867115e-07  2.9756159e-06  2.8521304e-06 -5.6733551e-05  2.4795556e-05  1.5260675e-05  2.1845454e-05  2.9453584e-05  1.2680479e-06  4.8734351e-06  1.0448509e-06   9.639721e-07
  9.8728527e-05 -7.6661483e-06              0 -7.3571459e-07  2.1118014e-06  2.0391853e-06 -6.1837459e-05  1.9656857e-05  1.3271996e-05  1.6919368e-05   2.317697e-05  1.0659641e-06  1.0448509e-06   3.510225e-06  9.3047539e-07
  9.3449824e-05 -7.8676931e-06              0 -3.3978643e-07  2.3137056e-06   2.205641e-06 -5.1962625e-05  1.9281809e-05  1.2926536e-05  1.7341458e-05  2.3930799e-05  9.7229079e-07   9.639721e-07  9.3047539e-07  1.7095738e-06


# ext. ||   Name    ||   type  ||     Value     ||  Error +/- 

   0   ||Natural mortality || limited ||    0.03979461414056 ||0.001987524892357
   1   ||Targeted q || limited ||       2.75533283877 ||0.1243325686887
   2   ||Nontargeted q || limited ||                   2 ||22.06548931833
   3   ||     sigma || limited ||      4.224598057672 ||0.2050444184719
   4   ||  Biomass1 || limited ||      2.289891665766 ||0.1467115587629
   5   ||  Biomass2 || limited ||      2.143453390044 ||0.1291204077076
   6   ||  vm_sigma || limited ||      27.26700633241 ||1.914223899471
   7   ||Recruit year 1 || limited ||       6.98025734786 ||0.4399862871584
   8   ||Recruit year 2 || limited ||      3.147750687276 ||0.2027904679055
   9   ||Recruit year 3 || limited ||      5.933703586979 ||0.3657596190814
  10   ||Recruit year 4 || limited ||       10.5127938034 ||0.6472962957382
  11   ||Mean Rec dist 1 || limited ||     0.7713385867364 ||0.01131670018385
  12   ||Mean Rec dist 2 || limited ||      0.595954086557 ||0.01558223765708
  13   ||Mean Rec dist 3 || limited ||      1.082882310764 ||0.01317015737603
  14   ||Mean Rec dist 4 || limited ||     0.5386561794391 ||0.009232044682899





