# Minimum negative log likelihood

Minuit did successfully converge.
# of function calls: 1144
minimum function Value: 610.1981116529
minimum edm: 7.564159666289e-05
minimum internal state vector: LAVector parameters:
    -0.3961875990176
     -1.113898806218
     -1.287002217587
     -1.141000787635
     -1.462843294616
      -1.46721013994
     -1.236657265478
     -1.017974495729
    -0.9554275367842
     -1.198071399219
     -1.053410550891
     0.1161257638008
    0.05299844535724
     0.1137426029886
    0.02375807655605

minimum internal covariance matrix: LASymMatrix parameters:
    0.045442591  -0.0023355754              0 -3.7698671e-05  0.00063647785  0.00057914106 -0.00090637783   0.0055011789   0.0062111677    0.003684883   0.0047886103  0.00068063765  0.00076918368  0.00066903136  0.00071537648
  -0.0023355754  0.00014403254              0 -1.3684769e-06 -3.7934482e-05 -3.4948685e-05  2.4333821e-05 -0.00029080266 -0.00032566418 -0.00019499542 -0.00025235684 -2.7986384e-05 -3.5453874e-05 -3.1557477e-05 -3.3973934e-05
              0              0              2              0              0              0              0              0              0              0              0              0              0              0              0
 -3.7698671e-05 -1.3684769e-06              0  0.00026786054  3.2132789e-06  2.7186589e-06  4.3396397e-06 -5.8079321e-06 -3.0442738e-07   1.553585e-06 -9.5859494e-06 -2.1693663e-06   -8.20483e-07 -3.0162892e-06 -1.4296913e-06
  0.00063647785 -3.7934482e-05              0  3.2132789e-06  1.8670405e-05  1.6163381e-05 -1.0464538e-05  7.9307932e-05  8.9732838e-05  5.2752643e-05  6.7846003e-05  8.2432925e-06  1.0155589e-05  8.9367411e-06  9.7421246e-06
  0.00057914106 -3.4948685e-05              0  2.7186589e-06  1.6163381e-05  1.4158802e-05 -8.5273727e-06  7.2083698e-05  8.1824034e-05  4.8114453e-05  6.1775914e-05  7.3805668e-06  9.0977013e-06  7.9767955e-06  8.7235957e-06
 -0.00090637783  2.4333821e-05              0  4.3396397e-06 -1.0464538e-05 -8.5273727e-06  5.3095156e-05 -0.00010172551 -0.00011800711 -6.7325891e-05 -9.2772723e-05  -2.216247e-05 -2.0618395e-05 -1.8168522e-05 -1.8844935e-05
   0.0055011789 -0.00029080266              0 -5.8079321e-06  7.9307932e-05  7.2083698e-05 -0.00010172551   0.0006807867   0.0007516886   0.0004487393  0.00058035145  7.9561098e-05  9.1743129e-05  7.9490285e-05  8.5528743e-05
   0.0062111677 -0.00032566418              0 -3.0442738e-07  8.9732838e-05  8.1824034e-05 -0.00011800711   0.0007516886  0.00086426291  0.00050335917  0.00065575071  9.1043758e-05  0.00010363043  9.1036817e-05  9.7036896e-05
    0.003684883 -0.00019499542              0   1.553585e-06  5.2752643e-05  4.8114453e-05 -6.7325891e-05   0.0004487393  0.00050335917  0.00031445322  0.00038429315   5.310846e-05   6.138592e-05  5.1717897e-05  5.7240419e-05
   0.0047886103 -0.00025235684              0 -9.5859494e-06  6.7846003e-05  6.1775914e-05 -9.2772723e-05  0.00058035145  0.00065575071  0.00038429315  0.00052974273  7.0379235e-05  8.0468193e-05  7.1404755e-05  7.7664173e-05
  0.00068063765 -2.7986384e-05              0 -2.1693663e-06  8.2432925e-06  7.3805668e-06  -2.216247e-05  7.9561098e-05  9.1043758e-05   5.310846e-05  7.0379235e-05   1.637143e-05  1.3226235e-05  1.1164268e-05  1.1896606e-05
  0.00076918368 -3.5453874e-05              0   -8.20483e-07  1.0155589e-05  9.0977013e-06 -2.0618395e-05  9.1743129e-05  0.00010363043   6.138592e-05  8.0468193e-05  1.3226235e-05  1.6050075e-05  1.2201476e-05  1.2778097e-05
  0.00066903136 -3.1557477e-05              0 -3.0162892e-06  8.9367411e-06  7.9767955e-06 -1.8168522e-05  7.9490285e-05  9.1036817e-05  5.1717897e-05  7.1404755e-05  1.1164268e-05  1.2201476e-05  2.1206499e-05  1.1662811e-05
  0.00071537648 -3.3973934e-05              0 -1.4296913e-06  9.7421246e-06  8.7235957e-06 -1.8844935e-05  8.5528743e-05  9.7036896e-05  5.7240419e-05  7.7664173e-05  1.1896606e-05  1.2778097e-05  1.1662811e-05   1.574766e-05


# ext. ||   Name    ||   type  ||     Value     ||  Error +/- 

   0   ||Natural mortality || limited ||    0.03535239832504 ||0.003463342002605
   1   ||Targeted q || limited ||      5.128723861807 ||0.1871897755578
   2   ||Nontargeted q || limited ||                   2 ||22.06548931833
   3   ||     sigma || limited ||      4.547451778531 ||0.2411057085328
   4   ||  Biomass1 || limited ||      2.910635963304 ||0.1645971007449
   5   ||  Biomass2 || limited ||      2.680126738594 ||0.1375601498973
   6   ||  vm_sigma || limited ||      2.213251958979 ||0.06758971796195
   7   ||Recruit year 1 || limited ||       7.45694549361 ||0.4843138593382
   8   ||Recruit year 2 || limited ||      9.181052061925 ||0.5998939398499
   9   ||Recruit year 3 || limited ||      3.442731212927 ||0.2282779835741
  10   ||Recruit year 4 || limited ||      6.553587134927 ||0.4024274481639
  11   ||Mean Rec dist 1 || limited ||      1.158649433338 ||0.02841795579439
  12   ||Mean Rec dist 2 || limited ||     0.5297363819155 ||0.02828868380737
  13   ||Mean Rec dist 3 || limited ||      1.134975063799 ||0.03235216338809
  14   ||Mean Rec dist 4 || limited ||     0.2375584159312 ||0.02805238958128





