# Minimum negative log likelihood

Minuit did successfully converge.
# of function calls: 1611
minimum function Value: 161.8546008123
minimum edm: 1.187115480018e-05
minimum internal state vector: LAVector parameters:
    -0.9492137892961
     -1.118616303369
     -1.287002217587
      -1.03333701527
     -1.367265404597
      -1.29316100798
    -0.2749828886089
     -0.392540536559
    -0.8870287825027
     -1.236222468277
     -1.294314765716
    -0.9476957770072

minimum internal covariance matrix: LASymMatrix parameters:
     0.15549922   -0.007421431              0 -0.00067453509   0.0036459874   0.0059704368   0.0010141909   -0.035478688  -0.0085632468    0.012468849   0.0092548077    0.020626801
   -0.007421431   0.0003627659              0  2.7043629e-05 -0.00018051781  -0.0002942988 -4.6606231e-05   0.0015434194  0.00024378078 -0.00059174113 -0.00044079722 -0.00098302739
              0              0              2              0              0              0              0              0              0              0              0              0
 -0.00067453509  2.7043629e-05              0   0.0016143131 -3.7207334e-06 -2.0329962e-05 -6.5597939e-06  0.00025075299  7.3239585e-05 -5.0623053e-05 -3.6148489e-05 -7.6861975e-05
   0.0036459874 -0.00018051781              0 -3.7207334e-06  0.00016505829  0.00015531646  2.1010163e-05 -0.00084137755 -0.00055396115  0.00030153213  0.00021756805  0.00048696083
   0.0059704368  -0.0002942988              0 -2.0329962e-05  0.00015531646  0.00026592109  3.8068732e-05  -0.0011475984  0.00023120546  0.00046671575  0.00035517851  0.00078827406
   0.0010141909 -4.6606231e-05              0 -6.5597939e-06  2.1010163e-05  3.8068732e-05  1.1532799e-05 -0.00035548453 -0.00016236901  8.6574235e-05   6.079714e-05   0.0001357282
   -0.035478688   0.0015434194              0  0.00025075299 -0.00084137755  -0.0011475984 -0.00035548453    0.021813501    0.010114608  -0.0028191482   -0.002117313  -0.0049271078
  -0.0085632468  0.00024378078              0  7.3239585e-05 -0.00055396115  0.00023120546 -0.00016236901    0.010114608    0.016751365  -0.0010848647 -0.00052647879   -0.001288873
    0.012468849 -0.00059174113              0 -5.0623053e-05  0.00030153213  0.00046671575  8.6574235e-05  -0.0028191482  -0.0010848647   0.0010355246  0.00074241249    0.001655976
   0.0092548077 -0.00044079722              0 -3.6148489e-05  0.00021756805  0.00035517851   6.079714e-05   -0.002117313 -0.00052647879  0.00074241249   0.0005641116   0.0012265542
    0.020626801 -0.00098302739              0 -7.6861975e-05  0.00048696083  0.00078827406   0.0001357282  -0.0049271078   -0.001288873    0.001655976   0.0012265542   0.0027576639


# ext. ||   Name    ||   type  ||     Value     ||  Error +/- 

   0   ||Natural mortality || limited ||    0.02805631080478 ||0.02404149797335
   1   ||Targeted q || limited ||      5.025163581882 ||0.2942147768043
   2   ||Nontargeted q || limited ||                   2 ||22.06548931833
   3   ||     sigma || limited ||      7.049391447417 ||0.7271472964012
   4   ||  Biomass1 || limited ||      10.32050804579 ||0.9181117048605
   5   ||  Biomass2 || limited ||       19.1468781347 ||1.58016611052
   6   ||   vm_mean || limited ||     -2.715304684824 ||0.02311112216233
   7   ||  vm_sigma || limited ||      24.69921323062 ||3.852621689935
   8   ||Recruit year 1 || limited ||       11.2489659806 ||2.886380410005
   9   ||Recruit year 2 || limited ||      2.782206448684 ||0.3735195948112
  10   ||Recruit year 3 || limited ||      1.908718702642 ||0.2291883922332
  11   ||Recruit year 4 || limited ||      9.405409413333 ||1.083090758559





