# Minimum negative log likelihood

Minuit did successfully converge.
# of function calls: 1434
minimum function Value: 264.9391489694
minimum edm: 1.417256781141e-05
minimum internal state vector: LAVector parameters:
    -0.5940730065698
     -1.335920260554
     -1.287002217587
     -1.384533091438
     -1.513530782997
     -1.516259092701
    -0.5221329873917
    0.06725221833983
     -1.378644442275
     -1.258017811324
     -1.040143531495
     -1.141249916609

minimum internal covariance matrix: LASymMatrix parameters:
  0.00047829547 -0.00039722807              0 -1.6618561e-06  9.5837365e-05   9.361937e-05  -5.405447e-06  9.7414049e-05  0.00034111786  0.00053126218  0.00090507073  0.00070554477
 -0.00039722807   0.0003338696              0  1.2521566e-06 -8.0607898e-05 -7.8721765e-05  5.4840736e-06 -0.00011472715 -0.00028571143 -0.00044517712 -0.00075838233 -0.00059118846
              0              0              2              0              0              0              0              0              0              0              0              0
 -1.6618561e-06  1.2521566e-06              0  4.1322909e-05 -1.4545717e-07 -1.8972787e-07 -8.0923114e-08   6.307172e-06 -9.5246485e-07  -1.699492e-06 -2.8830524e-06 -2.3138229e-06
  9.5837365e-05 -8.0607898e-05              0 -1.4545717e-07   2.034425e-05  1.9699763e-05 -1.3287252e-06  2.7524419e-05  6.9393337e-05  0.00010751745  0.00018309894   0.0001427261
   9.361937e-05 -7.8721765e-05              0 -1.8972787e-07  1.9699763e-05  1.9126353e-05  -1.290502e-06  2.7101686e-05  6.7579011e-05  0.00010500122  0.00017882695  0.00013939413
  -5.405447e-06  5.4840736e-06              0 -8.0923114e-08 -1.3287252e-06  -1.290502e-06  7.8500599e-07 -1.8269802e-05 -4.4856546e-06 -6.9908305e-06 -1.1925998e-05 -9.2993883e-06
  9.7414049e-05 -0.00011472715              0   6.307172e-06  2.7524419e-05  2.7101686e-05 -1.8269802e-05   0.0013256697  8.6702168e-05  0.00014271969   0.0002408394  0.00018708845
  0.00034111786 -0.00028571143              0 -9.5246485e-07  6.9393337e-05  6.7579011e-05 -4.4856546e-06  8.6702168e-05  0.00024657251  0.00038131125  0.00064961722  0.00050642442
  0.00053126218 -0.00044517712              0  -1.699492e-06  0.00010751745  0.00010500122 -6.9908305e-06  0.00014271969  0.00038131125  0.00059485247   0.0010120705  0.00078894633
  0.00090507073 -0.00075838233              0 -2.8830524e-06  0.00018309894  0.00017882695 -1.1925998e-05   0.0002408394  0.00064961722   0.0010120705   0.0017248847    0.001344038
  0.00070554477 -0.00059118846              0 -2.3138229e-06   0.0001427261  0.00013939413 -9.2993883e-06  0.00018708845  0.00050642442  0.00078894633    0.001344038   0.0010484883


# ext. ||   Name    ||   type  ||     Value     ||  Error +/- 

   0   ||Natural mortality || limited ||    0.06603887616543 ||0.001922151040097
   1   ||Targeted q || limited ||      1.372840451482 ||0.1503383057346
   2   ||Nontargeted q || limited ||                   2 ||22.06548931833
   3   ||     sigma || limited ||     0.8648450669905 ||0.04208835517489
   4   ||  Biomass1 || limited ||     0.8196116076169 ||0.09127064282935
   5   ||  Biomass2 || limited ||     0.7433931914255 ||0.08428459301107
   6   ||   vm_mean || limited ||     -1.566806672192 ||0.001705960113002
   7   ||  vm_sigma || limited ||      42.68852777517 ||1.027368829566
   8   ||Recruit year 1 || limited ||     0.9301300147219 ||0.1060092591473
   9   ||Recruit year 2 || limited ||      2.435643173439 ||0.2652938360177
  10   ||Recruit year 3 || limited ||      6.885468538882 ||0.7429549691355
  11   ||Recruit year 4 || limited ||      4.551808548171 ||0.4766801895914





