# Minimum negative log likelihood

Minuit did successfully converge.
# of function calls: 1193
minimum function Value: 645.7084942574
minimum edm: 2.980918850308e-05
minimum internal state vector: LAVector parameters:
     -0.730808583154
     -1.214497309721
     -1.287002217587
     -1.101943669639
     -1.357901222721
     -1.364648408122
    -0.1334727593598
     -0.979096851527
     -1.199968510587
     -1.125826494879
    -0.9299694074169
     0.1052950591035
    0.06048416715946
    0.04052710593157
    0.07588689947006

minimum internal covariance matrix: LASymMatrix parameters:
    0.026904384  -0.0017062589              0  2.2842788e-07   0.0010683164   0.0010140032   -0.010133653   0.0043349931   0.0027987031   0.0033155527   0.0046846294  0.00012960223  0.00020721653  0.00016657878  0.00014407118
  -0.0017062589  0.00011966634              0  4.0320417e-06 -7.5170449e-05 -7.1182188e-05  0.00052736517 -0.00028180536 -0.00017885356 -0.00021422582 -0.00031221823 -6.9320202e-06 -1.2479461e-05 -9.3786453e-06 -8.4976971e-06
              0              0              2              0              0              0              0              0              0              0              0              0              0              0              0
  2.2842788e-07  4.0320417e-06              0  0.00028443186 -5.9896663e-06 -5.3994308e-06 -1.1573527e-05 -4.0321835e-07  1.1930696e-07 -1.4874679e-06 -5.2529476e-06 -2.3840907e-07  3.1574207e-07  1.0771609e-06  1.7938106e-07
   0.0010683164 -7.5170449e-05              0 -5.9896663e-06  5.9872738e-05  5.5573551e-05 -0.00032102146  0.00017781604  0.00011230886  0.00013436416  0.00019586068  3.9958526e-06  8.0629908e-06  6.0757185e-06  5.5142082e-06
   0.0010140032 -7.1182188e-05              0 -5.3994308e-06  5.5573551e-05  5.1727844e-05 -0.00030723608  0.00016849752  0.00010651316  0.00012743091  0.00018574239    3.85761e-06  7.6073796e-06  5.6965659e-06  5.1957883e-06
   -0.010133653  0.00052736517              0 -1.1573527e-05 -0.00032102146 -0.00030723608    0.015750746  -0.0015444747  -0.0010181713  -0.0011847567   -0.001656537 -0.00011306697 -0.00011500189 -0.00010808399 -0.00011307141
   0.0043349931 -0.00028180536              0 -4.0321835e-07  0.00017781604  0.00016849752  -0.0015444747  0.00071593123  0.00045149289  0.00053751872  0.00076500661  1.9442788e-05  3.3552877e-05  2.6084216e-05   2.278189e-05
   0.0027987031 -0.00017885356              0  1.1930696e-07  0.00011230886  0.00010651316  -0.0010181713  0.00045149289  0.00030527153   0.0003455229  0.00048987122  1.3134226e-05   2.015026e-05  1.7716083e-05  1.4940182e-05
   0.0033155527 -0.00021422582              0 -1.4874679e-06  0.00013436416  0.00012743091  -0.0011847567  0.00053751872   0.0003455229   0.0004232573   0.0005829975  1.5468109e-05  2.5349071e-05   1.992551e-05  1.7787005e-05
   0.0046846294 -0.00031221823              0 -5.2529476e-06  0.00019586068  0.00018574239   -0.001656537  0.00076500661  0.00048987122   0.0005829975   0.0008683444  2.0791865e-05  3.5294979e-05  2.7040281e-05  2.5571356e-05
  0.00012960223 -6.9320202e-06              0 -2.3840907e-07  3.9958526e-06    3.85761e-06 -0.00011306697  1.9442788e-05  1.3134226e-05  1.5468109e-05  2.0791865e-05   3.150405e-06  1.3254786e-06  1.1642723e-06  1.0359979e-06
  0.00020721653 -1.2479461e-05              0  3.1574207e-07  8.0629908e-06  7.6073796e-06 -0.00011500189  3.3552877e-05   2.015026e-05  2.5349071e-05  3.5294979e-05  1.3254786e-06  7.4858022e-06   1.709219e-06  1.3730856e-06
  0.00016657878 -9.3786453e-06              0  1.0771609e-06  6.0757185e-06  5.6965659e-06 -0.00010808399  2.6084216e-05  1.7716083e-05   1.992551e-05  2.7040281e-05  1.1642723e-06   1.709219e-06  3.5973612e-06  1.3019642e-06
  0.00014407118 -8.4976971e-06              0  1.7938106e-07  5.5142082e-06  5.1957883e-06 -0.00011307141   2.278189e-05  1.4940182e-05  1.7787005e-05  2.5571356e-05  1.0359979e-06  1.3730856e-06  1.3019642e-06  2.4578519e-06


# ext. ||   Name    ||   type  ||     Value     ||  Error +/- 

   0   ||Natural mortality || limited ||    0.02831320118988 ||0.002154298129998
   1   ||Targeted q || limited ||      3.140291399318 ||0.1349035043713
   2   ||Nontargeted q || limited ||                   2 ||22.06548931833
   3   ||     sigma || limited ||      5.395634145417 ||0.2694267216141
   4   ||  Biomass1 || limited ||      11.28834814033 ||0.5780260571296
   5   ||  Biomass2 || limited ||      10.58666951795 ||0.5204917779203
   6   ||  vm_sigma || limited ||      34.67749414446 ||3.513499743515
   7   ||Recruit year 1 || limited ||      8.509452080339 ||0.5275678514972
   8   ||Recruit year 2 || limited ||      3.408276384762 ||0.2238290294148
   9   ||Recruit year 3 || limited ||      4.878330564508 ||0.3130413240946
  10   ||Recruit year 4 || limited ||      9.928925447111 ||0.6227655268306
  11   ||Mean Rec dist 1 || limited ||      1.051005983464 ||0.01248119307371
  12   ||Mean Rec dist 2 || limited ||     0.6044729535224 ||0.01931118931948
  13   ||Mean Rec dist 3 || limited ||     0.4051601290996 ||0.01340047347855
  14   ||Mean Rec dist 4 || limited ||     0.7581408392163 ||0.01105378600765





