# Minimum negative log likelihood

Minuit did successfully converge.
# of function calls: 1200
minimum function Value: 500.1307756325
minimum edm: 4.855448675325e-05
minimum internal state vector: LAVector parameters:
    -0.3463172322784
     -1.244357555194
     -1.287002217587
     -1.242001194313
      -1.43345948786
     -1.437353684126
     0.1378009361615
     -1.081966832435
     -1.248458602939
     -1.299562339531
     -1.171076479595
    0.07921452721643
    0.05930205663216
    0.07007917960402
    0.05325573291973

minimum internal covariance matrix: LASymMatrix parameters:
   0.0076609541 -0.00068778793              0  9.5350046e-06  0.00030430658  0.00028961701  -0.0046493861   0.0014659707  0.00097145061  0.00081398207   0.0011578826   3.723423e-05  5.7341174e-05  3.5833568e-05  4.7920206e-05
 -0.00068778793  6.8190747e-05              0 -2.1826751e-07 -3.0158077e-05 -2.8647024e-05  0.00034133954 -0.00013605452 -8.9158618e-05 -7.5191136e-05 -0.00010997101 -2.7522506e-06 -4.6944669e-06 -3.0068406e-06 -4.0556478e-06
              0              0              2              0              0              0              0              0              0              0              0              0              0              0              0
  9.5350046e-06 -2.1826751e-07              0  0.00014763314 -8.3424896e-07  -7.080947e-07 -8.2943271e-05  3.7958985e-07  4.7596308e-07  1.1590452e-06   1.919125e-06 -5.6459731e-07  -7.890067e-07 -3.4790904e-07   2.885237e-07
  0.00030430658 -3.0158077e-05              0 -8.3424896e-07  1.6942781e-05  1.5762971e-05 -0.00015564053  6.0757463e-05  3.9553865e-05  3.3274886e-05  4.8931252e-05  1.2490552e-06  2.2863069e-06  1.3381882e-06  1.8186009e-06
  0.00028961701 -2.8647024e-05              0  -7.080947e-07  1.5762971e-05  1.4709586e-05 -0.00014764329  5.7715203e-05  3.7631501e-05  3.1655174e-05  4.6487478e-05  1.2071909e-06  2.1562944e-06   1.279386e-06  1.7208637e-06
  -0.0046493861  0.00034133954              0 -8.2943271e-05 -0.00015564053 -0.00014764329    0.014427166 -0.00081726204 -0.00054539554 -0.00045102429 -0.00065599198 -5.0959473e-05 -6.6826225e-05  -3.336574e-05 -6.9774385e-05
   0.0014659707 -0.00013605452              0  3.7958985e-07  6.0757463e-05  5.7715203e-05 -0.00081726204  0.00028794059  0.00018722373  0.00015736838   0.0002257906  6.6873173e-06  1.0905317e-05  6.7623966e-06  8.9208153e-06
  0.00097145061 -8.9158618e-05              0  4.7596308e-07  3.9553865e-05  3.7631501e-05 -0.00054539554  0.00018722373  0.00012837888  0.00010385412  0.00014868175  4.5822431e-06  6.6041524e-06  4.8106249e-06  5.8839153e-06
  0.00081398207 -7.5191136e-05              0  1.1590452e-06  3.3274886e-05  3.1655174e-05 -0.00045102429  0.00015736838  0.00010385412  9.1480047e-05  0.00012489434  3.7415899e-06  5.6761159e-06  3.5623157e-06  4.9873033e-06
   0.0011578826 -0.00010997101              0   1.919125e-06  4.8931252e-05  4.6487478e-05 -0.00065599198   0.0002257906  0.00014868175  0.00012489434  0.00019010875  5.2367549e-06  8.3832672e-06  5.3549855e-06  7.5629233e-06
   3.723423e-05 -2.7522506e-06              0 -5.6459731e-07  1.2490552e-06  1.2071909e-06 -5.0959473e-05  6.6873173e-06  4.5822431e-06  3.7415899e-06  5.2367549e-06  1.0505326e-06  3.6311353e-07  2.8531957e-07  3.0850802e-07
  5.7341174e-05 -4.6944669e-06              0  -7.890067e-07  2.2863069e-06  2.1562944e-06 -6.6826225e-05  1.0905317e-05  6.6041524e-06  5.6761159e-06  8.3832672e-06  3.6311353e-07  2.5388448e-06  2.6726573e-07  4.9751281e-07
  3.5833568e-05 -3.0068406e-06              0 -3.4790904e-07  1.3381882e-06   1.279386e-06  -3.336574e-05  6.7623966e-06  4.8106249e-06  3.5623157e-06  5.3549855e-06  2.8531957e-07  2.6726573e-07  2.6926489e-06  3.4765615e-07
  4.7920206e-05 -4.0556478e-06              0   2.885237e-07  1.8186009e-06  1.7208637e-06 -6.9774385e-05  8.9208153e-06  5.8839153e-06  4.9873033e-06  7.5629233e-06  3.0850802e-07  4.9751281e-07  3.4765615e-07  1.1849236e-06


# ext. ||   Name    ||   type  ||     Value     ||  Error +/- 

   0   ||Natural mortality || limited ||    0.03651410003877 ||0.001454479416916
   1   ||Targeted q || limited ||      2.640483334403 ||0.09362162566862
   2   ||Nontargeted q || limited ||                   2 ||22.06548931833
   3   ||     sigma || limited ||      2.678395716706 ||0.1387118577907
   4   ||  Biomass1 || limited ||      4.707944975989 ||0.1992359464894
   5   ||  Biomass2 || limited ||      4.445132659778 ||0.1804096086667
   6   ||  vm_sigma || limited ||       45.4950405495 ||3.36102133959
   7   ||Recruit year 1 || limited ||      5.865258200307 ||0.2816916782261
   8   ||Recruit year 2 || limited ||      2.584869725428 ||0.1268872520676
   9   ||Recruit year 3 || limited ||      1.837766231356 ||0.09058940829882
  10   ||Recruit year 4 || limited ||      3.951103125504 ||0.1896855599109
  11   ||Mean Rec dist 1 || limited ||     0.7913170878638 ||0.007224798118959
  12   ||Mean Rec dist 2 || limited ||     0.5926730448441 ||0.01124705684641
  13   ||Mean Rec dist 3 || limited ||     0.7002183281139 ||0.01157463935142
  14   ||Mean Rec dist 4 || limited ||     0.5323056274326 ||0.007686240589393





