# Minimum negative log likelihood

Minuit did successfully converge.
# of function calls: 738
minimum function Value: 521.5881751925
minimum edm: 7.974670980119e-06
minimum internal state vector: LAVector parameters:
    0.08376628204804
     -1.095778432149
     -1.287002217587
     -1.224360092855
     -1.494063163737
     -1.495375426687
     0.7248737132225
    -0.1826500259823
     -1.229234496914
     -1.095256882397
     -1.168541281299
     -1.045837041799

minimum internal covariance matrix: LASymMatrix parameters:
    0.039819592  -0.0038051417              0  0.00012302541  0.00066821715  0.00060332592  8.7075134e-05  -0.0009730744   0.0029063614    0.004306396   0.0031191214   0.0045151627
  -0.0038051417  0.00037441156              0 -1.0129433e-05 -6.5356522e-05 -5.8969134e-05 -4.8873227e-06  3.8845789e-05 -0.00027966472 -0.00041469704 -0.00029967121 -0.00044006287
              0              0              2              0              0              0              0              0              0              0              0              0
  0.00012302541 -1.0129433e-05              0  0.00016087093  3.5095128e-06  3.0609521e-06   7.759032e-07 -1.1541761e-05  8.0262452e-06  1.1483265e-05    9.46853e-06   1.274137e-05
  0.00066821715 -6.5356522e-05              0  3.5095128e-06  1.5197297e-05  1.3447542e-05  8.2657266e-07 -9.7938694e-06  4.9171053e-05  7.2651217e-05  5.2596809e-05  7.6818367e-05
  0.00060332592 -5.8969134e-05              0  3.0609521e-06  1.3447542e-05  1.1943524e-05  7.7144278e-07 -8.8879853e-06  4.4369286e-05  6.5582081e-05  4.7477295e-05  6.9331152e-05
  8.7075134e-05 -4.8873227e-06              0   7.759032e-07  8.2657266e-07  7.7144278e-07  4.2017288e-06 -5.4553095e-05  5.6946315e-06  8.6469216e-06   6.287431e-06  7.6053417e-06
  -0.0009730744  3.8845789e-05              0 -1.1541761e-05 -9.7938694e-06 -8.8879853e-06 -5.4553095e-05   0.0016243271 -5.8659744e-05 -8.9510951e-05 -6.7919405e-05 -7.8911882e-05
   0.0029063614 -0.00027966472              0  8.0262452e-06  4.9171053e-05  4.4369286e-05  5.6946315e-06 -5.8659744e-05  0.00021752923  0.00031497072   0.0002271716  0.00033142213
    0.004306396 -0.00041469704              0  1.1483265e-05  7.2651217e-05  6.5582081e-05  8.6469216e-06 -8.9510951e-05  0.00031497072  0.00047156249  0.00033777774   0.0004906092
   0.0031191214 -0.00029967121              0    9.46853e-06  5.2596809e-05  4.7477295e-05   6.287431e-06 -6.7919405e-05   0.0002271716  0.00033777774  0.00024974735  0.00035475429
   0.0045151627 -0.00044006287              0   1.274137e-05  7.6818367e-05  6.9331152e-05  7.6053417e-06 -7.8911882e-05  0.00033142213   0.0004906092  0.00035475429  0.00052878817


# ext. ||   Name    ||   type  ||     Value     ||  Error +/- 

   0   ||Natural mortality || limited ||     0.0470917088669 ||0.00350353026722
   1   ||Targeted q || limited ||      5.535773121437 ||0.3128735916458
   2   ||Nontargeted q || limited ||                   2 ||22.06548931833
   3   ||     sigma || limited ||      2.970562369134 ||0.1522611360575
   4   ||  Biomass1 || limited ||      1.471272463934 ||0.1056560724053
   5   ||  Biomass2 || limited ||      1.421404069099 ||0.09206630436184
   6   ||   vm_mean || limited ||      2.083004457527 ||0.003408700029279
   7   ||  vm_sigma || limited ||      32.73514469435 ||1.120811602858
   8   ||Recruit year 1 || limited ||      2.898077873422 ||0.1746442551916
   9   ||Recruit year 2 || limited ||      5.557151050438 ||0.3514447802295
  10   ||Recruit year 3 || limited ||      4.000576064191 ||0.2187149736843
  11   ||Recruit year 4 || limited ||      6.742109331977 ||0.4074038255211





