# Minimum negative log likelihood

Minuit did successfully converge.
# of function calls: 557
minimum function Value: 501.8665828585
minimum edm: 3.242227317265e-05
minimum internal state vector: LAVector parameters:
    -0.2332140706946
     -1.140300338439
     -1.287002217587
     -1.240571154059
     -1.530536682806
     -1.532405145363
    -0.8168377646802
    -0.0980077689977
     -1.097413397096
     -1.413991354976
     -1.111381548636
     -1.197308210277

minimum internal covariance matrix: LASymMatrix parameters:
    0.049464932  -0.0049005343              0  2.4293475e-06  0.00043584523  0.00041146169  0.00016015232  -0.0021324947   0.0056169558   0.0019395514   0.0053696904   0.0045812909
  -0.0049005343  0.00049039328              0   -3.42417e-07 -4.3610373e-05 -4.1308323e-05 -1.3424962e-05  0.00017137373 -0.00055784098 -0.00019225119 -0.00053356153 -0.00045491524
              0              0              2              0              0              0              0              0              0              0              0              0
  2.4293475e-06   -3.42417e-07              0  0.00013526549  -2.172329e-07 -6.5127296e-08 -3.8550679e-07   6.374527e-06  7.9867686e-08  3.0654686e-07  1.8025924e-07  4.3923264e-07
  0.00043584523 -4.3610373e-05              0  -2.172329e-07  1.2176141e-05  7.9421717e-06  1.1211941e-06 -2.9948262e-05  5.5046069e-05  1.7372979e-05  4.7294437e-05  4.0507915e-05
  0.00041146169 -4.1308323e-05              0 -6.5127296e-08  7.9421717e-06  6.6239326e-06  1.1892556e-06 -1.0483945e-05  4.7807986e-05  1.6310275e-05  4.4775962e-05  3.8222404e-05
  0.00016015232 -1.3424962e-05              0 -3.8550679e-07  1.1211941e-06  1.1892556e-06  4.5304989e-06 -5.8506036e-05  1.7318049e-05  6.1938579e-06  1.6689738e-05  1.4314136e-05
  -0.0021324947  0.00017137373              0   6.374527e-06 -2.9948262e-05 -1.0483945e-05 -5.8506036e-05   0.0019425464 -0.00026577815 -8.2133602e-05 -0.00021917128 -0.00018944047
   0.0056169558 -0.00055784098              0  7.9867686e-08  5.5046069e-05  4.7807986e-05  1.7318049e-05 -0.00026577815  0.00064923931  0.00022018044  0.00060989363  0.00052047297
   0.0019395514 -0.00019225119              0  3.0654686e-07  1.7372979e-05  1.6310275e-05  6.1938579e-06 -8.2133602e-05  0.00022018044   8.017714e-05  0.00021039689  0.00017984255
   0.0053696904 -0.00053356153              0  1.8025924e-07  4.7294437e-05  4.4775962e-05  1.6689738e-05 -0.00021917128  0.00060989363  0.00021039689  0.00058691753  0.00049783851
   0.0045812909 -0.00045491524              0  4.3923264e-07  4.0507915e-05  3.8222404e-05  1.4314136e-05 -0.00018944047  0.00052047297  0.00017984255  0.00049783851  0.00042791951


# ext. ||   Name    ||   type  ||     Value     ||  Error +/- 

   0   ||Natural mortality || limited ||    0.03922235566894 ||0.003809456580175
   1   ||Targeted q || limited ||       4.56205625927 ||0.3267234949667
   2   ||Nontargeted q || limited ||                   2 ||22.06548931833
   3   ||     sigma || limited ||      2.701532305493 ||0.1333311701619
   4   ||  Biomass1 || limited ||     0.4051550048434 ||0.04965488761866
   5   ||  Biomass2 || limited ||     0.3684254482725 ||0.03492508802191
   6   ||   vm_mean || limited ||      -2.29017339812 ||0.003236682608863
   7   ||  vm_sigma || limited ||      36.08651125771 ||1.240411556493
   8   ||Recruit year 1 || limited ||      5.507894805108 ||0.4106387087059
   9   ||Recruit year 2 || limited ||     0.6233751681221 ||0.04943250257986
  10   ||Recruit year 3 || limited ||      5.193873950903 ||0.3797499423006
  11   ||Recruit year 4 || limited ||      3.456639320858 ||0.2668146576796





