# Minimum negative log likelihood

Minuit did successfully converge.
# of function calls: 1032
minimum function Value: 729.0228675665
minimum edm: 9.807440947279e-05
minimum internal state vector: LAVector parameters:
    -0.8000860856109
     -0.991766035659
     -1.287002217587
    -0.9953191453811
      -1.45031190307
     -1.458357310383
    0.02015921463922
    -0.9939782529581
     -1.009354579269
     -1.290700391864
     -1.207869856652
    0.09527592803576
    0.05023085352066
    0.05294529750249
    0.04802932325397

minimum internal covariance matrix: LASymMatrix parameters:
    0.043281396  -0.0021515293              0  0.00018802357  0.00043591758  0.00038938794  -0.0068356108    0.003859083   0.0036320315   0.0017365958   0.0023345594  0.00012580542  0.00013842103  8.8877469e-05  0.00013786597
  -0.0021515293  0.00013299837              0 -3.6006165e-06 -2.3995651e-05 -2.1741017e-05  0.00024716852 -0.00019292366 -0.00018109986 -8.4551081e-05 -0.00012928036 -3.8509993e-06  -5.745823e-06 -1.5882296e-06 -5.4749864e-06
              0              0              2              0              0              0              0              0              0              0              0              0              0              0              0
  0.00018802357 -3.6006165e-06              0   0.0005868664  1.6436221e-05  1.4330121e-05 -0.00017680029  1.5975544e-05  1.3211162e-05 -2.8964532e-06 -3.3357787e-06  2.6179773e-06  5.0274199e-07  7.3568438e-07  5.1591108e-06
  0.00043591758 -2.3995651e-05              0  1.6436221e-05  3.0712107e-05  2.5477322e-05  -4.824201e-05  3.8529448e-05   3.826929e-05  1.3443173e-05  2.3990636e-05  1.1688138e-07  1.6918219e-06  3.2045134e-07  1.3460432e-06
  0.00038938794 -2.1741017e-05              0  1.4330121e-05  2.5477322e-05  2.1393104e-05 -4.6593573e-05  3.4444909e-05  3.4099978e-05  1.1914692e-05  2.1512586e-05   1.892887e-07  1.5266547e-06  2.3023669e-07   1.281438e-06
  -0.0068356108  0.00024716852              0 -0.00017680029  -4.824201e-05 -4.6593573e-05   0.0066024394 -0.00061600555 -0.00056809891 -0.00026521808 -0.00033069463 -6.6079557e-05 -6.3816194e-05 -4.4028073e-05 -6.1117882e-05
    0.003859083 -0.00019292366              0  1.5975544e-05  3.8529448e-05  3.4444909e-05 -0.00061600555  0.00037653889  0.00032329013  0.00016399639  0.00020875231  1.0928066e-05  1.2139916e-05  6.8244764e-06  1.3709192e-05
   0.0036320315 -0.00018109986              0  1.3211162e-05   3.826929e-05  3.4099978e-05 -0.00056809891  0.00032329013  0.00033772312  0.00013535594  0.00020506208  1.0825145e-05  1.0520518e-05  7.3047934e-06  1.2098492e-05
   0.0017365958 -8.4551081e-05              0 -2.8964532e-06  1.3443173e-05  1.1914692e-05 -0.00026521808  0.00016399639  0.00013535594   0.0001167349  8.3862212e-05  4.7093262e-06  5.6898858e-06  2.9410502e-06  5.9727565e-06
   0.0023345594 -0.00012928036              0 -3.3357787e-06  2.3990636e-05  2.1512586e-05 -0.00033069463  0.00020875231  0.00020506208  8.3862212e-05  0.00017989254  5.3907433e-06  6.0865032e-06  2.5622468e-06  7.6489136e-06
  0.00012580542 -3.8509993e-06              0  2.6179773e-06  1.1688138e-07   1.892887e-07 -6.6079557e-05  1.0928066e-05  1.0825145e-05  4.7093262e-06  5.3907433e-06  2.2513217e-06   5.736301e-07  7.4365106e-07   9.525638e-07
  0.00013842103  -5.745823e-06              0  5.0274199e-07  1.6918219e-06  1.5266547e-06 -6.3816194e-05  1.2139916e-05  1.0520518e-05  5.6898858e-06  6.0865032e-06   5.736301e-07  2.2144714e-06  2.8669289e-07  3.1401503e-07
  8.8877469e-05 -1.5882296e-06              0  7.3568438e-07  3.2045134e-07  2.3023669e-07 -4.4028073e-05  6.8244764e-06  7.3047934e-06  2.9410502e-06  2.5622468e-06  7.4365106e-07  2.8669289e-07  4.1714687e-06  4.8610176e-07
  0.00013786597 -5.4749864e-06              0  5.1591108e-06  1.3460432e-06   1.281438e-06 -6.1117882e-05  1.3709192e-05  1.2098492e-05  5.9727565e-06  7.6489136e-06   9.525638e-07  3.1401503e-07  4.8610176e-07  3.2544947e-06


# ext. ||   Name    ||   type  ||     Value     ||  Error +/- 

   0   ||Natural mortality || limited ||     0.0270645983834 ||0.002552816502531
   1   ||Targeted q || limited ||      8.150315988824 ||0.2231153277549
   2   ||Nontargeted q || limited ||                   2 ||22.06548931833
   3   ||     sigma || limited ||      8.053365048335 ||0.4661116926397
   4   ||  Biomass1 || limited ||      3.624736033313 ||0.235498613755
   5   ||  Biomass2 || limited ||      3.157304638637 ||0.1834816701265
   6   ||  vm_sigma || limited ||      40.80680389054 ||2.296489942382
   7   ||Recruit year 1 || limited ||      8.099081799357 ||0.3740983825916
   8   ||Recruit year 2 || limited ||      7.684812725734 ||0.345878565215
   9   ||Recruit year 3 || limited ||      1.958359058198 ||0.1055895429362
  10   ||Recruit year 4 || limited ||      3.266579434002 ||0.1683271516842
  11   ||Mean Rec dist 1 || limited ||     0.9513184886669 ||0.0105615961911
  12   ||Mean Rec dist 2 || limited ||     0.5020973295072 ||0.01050925281695
  13   ||Mean Rec dist 3 || limited ||     0.5292056488633 ||0.0144218292971
  14   ||Mean Rec dist 4 || limited ||     0.4801085958268 ||0.01274164659006





