# Minimum negative log likelihood

Minuit did successfully converge.
# of function calls: 1181
minimum function Value: 630.3115024243
minimum edm: 6.831924035085e-05
minimum internal state vector: LAVector parameters:
      3.545300109702
     -1.018597404288
     -1.287002217587
     -1.119368017675
      -1.41028002061
     -1.410383686154
     0.6823066573443
     -0.420717296854
     -1.062220209277
     -1.012673243363
     -1.016480287128
     -1.316094317073

minimum internal covariance matrix: LASymMatrix parameters:
    0.061912169   0.0041030017              0  -0.0001094741   -0.001331549  -0.0012053569 -0.00022561363    0.001625689  -0.0041489067  -0.0055931013  -0.0042071801  -0.0019433581
   0.0041030017  0.00028129046              0 -1.0907623e-05 -9.2357409e-05 -8.3344095e-05 -1.1136268e-05  6.5221224e-05 -0.00027670845 -0.00037202516 -0.00028003138 -0.00013075022
              0              0              2              0              0              0              0              0              0              0              0              0
  -0.0001094741 -1.0907623e-05              0  0.00036118716  1.8291764e-05  1.5788638e-05 -3.7354471e-06  5.0998083e-05  1.5363725e-05  1.0996025e-05  7.9635937e-06 -1.1146324e-05
   -0.001331549 -9.2357409e-05              0  1.8291764e-05  4.0866885e-05  3.6323206e-05  3.6634437e-06 -1.7466415e-05  9.1376063e-05  0.00012099794  9.1410391e-05  4.0149985e-05
  -0.0012053569 -8.3344095e-05              0  1.5788638e-05  3.6323206e-05  3.2384394e-05  3.4381833e-06 -1.7188517e-05  8.2586797e-05  0.00010946896  8.2718476e-05   3.641106e-05
 -0.00022561363 -1.1136268e-05              0 -3.7354471e-06  3.6634437e-06  3.4381833e-06  7.5149027e-06 -5.9994086e-05  1.4426173e-05  1.9479414e-05  1.4920304e-05  7.3194482e-06
    0.001625689  6.5221224e-05              0  5.0998083e-05 -1.7466415e-05 -1.7188517e-05 -5.9994086e-05    0.001301653 -9.5787385e-05 -0.00013895204 -0.00010577059 -5.1265384e-05
  -0.0041489067 -0.00027670845              0  1.5363725e-05  9.1376063e-05  8.2586797e-05  1.4426173e-05 -9.5787385e-05  0.00028975228   0.0003751206  0.00028284429  0.00013058041
  -0.0055931013 -0.00037202516              0  1.0996025e-05  0.00012099794  0.00010946896  1.9479414e-05 -0.00013895204   0.0003751206  0.00051618831  0.00038032728   0.0001760664
  -0.0042071801 -0.00028003138              0  7.9635937e-06  9.1410391e-05  8.2718476e-05  1.4920304e-05 -0.00010577059  0.00028284429  0.00038032728    0.000296455  0.00013303948
  -0.0019433581 -0.00013075022              0 -1.1146324e-05  4.0149985e-05   3.641106e-05  7.3194482e-06 -5.1265384e-05  0.00013058041   0.0001760664  0.00013303948  8.2335497e-05


# ext. ||   Name    ||   type  ||     Value     ||  Error +/- 

   0   ||Natural mortality || limited ||    0.03517923871554 ||0.004024149850178
   1   ||Targeted q || limited ||      7.431344340709 ||0.3110412550044
   2   ||Nontargeted q || limited ||                   2 ||22.06548931833
   3   ||     sigma || limited ||      5.008754058069 ||0.2931195101851
   4   ||  Biomass1 || limited ||      6.427552589899 ||0.3612367117818
   5   ||  Biomass2 || limited ||      6.419270919022 ||0.3213632062856
   6   ||   vm_mean || limited ||      1.981041025812 ||0.004726343634591
   7   ||  vm_sigma || limited ||      23.66409205052 ||0.9313521187769
   8   ||Recruit year 1 || limited ||      6.337430707546 ||0.2930115074673
   9   ||Recruit year 2 || limited ||      7.596710740936 ||0.4253445605167
  10   ||Recruit year 3 || limited ||      7.496218815035 ||0.3203794601711
  11   ||Recruit year 4 || limited ||      1.622917721914 ||0.08082182543331





