# Minimum negative log likelihood

Minuit did successfully converge.
# of function calls: 531
minimum function Value: 306.7785086045
minimum edm: 5.979404583601e-06
minimum internal state vector: LAVector parameters:
     -1.086218475005
     -1.287002217587
     -1.364760997098
     -1.530979083639
     -1.532529797715
    -0.1770831651846
     -1.212601946466
    -0.9873943974343
     -1.141385951195
     -1.148468723491
     -1.111606499836

minimum internal covariance matrix: LASymMatrix parameters:
  8.5020329e-06              0  1.2899278e-07 -1.8565633e-07  -4.403139e-07  2.6946284e-06 -3.9437912e-06 -2.5179011e-06 -1.4440961e-06 -1.7931216e-06 -2.2103362e-06
              0              2              0              0              0              0              0              0              0              0              0
  1.2899278e-07              0  5.4780965e-05  1.6020194e-07   2.675474e-08 -1.2512525e-07  2.8113033e-08  1.0219578e-07  6.5175716e-08  1.3399495e-07  9.0227436e-08
 -1.8565633e-07              0  1.6020194e-07   5.767949e-07  4.0548959e-07  -1.199652e-07  1.7111897e-08  1.4981252e-07  2.3928735e-08  3.0648983e-08  6.5879461e-08
  -4.403139e-07              0   2.675474e-08  4.0548959e-07  3.2088443e-07 -1.5439937e-07  1.8995126e-07  1.6515009e-07  6.5218249e-08   8.224663e-08   1.136836e-07
  2.6946284e-06              0 -1.2512525e-07  -1.199652e-07 -1.5439937e-07  1.2384239e-06  -1.280977e-06 -8.2169976e-07 -4.6768106e-07 -5.6765645e-07 -7.1897965e-07
 -3.9437912e-06              0  2.8113033e-08  1.7111897e-08  1.8995126e-07  -1.280977e-06  2.4888764e-06  1.1042541e-06  6.9507531e-07  8.8170027e-07  9.7382527e-07
 -2.5179011e-06              0  1.0219578e-07  1.4981252e-07  1.6515009e-07 -8.2169976e-07  1.1042541e-06  1.4719045e-06  4.1550244e-07  5.3458548e-07  7.0031338e-07
 -1.4440961e-06              0  6.5175716e-08  2.3928735e-08  6.5218249e-08 -4.6768106e-07  6.9507531e-07  4.1550244e-07  8.5803626e-07   3.165677e-07  3.7754613e-07
 -1.7931216e-06              0  1.3399495e-07  3.0648983e-08   8.224663e-08 -5.6765645e-07  8.8170027e-07  5.3458548e-07   3.165677e-07  1.0172719e-06  4.3256479e-07
 -2.2103362e-06              0  9.0227436e-08  6.5879461e-08   1.136836e-07 -7.1897965e-07  9.7382527e-07  7.0031338e-07  3.7754613e-07  4.3256479e-07  1.3224195e-06


# ext. ||   Name    ||   type  ||     Value     ||  Error +/- 

   0   ||Targeted q || limited ||      5.756416035082 ||0.04802286529021
   1   ||Nontargeted q || limited ||                   2 ||22.06548931833
   2   ||     sigma || limited ||      1.057514965009 ||0.05353434891364
   3   ||  Biomass1 || limited ||     0.3963008506106 ||0.0106886317959
   4   ||  Biomass2 || limited ||     0.3660371421706 ||0.007662004345876
   5   ||   vm_mean || limited ||    -0.5534201544489 ||0.002433459988774
   6   ||  vm_sigma || limited ||      2.539713426358 ||0.01564346550673
   7   ||Recruit year 1 || limited ||       8.27949923976 ||0.02362640141467
   8   ||Recruit year 2 || limited ||      4.548976614281 ||0.01363349046982
   9   ||Recruit year 3 || limited ||      4.402692529083 ||0.01461476142161
  10   ||Recruit year 4 || limited ||      5.188888149462 ||0.01801845165067





