# Minimum negative log likelihood

Minuit did successfully converge.
# of function calls: 1534
minimum function Value: 476.6409824957
minimum edm: 2.559544967726e-05
minimum internal state vector: LAVector parameters:
    -0.1358697952263
      -1.28416943145
     -1.287002217587
       -1.2601658565
     -1.349809232021
     -1.355558336165
    -0.7191196096961
    -0.9513784932452
     -1.032124982833
     -1.427485989248
     -1.005622218043
    0.04026304431208
    0.03021049034822
    0.01900258567198
    0.02703708690683

minimum internal covariance matrix: LASymMatrix parameters:
   0.0036860442 -0.00041097784              0  6.5382097e-05  0.00033727277  0.00032317627 -0.00059138138   0.0011808497   0.0010089417  0.00027720996   0.0010299737  3.9897632e-05  4.0409154e-05  7.5461583e-05  3.3980954e-05
 -0.00041097784  5.3998309e-05              0 -1.9223605e-06 -4.3952389e-05 -4.1970059e-05  5.2906471e-05 -0.00014250913 -0.00012011453 -2.7984575e-05  -0.0001278097 -3.3576862e-06 -4.6208311e-06 -1.3312781e-05 -3.0631294e-06
              0              0              2              0              0              0              0              0              0              0              0              0              0              0              0
  6.5382097e-05 -1.9223605e-06              0  0.00012777797 -2.0068116e-06 -1.4857731e-06 -2.8752072e-05  1.3906617e-05  1.1962361e-05  1.1942658e-05  1.2356537e-05  1.1270011e-06  7.4194421e-07   -1.27453e-05  1.6369566e-06
  0.00033727277 -4.3952389e-05              0 -2.0068116e-06  3.9543347e-05  3.7373306e-05 -5.0680446e-05  0.00011741254  9.8455209e-05  2.2550935e-05  0.00010460282  2.5997233e-06  3.9105968e-06  1.1344384e-05  2.7104337e-06
  0.00032317627 -4.1970059e-05              0 -1.4857731e-06  3.7373306e-05  3.5387224e-05 -4.7407877e-05  0.00011209107  9.4215557e-05  2.1740441e-05  9.9984254e-05  2.5819396e-06  3.6998751e-06  1.0780553e-05  2.5806817e-06
 -0.00059138138  5.2906471e-05              0 -2.8752072e-05 -5.0680446e-05 -4.7407877e-05  0.00050932884 -0.00017103079 -0.00014733009 -3.9556407e-05 -0.00014831812  -9.310791e-06  -1.406545e-05 -2.0680252e-05 -1.2696541e-05
   0.0011808497 -0.00014250913              0  1.3906617e-05  0.00011741254  0.00011209107 -0.00017103079  0.00039922065  0.00033270221  8.4366693e-05  0.00034667108  1.0882317e-05   1.336749e-05  3.0708282e-05   1.008123e-05
   0.0010089417 -0.00012011453              0  1.1962361e-05  9.8455209e-05  9.4215557e-05 -0.00014733009  0.00033270221  0.00028866423  7.1688468e-05  0.00029298007  9.8230016e-06  1.1029111e-05  2.6561584e-05  8.3926292e-06
  0.00027720996 -2.7984575e-05              0  1.1942658e-05  2.2550935e-05  2.1740441e-05 -3.9556407e-05  8.4366693e-05  7.1688468e-05  3.3235611e-05  7.4058614e-05  3.0808022e-06  2.6588583e-06 -7.1001362e-06  2.8438253e-06
   0.0010299737  -0.0001278097              0  1.2356537e-05  0.00010460282  9.9984254e-05 -0.00014831812  0.00034667108  0.00029298007  7.4058614e-05  0.00032004138  9.7598967e-06  1.1239689e-05  2.9036617e-05  9.2673881e-06
  3.9897632e-05 -3.3576862e-06              0  1.1270011e-06  2.5997233e-06  2.5819396e-06  -9.310791e-06  1.0882317e-05  9.8230016e-06  3.0808022e-06  9.7598967e-06  1.4652413e-06  2.5481162e-07   1.742867e-06  5.6105553e-07
  4.0409154e-05 -4.6208311e-06              0  7.4194421e-07  3.9105968e-06  3.6998751e-06  -1.406545e-05   1.336749e-05  1.1029111e-05  2.6588583e-06  1.1239689e-05  2.5481162e-07  1.4732442e-06  1.0466098e-06   3.764121e-07
  7.5461583e-05 -1.3312781e-05              0   -1.27453e-05  1.1344384e-05  1.0780553e-05 -2.0680252e-05  3.0708282e-05  2.6561584e-05 -7.1001362e-06  2.9036617e-05   1.742867e-06  1.0466098e-06  5.1418463e-05   5.937599e-07
  3.3980954e-05 -3.0631294e-06              0  1.6369566e-06  2.7104337e-06  2.5806817e-06 -1.2696541e-05   1.008123e-05  8.3926292e-06  2.8438253e-06  9.2673881e-06  5.6105553e-07   3.764121e-07   5.937599e-07  1.0326815e-06


# ext. ||   Name    ||   type  ||     Value     ||  Error +/- 

   0   ||Natural mortality || limited ||    0.04161369646914 ||0.001063042942502
   1   ||Targeted q || limited ||      2.039851544993 ||0.07345090043286
   2   ||Nontargeted q || limited ||                   2 ||22.06548931833
   3   ||     sigma || limited ||       2.39294748914 ||0.1221562093567
   4   ||  Biomass1 || limited ||      12.15921969533 ||0.4873226670891
   5   ||  Biomass2 || limited ||      11.53720407466 ||0.4491975942669
   6   ||  vm_sigma || limited ||      13.65192799957 ||0.4802428926071
   7   ||Recruit year 1 || limited ||       9.29824218782 ||0.4100640254701
   8   ||Recruit year 2 || limited ||      7.089740255944 ||0.3081140768159
   9   ||Recruit year 3 || limited ||      0.522516908671 ||0.02910731371324
  10   ||Recruit year 4 || limited ||       7.78445412469 ||0.3386986825695
  11   ||Mean Rec dist 1 || limited ||     0.4025216670481 ||0.00855238825686
  12   ||Mean Rec dist 2 || limited ||     0.3020589517112 ||0.008578751783732
  13   ||Mean Rec dist 3 || limited ||     0.1900144205918 ||0.05069490012438
  14   ||Mean Rec dist 4 || limited ||     0.2703379299047 ||0.007183058693752





