# Minimum negative log likelihood

Minuit did successfully converge.
# of function calls: 1266
minimum function Value: 617.6701755528
minimum edm: 5.55889128987e-06
minimum internal state vector: LAVector parameters:
     0.9333018082579
     -1.062536445754
     -1.287002217587
     -1.133066093272
     -1.521189610185
     -1.524539636949
     -0.160391324575
    -0.9364997110466
     -1.096232512159
     -1.213477028514
     -1.348588444646
    0.03542552842054
    0.07053522572095
    0.08808982829539
    0.03811904743959

minimum internal covariance matrix: LASymMatrix parameters:
    0.033544242  -0.0017268576              0  3.4737277e-05  0.00016787876  0.00015154616  -0.0028513204   0.0029222082   0.0022927246   0.0017232173  0.00098876921  6.3747034e-05  7.7096463e-05  7.4385641e-05  6.4784575e-05
  -0.0017268576  0.00010577101              0 -3.0745726e-06 -1.0275204e-05 -9.2517288e-06  8.9377202e-05 -0.00015838271 -0.00012351623 -9.2898828e-05 -5.4911889e-05 -2.1858829e-06 -2.9366253e-06 -2.7227706e-06 -2.7199938e-06
              0              0              2              0              0              0              0              0              0              0              0              0              0              0              0
  3.4737277e-05 -3.0745726e-06              0  0.00023783113  7.6515327e-07  6.3317875e-07  8.3969698e-06  3.7330353e-06  3.5059673e-06  2.7137589e-06  1.2436388e-06 -1.5590195e-07 -2.6998773e-07 -3.1956146e-07 -3.7538457e-07
  0.00016787876 -1.0275204e-05              0  7.6515327e-07  8.5399579e-06  6.8927673e-06 -1.2134103e-05  1.5469022e-05  1.1778361e-05  9.2593116e-06  5.4151145e-06  2.1621643e-07  3.3018362e-07  2.4335071e-07  3.0447303e-07
  0.00015154616 -9.2517288e-06              0  6.3317875e-07  6.8927673e-06  5.6422347e-06 -1.0283791e-05  1.3967989e-05  1.0669217e-05  8.3392649e-06  4.7974449e-06  1.9725924e-07   2.835167e-07   2.219537e-07  2.7292999e-07
  -0.0028513204  8.9377202e-05              0  8.3969698e-06 -1.2134103e-05 -1.0283791e-05   0.0024679713 -0.00022091174 -0.00016737425 -0.00012947322 -7.7870074e-05  -2.296539e-05 -2.2565265e-05 -2.2595928e-05 -2.4348181e-05
   0.0029222082 -0.00015838271              0  3.7330353e-06  1.5469022e-05  1.3967989e-05 -0.00022091174  0.00027440832  0.00020223176  0.00015193499  8.8301453e-05  5.1359219e-06  6.1669283e-06  5.9045469e-06  5.2746154e-06
   0.0022927246 -0.00012351623              0  3.5059673e-06  1.1778361e-05  1.0669217e-05 -0.00016737425  0.00020223176  0.00017396945  0.00011905299  6.8748907e-05  3.9281413e-06  4.9377605e-06  4.6936335e-06  4.0356532e-06
   0.0017232173 -9.2898828e-05              0  2.7137589e-06  9.2593116e-06  8.3392649e-06 -0.00012947322  0.00015193499  0.00011905299  0.00010496362  5.1734836e-05  2.9828312e-06  3.6723084e-06  3.3155059e-06  3.1844271e-06
  0.00098876921 -5.4911889e-05              0  1.2436388e-06  5.4151145e-06  4.7974449e-06 -7.7870074e-05  8.8301453e-05  6.8748907e-05  5.1734836e-05  4.8961132e-05   1.658777e-06   2.015518e-06  2.0086282e-06  2.8986302e-06
  6.3747034e-05 -2.1858829e-06              0 -1.5590195e-07  2.1621643e-07  1.9725924e-07  -2.296539e-05  5.1359219e-06  3.9281413e-06  2.9828312e-06   1.658777e-06  5.5611131e-07  2.9912766e-07  2.9786959e-07  2.6480543e-07
  7.7096463e-05 -2.9366253e-06              0 -2.6998773e-07  3.3018362e-07   2.835167e-07 -2.2565265e-05  6.1669283e-06  4.9377605e-06  3.6723084e-06   2.015518e-06  2.9912766e-07  1.0155519e-06  3.2151579e-07  2.8977895e-07
  7.4385641e-05 -2.7227706e-06              0 -3.1956146e-07  2.4335071e-07   2.219537e-07 -2.2595928e-05  5.9045469e-06  4.6936335e-06  3.3155059e-06  2.0086282e-06  2.9786959e-07  3.2151579e-07  1.7130988e-06   3.118924e-07
  6.4784575e-05 -2.7199938e-06              0 -3.7538457e-07  3.0447303e-07  2.7292999e-07 -2.4348181e-05  5.2746154e-06  4.0356532e-06  3.1844271e-06  2.8986302e-06  2.6480543e-07  2.8977895e-07   3.118924e-07  2.8156379e-06


# ext. ||   Name    ||   type  ||     Value     ||  Error +/- 

   0   ||Natural mortality || limited ||    0.06508973752188 ||0.001921633293056
   1   ||Targeted q || limited ||      6.320366382065 ||0.1769531142965
   2   ||Nontargeted q || limited ||                   2 ||22.06548931833
   3   ||     sigma || limited ||      4.714194252888 ||0.2311152406185
   4   ||  Biomass1 || limited ||      0.615080433836 ||0.05123242453939
   5   ||  Biomass2 || limited ||     0.5348249657605 ||0.03883291940529
   6   ||  vm_sigma || limited ||      33.61239902414 ||1.386787713041
   7   ||Recruit year 1 || limited ||      9.734590993308 ||0.3470324271363
   8   ||Recruit year 2 || limited ||      5.534841392775 ||0.2130644224052
   9   ||Recruit year 3 || limited ||       3.16779409208 ||0.1266783583503
  10   ||Recruit year 4 || limited ||      1.239214775784 ||0.054514886129
  11   ||Mean Rec dist 1 || limited ||     0.3541811923433 ||0.005269789577623
  12   ||Mean Rec dist 2 || limited ||     0.7047675224719 ||0.007108120276011
  13   ||Mean Rec dist 3 || limited ||     0.8797594565281 ||0.009219108840649
  14   ||Mean Rec dist 4 || limited ||     0.3810981655513 ||0.01185653257003





