# Minimum negative log likelihood

Minuit did successfully converge.
# of function calls: 1037
minimum function Value: 669.0158538381
minimum edm: 1.278599350121e-05
minimum internal state vector: LAVector parameters:
    -0.4107424870976
      -1.07191286968
     -1.287002217587
     -1.074404461458
     -1.437647168215
     -1.445319048148
     0.5546221149154
     -1.027082880425
     -1.263120126172
     -1.038808649983
     -1.264405375906
    0.08314533614393
    0.07998336508859
    0.05059672219159
    0.06948858516732

minimum internal covariance matrix: LASymMatrix parameters:
    0.019366874  -0.0013127555              0 -2.7678893e-05  0.00036381526  0.00033142187   -0.010283714    0.002407635   0.0014032734   0.0022622263   0.0012952835  7.1221323e-05  7.8431681e-05  7.2802261e-05  7.8527313e-05
  -0.0013127555  0.00010254998              0   5.618636e-06 -2.8709095e-05 -2.6119029e-05  0.00047174679 -0.00016486311 -9.5622318e-05 -0.00015586444 -9.5050901e-05 -3.8898224e-06 -4.8742203e-06 -3.8857764e-06 -5.1585351e-06
              0              0              2              0              0              0              0              0              0              0              0              0              0              0              0
 -2.7678893e-05   5.618636e-06              0  0.00039226861  4.9530399e-06  3.7728798e-06 -0.00041111747  2.8707488e-07 -4.3902451e-07 -1.5363313e-05   4.693031e-06 -1.3174663e-07   -1.26157e-06  1.3518829e-06 -1.7609227e-06
  0.00036381526 -2.8709095e-05              0  4.9530399e-06  2.1858984e-05  1.8612377e-05  -0.0001738165   4.673753e-05  2.7474911e-05  4.0937002e-05  3.0446396e-05  1.0166079e-06  1.7275449e-06  1.3601146e-06  1.7218305e-06
  0.00033142187 -2.6119029e-05              0  3.7728798e-06  1.8612377e-05  1.5992918e-05 -0.00014536775  4.2416344e-05  2.4915582e-05  3.7498498e-05  2.7568663e-05  9.1949805e-07  1.5303379e-06  1.1701654e-06   1.542745e-06
   -0.010283714  0.00047174679              0 -0.00041111747  -0.0001738165 -0.00014536775    0.049744482  -0.0012078482 -0.00067421625  -0.0011104096 -0.00058709263 -0.00014759981 -9.6022172e-05 -0.00017499586 -0.00012654728
    0.002407635 -0.00016486311              0  2.8707488e-07   4.673753e-05  4.2416344e-05  -0.0012078482  0.00031735544   0.0001772769  0.00027993315   0.0001598637  8.1943271e-06  9.7434005e-06  8.9084972e-06  8.8392431e-06
   0.0014032734 -9.5622318e-05              0 -4.3902451e-07  2.7474911e-05  2.4915582e-05 -0.00067421625   0.0001772769    0.000121671  0.00016323288  9.1371162e-05  4.9130803e-06  5.5309735e-06   5.439037e-06  4.9400306e-06
   0.0022622263 -0.00015586444              0 -1.5363313e-05  4.0937002e-05  3.7498498e-05  -0.0011104096  0.00027993315  0.00016323288  0.00028434734  0.00014837501  7.9463533e-06  8.8929459e-06  8.0539263e-06  9.5753083e-06
   0.0012952835 -9.5050901e-05              0   4.693031e-06  3.0446396e-05  2.7568663e-05 -0.00058709263   0.0001598637  9.1371162e-05  0.00014837501  0.00012975937  4.4128096e-06  5.5281402e-06  4.1200896e-06  7.3089212e-06
  7.1221323e-05 -3.8898224e-06              0 -1.3174663e-07  1.0166079e-06  9.1949805e-07 -0.00014759981  8.1943271e-06  4.9130803e-06  7.9463533e-06  4.4128096e-06  1.4293469e-06  5.5993325e-07  6.2870061e-07  3.1868282e-07
  7.8431681e-05 -4.8742203e-06              0   -1.26157e-06  1.7275449e-06  1.5303379e-06 -9.6022172e-05  9.7434005e-06  5.5309735e-06  8.8929459e-06  5.5281402e-06  5.5993325e-07  3.4948154e-06  5.9084698e-07  2.6413743e-07
  7.2802261e-05 -3.8857764e-06              0  1.3518829e-06  1.3601146e-06  1.1701654e-06 -0.00017499586  8.9084972e-06   5.439037e-06  8.0539263e-06  4.1200896e-06  6.2870061e-07  5.9084698e-07  1.4226171e-06  5.8321124e-07
  7.8527313e-05 -5.1585351e-06              0 -1.7609227e-06  1.7218305e-06   1.542745e-06 -0.00012654728  8.8392431e-06  4.9400306e-06  9.5753083e-06  7.3089212e-06  3.1868282e-07  2.6413743e-07  5.8321124e-07   4.231218e-06


# ext. ||   Name    ||   type  ||     Value     ||  Error +/- 

   0   ||Natural mortality || limited ||    0.03501774578936 ||0.002251852305669
   1   ||Targeted q || limited ||      6.094134303697 ||0.1712976671346
   2   ||Nontargeted q || limited ||                   2 ||22.06548931833
   3   ||     sigma || limited ||      6.034666120827 ||0.3334824927122
   4   ||  Biomass1 || limited ||      4.425630418752 ||0.2194439536408
   5   ||  Biomass2 || limited ||      3.930975182651 ||0.1769469783529
   6   ||  vm_sigma || limited ||      61.06512060448 ||5.340476094991
   7   ||Recruit year 1 || limited ||      7.219601189743 ||0.3257843556769
   8   ||Recruit year 2 || limited ||      2.357770549617 ||0.1180920884882
   9   ||Recruit year 3 || limited ||      6.919282509533 ||0.3023748264935
  10   ||Recruit year 4 || limited ||      2.338350295761 ||0.1214607229424
  11   ||Mean Rec dist 1 || limited ||     0.8304956993144 ||0.008424630673658
  12   ||Mean Rec dist 2 || limited ||     0.7989811225004 ||0.01317669060242
  13   ||Mean Rec dist 3 || limited ||     0.5057513678132 ||0.008423116764971
  14   ||Mean Rec dist 4 || limited ||     0.6943267583528 ||0.01451002547003





