# Minimum negative log likelihood

Minuit did successfully converge.
# of function calls: 750
minimum function Value: 560.72334805
minimum edm: 1.750229444676e-05
minimum internal state vector: LAVector parameters:
    -0.5267348709934
       -1.2377646726
     -1.287002217587
     -1.189822461458
     -1.505760013624
     -1.507606126876
    -0.2450775361935
   -0.06956425466446
     -1.021779474444
      -1.19568744828
     -0.999328405426
     -1.047334918361

minimum internal covariance matrix: LASymMatrix parameters:
    0.027693398  -0.0033456667              0  5.5268434e-06   0.0006490909  0.00062378131 -5.0998315e-05   0.0015046145    0.005826029   0.0035731708   0.0054963941   0.0052640297
  -0.0033456667  0.00041279989              0 -1.3838225e-06 -7.9794796e-05 -7.6741302e-05  8.7178935e-06 -0.00025961644 -0.00071073676 -0.00043406626 -0.00067028565 -0.00064198644
              0              0              2              0              0              0              0              0              0              0              0              0
  5.5268434e-06 -1.3838225e-06              0  0.00019145525 -2.3448471e-07  -1.710913e-07  6.8550282e-07  1.7936464e-05  2.5458143e-06  1.7097052e-06   1.477479e-06  1.3762257e-06
   0.0006490909 -7.9794796e-05              0 -2.3448471e-07  2.4107186e-05   2.206583e-05 -1.8404935e-06  2.8076589e-05   0.0001388781  8.4107828e-05  0.00012983897  0.00012439225
  0.00062378131 -7.6741302e-05              0  -1.710913e-07   2.206583e-05  2.0368475e-05  -1.710409e-06  3.3337752e-05  0.00013318828  8.0879204e-05  0.00012479972  0.00011957576
 -5.0998315e-05  8.7178935e-06              0  6.8550282e-07 -1.8404935e-06  -1.710409e-06  4.0536216e-06 -7.0437332e-05  -1.276273e-05  -7.549069e-06 -1.1691884e-05 -1.1431945e-05
   0.0015046145 -0.00025961644              0  1.7936464e-05  2.8076589e-05  3.3337752e-05 -7.0437332e-05    0.004550612  0.00036617549   0.0002263838  0.00034758758  0.00033788479
    0.005826029 -0.00071073676              0  2.5458143e-06   0.0001388781  0.00013318828  -1.276273e-05  0.00036617549   0.0012395097  0.00075253815    0.001161421    0.001111972
   0.0035731708 -0.00043406626              0  1.7097052e-06  8.4107828e-05  8.0879204e-05  -7.549069e-06   0.0002263838  0.00075253815  0.00046990779  0.00071023596  0.00068104555
   0.0054963941 -0.00067028565              0   1.477479e-06  0.00012983897  0.00012479972 -1.1691884e-05  0.00034758758    0.001161421  0.00071023596   0.0011027547   0.0010484626
   0.0052640297 -0.00064198644              0  1.3762257e-06  0.00012439225  0.00011957576 -1.1431945e-05  0.00033788479    0.001111972  0.00068104555   0.0010484626   0.0010132256


# ext. ||   Name    ||   type  ||     Value     ||  Error +/- 

   0   ||Natural mortality || limited ||    0.03243216312356 ||0.00253718334031
   1   ||Targeted q || limited ||       2.74721944365 ||0.2348213266705
   2   ||Nontargeted q || limited ||                   2 ||22.06548931833
   3   ||     sigma || limited ||      3.584851566674 ||0.1818946538927
   4   ||  Biomass1 || limited ||      1.057057840487 ||0.1128176644055
   5   ||  Biomass2 || limited ||     0.9979182177414 ||0.1007613991514
   6   ||   vm_mean || limited ||    -0.7622494787192 ||0.004338914807573
   7   ||  vm_sigma || limited ||      37.22020825345 ||1.902646462302
   8   ||Recruit year 1 || limited ||      7.357365755895 ||0.6494360425742
   9   ||Recruit year 2 || limited ||       3.48626547928 ||0.280753607218
  10   ||Recruit year 3 || limited ||      7.953808991154 ||0.6348949141176
  11   ||Recruit year 4 || limited ||      6.704626510609 ||0.5624638832072





