# Minimum negative log likelihood

Minuit did successfully converge.
# of function calls: 682
minimum function Value: 676.5725360961
minimum edm: 2.260538438976e-05
minimum internal state vector: LAVector parameters:
     0.5883736144969
    -0.9901429817642
     -1.287002217587
       -1.0651187356
     -1.575787547439
     -1.566436116702
    -0.5928754037604
   -0.09235977578305
     -1.060233124598
     -1.160401601145
     -1.098293046593
       -1.2658076814

minimum internal covariance matrix: LASymMatrix parameters:
     0.15425865  -0.0094815718              0 -0.00024045869 -0.00012084994  7.8599169e-05  0.00015098407  -0.0018747493   0.0076091594   0.0079852636   0.0073977903     0.00632133
  -0.0094815718  0.00060925901              0  1.0050596e-05  7.3975703e-06 -5.1925347e-06 -1.6060213e-06 -4.9022194e-05 -0.00047168834 -0.00049479943 -0.00045815255 -0.00039234735
              0              0              2              0              0              0              0              0              0              0              0              0
 -0.00024045869  1.0050596e-05              0  0.00033037815  1.2037327e-07 -7.4290216e-08 -3.3537688e-06  0.00011076645 -1.1223228e-05 -1.2068793e-05 -1.0807368e-05 -9.1219182e-06
 -0.00012084994  7.3975703e-06              0  1.2037327e-07  1.2965552e-05 -7.5365424e-06 -1.3103233e-07  1.3283117e-05 -6.0461311e-06 -6.0431301e-06 -5.7648856e-06 -4.7940836e-06
  7.8599169e-05 -5.1925347e-06              0 -7.4290216e-08 -7.5365424e-06   5.662252e-06    3.43469e-08 -2.1784306e-06  3.8257891e-06  4.0393648e-06  3.7145211e-06   3.175375e-06
  0.00015098407 -1.6060213e-06              0 -3.3537688e-06 -1.3103233e-07    3.43469e-08   6.767739e-06 -0.00011479515  6.2058762e-06  6.5386853e-06  6.0926734e-06  4.9590582e-06
  -0.0018747493 -4.9022194e-05              0  0.00011076645  1.3283117e-05 -2.1784306e-06 -0.00011479515   0.0056198214 -6.1334075e-05  -6.295216e-05 -6.3899252e-05 -4.6877209e-05
   0.0076091594 -0.00047168834              0 -1.1223228e-05 -6.0461311e-06  3.8257891e-06  6.2058762e-06 -6.1334075e-05  0.00039458149  0.00039474387  0.00036537898   0.0003124058
   0.0079852636 -0.00049479943              0 -1.2068793e-05 -6.0431301e-06  4.0393648e-06  6.5386853e-06  -6.295216e-05  0.00039474387  0.00043371356  0.00038334373  0.00032790608
   0.0073977903 -0.00045815255              0 -1.0807368e-05 -5.7648856e-06  3.7145211e-06  6.0926734e-06 -6.3899252e-05  0.00036537898  0.00038334373  0.00037434864  0.00030383261
     0.00632133 -0.00039234735              0 -9.1219182e-06 -4.7940836e-06   3.175375e-06  4.9590582e-06 -4.6877209e-05   0.0003124058  0.00032790608  0.00030383261  0.00027885933


# ext. ||   Name    ||   type  ||     Value     ||  Error +/- 

   0   ||Natural mortality || limited ||    0.05887522144527 ||0.005701572566978
   1   ||Targeted q || limited ||      8.194778865063 ||0.4787031024807
   2   ||Nontargeted q || limited ||                   2 ||22.06548931833
   3   ||     sigma || limited ||      6.257677505976 ||0.3112813805948
   4   ||  Biomass1 || limited ||   0.006228057950086 ||0.006354114124946
   5   ||  Biomass2 || limited ||    0.00475285048418 ||0.003668220554531
   6   ||   vm_mean || limited ||     -1.755358642147 ||0.004792782550939
   7   ||  vm_sigma || limited ||      36.31140523782 ||2.110291448492
   8   ||Recruit year 1 || limited ||      6.385891009806 ||0.3431469714042
   9   ||Recruit year 2 || limited ||      4.161414314687 ||0.2937237353972
  10   ||Recruit year 3 || limited ||      5.487862426875 ||0.3112855333983
  11   ||Recruit year 4 || limited ||      2.317251140979 ||0.1772653587957





