# Minimum negative log likelihood

Minuit did successfully converge.
# of function calls: 805
minimum function Value: 532.8821766696
minimum edm: 4.272468107017e-05
minimum internal state vector: LAVector parameters:
     0.1193716898643
     -1.214973658177
     -1.287002217587
     -1.214731671615
     -1.526209879374
     -1.525063539762
     -0.773983194859
    -0.2213750051942
    -0.9020745458243
     -0.878744266778
     -1.140098890883
    -0.9866135200771

minimum internal covariance matrix: LASymMatrix parameters:
    0.028953355  -0.0033114035              0 -2.1051029e-06  0.00034465892  0.00036275292   0.0001194535  -0.0018307108   0.0068037036   0.0066868088   0.0044841614   0.0056476302
  -0.0033114035  0.00038266646              0  5.9716407e-07 -4.0044941e-05 -4.2211946e-05 -1.2154111e-05  0.00018813479 -0.00078151913 -0.00076790538  -0.0005147198 -0.00064883298
              0              0              2              0              0              0              0              0              0              0              0              0
 -2.1051029e-06  5.9716407e-07              0   0.0001540466 -2.0567982e-07 -3.0646936e-07  2.3849568e-07 -8.5552992e-07 -1.6184954e-06 -2.2190139e-06  3.2629073e-07 -9.5835612e-07
  0.00034465892 -4.0044941e-05              0 -2.0567982e-07  1.4005815e-05  9.4535082e-06  7.8229819e-07 -2.9647602e-05  8.6475077e-05  7.9700485e-05  5.3438931e-05  6.7419666e-05
  0.00036275292 -4.2211946e-05              0 -3.0646936e-07  9.4535082e-06  8.7731849e-06  1.1926358e-06 -1.0975778e-05  8.5717232e-05  8.4105063e-05  5.6365793e-05  7.1140156e-05
   0.0001194535 -1.2154111e-05              0  2.3849568e-07  7.8229819e-07  1.1926358e-06  3.0081464e-06 -3.7750831e-05  2.6425627e-05  2.6364794e-05  1.7779699e-05  2.2228007e-05
  -0.0018307108  0.00018813479              0 -8.5552992e-07 -2.9647602e-05 -1.0975778e-05 -3.7750831e-05   0.0013568553 -0.00044116332 -0.00040632488 -0.00027288654 -0.00034114248
   0.0068037036 -0.00078151913              0 -1.6184954e-06  8.6475077e-05  8.5717232e-05  2.6425627e-05 -0.00044116332   0.0016155471   0.0015739647   0.0010555377   0.0013297809
   0.0066868088 -0.00076790538              0 -2.2190139e-06  7.9700485e-05  8.4105063e-05  2.6364794e-05 -0.00040632488   0.0015739647   0.0015527632    0.001037278   0.0013070185
   0.0044841614  -0.0005147198              0  3.2629073e-07  5.3438931e-05  5.6365793e-05  1.7779699e-05 -0.00027288654   0.0010555377    0.001037278  0.00070109525  0.00087604879
   0.0056476302 -0.00064883298              0 -9.5835612e-07  6.7419666e-05  7.1140156e-05  2.2228007e-05 -0.00034114248   0.0013297809   0.0013070185  0.00087604879   0.0011095059


# ext. ||   Name    ||   type  ||     Value     ||  Error +/- 

   0   ||Natural mortality || limited ||    0.04797720979929 ||0.00297937010337
   1   ||Targeted q || limited ||      3.131989006285 ||0.2409248843948
   2   ||Nontargeted q || limited ||                   2 ||22.06548931833
   3   ||     sigma || limited ||      3.136205320016 ||0.1529637322005
   4   ||  Biomass1 || limited ||     0.4969054965527 ||0.05897496090593
   5   ||  Biomass2 || limited ||     0.5227808271163 ||0.04787508988519
   6   ||   vm_mean || limited ||     -2.195939608273 ||0.002755310512703
   7   ||  vm_sigma || limited ||      31.21775856871 ||1.016312896618
   8   ||Recruit year 1 || limited ||      10.77818400144 ||0.8808320516825
   9   ||Recruit year 2 || limited ||      11.51194071219 ||0.8888107729068
  10   ||Recruit year 3 || limited ||      4.575803975829 ||0.3907833269542
  11   ||Recruit year 4 || limited ||      8.301017761105 ||0.6493754024843





