# Minimum negative log likelihood

Minuit did successfully converge.
# of function calls: 710
minimum function Value: 372.8919665426
minimum edm: 6.114679662691e-06
minimum internal state vector: LAVector parameters:
      -1.05203346694
     -1.287002217587
     -1.329105308891
     -1.530747286274
     -1.533323789171
   -0.04793581966607
      2.710435234756
     -1.448542906729
     -1.184649653143
     -1.175532802349
     -1.326028196744

minimum internal covariance matrix: LASymMatrix parameters:
  2.5329663e-06              0  4.0405614e-07 -2.0714198e-07 -1.8300467e-07   1.478662e-07  2.1396574e-05 -5.1684317e-08 -3.5395434e-07 -4.0321437e-07  -3.942897e-07
              0              2              0              0              0              0              0              0              0              0              0
  4.0405614e-07              0  7.4619648e-05 -3.0835834e-07  -2.629645e-07  3.0021139e-08  8.9121988e-06  2.6794235e-07  4.4137485e-07  5.9896658e-08 -2.9755658e-07
 -2.0714198e-07              0 -3.0835834e-07  6.9067162e-07  5.5221877e-07 -1.3107952e-08 -1.2479482e-06   4.191502e-08  1.7690833e-08  2.6538051e-08  3.7938278e-08
 -1.8300467e-07              0  -2.629645e-07  5.5221877e-07  4.4856508e-07 -1.1535077e-08 -1.1843662e-06   2.611198e-08  1.3524552e-08  2.3212537e-08  3.2074059e-08
   1.478662e-07              0  3.0021139e-08 -1.3107952e-08 -1.1535077e-08  2.7527769e-08  3.2080536e-06 -6.9230361e-09 -1.8445137e-08 -1.9180739e-08 -2.1080565e-08
  2.1396574e-05              0  8.9121988e-06 -1.2479482e-06 -1.1843662e-06  3.2080536e-06   0.0010321577  -1.922436e-06 -3.5321822e-06 -2.5003011e-06 -2.2965869e-06
 -5.1684317e-08              0  2.6794235e-07   4.191502e-08   2.611198e-08 -6.9230361e-09  -1.922436e-06  9.7481623e-07  9.9932653e-08  5.2349041e-08 -2.1805392e-08
 -3.5395434e-07              0  4.4137485e-07  1.7690833e-08  1.3524552e-08 -1.8445137e-08 -3.5321822e-06  9.9932653e-08  1.1146919e-06  6.4522821e-08 -6.7028143e-09
 -4.0321437e-07              0  5.9896658e-08  2.6538051e-08  2.3212537e-08 -1.9180739e-08 -2.5003011e-06  5.2349041e-08  6.4522821e-08  9.8500404e-07  4.2706922e-08
  -3.942897e-07              0 -2.9755658e-07  3.7938278e-08  3.2074059e-08 -2.1080565e-08 -2.2965869e-06 -2.1805392e-08 -6.7028143e-09  4.2706922e-08  1.0979565e-06


# ext. ||   Name    ||   type  ||     Value     ||  Error +/- 

   0   ||Targeted q || limited ||      6.578338710937 ||0.02789854314509
   1   ||Nontargeted q || limited ||                   2 ||22.06548931833
   2   ||     sigma || limited ||      1.453268657189 ||0.07309757444293
   3   ||  Biomass1 || limited ||     0.4009278191548 ||0.01176431923763
   4   ||  Biomass2 || limited ||     0.3510066927303 ||0.008871134838856
   5   ||   vm_mean || limited ||     -0.479174636121 ||0.001171848177567
   6   ||  vm_sigma || limited ||      56.71719412064 ||0.8254521046252
   7   ||Recruit year 1 || limited ||     0.3831450067291 ||0.004256489558589
   8   ||Recruit year 2 || limited ||      3.691272851118 ||0.01405705042565
   9   ||Recruit year 3 || limited ||      3.864858178097 ||0.0135098105923
  10   ||Recruit year 4 || limited ||      1.500173946921 ||0.008976638497717





