# Minimum negative log likelihood

Minuit did successfully converge.
# of function calls: 1779
minimum function Value: 408.4931760259
minimum edm: 9.246935330872e-06
minimum internal state vector: LAVector parameters:
       2.01954488858
     -1.018534670392
     -1.287002217587
     -1.307386676351
     -1.515105178438
      -1.51951840466
    -0.7879883276027
     -1.336690476593
      -1.30019700282
      -1.13621715063
     -0.918957513938
    0.07012937321683
     0.1082799320529
    0.09697742487393
     0.1050290208748

minimum internal covariance matrix: LASymMatrix parameters:
    0.036104401   0.0010491084              0 -4.8743455e-05 -0.00010635249 -9.3654977e-05   0.0010020328 -0.00074573643 -0.00084566049  -0.0013829615  -0.0021123062 -0.00010399204 -9.1300146e-05 -0.00010056293 -9.4625613e-05
   0.0010491084  3.5675698e-05              0 -2.1865454e-06 -3.6420667e-06 -3.1846202e-06  2.3765996e-05 -2.2187004e-05 -2.5422653e-05 -4.1558692e-05 -6.5559283e-05 -2.5751516e-06 -2.1601236e-06  -2.497506e-06 -2.4611817e-06
              0              0              2              0              0              0              0              0              0              0              0              0              0              0              0
 -4.8743455e-05 -2.1865454e-06              0  8.7738513e-05  4.4786755e-07  2.6512284e-07  1.0818093e-06  2.8337308e-07  1.0436603e-06   1.644491e-06   3.862464e-06  7.9132509e-09 -1.3590893e-07  5.5095054e-07  5.5497159e-08
 -0.00010635249 -3.6420667e-06              0  4.4786755e-07  1.2515257e-06  1.0071202e-06 -2.3692298e-06   2.261849e-06  2.5731056e-06  4.2103912e-06  6.6681228e-06  2.4781386e-07  2.1374733e-07  2.4740933e-07  2.4243679e-07
 -9.3654977e-05 -3.1846202e-06              0  2.6512284e-07  1.0071202e-06  8.2775137e-07 -2.1628178e-06  1.9899348e-06  2.2749342e-06  3.7178158e-06  5.8535975e-06  2.2305842e-07  1.9707968e-07  2.1113893e-07  2.1793019e-07
   0.0010020328  2.3765996e-05              0  1.0818093e-06 -2.3692298e-06 -2.1628178e-06  7.6334559e-05 -1.9998791e-05 -2.2381104e-05 -3.6663407e-05 -5.4595906e-05 -4.3652471e-06 -4.3234563e-06 -4.1323535e-06 -4.2119114e-06
 -0.00074573643 -2.2187004e-05              0  2.8337308e-07   2.261849e-06  1.9899348e-06 -1.9998791e-05  1.7672147e-05  1.7567859e-05  2.8722172e-05   4.385464e-05  2.0975329e-06  1.8301906e-06  1.9936146e-06  1.9252782e-06
 -0.00084566049 -2.5422653e-05              0  1.0436603e-06  2.5731056e-06  2.2749342e-06 -2.2381104e-05  1.7567859e-05  2.1962364e-05  3.2621012e-05  5.0171599e-05  2.3515748e-06  1.9729622e-06  2.2324085e-06  2.1606978e-06
  -0.0013829615 -4.1558692e-05              0   1.644491e-06  4.2103912e-06  3.7178158e-06 -3.6663407e-05  2.8722172e-05  3.2621012e-05  5.5386248e-05  8.2010952e-05  3.8469139e-06  3.4047388e-06  3.6386509e-06  3.5450143e-06
  -0.0021123062 -6.5559283e-05              0   3.862464e-06  6.6681228e-06  5.8535975e-06 -5.4595906e-05   4.385464e-05  5.0171599e-05  8.2010952e-05  0.00012994634   5.730845e-06  4.9432966e-06  5.5587018e-06  5.3703792e-06
 -0.00010399204 -2.5751516e-06              0  7.9132509e-09  2.4781386e-07  2.2305842e-07 -4.3652471e-06  2.0975329e-06  2.3515748e-06  3.8469139e-06   5.730845e-06  8.7474288e-07  3.2755689e-07  3.5969604e-07  3.2647768e-07
 -9.1300146e-05 -2.1601236e-06              0 -1.3590893e-07  2.1374733e-07  1.9707968e-07 -4.3234563e-06  1.8301906e-06  1.9729622e-06  3.4047388e-06  4.9432966e-06  3.2755689e-07  8.5609486e-07  3.0322591e-07  3.0521968e-07
 -0.00010056293  -2.497506e-06              0  5.5095054e-07  2.4740933e-07  2.1113893e-07 -4.1323535e-06  1.9936146e-06  2.2324085e-06  3.6386509e-06  5.5587018e-06  3.5969604e-07  3.0322591e-07   5.569645e-07  3.0783603e-07
 -9.4625613e-05 -2.4611817e-06              0  5.5497159e-08  2.4243679e-07  2.1793019e-07 -4.2119114e-06  1.9252782e-06  2.1606978e-06  3.5450143e-06  5.3703792e-06  3.2647768e-07  3.0521968e-07  3.0783603e-07  3.9897722e-07


# ext. ||   Name    ||   type  ||     Value     ||  Error +/- 

   0   ||Natural mortality || limited ||     0.0675247682402 ||0.00145286600991
   1   ||Targeted q || limited ||      7.432989810968 ||0.1107847131042
   2   ||Nontargeted q || limited ||                   2 ||22.06548931833
   3   ||     sigma || limited ||      1.724609623361 ||0.0862272933368
   4   ||  Biomass1 || limited ||      0.775175619394 ||0.02201590273795
   5   ||  Biomass2 || limited ||     0.6572122981373 ||0.01648712799737
   6   ||  vm_sigma || limited ||       11.6434172743 ||0.1742828253313
   7   ||Recruit year 1 || limited ||      1.373756158303 ||0.03447415491679
   8   ||Recruit year 2 || limited ||      1.829274817194 ||0.04428573937732
   9   ||Recruit year 3 || limited ||      4.657170159745 ||0.1107700307734
  10   ||Recruit year 4 || limited ||      10.26049341012 ||0.2444705528853
  11   ||Mean Rec dist 1 || limited ||     0.7007190313369 ||0.006597149774791
  12   ||Mean Rec dist 2 || limited ||      1.080684672585 ||0.006504216257025
  13   ||Mean Rec dist 3 || limited ||     0.9682549034916 ||0.005252346202687
  14   ||Mean Rec dist 4 || limited ||      1.048360298289 ||0.004441802556157





