# Minimum negative log likelihood

Minuit did successfully converge.
# of function calls: 1259
minimum function Value: 525.5634646419
minimum edm: 5.187563704533e-05
minimum internal state vector: LAVector parameters:
      0.223052465528
     -1.345563392882
     -1.287002217587
     -1.220986057173
     -1.445304170419
     -1.448553421649
    -0.4149471117373
    -0.5924557581605
     -1.304206277044
     -1.420453492271
     -1.004284590194
     -1.001282611176

minimum internal covariance matrix: LASymMatrix parameters:
    0.025623139   -0.005164051              0  0.00019451144   0.0028988827   0.0028153751 -2.2444756e-06 -0.00034203555   0.0056809668   0.0032201603    0.013325582    0.013102675
   -0.005164051   0.0010956894              0 -3.4147495e-05 -0.00061194146 -0.00059453215  1.2995684e-05 -8.2778178e-05  -0.0011869802 -0.00067244034   -0.002794014   -0.002746611
              0              0              2              0              0              0              0              0              0              0              0              0
  0.00019451144 -3.4147495e-05              0  0.00015269048  1.5271998e-05   1.548911e-05  3.9869508e-07  2.3547715e-05  3.5497528e-05  2.2878886e-05  9.1928463e-05  9.0061933e-05
   0.0028988827 -0.00061194146              0  1.5271998e-05  0.00035182301  0.00034012362 -6.4945903e-06  2.9561402e-05  0.00067375098  0.00037612503   0.0015633409   0.0015367459
   0.0028153751 -0.00059453215              0   1.548911e-05  0.00034012362  0.00032920652 -6.2935354e-06   3.025896e-05  0.00065176206  0.00036542492   0.0015186678   0.0014928665
 -2.2444756e-06  1.2995684e-05              0  3.9869508e-07 -6.4945903e-06 -6.2935354e-06  1.1471306e-05 -9.9025652e-05 -1.0560356e-05 -5.4748553e-06 -2.5262401e-05 -2.4791122e-05
 -0.00034203555 -8.2778178e-05              0  2.3547715e-05  2.9561402e-05   3.025896e-05 -9.9025652e-05   0.0020596019  3.7568462e-05  2.5687206e-05  0.00012067699  0.00011198115
   0.0056809668  -0.0011869802              0  3.5497528e-05  0.00067375098  0.00065176206 -1.0560356e-05  3.7568462e-05   0.0013214122  0.00073102276   0.0030375592   0.0029858896
   0.0032201603 -0.00067244034              0  2.2878886e-05  0.00037612503  0.00036542492 -5.4748553e-06  2.5687206e-05  0.00073102276  0.00042137151   0.0017212134   0.0016922967
    0.013325582   -0.002794014              0  9.1928463e-05   0.0015633409   0.0015186678 -2.5262401e-05  0.00012067699   0.0030375592   0.0017212134    0.007152434   0.0070250971
    0.013102675   -0.002746611              0  9.0061933e-05   0.0015367459   0.0014928665 -2.4791122e-05  0.00011198115   0.0029858896   0.0016922967   0.0070250971   0.0069133161


# ext. ||   Name    ||   type  ||     Value     ||  Error +/- 

   0   ||Natural mortality || limited ||    0.05053018737741 ||0.002753715448618
   1   ||Targeted q || limited ||      1.262894420689 ||0.2613441548896
   2   ||Nontargeted q || limited ||                   2 ||22.06548931833
   3   ||     sigma || limited ||      3.028112296505 ||0.1497250143542
   4   ||  Biomass1 || limited ||      3.931906198596 ||0.8300045586873
   5   ||  Biomass2 || limited ||      3.731182134458 ||0.7822017682101
   6   ||   vm_mean || limited ||     -1.266506471862 ||0.006885370365104
   7   ||  vm_sigma || limited ||      17.66478189678 ||1.064659390909
   8   ||Recruit year 1 || limited ||      1.776081759716 ||0.3385091089818
   9   ||Recruit year 2 || limited ||     0.5739542350238 ||0.1086861859945
  10   ||Recruit year 3 || limited ||      7.820307493286 ||1.603632090671
  11   ||Recruit year 4 || limited ||      7.901046304161 ||1.58406362913





