# Minimum negative log likelihood

Minuit did successfully converge.
# of function calls: 468
minimum function Value: 594.2820609323
minimum edm: 4.905741469676e-05
minimum internal state vector: LAVector parameters:
     0.5143154120915
      -1.15604270133
     -1.287002217587
     -1.157311337827
     -1.495589715596
     -1.498235299681
     0.3132310777523
    -0.1845439795586
     -1.326990587361
     -1.150735170557
     -0.965597130559
     -1.042347963557

minimum internal covariance matrix: LASymMatrix parameters:
    0.012218684  -0.0010030227              0 -0.00024273544 -0.00011797742 -8.4257976e-05  3.9097474e-05  -0.0006497797  0.00062546591   0.0011766383   0.0014194782   0.0014193341
  -0.0010030227  9.8078559e-05              0  1.9830465e-05   1.029535e-05  7.2802886e-06  4.6936266e-07 -2.6458407e-05 -5.4284306e-05 -0.00010293294 -0.00012398684  -0.0001271599
              0              0              2              0              0              0              0              0              0              0              0              0
 -0.00024273544  1.9830465e-05              0  0.00021719818  2.5591013e-06  1.7093547e-06 -1.5755473e-06   3.220132e-05 -1.1384939e-05 -2.2350347e-05 -2.7137237e-05 -2.6935549e-05
 -0.00011797742   1.029535e-05              0  2.5591013e-06  1.3806914e-06  9.8795549e-07 -1.8951262e-07  1.9825722e-06  -6.198826e-06 -1.1733694e-05 -1.4142415e-05 -1.4313309e-05
 -8.4257976e-05  7.2802886e-06              0  1.7093547e-06  9.8795549e-07  7.4917361e-07 -1.6975519e-07  2.3092514e-06  -4.484432e-06 -8.4050761e-06 -1.0133334e-05 -1.0240282e-05
  3.9097474e-05  4.6936266e-07              0 -1.5755473e-06 -1.8951262e-07 -1.6975519e-07  3.4691939e-06  -6.035714e-05  9.6990851e-07  1.8885479e-06  2.5726428e-06  2.1758436e-06
  -0.0006497797 -2.6458407e-05              0   3.220132e-05  1.9825722e-06  2.3092514e-06  -6.035714e-05    0.002755409 -1.0123981e-05 -1.9845441e-05 -3.2212435e-05 -2.0625832e-05
  0.00062546591 -5.4284306e-05              0 -1.1384939e-05  -6.198826e-06  -4.484432e-06  9.6990851e-07 -1.0123981e-05  4.3786106e-05  6.1203782e-05  7.3958081e-05  7.5099903e-05
   0.0011766383 -0.00010293294              0 -2.2350347e-05 -1.1733694e-05 -8.4050761e-06  1.8885479e-06 -1.9845441e-05  6.1203782e-05  0.00012682946  0.00013927511  0.00014131062
   0.0014194782 -0.00012398684              0 -2.7137237e-05 -1.4142415e-05 -1.0133334e-05  2.5726428e-06 -3.2212435e-05  7.3958081e-05  0.00013927511   0.0001787358   0.0001702194
   0.0014193341  -0.0001271599              0 -2.6935549e-05 -1.4313309e-05 -1.0240282e-05  2.1758436e-06 -2.0625832e-05  7.5099903e-05  0.00014131062   0.0001702194  0.00018700057


# ext. ||   Name    ||   type  ||     Value     ||  Error +/- 

   0   ||Natural mortality || limited ||    0.05729847354481 ||0.001699528335507
   1   ||Targeted q || limited ||      4.239218577442 ||0.1410929248058
   2   ||Nontargeted q || limited ||                   2 ||22.06548931833
   3   ||     sigma || limited ||      4.213694638029 ||0.2093574773389
   4   ||  Biomass1 || limited ||      1.413342244205 ||0.03121402797698
   5   ||  Biomass2 || limited ||      1.315698238109 ||0.02218546158514
   6   ||   vm_mean || limited ||     0.9680318327846 ||0.003936281354807
   7   ||  vm_sigma || limited ||      32.66066073336 ||1.459134217652
   8   ||Recruit year 1 || limited ||      1.488536705328 ||0.056469120263
   9   ||Recruit year 2 || limited ||      4.356365244537 ||0.1623609693935
  10   ||Recruit year 3 || limited ||      8.889672641415 ||0.2688850077985
  11   ||Recruit year 4 || limited ||      6.829796168195 ||0.2437383811934





