# Minimum negative log likelihood

WARNING: Minuit did not converge.

# of function calls: 1308
minimum function Value: 585.9388556535
minimum edm: 25.6196995009
minimum internal state vector: LAVector parameters:
     -1.192108662969
     -1.234770841601
     -1.287002217587
     -1.157768570454
     -1.454772349058
     -1.457498468599
    -0.3451108163436
     -1.376319221698
     -1.217898007645
     -1.439963847348
     -1.281789487058
    0.04126701400357
      0.113051014194
    -0.3195789316646
    0.07503561940458

minimum internal covariance matrix: LASymMatrix parameters:
  0.00023070524 -6.4437654e-05              0  1.2630051e-05 -4.4691967e-06 -1.4806067e-06  0.00038383424    4.01503e-05   7.549572e-05  4.3657513e-05  7.8493687e-05  1.6794335e-05 -4.2021045e-06  3.0056608e-08 -1.1823611e-06
 -6.4437654e-05  3.4188823e-05              0  5.0088224e-06 -2.3652127e-06 -3.1011052e-06 -0.00037510696 -1.0576458e-05  -2.442454e-05  8.6933162e-10 -2.9791432e-05 -3.0830846e-06  5.0221185e-06  -2.316416e-08  1.5707023e-06
              0              0              2              0              0              0              0              0              0              0              0              0              0              0              0
  1.2630051e-05  5.0088224e-06              0  0.00020174124 -3.2834456e-06 -2.9836585e-06 -0.00027049596 -9.8313721e-07  9.1184854e-07  8.6141772e-06 -6.6085865e-06  5.1239427e-06  8.2837007e-07 -2.1620283e-08 -6.5280404e-07
 -4.4691967e-06 -2.3652127e-06              0 -3.2834456e-06  3.2180431e-06  2.8665361e-06  0.00015084091 -3.6827905e-07  4.7635196e-08 -1.9698941e-06  1.1053882e-06 -1.1667909e-07 -1.4916861e-06  6.5579365e-09 -1.0045382e-06
 -1.4806067e-06 -3.1011052e-06              0 -2.9836585e-06  2.8665361e-06   2.619145e-06  0.00014412478 -8.9498271e-08  8.1500987e-07 -1.5854143e-06  1.9978898e-06  1.5335218e-07 -1.4687588e-06  6.5474658e-09 -9.6893701e-07
  0.00038383424 -0.00037510696              0 -0.00027049596  0.00015084091  0.00014412478    0.010496963  8.1880785e-05  0.00021733643 -3.3443632e-05  0.00031963327  3.8193568e-05 -0.00011367845  5.2908601e-07 -6.5102783e-05
    4.01503e-05 -1.0576458e-05              0 -9.8313721e-07 -3.6827905e-07 -8.9498271e-08  8.1880785e-05   1.289804e-05  1.2651096e-05  7.3636921e-06  1.1499841e-05  1.5632523e-06 -1.0001151e-06   3.348745e-09 -3.2642202e-07
   7.549572e-05  -2.442454e-05              0  9.1184854e-07  4.7635196e-08  8.1500987e-07  0.00021733643  1.2651096e-05  3.1748466e-05  9.3093533e-06  2.6141529e-05   5.327704e-06 -2.1664864e-06  1.2721577e-08 -4.1239349e-07
  4.3657513e-05  8.6933162e-10              0  8.6141772e-06 -1.9698941e-06 -1.5854143e-06 -3.3443632e-05  7.3636921e-06  9.3093533e-06  2.8928619e-05   6.590481e-06  4.3802927e-06  6.9466062e-07  1.2099144e-09  1.3229157e-06
  7.8493687e-05 -2.9791432e-05              0 -6.6085865e-06  1.1053882e-06  1.9978898e-06  0.00031963327  1.1499841e-05  2.6141529e-05   6.590481e-06  4.7800488e-05  6.0272136e-06 -3.2065103e-06  2.0787739e-08  1.1537516e-06
  1.6794335e-05 -3.0830846e-06              0  5.1239427e-06 -1.1667909e-07  1.5335218e-07  3.8193568e-05  1.5632523e-06   5.327704e-06  4.3802927e-06  6.0272136e-06  1.4244727e-05  9.8861245e-07   6.410085e-09  3.5246456e-07
 -4.2021045e-06  5.0221185e-06              0  8.2837007e-07 -1.4916861e-06 -1.4687588e-06 -0.00011367845 -1.0001151e-06 -2.1664864e-06  6.9466062e-07 -3.2065103e-06  9.8861245e-07  6.4790067e-06 -8.0505486e-09  8.2085007e-07
  3.0056608e-08  -2.316416e-08              0 -2.1620283e-08  6.5579365e-09  6.5474658e-09  5.2908601e-07   3.348745e-09  1.2721577e-08  1.2099144e-09  2.0787739e-08   6.410085e-09 -8.0505486e-09  3.3311433e-11 -2.7742004e-09
 -1.1823611e-06  1.5707023e-06              0 -6.5280404e-07 -1.0045382e-06 -9.6893701e-07 -6.5102783e-05 -3.2642202e-07 -4.1239349e-07  1.3229157e-06  1.1537516e-06  3.5246456e-07  8.2085007e-07 -2.7742004e-09   7.654336e-06


# ext. ||   Name    ||   type  ||     Value     ||  Error +/- 

   0   ||Natural mortality || limited ||     0.0106274087848 ||0.0005955905149751
   1   ||Targeted q || limited ||      2.796366740229 ||0.06816542586576
   2   ||Nontargeted q || limited ||                   2 ||22.06548931833
   3   ||     sigma || limited ||      4.204513551066 ||0.2015605084099
   4   ||  Biomass1 || limited ||        3.3616172609 ||0.07342158393664
   5   ||  Biomass2 || limited ||      3.205669859646 ||0.06468846600668
   6   ||  vm_sigma || limited ||      26.46863068201 ||2.724573852502
   7   ||Recruit year 1 || limited ||      0.952462996282 ||0.02453580897633
   8   ||Recruit year 2 || limited ||       3.09094480096 ||0.06884451864674
   9   ||Recruit year 3 || limited ||     0.4372756491215 ||0.0248056302414
  10   ||Recruit year 4 || limited ||      2.083422673844 ||0.0696580755636
  11   ||Mean Rec dist 1 || limited ||     0.4125530227749 ||0.02666500353152
  12   ||Mean Rec dist 2 || limited ||      1.128103593498 ||0.01788371716208
  13   ||Mean Rec dist 3 || limited ||     -3.141668397645 ||3.874504337009e-05
  14   ||Mean Rec dist 4 || limited ||     0.7496522649716 ||0.01950808881578



WARNING: FunctionMinimum is invalid: 
	 Edm is above max


