# Minimum negative log likelihood

Minuit did successfully converge.
# of function calls: 960
minimum function Value: 587.6349855299
minimum edm: 7.163208322858e-06
minimum internal state vector: LAVector parameters:
    -0.5689075816665
     -1.057423587012
     -1.287002217587
     -1.163998791997
     -1.505199371452
     -1.507576129682
     0.2348454946001
      2.999720040081
     -1.002358608116
     -1.051611821595
     -1.325438608151
     -1.044633477075

minimum internal covariance matrix: LASymMatrix parameters:
   0.0023677899  -0.0011624371              0  4.5464296e-05  0.00015789956  0.00014585802  1.8405177e-05  0.00045599952   0.0012061479   0.0013529202  0.00057132448   0.0012801297
  -0.0011624371  0.00058970074              0 -2.5092514e-05 -8.0423401e-05 -7.4232362e-05 -5.7163383e-06 -0.00012397704 -0.00059932221 -0.00067270232  -0.0002831197 -0.00063909537
              0              0              2              0              0              0              0              0              0              0              0              0
  4.5464296e-05 -2.5092514e-05              0  0.00022468017  9.7797163e-06   8.450204e-06 -8.3421522e-08 -7.6658674e-06  2.2966775e-05  2.6873851e-05  1.4132866e-05  2.7177302e-05
  0.00015789956 -8.0423401e-05              0  9.7797163e-06  2.1308653e-05   1.878256e-05   9.360927e-07  3.2067351e-05  8.1812134e-05  9.1414296e-05  3.8440153e-05  8.7840316e-05
  0.00014585802 -7.4232362e-05              0   8.450204e-06   1.878256e-05  1.6656424e-05  8.5869218e-07  2.7822718e-05  7.5517276e-05  8.4434846e-05  3.5493626e-05  8.1020594e-05
  1.8405177e-05 -5.7163383e-06              0 -8.3421522e-08   9.360927e-07  8.5869218e-07  2.2994558e-06  5.0467275e-05  8.1661705e-06  8.9811322e-06  4.0786767e-06  8.7026366e-06
  0.00045599952 -0.00012397704              0 -7.6658674e-06  3.2067351e-05  2.7822718e-05  5.0467275e-05   0.0041452123   0.0002034267  0.00021480199  8.6742376e-05  0.00020485729
   0.0012061479 -0.00059932221              0  2.2966775e-05  8.1812134e-05  7.5517276e-05  8.1661705e-06   0.0002034267  0.00062803876   0.0006935428  0.00029161789  0.00065558965
   0.0013529202 -0.00067270232              0  2.6873851e-05  9.1414296e-05  8.4434846e-05  8.9811322e-06  0.00021480199   0.0006935428  0.00078957535  0.00032728639  0.00073565391
  0.00057132448  -0.0002831197              0  1.4132866e-05  3.8440153e-05  3.5493626e-05  4.0786767e-06  8.6742376e-05  0.00029161789  0.00032728639  0.00015157897  0.00030956339
   0.0012801297 -0.00063909537              0  2.7177302e-05  8.7840316e-05  8.1020594e-05  8.7026366e-06  0.00020485729  0.00065558965  0.00073565391  0.00030956339  0.00071225526


# ext. ||   Name    ||   type  ||     Value     ||  Error +/- 

   0   ||Natural mortality || limited ||    0.06919319717036 ||0.004347372838866
   1   ||Targeted q || limited ||      6.445347397363 ||0.4216337384646
   2   ||Nontargeted q || limited ||                   2 ||22.06548931833
   3   ||     sigma || limited ||      4.080367487783 ||0.2096827146312
   4   ||  Biomass1 || limited ||      1.075354453953 ||0.1069804491805
   5   ||  Biomass2 || limited ||     0.9988655759709 ||0.0911615702851
   6   ||   vm_mean || limited ||     0.7310257523143 ||0.003276116988929
   7   ||  vm_sigma || limited ||      45.65631573122 ||1.802094142151
   8   ||Recruit year 1 || limited ||      7.872063491724 ||0.4768913455466
   9   ||Recruit year 2 || limited ||      6.598136408592 ||0.4928471827127
  10   ||Recruit year 3 || limited ||      1.507325453268 ||0.1057204628883
  11   ||Recruit year 4 || limited ||      6.772297637702 ||0.4738017808742





