# Minimum negative log likelihood

Minuit did successfully converge.
# of function calls: 977
minimum function Value: 302.8814856662
minimum edm: 7.660805293855e-05
minimum internal state vector: LAVector parameters:
    -0.8109937030605
     -1.100870955981
     -1.287002217587
     -1.366681889945
     -1.541964712387
      -1.53442439039
    -0.8052356395009
    -0.9796445801808
     -1.231538305004
    -0.9514509631456
     -1.166116420643
     -1.430212069189

minimum internal covariance matrix: LASymMatrix parameters:
    0.008440507 -0.00063164027              0 -4.6292929e-05  3.2856262e-05  4.5912043e-05  5.1810995e-06 -8.1234679e-05  0.00049144774  0.00076644692   0.0005904377  0.00016224666
 -0.00063164027  4.8591943e-05              0  3.8704364e-06   -2.64394e-06 -3.5211682e-06   6.024662e-07  3.3002315e-06 -3.7054745e-05 -5.7553606e-05 -4.4187276e-05 -1.2072759e-05
              0              0              2              0              0              0              0              0              0              0              0              0
 -4.6292929e-05  3.8704364e-06              0  5.3657719e-05 -6.6025493e-07 -3.5736162e-07  7.0485525e-07  6.4664367e-07 -3.4849781e-06 -4.7655798e-06 -3.0254697e-06  -1.165175e-06
  3.2856262e-05   -2.64394e-06              0 -6.6025493e-07  9.6172669e-07  4.2124057e-07 -2.3048569e-07   3.069131e-07   2.810051e-06  3.0493096e-06  2.1546925e-06  7.4641818e-07
  4.5912043e-05 -3.5211682e-06              0 -3.5736162e-07  4.2124057e-07   5.639997e-07 -5.8555712e-09  -3.462595e-07  2.1207168e-06   4.196537e-06  3.1758145e-06  8.9689283e-07
  5.1810995e-06   6.024662e-07              0  7.0485525e-07 -2.3048569e-07 -5.8555712e-09  1.4236242e-06 -2.7813933e-06 -3.3056966e-07  3.0105459e-07  3.8754836e-07  8.6417611e-08
 -8.1234679e-05  3.3002315e-06              0  6.4664367e-07   3.069131e-07  -3.462595e-07 -2.7813933e-06  1.6692828e-05 -4.3437634e-06 -7.4781018e-06 -5.6599541e-06 -1.1029814e-06
  0.00049144774 -3.7054745e-05              0 -3.4849781e-06   2.810051e-06  2.1207168e-06 -3.3056966e-07 -4.3437634e-06  3.3054006e-05  4.4719435e-05  3.4216076e-05  9.5530923e-06
  0.00076644692 -5.7553606e-05              0 -4.7655798e-06  3.0493096e-06   4.196537e-06  3.0105459e-07 -7.4781018e-06  4.4719435e-05  7.0310788e-05  5.3667385e-05  1.4724746e-05
   0.0005904377 -4.4187276e-05              0 -3.0254697e-06  2.1546925e-06  3.1758145e-06  3.8754836e-07 -5.6599541e-06  3.4216076e-05  5.3667385e-05  4.1970368e-05  1.1207662e-05
  0.00016224666 -1.2072759e-05              0  -1.165175e-06  7.4641818e-07  8.9689283e-07  8.6417611e-08 -1.1029814e-06  9.5530923e-06  1.4724746e-05  1.1207662e-05  3.7810986e-06


# ext. ||   Name    ||   type  ||     Value     ||  Error +/- 

   0   ||Natural mortality || limited ||    0.02687570066592 ||0.001117849301345
   1   ||Targeted q || limited ||      5.419895787626 ||0.1115991113349
   2   ||Nontargeted q || limited ||                   2 ||22.06548931833
   3   ||     sigma || limited ||      1.037956391464 ||0.05249561728923
   4   ||  Biomass1 || limited ||     0.2078011019752 ||0.009995156473486
   5   ||  Biomass2 || limited ||     0.3306929804161 ||0.009655284742061
   6   ||   vm_mean || limited ||     -2.265069288342 ||0.001836660920272
   7   ||  vm_sigma || limited ||      6.788941502163 ||0.06440309701328
   8   ||Recruit year 1 || limited ||      2.859622701592 ||0.06763779301344
   9   ||Recruit year 2 || limited ||      9.296138844284 ||0.1720774306397
  10   ||Recruit year 3 || limited ||      4.048172489413 ||0.09017246240594
  11   ||Recruit year 4 || limited ||     0.5032357673584 ||0.0096322029706





