# Minimum negative log likelihood

Minuit did successfully converge.
# of function calls: 1599
minimum function Value: 289.4632130125
minimum edm: 2.8511949177e-05
minimum internal state vector: LAVector parameters:
    -0.2206927432673
     -1.335031542643
     -1.287002217587
     -1.373175637143
      -1.49351079613
     -1.494974226734
     0.4167774949577
    -0.3321361107394
     -1.034103127618
     -1.034571326458
      -1.36396564259
     -1.325919307889

minimum internal covariance matrix: LASymMatrix parameters:
   0.0064014864  -0.0010568521              0 -3.9167012e-06  0.00033830746  0.00033203326  3.8101885e-05 -0.00042690344   0.0024812317   0.0026115646   0.0010214668   0.0011265841
  -0.0010568521  0.00017678028              0  8.1293685e-07 -5.6493216e-05 -5.5449869e-05 -5.6626876e-06  5.5269081e-05 -0.00041320746 -0.00043455622 -0.00016914946 -0.00018786699
              0              0              2              0              0              0              0              0              0              0              0              0
 -3.9167012e-06  8.1293685e-07              0  5.1594756e-05 -4.1775117e-08  -7.530513e-08 -2.2471924e-07 -3.9134288e-06 -1.9363592e-06 -1.5177383e-06 -5.1509582e-07 -9.7110509e-07
  0.00033830746 -5.6493216e-05              0 -4.1775117e-08  1.8855454e-05  1.8424616e-05  1.8387399e-06 -2.1099208e-05  0.00013218313  0.00013902539  5.4087914e-05  6.0050455e-05
  0.00033203326 -5.5449869e-05              0  -7.530513e-08  1.8424616e-05  1.8014905e-05  1.8086296e-06 -2.0222312e-05  0.00012972612  0.00013644753  5.3090252e-05  5.8949576e-05
  3.8101885e-05 -5.6626876e-06              0 -2.2471924e-07  1.8387399e-06  1.8086296e-06    1.36296e-06 -1.6319627e-05  1.3761715e-05  1.4569748e-05  5.8283707e-06  6.4685892e-06
 -0.00042690344  5.5269081e-05              0 -3.9134288e-06 -2.1099208e-05 -2.0222312e-05 -1.6319627e-05  0.00067713841 -0.00014261008 -0.00015169301 -6.2441578e-05 -6.6116484e-05
   0.0024812317 -0.00041320746              0 -1.9363592e-06  0.00013218313  0.00012972612  1.3761715e-05 -0.00014261008  0.00096810933   0.0010174894  0.00039668396  0.00043954912
   0.0026115646 -0.00043455622              0 -1.5177383e-06  0.00013902539  0.00013644753  1.4569748e-05 -0.00015169301   0.0010174894   0.0010713197  0.00041736517  0.00046237574
   0.0010214668 -0.00016914946              0 -5.1509582e-07  5.4087914e-05  5.3090252e-05  5.8283707e-06 -6.2441578e-05  0.00039668396  0.00041736517  0.00016424164   0.0001800336
   0.0011265841 -0.00018786699              0 -9.7110509e-07  6.0050455e-05  5.8949576e-05  6.4685892e-06 -6.6116484e-05  0.00043954912  0.00046237574   0.0001800336  0.00020153621


# ext. ||   Name    ||   type  ||     Value     ||  Error +/- 

   0   ||Natural mortality || limited ||    0.03952735957373 ||0.001379337423773
   1   ||Targeted q || limited ||      1.383200884224 ||0.109802845963
   2   ||Nontargeted q || limited ||                   2 ||22.06548931833
   3   ||     sigma || limited ||     0.9731750372512 ||0.04986063701242
   4   ||  Biomass1 || limited ||      1.492520182063 ||0.1185328099277
   5   ||  Biomass2 || limited ||      1.436559286024 ||0.1136710687179
   6   ||   vm_mean || limited ||      1.271766680234 ||0.002371437831696
   7   ||  vm_sigma || limited ||      26.95813748081 ||0.6957376260235
   8   ||Recruit year 1 || limited ||      7.039090315808 ||0.562356748456
   9   ||Recruit year 2 || limited ||      7.027126791381 ||0.5911035360257
  10   ||Recruit year 3 || limited ||      1.075559586932 ||0.09303821521112
  11   ||Recruit year 4 || limited ||      1.501493461812 ||0.1216689464881





