# Minimum negative log likelihood

Minuit did successfully converge.
# of function calls: 275
minimum function Value: 136.502041951
minimum edm: 3.594241622478e-06
minimum internal state vector: LAVector parameters:
     -1.176965784222
     -1.287002217587
     -1.160128506091
     -1.481558611922
     -1.488411037185
    0.04760453768939
    -0.8100152144424
      -1.02842164782
    -0.9646192182532
     -1.385598766626
     -1.324576876744

minimum internal covariance matrix: LASymMatrix parameters:
  2.1426774e-05              0  6.6426532e-06 -4.3369653e-06 -4.0675902e-06  2.8981434e-06  -6.115775e-05 -7.6456623e-06 -7.7765892e-06  8.2509774e-07 -4.2344887e-06
              0              2              0              0              0              0              0              0              0              0              0
  6.6426532e-06              0  0.00087391029 -7.3751609e-06 -5.8400618e-06  1.9678548e-06 -4.9361472e-05 -5.2126466e-06 -4.2903076e-06  3.1110171e-07 -1.9170226e-06
 -4.3369653e-06              0 -7.3751609e-06  2.6659873e-05  1.4340732e-05 -7.1499197e-07  4.3264552e-06  3.4602606e-06  1.5397095e-06 -6.9996862e-09  7.5475884e-07
 -4.0675902e-06              0 -5.8400618e-06  1.4340732e-05  8.6952729e-06 -5.7929168e-07  1.1037083e-05  2.1355773e-06  1.6263685e-06 -2.0102839e-07  8.9507975e-07
  2.8981434e-06              0  1.9678548e-06 -7.1499197e-07 -5.7929168e-07  7.9071972e-07 -1.1594238e-05 -1.0173056e-06 -1.1276611e-06 -1.0019817e-07 -5.4770858e-07
  -6.115775e-05              0 -4.9361472e-05  4.3264552e-06  1.1037083e-05 -1.1594238e-05  0.00048597061  2.1275558e-05  1.9779067e-05 -4.0228981e-06  1.0354414e-05
 -7.6456623e-06              0 -5.2126466e-06  3.4602606e-06  2.1355773e-06 -1.0173056e-06  2.1275558e-05  1.4116851e-05  2.0971874e-06 -4.1132769e-07  1.1399681e-06
 -7.7765892e-06              0 -4.2903076e-06  1.5397095e-06  1.6263685e-06 -1.1276611e-06  1.9779067e-05  2.0971874e-06  1.3986103e-05 -5.0880655e-07  9.5849563e-07
  8.2509774e-07              0  3.1110171e-07 -6.9996862e-09 -2.0102839e-07 -1.0019817e-07 -4.0228981e-06 -4.1132769e-07 -5.0880655e-07  1.2815744e-05  -1.615857e-07
 -4.2344887e-06              0 -1.9170226e-06  7.5475884e-07  8.9507975e-07 -5.4770858e-07  1.0354414e-05  1.1399681e-06  9.5849563e-07  -1.615857e-07  1.2713207e-05


# ext. ||   Name    ||   type  ||     Value     ||  Error +/- 

   0   ||Targeted q || limited ||      3.827702505205 ||0.06279957435453
   1   ||Nontargeted q || limited ||                   2 ||22.06548931833
   2   ||     sigma || limited ||      4.157279061817 ||0.4172256086374
   3   ||  Biomass1 || limited ||      1.989521638377 ||0.1626877914259
   4   ||  Biomass2 || limited ||      1.695874454614 ||0.08579353790661
   5   ||   vm_mean || limited ||     0.4758655955612 ||0.006280641063898
   6   ||  vm_sigma || limited ||      11.02895556401 ||0.4298860176709
   7   ||Recruit year 1 || limited ||      7.185014615284 ||0.06856048042579
   8   ||Recruit year 2 || limited ||      8.917507496875 ||0.07532313928919
   9   ||Recruit year 3 || limited ||     0.8649199524463 ||0.02330412786597
  10   ||Recruit year 4 || limited ||      1.517808284196 ||0.03072302761908





