# Minimum negative log likelihood

Minuit did successfully converge.
# of function calls: 775
minimum function Value: 519.5859504688
minimum edm: 9.968748374215e-06
minimum internal state vector: LAVector parameters:
     0.2706782391723
     -1.078250358021
     -1.287002217587
     -1.226040503191
     -1.516487472528
     -1.520492063346
    -0.1466753201067
    -0.7476449550925
     -1.023475646647
    -0.9373785758767
    -0.9827256129664
     -1.448165064001

minimum internal covariance matrix: LASymMatrix parameters:
    0.085808114   -0.006670075              0  8.4309919e-05  0.00070029751  0.00067596043  0.00010495909 -0.00033626725   0.0079304449   0.0098704177   0.0084954048   0.0020509672
   -0.006670075  0.00052316293              0 -6.5933844e-06 -5.4805283e-05 -5.2910525e-05 -6.2416561e-06  1.3046231e-05 -0.00061808222 -0.00076925367 -0.00066196916 -0.00015966941
              0              0              2              0              0              0              0              0              0              0              0              0
  8.4309919e-05 -6.5933844e-06              0  0.00014222624  2.1744839e-06  1.8794082e-06 -3.2705263e-07 -5.4747679e-06  7.9055461e-06  9.7214974e-06  8.2887732e-06  2.2248343e-06
  0.00070029751 -5.4805283e-05              0  2.1744839e-06  8.7570195e-06   7.895303e-06  6.8904434e-07 -1.8679261e-06  6.5068971e-05  8.0709277e-05  6.9458513e-05  1.6735482e-05
  0.00067596043 -5.2910525e-05              0  1.8794082e-06   7.895303e-06  7.2296208e-06  6.8179848e-07 -1.5641109e-06  6.2750009e-05  7.7925704e-05   6.706547e-05  1.6183648e-05
  0.00010495909 -6.2416561e-06              0 -3.2705263e-07  6.8904434e-07  6.8179848e-07  2.2884544e-06 -1.0773113e-05  9.0132082e-06  1.1253602e-05  9.8078875e-06  2.3823466e-06
 -0.00033626725  1.3046231e-05              0 -5.4747679e-06 -1.8679261e-06 -1.5641109e-06 -1.0773113e-05   0.0001441443 -2.6347144e-05 -3.2630333e-05  -2.884813e-05 -6.9243537e-06
   0.0079304449 -0.00061808222              0  7.9055461e-06  6.5068971e-05  6.2750009e-05  9.0132082e-06 -2.6347144e-05  0.00073815928  0.00091319202  0.00078601314  0.00018982945
   0.0098704177 -0.00076925367              0  9.7214974e-06  8.0709277e-05  7.7925704e-05  1.1253602e-05 -3.2630333e-05  0.00091319202   0.0011414063  0.00097816815  0.00023645666
   0.0084954048 -0.00066196916              0  8.2887732e-06  6.9458513e-05   6.706547e-05  9.8078875e-06  -2.884813e-05  0.00078601314  0.00097816815  0.00084671693  0.00020342875
   0.0020509672 -0.00015966941              0  2.2248343e-06  1.6735482e-05  1.6183648e-05  2.3823466e-06 -6.9243537e-06  0.00018982945  0.00023645666  0.00020342875  5.4270486e-05


# ext. ||   Name    ||   type  ||     Value     ||  Error +/- 

   0   ||Natural mortality || limited ||    0.05168462606161 ||0.004954175838454
   1   ||Targeted q || limited ||      5.943409926553 ||0.3823816179342
   2   ||Nontargeted q || limited ||                   2 ||22.06548931833
   3   ||     sigma || limited ||      2.942099790151 ||0.1424996695501
   4   ||  Biomass1 || limited ||     0.7371816960713 ||0.05679236815917
   5   ||  Biomass2 || limited ||     0.6324963347363 ||0.04780068465324
   6   ||   vm_mean || limited ||     -0.459143657314 ||0.003324431941944
   7   ||  vm_sigma || limited ||      12.80429150855 ||0.2490061718119
   8   ||Recruit year 1 || limited ||      7.313174278422 ||0.4998022031386
   9   ||Recruit year 2 || limited ||      9.708567900909 ||0.7068721919922
  10   ||Recruit year 3 || limited ||      8.408534481471 ||0.5706275532044
  11   ||Recruit year 4 || limited ||     0.3854521977645 ||0.03185690672282





