# Minimum negative log likelihood

Minuit did successfully converge.
# of function calls: 594
minimum function Value: 745.4484713515
minimum edm: 5.515222525103e-05
minimum internal state vector: LAVector parameters:
     -1.001951841457
     -1.073232571606
     -1.287002217587
    -0.9714613441679
     -1.525020651321
     -1.551679548797
    -0.7778795180244
    -0.3499002680262
     -1.048532211025
    -0.9666963248023
     -1.279900952801
     -1.158419964937

minimum internal covariance matrix: LASymMatrix parameters:
    0.012247065  -0.0035021401              0  1.8407484e-05    0.000387436  0.00013866305  5.2876766e-05 -0.00013666875   0.0042958252   0.0043336848   0.0024554102   0.0025496084
  -0.0035021401   0.0010229426              0 -3.8724349e-06   -0.000114258 -3.9836595e-05 -5.1638285e-06 -5.7202586e-05  -0.0012285147  -0.0012390319 -0.00070174919 -0.00073166204
              0              0              2              0              0              0              0              0              0              0              0              0
  1.8407484e-05 -3.8724349e-06              0  0.00047575464 -7.0369441e-06 -2.5076472e-08 -4.9541225e-07  1.2554604e-05  8.6570281e-06  5.3694073e-06   5.254852e-06 -5.6781387e-07
    0.000387436   -0.000114258              0 -7.0369441e-06  0.00047217731  7.5545007e-06  1.6304325e-06 -4.2033867e-05  0.00011742324  0.00016689598  7.5921633e-05  6.7347982e-05
  0.00013866305 -3.9836595e-05              0 -2.5076472e-08  7.5545007e-06  1.2008746e-05  9.4805806e-07 -0.00012098701  5.8007417e-05  4.8899407e-05  2.7652413e-05  3.0342914e-05
  5.2876766e-05 -5.1638285e-06              0 -4.9541225e-07  1.6304325e-06  9.4805806e-07  2.2433144e-05 -0.00019686914  1.8601857e-05  1.7714458e-05  1.0931426e-05  1.0655845e-05
 -0.00013666875 -5.7202586e-05              0  1.2554604e-05 -4.2033867e-05 -0.00012098701 -0.00019686914   0.0049416802 -0.00016726941 -3.9559962e-05   -2.97078e-05 -3.4030833e-05
   0.0042958252  -0.0012285147              0  8.6570281e-06  0.00011742324  5.8007417e-05  1.8601857e-05 -0.00016726941   0.0015478844   0.0015171399  0.00086371874  0.00089083358
   0.0043336848  -0.0012390319              0  5.3694073e-06  0.00016689598  4.8899407e-05  1.7714458e-05 -3.9559962e-05   0.0015171399   0.0015677589  0.00086810664  0.00089945485
   0.0024554102 -0.00070174919              0   5.254852e-06  7.5921633e-05  2.7652413e-05  1.0931426e-05   -2.97078e-05  0.00086371874  0.00086810664  0.00052224986  0.00050719316
   0.0025496084 -0.00073166204              0 -5.6781387e-07  6.7347982e-05  3.0342914e-05  1.0655845e-05 -3.4030833e-05  0.00089083358  0.00089945485  0.00050719316  0.00057496424


# ext. ||   Name    ||   type  ||     Value     ||  Error +/- 

   0   ||Natural mortality || limited ||    0.02362140514362 ||0.006316300111824
   1   ||Targeted q || limited ||      6.062602281807 ||0.5396627250516
   2   ||Nontargeted q || limited ||                   2 ||22.06548931833
   3   ||     sigma || limited ||      8.714453528261 ||0.4349911196774
   4   ||  Biomass1 || limited ||     0.5237616486356 ||0.3515390321382
   5   ||  Biomass2 || limited ||    0.09136001790427 ||0.02342025683358
   6   ||   vm_mean || limited ||      -2.20467660704 ||0.007495576095774
   7   ||  vm_sigma || limited ||      26.28850659184 ||1.867032038587
   8   ||Recruit year 1 || limited ||      6.674735351424 ||0.6937281473446
   9   ||Recruit year 2 || limited ||       8.85843260891 ||0.7949857044928
  10   ||Recruit year 3 || limited ||      2.110417074705 ||0.2317001301237
  11   ||Recruit year 4 || limited ||      4.201031146391 ||0.3397234072028





