# Minimum negative log likelihood

Minuit did successfully converge.
# of function calls: 897
minimum function Value: 723.6853120896
minimum edm: 6.931325704467e-05
minimum internal state vector: LAVector parameters:
   -0.06877311210393
     -1.112457256282
     -1.287002217587
     -1.002866855487
     -1.428029393902
     -1.435063678651
     0.3362865898541
     -1.235328488707
    -0.9506865539878
     -1.058406984704
     -1.010587361066
    0.09675500055506
    0.07768528307819
      0.115256071284
    0.03302454460269

minimum internal covariance matrix: LASymMatrix parameters:
    0.024057824  -0.0017595512              0  1.5131589e-05  0.00056721962  0.00052455641   -0.011605445    0.002147836   0.0041210239    0.003220516   0.0034453104  0.00011615939  0.00013024426  0.00012150876  0.00010362671
  -0.0017595512  0.00015656929              0 -1.7495765e-06 -5.1514465e-05  -4.726361e-05  0.00060681135 -0.00016460092 -0.00030986463 -0.00024497198 -0.00027046899 -6.2006803e-06 -6.9520673e-06 -6.5227005e-06 -6.3653333e-06
              0              0              2              0              0              0              0              0              0              0              0              0              0              0              0
  1.5131589e-05 -1.7495765e-06              0  0.00044143853  5.7919302e-06  4.3550093e-06    -6.6013e-05  8.4974172e-06 -1.1473898e-05 -7.7232765e-07  5.3580431e-06  2.1982328e-07  5.0341986e-07  1.7179166e-08  4.2577532e-07
  0.00056721962 -5.1514465e-05              0  5.7919302e-06  3.8285825e-05    3.31828e-05 -0.00024494631  5.5327616e-05  9.8709445e-05  7.8361086e-05  8.9892161e-05  1.1057459e-06  2.4590076e-06  2.4804707e-06  2.2689574e-06
  0.00052455641  -4.726361e-05              0  4.3550093e-06    3.31828e-05   2.901349e-05 -0.00022237231  5.0729307e-05  9.1247452e-05   7.238462e-05  8.2734996e-05  1.1841187e-06  2.2751192e-06  2.2692536e-06  2.0811248e-06
   -0.011605445  0.00060681135              0    -6.6013e-05 -0.00024494631 -0.00022237231    0.027674656 -0.00093760009  -0.0018720333   -0.001401913  -0.0016631649 -0.00016405367 -0.00017286326 -0.00015962878 -0.00012998776
    0.002147836 -0.00016460092              0  8.4974172e-06  5.5327616e-05  5.0729307e-05 -0.00093760009  0.00024387876  0.00037060976  0.00028126368  0.00031276509  7.5346849e-06  1.0538093e-05  1.0696726e-05  8.9834407e-06
   0.0041210239 -0.00030986463              0 -1.1473898e-05  9.8709445e-05  9.1247452e-05  -0.0018720333  0.00037060976  0.00074821372  0.00055330239  0.00059113639  1.9045394e-05  2.1078963e-05  2.0052855e-05  1.7173463e-05
    0.003220516 -0.00024497198              0 -7.7232765e-07  7.8361086e-05   7.238462e-05   -0.001401913  0.00028126368  0.00055330239  0.00047355113  0.00046672787   1.465632e-05  1.6118916e-05  1.4108342e-05  1.3586044e-05
   0.0034453104 -0.00027046899              0  5.3580431e-06  8.9892161e-05  8.2734996e-05  -0.0016631649  0.00031276509  0.00059113639  0.00046672787  0.00057430486  1.6287641e-05  1.8108125e-05  1.6099413e-05  1.5544097e-05
  0.00011615939 -6.2006803e-06              0  2.1982328e-07  1.1057459e-06  1.1841187e-06 -0.00016405367  7.5346849e-06  1.9045394e-05   1.465632e-05  1.6287641e-05  6.9372538e-06  1.1857144e-06  1.0735051e-06  8.8266254e-07
  0.00013024426 -6.9520673e-06              0  5.0341986e-07  2.4590076e-06  2.2751192e-06 -0.00017286326  1.0538093e-05  2.1078963e-05  1.6118916e-05  1.8108125e-05  1.1857144e-06  2.6411528e-06  1.2254027e-06  1.0055904e-06
  0.00012150876 -6.5227005e-06              0  1.7179166e-08  2.4804707e-06  2.2692536e-06 -0.00015962878  1.0696726e-05  2.0052855e-05  1.4108342e-05  1.6099413e-05  1.0735051e-06  1.2254027e-06  4.2614707e-06  9.5768249e-07
  0.00010362671 -6.3653333e-06              0  4.2577532e-07  2.2689574e-06  2.0811248e-06 -0.00012998776  8.9834407e-06  1.7173463e-05  1.3586044e-05  1.5544097e-05  8.8266254e-07  1.0055904e-06  9.5768249e-07  1.9007765e-06


# ext. ||   Name    ||   type  ||     Value     ||  Error +/- 

   0   ||Natural mortality || limited ||    0.04328202720611 ||0.002729947472947
   1   ||Targeted q || limited ||      5.160568613779 ||0.1957383308888
   2   ||Nontargeted q || limited ||                   2 ||22.06548931833
   3   ||     sigma || limited ||      7.849175332381 ||0.3995450676528
   4   ||  Biomass1 || limited ||      5.086950116119 ||0.3112604394525
   5   ||  Biomass2 || limited ||      4.598771036401 ||0.2576937676844
   6   ||  vm_sigma || limited ||      53.19969365414 ||4.431435550668
   7   ||Recruit year 1 || limited ||      2.796901504691 ||0.1817456507198
   8   ||Recruit year 2 || limited ||      9.318335578429 ||0.5619096801898
   9   ||Recruit year 3 || limited ||      6.430578123811 ||0.3771423845927
  10   ||Recruit year 4 || limited ||      7.652031080235 ||0.4501461459872
  11   ||Mean Rec dist 1 || limited ||     0.9660410872577 ||0.01853713160484
  12   ||Mean Rec dist 2 || limited ||     0.7760716816435 ||0.01145697228866
  13   ||Mean Rec dist 3 || limited ||      1.150010645067 ||0.01450018749078
  14   ||Mean Rec dist 4 || limited ||     0.3301854205554 ||0.009743468742061





