# Minimum negative log likelihood

Minuit did successfully converge.
# of function calls: 919
minimum function Value: 715.6660361972
minimum edm: 1.079976601038e-05
minimum internal state vector: LAVector parameters:
     -1.083097020155
     -1.073919951631
     -1.287002217587
     -1.014025996348
     -1.486060954293
     -1.489724258557
    -0.6376370491836
      0.505982896409
    -0.9293766082968
     -1.033884439655
     -1.193890228704
     -1.463897893561

minimum internal covariance matrix: LASymMatrix parameters:
    0.017962778  -0.0045403032              0  0.00018080747  0.00078376672   0.0007605648  0.00016547333  -0.0023119756    0.006391625   0.0055694467   0.0035831159     0.00102397
  -0.0045403032   0.0011609747              0 -4.7897379e-05 -0.00020072129 -0.00019508889 -3.7105421e-05  0.00028163785  -0.0016144918  -0.0014087881 -0.00090449638 -0.00025790797
              0              0              2              0              0              0              0              0              0              0              0              0
  0.00018080747 -4.7897379e-05              0  0.00038760947  1.3398898e-05  1.1676514e-05  1.8582294e-06  0.00013503019  6.7550354e-05   5.659047e-05  3.8869709e-05  1.4345516e-05
  0.00078376672 -0.00020072129              0  1.3398898e-05  7.6298488e-05  6.4580239e-05  6.1538642e-06 -0.00030619787  0.00029701253  0.00024326683  0.00015556765   4.497063e-05
   0.0007605648 -0.00019508889              0  1.1676514e-05  6.4580239e-05  5.6575614e-05  6.1365497e-06 -0.00017364006   0.0002816425  0.00023630448  0.00015108787  4.3925205e-05
  0.00016547333 -3.7105421e-05              0  1.8582294e-06  6.1538642e-06  6.1365497e-06  1.0929181e-05 -0.00041455887  5.8761186e-05   5.038279e-05   3.341299e-05  1.0188915e-05
  -0.0023119756  0.00028163785              0  0.00013503019 -0.00030619787 -0.00017364006 -0.00041455887      0.0593696  -0.0011466596  -0.0006459711 -0.00048293137 -0.00018218439
    0.006391625  -0.0016144918              0  6.7550354e-05  0.00029701253   0.0002816425  5.8761186e-05  -0.0011466596   0.0023107394   0.0019796135   0.0012748982  0.00036557224
   0.0055694467  -0.0014087881              0   5.659047e-05  0.00024326683  0.00023630448   5.038279e-05  -0.0006459711   0.0019796135   0.0017511527   0.0011118418  0.00031740046
   0.0035831159 -0.00090449638              0  3.8869709e-05  0.00015556765  0.00015108787   3.341299e-05 -0.00048293137   0.0012748982   0.0011118418  0.00073777334  0.00020385306
     0.00102397 -0.00025790797              0  1.4345516e-05   4.497063e-05  4.3925205e-05  1.0188915e-05 -0.00018218439  0.00036557224  0.00031740046  0.00020385306  8.2924021e-05


# ext. ||   Name    ||   type  ||     Value     ||  Error +/- 

   0   ||Natural mortality || limited ||    0.01748800674984 ||0.006651353999123
   1   ||Targeted q || limited ||      6.046208816135 ||0.5741866426219
   2   ||Nontargeted q || limited ||                   2 ||22.06548931833
   3   ||     sigma || limited ||      7.551687741706 ||0.3678236661301
   4   ||  Biomass1 || limited ||       1.79394706199 ||0.2613696260256
   5   ||  Biomass2 || limited ||      1.642270256639 ||0.2153589864836
   6   ||   vm_mean || limited ||     -1.870185278273 ||0.005900878823542
   7   ||  vm_sigma || limited ||      59.38695415965 ||5.998314479341
   8   ||Recruit year 1 || limited ||      9.946651215412 ||1.016592287976
   9   ||Recruit year 2 || limited ||      7.044681508134 ||0.7565592969867
  10   ||Recruit year 3 || limited ||      3.519260008782 ||0.3533847999902
  11   ||Recruit year 4 || limited ||     0.2953813911945 ||0.03434730289658





