# Minimum negative log likelihood

Minuit did successfully converge.
# of function calls: 761
minimum function Value: 633.192431314
minimum edm: 9.371612574959e-06
minimum internal state vector: LAVector parameters:
     -1.594738441487
     -1.200930067549
     -1.287002217587
     -1.116130593694
     -1.408604801669
     -1.410560968699
     0.5987513248863
    -0.6539851795028
     -1.231500331378
     -1.013986918381
     -1.446767134391
     -1.211308523519

minimum internal covariance matrix: LASymMatrix parameters:
    0.013667601  0.00029375819              0   6.085455e-05 -0.00044466325 -0.00040231817  0.00018843787 -0.00056722758 -8.2330226e-05 -0.00013735239  0.00022155539 -0.00014814778
  0.00029375819  2.3362223e-05              0 -4.4664531e-06 -1.0440967e-05   -9.90589e-06  1.5588429e-05 -0.00011865758 -4.3740126e-06 -9.3148392e-06  1.9626679e-05  -1.025608e-05
              0              0              2              0              0              0              0              0              0              0              0              0
   6.085455e-05 -4.4664531e-06              0  0.00027392717  6.3541913e-07  7.8972338e-07 -6.6134561e-06 -3.5950403e-07  9.6800813e-07  6.9263477e-07 -6.6607606e-06 -1.6393847e-06
 -0.00044466325 -1.0440967e-05              0  6.3541913e-07  1.6161209e-05  1.4622449e-05 -5.9583981e-06  4.3067617e-05  3.8295122e-06  6.2578581e-06 -5.8007882e-06  6.2899296e-06
 -0.00040231817   -9.90589e-06              0  7.8972338e-07  1.4622449e-05  1.3286135e-05 -5.6911223e-06  4.1618124e-05  3.3722133e-06  5.8054431e-06 -5.7124259e-06   5.835956e-06
  0.00018843787  1.5588429e-05              0 -6.6134561e-06 -5.9583981e-06 -5.6911223e-06  3.1584536e-05 -0.00014588436 -3.1911213e-06 -5.7021962e-06  1.2425676e-05 -4.2918242e-07
 -0.00056722758 -0.00011865758              0 -3.5950403e-07  4.3067617e-05  4.1618124e-05 -0.00014588436   0.0033950166  2.0661906e-05  3.5971003e-05 -8.5115727e-05  1.6646888e-05
 -8.2330226e-05 -4.3740126e-06              0  9.6800813e-07  3.8295122e-06  3.3722133e-06 -3.1911213e-06  2.0661906e-05  1.2518222e-05  1.2539545e-06 -3.8093986e-06  1.7903726e-06
 -0.00013735239 -9.3148392e-06              0  6.9263477e-07  6.2578581e-06  5.8054431e-06 -5.7021962e-06  3.5971003e-05  1.2539545e-06  1.4409384e-05 -1.0831884e-05  5.0465867e-06
  0.00022155539  1.9626679e-05              0 -6.6607606e-06 -5.8007882e-06 -5.7124259e-06  1.2425676e-05 -8.5115727e-05 -3.8093986e-06 -1.0831884e-05  4.4545548e-05 -8.5845883e-06
 -0.00014814778  -1.025608e-05              0 -1.6393847e-06  6.2899296e-06   5.835956e-06 -4.2918242e-07  1.6646888e-05  1.7903726e-06  5.0465867e-06 -8.5845883e-06  3.0968375e-05


# ext. ||   Name    ||   type  ||     Value     ||  Error +/- 

   0   ||Natural mortality || limited ||    0.02000716496843 ||8.534940195998e-05
   1   ||Targeted q || limited ||      3.381215000588 ||0.06177438336596
   2   ||Nontargeted q || limited ||                   2 ||22.06548931833
   3   ||     sigma || limited ||       5.07960621514 ||0.2569729653015
   4   ||  Biomass1 || limited ||      6.562118457853 ||0.2295164030399
   5   ||  Biomass2 || limited ||       6.40512039838 ||0.2056137620403
   6   ||   vm_mean || limited ||      1.770637614134 ||0.01031269266347
   7   ||  vm_sigma || limited ||      15.66663903705 ||1.307601029744
   8   ||Recruit year 1 || limited ||      2.860254529782 ||0.04162901916789
   9   ||Recruit year 2 || limited ||      7.561965033963 ||0.07091898792158
  10   ||Recruit year 3 || limited ||     0.3940498495948 ||0.02918918594193
  11   ||Recruit year 4 || limited ||      3.205823654969 ||0.06920844719163





