# Minimum negative log likelihood

Minuit did successfully converge.
# of function calls: 1641
minimum function Value: 687.0873550249
minimum edm: 2.690101528707e-05
minimum internal state vector: LAVector parameters:
      3.373266859517
    -0.9492097069359
     -1.287002217587
     -1.051925733364
     -1.416187433666
     -1.428403619953
    -0.6053719419256
     -1.301450478545
     -1.111980475019
    -0.9508696504769
     -1.203431889514
    0.07778526435219
    0.05368776205115
    0.03758029534603
    0.02836051881001

minimum internal covariance matrix: LASymMatrix parameters:
    0.018902077   0.0013567983              0  0.00030012571  -0.0003412084 -0.00029628243   0.0014927473 -0.00092417163   -0.001501949  -0.0020419934  -0.0011083521 -0.00011191953 -9.4148073e-05 -8.5067211e-05 -7.9874232e-05
   0.0013567983  0.00012793104              0    3.09817e-05 -3.2339717e-05 -2.8071191e-05  5.4667636e-05 -6.4743423e-05 -0.00011709422 -0.00014499615 -8.4657192e-05 -5.1870115e-06  -2.266347e-06  -4.139565e-06 -4.3389051e-06
              0              0              2              0              0              0              0              0              0              0              0              0              0              0              0
  0.00030012571    3.09817e-05              0  0.00053125122 -6.8907822e-06 -6.3848141e-06 -8.0556827e-05  2.6215941e-06 -2.9682124e-05 -3.4027996e-05 -2.4086697e-05 -1.0337913e-05  1.9542986e-06 -9.4605188e-07  5.4918874e-07
  -0.0003412084 -3.2339717e-05              0 -6.8907822e-06    1.86611e-05  1.5277316e-05 -6.2408317e-06  1.6151454e-05  2.8813364e-05  3.6522278e-05  2.1492618e-05  1.4969375e-06  6.0246362e-07  9.8001746e-07  8.9103623e-07
 -0.00029628243 -2.8071191e-05              0 -6.3848141e-06  1.5277316e-05  1.2753483e-05 -4.5120303e-06  1.3670169e-05  2.5300579e-05  3.1581085e-05  1.8710279e-05  1.4476964e-06  4.6270457e-07  8.8931086e-07  7.6123206e-07
   0.0014927473  5.4667636e-05              0 -8.0556827e-05 -6.2408317e-06 -4.5120303e-06   0.0010039434 -7.9142049e-05 -0.00012362261 -0.00014782379 -8.1339751e-05 -1.2073531e-05 -2.2169865e-05  -2.226052e-05 -2.2635949e-05
 -0.00092417163 -6.4743423e-05              0  2.6215941e-06  1.6151454e-05  1.3670169e-05 -7.9142049e-05  6.8209073e-05  6.9481766e-05  0.00010069569  5.2121048e-05  3.2229353e-06  5.4335389e-06  3.6944029e-06  4.0560622e-06
   -0.001501949 -0.00011709422              0 -2.9682124e-05  2.8813364e-05  2.5300579e-05 -0.00012362261  6.9481766e-05  0.00014720643  0.00015800256  9.0320936e-05  8.0707728e-06  4.8643541e-06  7.0663079e-06  6.4627126e-06
  -0.0020419934 -0.00014499615              0 -3.4027996e-05  3.6522278e-05  3.1581085e-05 -0.00014782379  0.00010069569  0.00015800256     0.00024365  0.00012018543  1.2879667e-05  1.1389726e-05  8.7614591e-06    8.35584e-06
  -0.0011083521 -8.4657192e-05              0 -2.4086697e-05  2.1492618e-05  1.8710279e-05 -8.1339751e-05  5.2121048e-05  9.0320936e-05  0.00012018543  9.1853188e-05  7.0888844e-06   5.299585e-06  4.9127603e-06  5.0270519e-06
 -0.00011191953 -5.1870115e-06              0 -1.0337913e-05  1.4969375e-06  1.4476964e-06 -1.2073531e-05  3.2229353e-06  8.0707728e-06  1.2879667e-05  7.0888844e-06   6.359618e-06  1.1009677e-06  8.6597469e-07  4.8452905e-07
 -9.4148073e-05  -2.266347e-06              0  1.9542986e-06  6.0246362e-07  4.6270457e-07 -2.2169865e-05  5.4335389e-06  4.8643541e-06  1.1389726e-05   5.299585e-06  1.1009677e-06   2.693413e-06  7.1545858e-07  6.8022485e-07
 -8.5067211e-05  -4.139565e-06              0 -9.4605188e-07  9.8001746e-07  8.8931086e-07  -2.226052e-05  3.6944029e-06  7.0663079e-06  8.7614591e-06  4.9127603e-06  8.6597469e-07  7.1545858e-07  1.3115583e-06  6.6728995e-07
 -7.9874232e-05 -4.3389051e-06              0  5.4918874e-07  8.9103623e-07  7.6123206e-07 -2.2635949e-05  4.0560622e-06  6.4627126e-06    8.35584e-06  5.0270519e-06  4.8452905e-07  6.8022485e-07  6.6728995e-07  2.1750889e-06


# ext. ||   Name    ||   type  ||     Value     ||  Error +/- 

   0   ||Natural mortality || limited ||    0.03925981696708 ||0.002361754591757
   1   ||Targeted q || limited ||      9.352222464427 ||0.2328650592005
   2   ||Nontargeted q || limited ||                   2 ||22.06548931833
   3   ||     sigma || limited ||       6.58100971136 ||0.4040913874969
   4   ||  Biomass1 || limited ||      5.964082837513 ||0.2351937717849
   5   ||  Biomass2 || limited ||       5.06036187433 ||0.1791794050492
   6   ||  vm_sigma || limited ||      17.23806613701 ||0.7368568242939
   7   ||Recruit year 1 || limited ||      1.812561076673 ||0.07769204789961
   8   ||Recruit year 2 || limited ||      5.180604410872 ||0.1899600652198
   9   ||Recruit year 3 || limited ||      9.313016699691 ||0.3205854245616
  10   ||Recruit year 4 || limited ||       3.34580805614 ||0.121685734657
  11   ||Mean Rec dist 1 || limited ||     0.7770684750834 ||0.0177780899778
  12   ||Mean Rec dist 2 || limited ||     0.5366197438362 ||0.01158804516942
  13   ||Mean Rec dist 3 || limited ||      0.375714503295 ||0.008092300550156
  14   ||Mean Rec dist 4 || limited ||     0.2835671714542 ||0.01042434426645





