# Minimum negative log likelihood

Minuit did successfully converge.
# of function calls: 1557
minimum function Value: 576.1267398174
minimum edm: 8.656135701834e-06
minimum internal state vector: LAVector parameters:
      2.501783361169
    -0.9885017334978
     -1.287002217587
     -1.175246610018
     -1.507594458925
     -1.512887723343
     0.1983087762185
     -1.093166606819
     -1.064999713176
    -0.9561209970566
    -0.9840863869538
     0.0866786330475
    0.08172678895603
     0.0984306225579
    0.02335300385523

minimum internal covariance matrix: LASymMatrix parameters:
   0.0094318163  0.00057575232              0 -9.9369627e-05  -5.576332e-05 -4.9426505e-05    0.001800192 -0.00076032798  -0.0007737288 -0.00097394757 -0.00077371737 -2.1459143e-05 -2.5395294e-05 -2.2668329e-05 -1.9811911e-05
  0.00057575232  4.5350326e-05              0 -6.6628998e-06 -4.3822486e-06 -3.8946252e-06  6.8942837e-05 -4.7802596e-05 -4.9541213e-05 -6.1245075e-05  -5.068504e-05 -6.4197838e-07 -9.7865446e-07 -7.7567462e-07 -9.3125338e-07
              0              0              2              0              0              0              0              0              0              0              0              0              0              0              0
 -9.9369627e-05 -6.6628998e-06              0  0.00022903469 -2.1389121e-06  -1.541122e-06  8.0509349e-07  9.4708271e-06   5.149396e-06  1.4472571e-05  5.0210833e-06 -5.6548143e-07 -2.7457385e-07  5.7201113e-07  7.5045784e-07
  -5.576332e-05 -4.3822486e-06              0 -2.1389121e-06  4.5462223e-06  3.5558949e-06 -6.6641026e-06  4.5855257e-06  5.0286967e-06  5.8869843e-06  5.0894034e-06  1.2493735e-07  1.2635904e-07  5.3786343e-08  7.5296491e-08
 -4.9426505e-05 -3.8946252e-06              0  -1.541122e-06  3.5558949e-06  2.8497142e-06 -5.9383576e-06  4.0411866e-06  4.3955889e-06  5.2041116e-06   4.444417e-06  1.0278601e-07  1.0773848e-07  5.5545879e-08   7.059148e-08
    0.001800192  6.8942837e-05              0  8.0509349e-07 -6.6641026e-06 -5.9383576e-06   0.0028088969  -0.0001399875 -0.00012908631 -0.00015816079 -0.00013904859 -1.7048357e-05 -1.7506404e-05 -1.5071988e-05 -1.4136992e-05
 -0.00076032798 -4.7802596e-05              0  9.4708271e-06  4.5855257e-06  4.0411866e-06  -0.0001399875  7.2198582e-05  6.2087821e-05  7.8198113e-05  6.3871507e-05  1.5682032e-06   2.139052e-06  1.6290871e-06  1.5129007e-06
  -0.0007737288 -4.9541213e-05              0   5.149396e-06  5.0286967e-06  4.3955889e-06 -0.00012908631  6.2087821e-05  7.4131556e-05  8.0082048e-05   6.483256e-05  1.4367212e-06  1.9587383e-06   1.725173e-06  1.3966396e-06
 -0.00097394757 -6.1245075e-05              0  1.4472571e-05  5.8869843e-06  5.2041116e-06 -0.00015816079  7.8198113e-05  8.0082048e-05  0.00011241799  7.9688218e-05  2.1709507e-06  2.1463975e-06  2.2856724e-06  2.1021374e-06
 -0.00077371737  -5.068504e-05              0  5.0210833e-06  5.0894034e-06   4.444417e-06 -0.00013904859  6.3871507e-05   6.483256e-05  7.9688218e-05  7.6433691e-05  1.5458945e-06   2.046192e-06  1.5536041e-06  1.4875114e-06
 -2.1459143e-05 -6.4197838e-07              0 -5.6548143e-07  1.2493735e-07  1.0278601e-07 -1.7048357e-05  1.5682032e-06  1.4367212e-06  2.1709507e-06  1.5458945e-06  6.3401328e-07  3.1292973e-08  1.2497837e-07   1.125055e-07
 -2.5395294e-05 -9.7865446e-07              0 -2.7457385e-07  1.2635904e-07  1.0773848e-07 -1.7506404e-05   2.139052e-06  1.9587383e-06  2.1463975e-06   2.046192e-06  3.1292973e-08  5.6117286e-07  1.1355815e-07  9.2036966e-08
 -2.2668329e-05 -7.7567462e-07              0  5.7201113e-07  5.3786343e-08  5.5545879e-08 -1.5071988e-05  1.6290871e-06   1.725173e-06  2.2856724e-06  1.5536041e-06  1.2497837e-07  1.1355815e-07  3.9987869e-07  1.1196693e-07
 -1.9811911e-05 -9.3125338e-07              0  7.5045784e-07  7.5296491e-08   7.059148e-08 -1.4136992e-05  1.5129007e-06  1.3966396e-06  2.1021374e-06  1.4875114e-06   1.125055e-07  9.2036966e-08  1.1196693e-07  2.5282882e-07


# ext. ||   Name    ||   type  ||     Value     ||  Error +/- 

   0   ||Natural mortality || limited ||    0.05992606161907 ||0.001376160686753
   1   ||Targeted q || limited ||      8.239852154326 ||0.1309363805537
   2   ||Nontargeted q || limited ||                   2 ||22.06548931833
   3   ||     sigma || limited ||      3.860755530141 ||0.2061644835432
   4   ||  Biomass1 || limited ||     0.9982866564837 ||0.04761249305166
   5   ||  Biomass2 || limited ||     0.8381173368262 ||0.03454266945227
   6   ||  vm_sigma || limited ||      47.88086291665 ||1.46929711673
   7   ||Recruit year 1 || limited ||      5.605091632814 ||0.1380780384691
   8   ||Recruit year 2 || limited ||      6.269934484877 ||0.1474715450869
   9   ||Recruit year 3 || limited ||      9.161048547447 ||0.216157507229
  10   ||Recruit year 4 || limited ||       8.37083184418 ||0.1711064062146
  11   ||Mean Rec dist 1 || limited ||     0.8657013504003 ||0.005609196339562
  12   ||Mean Rec dist 2 || limited ||     0.8163584014677 ||0.005279360382811
  13   ||Mean Rec dist 3 || limited ||     0.9827175725393 ||0.004449814027975
  14   ||Mean Rec dist 4 || limited ||     0.2335088126989 ||0.0035545108397





