# Minimum negative log likelihood

Minuit did successfully converge.
# of function calls: 704
minimum function Value: 709.6122006289
minimum edm: 2.83783966581e-05
minimum internal state vector: LAVector parameters:
     0.6492908642746
     -1.110547306964
     -1.287002217587
     -1.022262048161
     -1.559315062335
     -1.560700442474
    -0.4634828260723
    -0.7244986152595
    -0.9136071701116
     -1.162050077686
     -1.016310296975
    -0.9032719186951

minimum internal covariance matrix: LASymMatrix parameters:
     0.25614427    -0.02169465              0  0.00047916792  0.00058701637  0.00051050186 -0.00019809597  0.00027630947    0.028372858    0.019065897    0.023762251    0.032691207
    -0.02169465   0.0018774722              0 -4.3278338e-05 -4.9007282e-05 -4.3145394e-05  2.9970268e-05 -0.00010380709   -0.002423473  -0.0016228187  -0.0020311195  -0.0027885462
              0              0              2              0              0              0              0              0              0              0              0              0
  0.00047916792 -4.3278338e-05              0  0.00043261071  2.1639925e-06  4.4339075e-07  3.4471281e-06 -1.8900363e-05  7.7406158e-05    2.27426e-05  3.6851895e-05  5.3381421e-05
  0.00058701637 -4.9007282e-05              0  2.1639925e-06  3.3620157e-05  2.6318244e-05 -8.7142697e-08 -1.3463639e-05  6.7055979e-05  4.3503714e-05  5.3453172e-05  7.3893549e-05
  0.00051050186 -4.3145394e-05              0  4.4339075e-07  2.6318244e-05  2.1578882e-05 -3.7115233e-07 -3.8787828e-06  5.7734097e-05  3.8099884e-05  4.6806041e-05  6.4649971e-05
 -0.00019809597  2.9970268e-05              0  3.4471281e-06 -8.7142697e-08 -3.7115233e-07  1.1431795e-05 -5.6553435e-05 -2.5983716e-05 -1.9037554e-05 -2.2945029e-05 -3.2953123e-05
  0.00027630947 -0.00010380709              0 -1.8900363e-05 -1.3463639e-05 -3.8787828e-06 -5.6553435e-05  0.00076025273  5.7474793e-05  4.6923942e-05  5.2729436e-05  8.1373311e-05
    0.028372858   -0.002423473              0  7.7406158e-05  6.7055979e-05  5.7734097e-05 -2.5983716e-05  5.7474793e-05   0.0031965278   0.0021101219   0.0026346977   0.0036278838
    0.019065897  -0.0016228187              0    2.27426e-05  4.3503714e-05  3.8099884e-05 -1.9037554e-05  4.6923942e-05   0.0021101219   0.0014561988   0.0017679293   0.0024426689
    0.023762251  -0.0020311195              0  3.6851895e-05  5.3453172e-05  4.6806041e-05 -2.2945029e-05  5.2729436e-05   0.0026346977   0.0017679293   0.0022553048    0.003034799
    0.032691207  -0.0027885462              0  5.3381421e-05  7.3893549e-05  6.4649971e-05 -3.2953123e-05  8.1373311e-05   0.0036278838   0.0024426689    0.003034799   0.0042200744


# ext. ||   Name    ||   type  ||     Value     ||  Error +/- 

   0   ||Natural mortality || limited ||    0.06011554305388 ||0.006975092913221
   1   ||Targeted q || limited ||      5.202904106919 ||0.6803372257779
   2   ||Nontargeted q || limited ||                   2 ||22.06548931833
   3   ||     sigma || limited ||      7.335514006553 ||0.3834333769165
   4   ||  Biomass1 || limited ||    0.03295449639595 ||0.023536064025
   5   ||  Biomass2 || limited ||    0.02548150361514 ||0.01658080772002
   6   ||   vm_mean || limited ||     -1.404499899318 ||0.006718501982604
   7   ||  vm_sigma || limited ||      13.49042845448 ||0.5839495534606
   8   ||Recruit year 1 || limited ||      10.42333437069 ||1.220677404454
   9   ||Recruit year 2 || limited ||       4.12859516536 ||0.5361196631134
  10   ||Recruit year 3 || limited ||      7.500692798621 ||0.8837638431326
  11   ||Recruit year 4 || limited ||      10.74109826564 ||1.421150817027





