# Minimum negative log likelihood

Minuit did successfully converge.
# of function calls: 761
minimum function Value: 313.4247209224
minimum edm: 3.571559132368e-06
minimum internal state vector: LAVector parameters:
     0.4325210648505
     -1.139818901047
     -1.287002217587
     -1.361427922941
     -1.511140881737
     -1.515191540883
    -0.4241006712321
    -0.5578131830146
     -1.438610682418
    -0.9600812291795
      -1.10800441498
     -1.117703180207

minimum internal covariance matrix: LASymMatrix parameters:
    0.009780096 -0.00085359709              0  -2.262335e-05  0.00011740814  0.00011300821  4.6775684e-05 -0.00039756543  0.00027504553   0.0013615201  0.00098733648   0.0010047971
 -0.00085359709  7.5544724e-05              0  1.8077316e-06 -1.0458481e-05  -1.004769e-05 -3.6786689e-06  3.1101369e-05 -2.4185484e-05 -0.00011942375 -8.6597354e-05 -8.8123767e-05
              0              0              2              0              0              0              0              0              0              0              0              0
  -2.262335e-05  1.8077316e-06              0  5.2212833e-05  4.5277087e-08 -5.7843047e-09 -3.9234296e-07   1.741222e-06 -2.9269791e-07 -3.0501404e-06 -2.3027111e-06 -2.3584968e-06
  0.00011740814 -1.0458481e-05              0  4.5277087e-08  2.3148854e-06  2.0606065e-06   4.414754e-07 -4.0857376e-06  3.7446261e-06  1.6481407e-05  1.1960229e-05  1.2149159e-05
  0.00011300821  -1.004769e-05              0 -5.7843047e-09  2.0606065e-06  1.8606278e-06  4.4456604e-07   -3.95483e-06  3.4874284e-06  1.5849294e-05  1.1498836e-05  1.1686121e-05
  4.6775684e-05 -3.6786689e-06              0 -3.9234296e-07   4.414754e-07  4.4456604e-07  6.6049277e-07 -4.8223835e-06  1.1968489e-06  6.2842403e-06  4.5398332e-06  4.6461186e-06
 -0.00039756543  3.1101369e-05              0   1.741222e-06 -4.0857376e-06   -3.95483e-06 -4.8223835e-06   9.311368e-05 -1.0715167e-05 -5.3322184e-05 -3.8710437e-05 -3.9542475e-05
  0.00027504553 -2.4185484e-05              0 -2.9269791e-07  3.7446261e-06  3.4874284e-06  1.1968489e-06 -1.0715167e-05  8.9411234e-06  3.8397706e-05  2.7862082e-05  2.8327412e-05
   0.0013615201 -0.00011942375              0 -3.0501404e-06  1.6481407e-05  1.5849294e-05  6.2842403e-06 -5.3322184e-05  3.8397706e-05  0.00019058932  0.00013768033  0.00014011764
  0.00098733648 -8.6597354e-05              0 -2.3027111e-06  1.1960229e-05  1.1498836e-05  4.5398332e-06 -3.8710437e-05  2.7862082e-05  0.00013768033  0.00010054553  0.00010160016
   0.0010047971 -8.8123767e-05              0 -2.3584968e-06  1.2149159e-05  1.1686121e-05  4.6461186e-06 -3.9542475e-05  2.8327412e-05  0.00014011764  0.00010160016  0.00010412309


# ext. ||   Name    ||   type  ||     Value     ||  Error +/- 

   0   ||Natural mortality || limited ||    0.05547902592093 ||0.00158593823318
   1   ||Targeted q || limited ||      4.572107235562 ||0.1283749264571
   2   ||Nontargeted q || limited ||                   2 ||22.06548931833
   3   ||     sigma || limited ||      1.091880894507 ||0.05309765566892
   4   ||  Biomass1 || limited ||     0.8894292113267 ||0.03207097315655
   5   ||  Biomass2 || limited ||     0.7727739121432 ||0.02680236067287
   6   ||   vm_mean || limited ||     -1.292769435173 ||0.001645440870779
   7   ||  vm_sigma || limited ||      18.82747916929 ||0.2315533778458
   8   ||Recruit year 1 || limited ||     0.4461468089398 ||0.01393240559618
   9   ||Recruit year 2 || limited ||      9.047188582947 ||0.2798672728508
  10   ||Recruit year 3 || limited ||      5.268996902171 ||0.1582560303354
  11   ||Recruit year 4 || limited ||      5.054626246676 ||0.1579087405567





