# Minimum negative log likelihood

Minuit did successfully converge.
# of function calls: 1987
minimum function Value: 750.6122018466
minimum edm: 5.6192372644e-05
minimum internal state vector: LAVector parameters:
      4.523383083822
     -0.904784605703
     -1.287002217587
    -0.9637706143511
     -1.419032369584
     -1.427764514176
     0.8056017984554
      3.384802275365
     -1.088390245133
    -0.9764404386642
     -1.015400942986
     -1.153448573766

minimum internal covariance matrix: LASymMatrix parameters:
      3.8944681    0.052436945              0 -6.9536049e-05    -0.01101148   -0.010625382 -9.4098401e-05  -0.0027337934   -0.035846589   -0.047509288   -0.042683168   -0.033351168
    0.052436945  0.00073312428              0 -1.7910366e-06 -0.00015607961 -0.00014969146  8.8952108e-06   8.762372e-05 -0.00048206631 -0.00063709766 -0.00057888457 -0.00045125876
              0              0              2              0              0              0              0              0              0              0              0              0
 -6.9536049e-05 -1.7910366e-06              0  0.00046485819 -2.7580296e-06 -2.4293332e-06  9.5203411e-07  3.3761438e-05 -9.8966665e-07 -3.4777373e-06 -1.3984956e-06  1.3091917e-06
    -0.01101148 -0.00015607961              0 -2.7580296e-06  5.2429533e-05  4.7423419e-05 -2.8911661e-06 -2.0972727e-05  0.00010224749  0.00013323974  0.00012201742  9.5937561e-05
   -0.010625382 -0.00014969146              0 -2.4293332e-06  4.7423419e-05  4.3392897e-05 -2.4058135e-06 -1.7249849e-05  9.8747479e-05   0.0001286569  0.00011762014  9.2162195e-05
 -9.4098401e-05  8.8952108e-06              0  9.5203411e-07 -2.8911661e-06 -2.4058135e-06  1.2760139e-05  0.00013297586  1.3642773e-06  4.6947959e-06  1.1825143e-06  4.6173281e-06
  -0.0027337934   8.762372e-05              0  3.3761438e-05 -2.0972727e-05 -1.7249849e-05  0.00013297586    0.002876175  3.2880342e-05  6.4045846e-05  2.9187114e-05  5.1155751e-05
   -0.035846589 -0.00048206631              0 -9.8966665e-07  0.00010224749  9.8747479e-05  1.3642773e-06  3.2880342e-05  0.00036134837  0.00043599835  0.00039605342  0.00030123981
   -0.047509288 -0.00063709766              0 -3.4777373e-06  0.00013323974   0.0001286569  4.6947959e-06  6.4045846e-05  0.00043599835  0.00060928126  0.00052376032  0.00040245686
   -0.042683168 -0.00057888457              0 -1.3984956e-06  0.00012201742  0.00011762014  1.1825143e-06  2.9187114e-05  0.00039605342  0.00052376032  0.00049981651  0.00036640891
   -0.033351168 -0.00045125876              0  1.3091917e-06  9.5937561e-05  9.2162195e-05  4.6173281e-06  5.1155751e-05  0.00030123981  0.00040245686  0.00036640891  0.00033863234


# ext. ||   Name    ||   type  ||     Value     ||  Error +/- 

   0   ||Natural mortality || limited ||    0.02044521262164 ||0.03744792414584
   1   ||Targeted q || limited ||      10.68539546203 ||0.591430628771
   2   ||Nontargeted q || limited ||                   2 ||22.06548931833
   3   ||     sigma || limited ||      8.932586878384 ||0.4348090201676
   4   ||  Biomass1 || limited ||      5.747031350531 ||0.3870270586037
   5   ||  Biomass2 || limited ||      5.105811344346 ||0.331981272619
   6   ||   vm_mean || limited ||      2.265866242369 ||0.005496586711782
   7   ||  vm_sigma || limited ||      30.36785944058 ||1.471871856664
   8   ||Recruit year 1 || limited ||       5.71536550948 ||0.3117433327657
   9   ||Recruit year 2 || limited ||      8.583674678531 ||0.488615503219
  10   ||Recruit year 3 || limited ||      7.524647010414 ||0.4167153543253
  11   ||Recruit year 4 || limited ||      4.301210388545 ||0.2636817604506





