# Minimum negative log likelihood

Minuit did successfully converge.
# of function calls: 867
minimum function Value: 463.3320843532
minimum edm: 1.342225766634e-05
minimum internal state vector: LAVector parameters:
    -0.7409250666507
     -1.053620117641
     -1.287002217587
     -1.270006760818
     -1.545567420584
     -1.530630225141
    -0.9702398727913
     0.1122036664266
    -0.9622986055278
    -0.9536314948501
     -1.133204477062
     -1.055066373146

minimum internal covariance matrix: LASymMatrix parameters:
   0.0075988394 -0.00049161198              0  3.4154424e-05  8.1074838e-06  6.3295774e-05  9.5760768e-06  0.00016690752  0.00059246628  0.00054884955   0.0004748541  0.00050578204
 -0.00049161198  3.3227847e-05              0 -3.8746187e-06 -4.8210793e-08 -3.3575646e-06  2.6381461e-07 -3.2382427e-05 -3.8883078e-05 -3.5871074e-05  -3.067426e-05 -3.2758582e-05
              0              0              2              0              0              0              0              0              0              0              0              0
  3.4154424e-05 -3.8746187e-06              0  0.00011769675 -9.7905011e-07  -1.744394e-07 -1.6447788e-06  5.7806398e-05 -9.2327506e-07   5.152826e-06  1.2706057e-06  2.6180598e-06
  8.1074838e-06 -4.8210793e-08              0 -9.7905011e-07  6.1250525e-06  2.0014775e-06  2.2746925e-07 -1.7443427e-05  4.1500688e-06    7.89356e-07 -3.0287498e-07  1.1800753e-06
  6.3295774e-05 -3.3575646e-06              0  -1.744394e-07  2.0014775e-06  7.4664191e-06  5.3608452e-07  1.0607989e-06  -8.087549e-06   4.619609e-06   3.752106e-06  4.4164897e-06
  9.5760768e-06  2.6381461e-07              0 -1.6447788e-06  2.2746925e-07  5.3608452e-07  1.7596644e-06 -2.6411567e-05  9.7687861e-08   6.888007e-08  1.0911693e-06  4.3994542e-07
  0.00016690752 -3.2382427e-05              0  5.7806398e-05 -1.7443427e-05  1.0607989e-06 -2.6411567e-05   0.0015313631 -8.7166817e-05  2.2179303e-05  8.3413472e-06  1.1079836e-05
  0.00059246628 -3.8883078e-05              0 -9.2327506e-07  4.1500688e-06  -8.087549e-06  9.7687861e-08 -8.7166817e-05  8.8012246e-05  4.2749106e-05  3.5974949e-05  3.9923654e-05
  0.00054884955 -3.5871074e-05              0   5.152826e-06    7.89356e-07   4.619609e-06   6.888007e-08  2.2179303e-05  4.2749106e-05  4.3143771e-05  3.3214482e-05  3.6974185e-05
   0.0004748541  -3.067426e-05              0  1.2706057e-06 -3.0287498e-07   3.752106e-06  1.0911693e-06  8.3413472e-06  3.5974949e-05  3.3214482e-05  3.3023413e-05  3.1031324e-05
  0.00050578204 -3.2758582e-05              0  2.6180598e-06  1.1800753e-06  4.4164897e-06  4.3994542e-07  1.1079836e-05  3.9923654e-05  3.6974185e-05  3.1031324e-05  3.5979888e-05


# ext. ||   Name    ||   type  ||     Value     ||  Error +/- 

   0   ||Natural mortality || limited ||    0.02812573110858 ||0.001136288027439
   1   ||Targeted q || limited ||      6.539059825287 ||0.1007645165497
   2   ||Nontargeted q || limited ||                   2 ||22.06548931833
   3   ||     sigma || limited ||      2.244857066811 ||0.1136389305237
   4   ||  Biomass1 || limited ||     0.1591159871379 ||0.02207303460178
   5   ||  Biomass2 || limited ||     0.4032747086951 ||0.0387930405536
   6   ||   vm_mean || limited ||     -2.591880822406 ||0.001665237988575
   7   ||  vm_sigma || limited ||      44.47917922371 ||1.099723918655
   8   ||Recruit year 1 || limited ||      8.983717577685 ||0.1895828790942
   9   ||Recruit year 2 || limited ||      9.232951825878 ||0.134382145366
  10   ||Recruit year 3 || limited ||      4.720790621116 ||0.08608763150448
  11   ||Recruit year 4 || limited ||       6.51270152184 ||0.1045771534048





