# Minimum negative log likelihood

Minuit did successfully converge.
# of function calls: 884
minimum function Value: 595.5249373431
minimum edm: 4.262389236158e-06
minimum internal state vector: LAVector parameters:
    -0.7006198554335
     -1.110778724565
     -1.287002217587
     -1.156090428681
     -1.457792050374
     -1.461425568512
     0.1181601704142
     -0.938696046208
     -1.041644248039
     -1.092750458485
     -1.095581333924
     -1.135722554478

minimum internal covariance matrix: LASymMatrix parameters:
    0.092193672  -0.0067140465              0  0.00013790645   0.0015770472   0.0014888094  0.00039258462  -0.0014654396   0.0080777773   0.0075607423   0.0079136064   0.0067408773
  -0.0067140465  0.00050013156              0 -1.2018509e-05 -0.00011711922 -0.00011063932 -2.2746854e-05   7.569187e-05 -0.00059030726 -0.00055202848 -0.00057835853 -0.00049394924
              0              0              2              0              0              0              0              0              0              0              0              0
  0.00013790645 -1.2018509e-05              0  0.00024030613  2.2448948e-06  2.2288881e-06 -9.7750333e-07   1.844471e-05  1.3445214e-05  1.2142246e-05  9.8552994e-06  9.7142201e-06
   0.0015770472 -0.00011711922              0  2.2448948e-06  3.3907642e-05  3.1355928e-05  5.7327484e-06 -2.2989596e-05  0.00013874731  0.00012947146  0.00013608521  0.00011617906
   0.0014888094 -0.00011063932              0  2.2288881e-06  3.1355928e-05   2.912047e-05  5.3538557e-06 -2.0496239e-05  0.00013083312  0.00012224475  0.00012848513  0.00010967847
  0.00039258462 -2.2746854e-05              0 -9.7750333e-07  5.7327484e-06  5.3538557e-06  9.2842248e-06  -3.215375e-05  3.3365296e-05  3.1272946e-05  3.2633508e-05  2.7249155e-05
  -0.0014654396   7.569187e-05              0   1.844471e-05 -2.2989596e-05 -2.0496239e-05  -3.215375e-05  0.00028587044 -0.00012501497 -0.00011564914 -0.00011849391 -0.00010145913
   0.0080777773 -0.00059030726              0  1.3445214e-05  0.00013874731  0.00013083312  3.3365296e-05 -0.00012501497  0.00071790084  0.00066161204  0.00069337231  0.00059033078
   0.0075607423 -0.00055202848              0  1.2142246e-05  0.00012947146  0.00012224475  3.1272946e-05 -0.00011564914  0.00066161204  0.00062913745  0.00064791125  0.00055423061
   0.0079136064 -0.00057835853              0  9.8552994e-06  0.00013608521  0.00012848513  3.2633508e-05 -0.00011849391  0.00069337231  0.00064791125  0.00068911183  0.00057797342
   0.0067408773 -0.00049394924              0  9.7142201e-06  0.00011617906  0.00010967847  2.7249155e-05 -0.00010145913  0.00059033078  0.00055423061  0.00057797342   0.0005039305


# ext. ||   Name    ||   type  ||     Value     ||  Error +/- 

   0   ||Natural mortality || limited ||     0.0288827086242 ||0.004071728136435
   1   ||Targeted q || limited ||      5.197765854489 ||0.3510158067316
   2   ||Nontargeted q || limited ||                   2 ||22.06548931833
   3   ||     sigma || limited ||      4.238257008253 ||0.2208250815202
   4   ||  Biomass1 || limited ||      3.189095733897 ||0.2321521645834
   5   ||  Biomass2 || limited ||      2.987510868697 ||0.2082515206602
   6   ||   vm_mean || limited ||     0.3703479286183 ||0.006721535707684
   7   ||  vm_sigma || limited ||      7.729369084269 ||0.2825427240309
   8   ||Recruit year 1 || limited ||      6.847545539225 ||0.4781217694852
   9   ||Recruit year 2 || limited ||      5.614659179366 ||0.4079076791261
  10   ||Recruit year 3 || limited ||      5.549727143605 ||0.4245713746432
  11   ||Recruit year 4 || limited ||      4.667586624255 ||0.3344666741994





