# Minimum negative log likelihood

Minuit did successfully converge.
# of function calls: 1967
minimum function Value: 386.5201452478
minimum edm: 5.855656498177e-05
minimum internal state vector: LAVector parameters:
    -0.2560988301171
    -0.9990650689869
     -1.287002217587
     -1.321043455401
     -1.410960866038
     -1.422325304095
    -0.2185822143695
     -1.375640547467
     -1.449116833656
    -0.9803757436556
    -0.9624649069359
    0.04371394779714
    0.08641880345897
    0.03413502286059
    0.08426192091297

minimum internal covariance matrix: LASymMatrix parameters:
    0.001288211 -0.00010099015              0 -1.1303344e-05  3.1323724e-05  2.7576706e-05 -0.00022225691   4.995319e-05  3.5979203e-05   0.0001472435   0.0001686462   7.353034e-06  5.2778302e-06  4.7569976e-06  5.9125844e-06
 -0.00010099015  1.0047575e-05              0  1.4000007e-06 -3.1940557e-06 -2.7998911e-06  1.0579887e-05 -3.9430008e-06 -2.7611518e-06 -1.2027461e-05 -1.4511875e-05  -3.755068e-07 -3.1765153e-07 -1.5427609e-07 -3.4031303e-07
              0              0              2              0              0              0              0              0              0              0              0              0              0              0              0
 -1.1303344e-05  1.4000007e-06              0  0.00011595265 -1.1236335e-06 -1.0569618e-06  3.1499783e-06 -1.0482594e-07 -1.3645487e-06  -3.723236e-06 -3.6389268e-08 -6.0479263e-07 -7.5709607e-07  1.4470174e-07 -1.1919569e-07
  3.1323724e-05 -3.1940557e-06              0 -1.1236335e-06  1.7661189e-06  1.4875273e-06 -2.9468832e-06  1.3037717e-06  9.5020491e-07  3.7960108e-06  4.5010251e-06   8.902117e-08  3.6450708e-08  1.8415012e-08  1.0384617e-07
  2.7576706e-05 -2.7998911e-06              0 -1.0569618e-06  1.4875273e-06  1.2662312e-06 -2.7245111e-06  1.1256703e-06  8.0719732e-07  3.3419407e-06  3.9603046e-06  9.2526136e-08  4.4278369e-08  1.8710739e-08  9.2224313e-08
 -0.00022225691  1.0579887e-05              0  3.1499783e-06 -2.9468832e-06 -2.7245111e-06  0.00023024013 -9.5960478e-06 -5.6908386e-06 -2.4797444e-05 -2.4537093e-05 -4.1021835e-06 -2.9650167e-06 -3.0625091e-06 -2.8927542e-06
   4.995319e-05 -3.9430008e-06              0 -1.0482594e-07  1.3037717e-06  1.1256703e-06 -9.5960478e-06  3.7165699e-06  1.2406982e-06  5.5615262e-06   6.384822e-06   3.202178e-07  3.0190558e-07  2.0457292e-07  2.7453322e-07
  3.5979203e-05 -2.7611518e-06              0 -1.3645487e-06  9.5020491e-07  8.0719732e-07 -5.6908386e-06  1.2406982e-06  2.5181465e-06  4.3083738e-06  4.5060324e-06  1.7834053e-07 -7.9518678e-08  1.3069923e-07  1.6094165e-07
   0.0001472435 -1.2027461e-05              0  -3.723236e-06  3.7960108e-06  3.3419407e-06 -2.4797444e-05  5.5615262e-06  4.3083738e-06  1.8490636e-05  1.9213928e-05  8.0722185e-07  5.6273972e-07  4.9843542e-07  6.4352833e-07
   0.0001686462 -1.4511875e-05              0 -3.6389268e-08  4.5010251e-06  3.9603046e-06 -2.4537093e-05   6.384822e-06  4.5060324e-06  1.9213928e-05   2.514198e-05  8.6733862e-07  6.9520904e-07   4.833533e-07  7.2460335e-07
   7.353034e-06  -3.755068e-07              0 -6.0479263e-07   8.902117e-08  9.2526136e-08 -4.1021835e-06   3.202178e-07  1.7834053e-07  8.0722185e-07  8.6733862e-07  5.4354527e-07  1.3957463e-07  8.2799757e-08  8.4183909e-08
  5.2778302e-06 -3.1765153e-07              0 -7.5709607e-07  3.6450708e-08  4.4278369e-08 -2.9650167e-06  3.0190558e-07 -7.9518678e-08  5.6273972e-07  6.9520904e-07  1.3957463e-07  1.3607617e-06  6.0557737e-08  6.5680136e-08
  4.7569976e-06 -1.5427609e-07              0  1.4470174e-07  1.8415012e-08  1.8710739e-08 -3.0625091e-06  2.0457292e-07  1.3069923e-07  4.9843542e-07   4.833533e-07  8.2799757e-08  6.0557737e-08  9.2718704e-08  5.1899417e-08
  5.9125844e-06 -3.4031303e-07              0 -1.1919569e-07  1.0384617e-07  9.2224313e-08 -2.8927542e-06  2.7453322e-07  1.6094165e-07  6.4352833e-07  7.2460335e-07  8.4183909e-08  6.5680136e-08  5.1899417e-08  9.7814702e-08


# ext. ||   Name    ||   type  ||     Value     ||  Error +/- 

   0   ||Natural mortality || limited ||    0.03866728615728 ||0.0006137217093737
   1   ||Targeted q || limited ||      7.951726413196 ||0.06063924902815
   2   ||Nontargeted q || limited ||                   2 ||22.06548931833
   3   ||     sigma || limited ||      1.551323364072 ||0.09409732117322
   4   ||  Biomass1 || limited ||      6.373257945556 ||0.0747803155195
   5   ||  Biomass2 || limited ||       5.50079520043 ||0.05885134903549
   6   ||  vm_sigma || limited ||      31.32677678967 ||0.4189509309136
   7   ||Recruit year 1 || limited ||     0.9590314460876 ||0.01321611349631
   8   ||Recruit year 2 || limited ||     0.3796540353167 ||0.006809216656001
   9   ||Recruit year 3 || limited ||      8.473823055605 ||0.08462841505295
  10   ||Recruit year 4 || limited ||      8.978965431055 ||0.1013038364424
  11   ||Mean Rec dist 1 || limited ||     0.4370002689621 ||0.005208201305758
  12   ||Mean Rec dist 2 || limited ||     0.8631127799515 ||0.008217737538828
  13   ||Mean Rec dist 3 || limited ||     0.3412839422656 ||0.002151867889326
  14   ||Mean Rec dist 4 || limited ||     0.8416224536345 ||0.00220365436321





