# Minimum negative log likelihood

Minuit did successfully converge.
# of function calls: 1601
minimum function Value: 549.7995777658
minimum edm: 3.820827038242e-05
minimum internal state vector: LAVector parameters:
      3.173813562458
    -0.9538867058955
     -1.287002217587
     -1.199767951025
     -1.445937952937
     -1.455879433084
    -0.3052418251225
     -1.070775110164
     -1.149879752912
     -1.178279406235
     -1.127678951041
     0.1204633198662
    0.09046811164762
     0.0693918161279
     0.1090583412214

minimum internal covariance matrix: LASymMatrix parameters:
     0.01035478  0.00064660791              0 -0.00028356518 -0.00012889795 -0.00011376164   0.0015536213  -0.0009597735 -0.00082477339 -0.00076877582 -0.00087044362 -4.8598633e-05  -4.260228e-05 -5.2169206e-05 -5.0414534e-05
  0.00064660791   5.292794e-05              0 -3.4218695e-05 -9.7929609e-06 -8.7199654e-06   2.399482e-05 -7.4232143e-05  -5.097551e-05 -4.6940915e-05 -5.4033496e-05 -1.2718296e-06  -1.536414e-06 -1.3232803e-06 -1.8119956e-06
              0              0              2              0              0              0              0              0              0              0              0              0              0              0              0
 -0.00028356518 -3.4218695e-05              0   0.0004073086 -1.4853423e-06 -8.1191531e-07  0.00035299855  5.5932635e-05  2.0979398e-05  1.9868042e-05  1.7504879e-05 -2.1681966e-06 -8.9912684e-06  -3.946233e-06   -1.44683e-06
 -0.00012889795 -9.7929609e-06              0 -1.4853423e-06  4.9921339e-06  4.0627361e-06 -1.8356209e-05  1.2782817e-05  1.0658517e-05  9.8418085e-06  1.0931479e-05  4.2677351e-07  5.3218063e-07  4.5264464e-07  5.8797416e-07
 -0.00011376164 -8.7199654e-06              0 -8.1191531e-07  4.0627361e-06  3.3675422e-06 -1.5380133e-05  1.1655344e-05  9.2967005e-06  8.5835044e-06  9.6029391e-06  3.5418653e-07  4.8000257e-07  3.8038755e-07  4.8195278e-07
   0.0015536213   2.399482e-05              0  0.00035299855 -1.8356209e-05 -1.5380133e-05    0.001946891 -4.6949729e-05 -9.9830018e-05 -0.00010288278 -0.00016897615 -2.7773807e-05 -4.0247127e-05 -3.4489883e-05  -1.957185e-05
  -0.0009597735 -7.4232143e-05              0  5.5932635e-05  1.2782817e-05  1.1655344e-05 -4.6949729e-05  0.00012428783  7.0755496e-05  6.5348055e-05  7.7825507e-05  1.8710318e-06   3.740885e-06  2.2276613e-06  1.8716249e-06
 -0.00082477339  -5.097551e-05              0  2.0979398e-05  1.0658517e-05  9.2967005e-06 -9.9830018e-05  7.0755496e-05  8.0795509e-05   6.903176e-05  6.2234919e-05  3.6134346e-06  4.9241346e-07  3.0109535e-06  5.9615937e-06
 -0.00076877582 -4.6940915e-05              0  1.9868042e-05  9.8418085e-06  8.5835044e-06 -0.00010288278  6.5348055e-05   6.903176e-05  6.9252994e-05  5.9422276e-05  3.5339142e-06  9.9058079e-07  3.1012439e-06  5.4072599e-06
 -0.00087044362 -5.4033496e-05              0  1.7504879e-05  1.0931479e-05  9.6029391e-06 -0.00016897615  7.7825507e-05  6.2234919e-05  5.9422276e-05  8.9214301e-05  4.7545323e-06  5.9639808e-06  5.9297462e-06  3.2167106e-06
 -4.8598633e-05 -1.2718296e-06              0 -2.1681966e-06  4.2677351e-07  3.5418653e-07 -2.7773807e-05  1.8710318e-06  3.6134346e-06  3.5339142e-06  4.7545323e-06  9.9031905e-07  5.6354412e-07  6.8304564e-07   4.564713e-07
  -4.260228e-05  -1.536414e-06              0 -8.9912684e-06  5.3218063e-07  4.8000257e-07 -4.0247127e-05   3.740885e-06  4.9241346e-07  9.9058079e-07  5.9639808e-06  5.6354412e-07  1.9510289e-06  9.2817108e-07 -1.2399769e-07
 -5.2169206e-05 -1.3232803e-06              0  -3.946233e-06  4.5264464e-07  3.8038755e-07 -3.4489883e-05  2.2276613e-06  3.0109535e-06  3.1012439e-06  5.9297462e-06  6.8304564e-07  9.2817108e-07  1.2609613e-06  3.2149136e-07
 -5.0414534e-05 -1.8119956e-06              0   -1.44683e-06  5.8797416e-07  4.8195278e-07  -1.957185e-05  1.8716249e-06  5.9615937e-06  5.4072599e-06  3.2167106e-06   4.564713e-07 -1.2399769e-07  3.2149136e-07  1.2945798e-06


# ext. ||   Name    ||   type  ||     Value     ||  Error +/- 

   0   ||Natural mortality || limited ||     0.0441946166516 ||0.001796367366289
   1   ||Targeted q || limited ||       9.21649068628 ||0.1488030596779
   2   ||Nontargeted q || limited ||                   2 ||22.06548931833
   3   ||     sigma || limited ||      3.402251193549 ||0.2587013788305
   4   ||  Biomass1 || limited ||      3.892342759999 ||0.09837542292407
   5   ||  Biomass2 || limited ||      3.297841472427 ||0.07439418488261
   6   ||  vm_sigma || limited ||      27.97969703861 ||1.1901057106
   7   ||Recruit year 1 || limited ||       6.13076836703 ||0.1889554468399
   8   ||Recruit year 2 || limited ||      4.373822862252 ||0.1298367519739
   9   ||Recruit year 3 || limited ||      3.812158384516 ||0.1125322398646
  10   ||Recruit year 4 || limited ||      4.838544306764 ||0.143165264551
  11   ||Mean Rec dist 1 || limited ||      1.201721823878 ||0.006985761725518
  12   ||Mean Rec dist 2 || limited ||     0.9034475640831 ||0.009836421100153
  13   ||Mean Rec dist 3 || limited ||     0.6933614000949 ||0.007921170909125
  14   ||Mean Rec dist 4 || limited ||      1.088422848189 ||0.007997634355738





