# Minimum negative log likelihood

Minuit did successfully converge.
# of function calls: 1199
minimum function Value: 474.0804397119
minimum edm: 2.520128832893e-05
minimum internal state vector: LAVector parameters:
   -0.03440327595074
     -1.257517612678
     -1.287002217587
     -1.262079320377
     -1.430746978377
     -1.434811677709
    -0.2472895452246
     -1.463481814238
     -1.270428855351
    -0.9651225983178
     -1.062591039676
    0.07775987198216
    0.07048035221098
    0.08142398004735
    0.02914619704539

minimum internal covariance matrix: LASymMatrix parameters:
   0.0066217216 -0.00062781685              0 -5.7891779e-05   0.0002958552  0.00028104461  -0.0020016536  0.00034096158   0.0008504911   0.0017134162   0.0013349277  0.00010072501  6.9986318e-05  4.2491841e-05  5.5531003e-05
 -0.00062781685  6.8179749e-05              0  5.9914551e-06 -3.2657133e-05 -3.0921206e-05  0.00013477516 -3.3350146e-05 -8.4759333e-05 -0.00017261107 -0.00013685426 -1.0319895e-05 -4.9511478e-06 -3.1738472e-06 -5.0603086e-06
              0              0              2              0              0              0              0              0              0              0              0              0              0              0              0
 -5.7891779e-05  5.9914551e-06              0   0.0001451859 -3.4831614e-06  -3.380856e-06  2.4122372e-05 -2.9842052e-06 -6.9322791e-06 -1.6508527e-05 -1.2869752e-05 -1.0510437e-05  1.1585448e-06 -1.8260119e-07 -1.0819696e-06
   0.0002958552 -3.2657133e-05              0 -3.4831614e-06  1.9011217e-05  1.7687788e-05 -5.8607892e-05  1.6783669e-05   4.021496e-05  8.2090372e-05   6.443168e-05  4.4484494e-06  2.1513579e-06  1.4772117e-06  2.4015883e-06
  0.00028104461 -3.0921206e-05              0  -3.380856e-06  1.7687788e-05  1.6498083e-05 -5.6577718e-05  1.5739143e-05  3.8154017e-05  7.7890743e-05  6.1209962e-05  4.3869951e-06  2.0474021e-06  1.4211178e-06  2.2740709e-06
  -0.0020016536  0.00013477516              0  2.4122372e-05 -5.8607892e-05 -5.6577718e-05   0.0029980035 -9.6879737e-05 -0.00022399798 -0.00045274127 -0.00034746212 -2.5418484e-05 -4.6392624e-05 -2.8354428e-05 -2.8397718e-05
  0.00034096158 -3.3350146e-05              0 -2.9842052e-06  1.6783669e-05  1.5739143e-05 -9.6879737e-05  2.5564014e-05  4.4312919e-05  8.9534327e-05  6.9550953e-05  -7.022213e-07  3.5518606e-06  2.0891411e-06  2.8046249e-06
   0.0008504911 -8.4759333e-05              0 -6.9322791e-06   4.021496e-05  3.8154017e-05 -0.00022399798  4.4312919e-05   0.0001159981  0.00022476898  0.00017674807  1.2745088e-05  7.5763247e-06  5.2706897e-06  6.8661812e-06
   0.0017134162 -0.00017261107              0 -1.6508527e-05  8.2090372e-05  7.7890743e-05 -0.00045274127  8.9534327e-05  0.00022476898  0.00046034752  0.00035791256  2.6744442e-05  1.5752378e-05  9.9548321e-06  1.4061919e-05
   0.0013349277 -0.00013685426              0 -1.2869752e-05   6.443168e-05  6.1209962e-05 -0.00034746212  6.9550953e-05  0.00017674807  0.00035791256  0.00029292744  2.1273535e-05  1.1499958e-05  7.8755989e-06  1.1075295e-05
  0.00010072501 -1.0319895e-05              0 -1.0510437e-05  4.4484494e-06  4.3869951e-06 -2.5418484e-05  -7.022213e-07  1.2745088e-05  2.6744442e-05  2.1273535e-05  4.0607155e-05 -1.8725399e-07  1.7359659e-07  1.2312554e-06
  6.9986318e-05 -4.9511478e-06              0  1.1585448e-06  2.1513579e-06  2.0474021e-06 -4.6392624e-05  3.5518606e-06  7.5763247e-06  1.5752378e-05  1.1499958e-05 -1.8725399e-07  3.0268523e-06  6.2654191e-07  7.9586441e-07
  4.2491841e-05 -3.1738472e-06              0 -1.8260119e-07  1.4772117e-06  1.4211178e-06 -2.8354428e-05  2.0891411e-06  5.2706897e-06  9.9548321e-06  7.8755989e-06  1.7359659e-07  6.2654191e-07  9.9074229e-07  3.4797548e-07
  5.5531003e-05 -5.0603086e-06              0 -1.0819696e-06  2.4015883e-06  2.2740709e-06 -2.8397718e-05  2.8046249e-06  6.8661812e-06  1.4061919e-05  1.1075295e-05  1.2312554e-06  7.9586441e-07  3.4797548e-07  1.0541657e-06


# ext. ||   Name    ||   type  ||     Value     ||  Error +/- 

   0   ||Natural mortality || limited ||    0.04414008775459 ||0.001436857613134
   1   ||Targeted q || limited ||       2.43358735761 ||0.08996713133069
   2   ||Nontargeted q || limited ||                   2 ||22.06548931833
   3   ||     sigma || limited ||      2.363791287691 ||0.1294350758124
   4   ||  Biomass1 || limited ||      4.895445612523 ||0.2151888392077
   5   ||  Biomass2 || limited ||      4.615836678449 ||0.1946801760198
   6   ||  vm_sigma || limited ||        30.209547973 ||1.501172245446
   7   ||Recruit year 1 || limited ||     0.2976051503425 ||0.01914475096045
   8   ||Recruit year 2 || limited ||      2.248384669696 ||0.1126511356539
   9   ||Recruit year 3 || limited ||      8.903174604452 ||0.4318085892924
  10   ||Recruit year 4 || limited ||      6.328406115363 ||0.2944165033204
  11   ||Mean Rec dist 1 || limited ||      0.776815318934 ||0.0449231797304
  12   ||Mean Rec dist 2 || limited ||     0.7042201507839 ||0.01227159288717
  13   ||Mean Rec dist 3 || limited ||     0.8133403820815 ||0.007014941698721
  14   ||Mean Rec dist 4 || limited ||     0.2914207060104 ||0.007256963081399





