# Minimum negative log likelihood

Minuit did successfully converge.
# of function calls: 1512
minimum function Value: 634.7230583888
minimum edm: 2.133604607455e-06
minimum internal state vector: LAVector parameters:
     0.7493403711751
     -1.017890413269
     -1.287002217587
     -1.114411896163
     -1.474809768444
       -1.4625791983
     -1.132305821273
    -0.4766456891056
     -1.296976605576
     -1.103569053489
    -0.8655517794122
     -1.261251950666

minimum internal covariance matrix: LASymMatrix parameters:
      0.2766744   -0.016585707              0  5.6247238e-05   0.0028889735   0.0030884083  0.00066409301  -0.0037066736   0.0077914421    0.014159538    0.023685256   0.0079788898
   -0.016585707   0.0010145728              0 -5.1863914e-06 -0.00017638689 -0.00018884638 -2.7484682e-05  0.00016542508 -0.00048806632 -0.00085360896  -0.0014293392  -0.0004787593
              0              0              2              0              0              0              0              0              0              0              0              0
  5.6247238e-05 -5.1863914e-06              0  0.00025993838  4.3820802e-06  3.4619418e-06 -1.5111979e-06  9.9226952e-06  1.2527628e-05  1.9631351e-06  6.2579303e-06  2.2073956e-06
   0.0028889735 -0.00017638689              0  4.3820802e-06  5.1067953e-05  4.6745791e-05  5.9556274e-06 -4.1131643e-05  3.7059332e-05   0.0001513485  0.00024871808  8.2984164e-05
   0.0030884083 -0.00018884638              0  3.4619418e-06  4.6745791e-05  4.4986651e-05   4.570112e-06 -3.2691063e-05  5.9336837e-05  0.00016068333  0.00026613741  8.8869004e-05
  0.00066409301 -2.7484682e-05              0 -1.5111979e-06  5.9556274e-06   4.570112e-06   2.515574e-05 -9.3367058e-05  1.0181923e-05  2.9629355e-05  4.9787485e-05  2.1532717e-05
  -0.0037066736  0.00016542508              0  9.9226952e-06 -4.1131643e-05 -3.2691063e-05 -9.3367058e-05  0.00088345017 -4.9352272e-05 -0.00018385053 -0.00030044165 -6.0730638e-05
   0.0077914421 -0.00048806632              0  1.2527628e-05  3.7059332e-05  5.9336837e-05  1.0181923e-05 -4.9352272e-05  0.00082438721  0.00037322497  0.00067844273   0.0002271103
    0.014159538 -0.00085360896              0  1.9631351e-06   0.0001513485  0.00016068333  2.9629355e-05 -0.00018385053  0.00037322497   0.0007429362   0.0012138751  0.00040729296
    0.023685256  -0.0014293392              0  6.2579303e-06  0.00024871808  0.00026613741  4.9787485e-05 -0.00030044165  0.00067844273   0.0012138751   0.0020494365  0.00067930436
   0.0079788898  -0.0004787593              0  2.2073956e-06  8.2984164e-05  8.8869004e-05  2.1532717e-05 -6.0730638e-05   0.0002271103  0.00040729296  0.00067930436  0.00025566748


# ext. ||   Name    ||   type  ||     Value     ||  Error +/- 

   0   ||Natural mortality || limited ||    0.06202889921739 ||0.00665185671277
   1   ||Targeted q || limited ||      7.449897959474 ||0.591362125615
   2   ||Nontargeted q || limited ||                   2 ||22.06548931833
   3   ||     sigma || limited ||       5.11741187705 ||0.2512055591443
   4   ||  Biomass1 || limited ||      2.301586907881 ||0.2421423249902
   5   ||  Biomass2 || limited ||      2.924880625913 ||0.2561198368395
   6   ||   vm_mean || limited ||     -2.844377836735 ||0.004730479426443
   7   ||  vm_sigma || limited ||       21.6486763383 ||0.7469216648177
   8   ||Recruit year 1 || limited ||      1.872562310913 ||0.2744551752457
   9   ||Recruit year 2 || limited ||      5.368434638601 ||0.4339811401337
  10   ||Recruit year 3 || limited ||      11.93615456461 ||1.037234856091
  11   ||Recruit year 4 || limited ||       2.38613921088 ||0.1721889098494





