# Minimum negative log likelihood

Minuit did successfully converge.
# of function calls: 1423
minimum function Value: 540.7180328784
minimum edm: 1.225069929436e-05
minimum internal state vector: LAVector parameters:
    -0.1003554854965
     -1.267672902651
     -1.287002217587
     -1.207907797968
     -1.348723745544
     -1.355536022289
    -0.7166743659728
      -1.40709451885
     -1.297614012571
    -0.9814681508816
     -1.309303918953
     0.1004349985699
    0.08255035979881
    0.05390856394332
    0.07595539332379

minimum internal covariance matrix: LASymMatrix parameters:
    0.018070675  -0.0017628414              0  3.4077668e-05   0.0013330557   0.0012763837  -0.0033489714    0.001452815   0.0021867186   0.0048573955   0.0021631263   0.0001814797  0.00018397603  0.00019292605  0.00021871513
  -0.0017628414  0.00018722197              0 -4.6948825e-06  -0.0001415255  -0.0001352153  0.00025858505 -0.00014508597 -0.00022119475 -0.00049032738 -0.00021835101 -1.4125438e-05 -1.5831176e-05 -1.6835305e-05 -2.3188746e-05
              0              0              2              0              0              0              0              0              0              0              0              0              0              0              0
  3.4077668e-05 -4.6948825e-06              0  0.00017641682  1.6106245e-06   1.573925e-06  1.2737616e-05  1.0619478e-06  4.9011531e-06  1.2679321e-05  6.8822777e-06 -2.0540086e-06 -4.2274253e-07 -5.7944203e-07  7.2406903e-06
   0.0013330557  -0.0001415255              0  1.6106245e-06  0.00011336219  0.00010768268 -0.00019784624  0.00011236902   0.0001675003  0.00037089151  0.00016482161  9.1945868e-06  1.2055865e-05  1.2746008e-05  1.7118996e-05
   0.0012763837  -0.0001352153              0   1.573925e-06  0.00010768268  0.00010238013 -0.00019082527  0.00010705979  0.00016021122  0.00035479257  0.00015768998  9.2676938e-06  1.1594022e-05   1.224881e-05  1.6381407e-05
  -0.0033489714  0.00025858505              0  1.2737616e-05 -0.00019784624 -0.00019082527   0.0021613647 -0.00024534031 -0.00036122455 -0.00081455283 -0.00036708511 -7.9860684e-05 -6.4203242e-05 -6.5440546e-05 -4.0836547e-05
    0.001452815 -0.00014508597              0  1.0619478e-06  0.00011236902  0.00010705979 -0.00024534031  0.00013072372  0.00017732712  0.00039430776  0.00017515696  2.7952285e-06  1.4322072e-05  1.4813273e-05  1.7652763e-05
   0.0021867186 -0.00022119475              0  4.9011531e-06   0.0001675003  0.00016021122 -0.00036122455  0.00017732712  0.00027503987  0.00059675355  0.00026568704  1.9688074e-05  2.0306362e-05  2.2313672e-05  2.7275515e-05
   0.0048573955 -0.00049032738              0  1.2679321e-05  0.00037089151  0.00035479257 -0.00081455283  0.00039430776  0.00059675355   0.0013314377   0.0005903542  4.4172822e-05  4.6620558e-05  4.9336441e-05   6.192472e-05
   0.0021631263 -0.00021835101              0  6.8822777e-06  0.00016482161  0.00015768998 -0.00036708511  0.00017515696  0.00026568704   0.0005903542  0.00028048347  1.9523095e-05  2.0733497e-05  2.1961357e-05  2.9701044e-05
   0.0001814797 -1.4125438e-05              0 -2.0540086e-06  9.1945868e-06  9.2676938e-06 -7.9860684e-05  2.7952285e-06  1.9688074e-05  4.4172822e-05  1.9523095e-05  6.2372338e-05  5.5033035e-06  2.6294846e-06  7.8449816e-08
  0.00018397603 -1.5831176e-05              0 -4.2274253e-07  1.2055865e-05  1.1594022e-05 -6.4203242e-05  1.4322072e-05  2.0306362e-05  4.6620558e-05  2.0733497e-05  5.5033035e-06  8.1758074e-06  2.5892073e-06  1.6138771e-06
  0.00019292605 -1.6835305e-05              0 -5.7944203e-07  1.2746008e-05   1.224881e-05 -6.5440546e-05  1.4813273e-05  2.2313672e-05  4.9336441e-05  2.1961357e-05  2.6294846e-06  2.5892073e-06  3.6592365e-06  2.2088659e-06
  0.00021871513 -2.3188746e-05              0  7.2406903e-06  1.7118996e-05  1.6381407e-05 -4.0836547e-05  1.7652763e-05  2.7275515e-05   6.192472e-05  2.9701044e-05  7.8449816e-08  1.6138771e-06  2.2088659e-06  1.5886332e-05


# ext. ||   Name    ||   type  ||     Value     ||  Error +/- 

   0   ||Natural mortality || limited ||    0.04249532200297 ||0.002360844484594
   1   ||Targeted q || limited ||      2.279560217192 ||0.1444025516012
   2   ||Nontargeted q || limited ||                   2 ||22.06548931833
   3   ||     sigma || limited ||      3.256231677795 ||0.1666931534086
   4   ||  Biomass1 || limited ||      12.27847249961 ||0.8290952825341
   5   ||  Biomass2 || limited ||      11.53958709433 ||0.7641241289942
   6   ||  vm_sigma || limited ||      13.72559645945 ||0.9912735415159
   7   ||Recruit year 1 || limited ||     0.6783953962307 ||0.06587127379709
   8   ||Recruit year 2 || limited ||      1.863954863758 ||0.1581745954677
   9   ||Recruit year 3 || limited ||       8.44344315701 ||0.716876628637
  10   ||Recruit year 4 || limited ||      1.709568374444 ||0.1530570826412
  11   ||Mean Rec dist 1 || limited ||      1.002662325767 ||0.05556286861684
  12   ||Mean Rec dist 2 || limited ||     0.8245663431659 ||0.02014970003365
  13   ||Mean Rec dist 3 || limited ||     0.5388245682531 ||0.01350668407928
  14   ||Mean Rec dist 4 || limited ||     0.7588238047015 ||0.0281023257849





