# Minimum negative log likelihood

Minuit did successfully converge.
# of function calls: 366
minimum function Value: 152.4107200978
minimum edm: 4.723062147769e-06
minimum internal state vector: LAVector parameters:
     -1.121788772826
     -1.287002217587
     -1.084734190601
      -1.54890746581
     -1.553545577145
    -0.4864471356851
      1.384156691537
     -1.184232293471
     -1.102051721996
     -1.214189032191
     -1.014873297351

minimum internal covariance matrix: LASymMatrix parameters:
  9.4681982e-06              0  1.1147967e-06 -2.1853444e-07  -4.447701e-07  1.1691737e-06  1.6692393e-06 -1.6355597e-06 -1.8275596e-06 -1.8232014e-06  -1.867234e-06
              0              2              0              0              0              0              0              0              0              0              0
  1.1147967e-06              0   0.0013024565  3.3404348e-07  1.5814641e-05 -1.0588777e-06   0.0021705516 -1.3517971e-05 -3.8051339e-06 -7.1225707e-06  2.0953567e-06
 -2.1853444e-07              0  3.3404348e-07  0.00014096988  2.3936476e-05 -2.4402781e-06 -0.00052746085  2.0097998e-05 -1.0196202e-05 -7.0799664e-06 -1.1931287e-05
  -4.447701e-07              0  1.5814641e-05  2.3936476e-05  6.5912776e-05  1.4911914e-06  0.00016017019 -2.2849247e-05 -1.0478239e-06 -2.1725848e-07 -1.8846428e-06
  1.1691737e-06              0 -1.0588777e-06 -2.4402781e-06  1.4911914e-06  2.2455876e-06  7.6866071e-05 -1.3976166e-06 -1.1890104e-07 -3.6304131e-07  4.8057318e-08
  1.6692393e-06              0   0.0021705516 -0.00052746085  0.00016017019  7.6866071e-05     0.12935003 -0.00025833765    2.08671e-05 -2.9500802e-05  8.1880438e-05
 -1.6355597e-06              0 -1.3517971e-05  2.0097998e-05 -2.2849247e-05 -1.3976166e-06 -0.00025833765  3.1810018e-05 -8.9568811e-07 -7.2331026e-07 -8.4259313e-07
 -1.8275596e-06              0 -3.8051339e-06 -1.0196202e-05 -1.0478239e-06 -1.1890104e-07    2.08671e-05 -8.9568811e-07   4.160808e-05 -6.7986562e-06 -1.2401428e-05
 -1.8232014e-06              0 -7.1225707e-06 -7.0799664e-06 -2.1725848e-07 -3.6304131e-07 -2.9500802e-05 -7.2331026e-07 -6.7986562e-06  4.7038638e-05 -8.0692378e-06
  -1.867234e-06              0  2.0953567e-06 -1.1931287e-05 -1.8846428e-06  4.8057318e-08  8.1880438e-05 -8.4259313e-07 -1.2401428e-05 -8.0692378e-06  3.8350693e-05


# ext. ||   Name    ||   type  ||     Value     ||  Error +/- 

   0   ||Targeted q || limited ||      4.956083067372 ||0.04722258766077
   1   ||Nontargeted q || limited ||                   2 ||22.06548931833
   2   ||     sigma || limited ||      5.791036329326 ||0.5959965304176
   3   ||  Biomass1 || limited ||     0.1197757764231 ||0.09187588990772
   4   ||  Biomass2 || limited ||    0.07439524591035 ||0.04951352597482
   5   ||   vm_mean || limited ||     -1.468657229369 ||0.00294273896677
   6   ||  vm_sigma || limited ||      79.30534165449 ||1.867286272992
   7   ||Recruit year 1 || limited ||      3.699135432537 ||0.07516976683635
   8   ||Recruit year 2 || limited ||      5.402653843086 ||0.1030179930635
   9   ||Recruit year 3 || limited ||      3.155355543711 ||0.08464149920387
  10   ||Recruit year 4 || limited ||      7.538562363125 ||0.1155331384676





