# Minimum negative log likelihood

Minuit did successfully converge.
# of function calls: 1264
minimum function Value: 493.2519736254
minimum edm: 6.692321245323e-05
minimum internal state vector: LAVector parameters:
     0.2256277288931
     -1.004340215652
     -1.287002217587
     -1.247399062877
     -1.566330548538
     -1.566415376058
    -0.7446453130975
    -0.2442797092911
     -1.348091200278
     -1.261009107665
     -1.147239688646
      -1.11328263085

minimum internal covariance matrix: LASymMatrix parameters:
    0.048712416   -0.003410169              0 -8.3179985e-05  2.9235911e-05  6.1568732e-06  0.00011618715 -0.00098834212   0.0013157367   0.0019217663   0.0028399143   0.0033399188
   -0.003410169  0.00024433673              0   6.803969e-06  -2.204551e-06 -5.9629324e-07 -6.2147422e-06  4.9030568e-05 -9.2408054e-05 -0.00013519226 -0.00019952752 -0.00023459999
              0              0              2              0              0              0              0              0              0              0              0              0
 -8.3179985e-05   6.803969e-06              0  0.00013501349  4.0509387e-07  1.0891218e-06  3.2925194e-07 -3.5926515e-06 -3.1665755e-06 -3.4398616e-06 -5.4467228e-06 -5.2490949e-06
  2.9235911e-05  -2.204551e-06              0  4.0509387e-07  3.2936976e-06  1.6418218e-06  3.7786638e-08 -1.3156859e-06   9.587047e-07  1.2287956e-06  1.7231135e-06  2.1465579e-06
  6.1568732e-06 -5.9629324e-07              0  1.0891218e-06  1.6418218e-06   1.839414e-06  6.3660141e-07 -3.4836372e-06  -3.970321e-07  3.8761536e-07  2.0499189e-07  4.2276768e-07
  0.00011618715 -6.2147422e-06              0  3.2925194e-07  3.7786638e-08  6.3660141e-07  3.6437878e-06  -3.532882e-05  2.1655505e-06  4.6396832e-06  6.3768597e-06  7.8571083e-06
 -0.00098834212  4.9030568e-05              0 -3.5926515e-06 -1.3156859e-06 -3.4836372e-06  -3.532882e-05  0.00083542222 -1.8819128e-05 -3.9478503e-05 -5.4204257e-05 -6.5717781e-05
   0.0013157367 -9.2408054e-05              0 -3.1665755e-06   9.587047e-07  -3.970321e-07  2.1655505e-06 -1.8819128e-05  3.9365509e-05  5.1635374e-05  7.6947742e-05  9.0137981e-05
   0.0019217663 -0.00013519226              0 -3.4398616e-06  1.2287956e-06  3.8761536e-07  4.6396832e-06 -3.9478503e-05  5.1635374e-05  7.8916929e-05  0.00011203926  0.00013196271
   0.0028399143 -0.00019952752              0 -5.4467228e-06  1.7231135e-06  2.0499189e-07  6.3768597e-06 -5.4204257e-05  7.6947742e-05  0.00011203926  0.00016872308  0.00019476491
   0.0033399188 -0.00023459999              0 -5.2490949e-06  2.1465579e-06  4.2276768e-07  7.8571083e-06 -6.5717781e-05  9.0137981e-05  0.00013196271  0.00019476491  0.00023232093


# ext. ||   Name    ||   type  ||     Value     ||  Error +/- 

   0   ||Natural mortality || limited ||    0.05059295561401 ||0.003787310035316
   1   ||Targeted q || limited ||      7.809595980524 ||0.296570314216
   2   ||Nontargeted q || limited ||                   2 ||22.06548931833
   3   ||     sigma || limited ||       2.59193616183 ||0.1305504278425
   4   ||  Biomass1 || limited ||   0.004985785573897 ||0.002865447532974
   5   ||  Biomass2 || limited ||   0.004798174664977 ||0.002100688553691
   6   ||   vm_mean || limited ||     -2.129092030065 ||0.003118118212257
   7   ||  vm_sigma || limited ||       30.3263216877 ||0.7931834528504
   8   ||Recruit year 1 || limited ||      1.244699485426 ||0.04898942660115
   9   ||Recruit year 2 || limited ||      2.389839043862 ||0.09573892384191
  10   ||Recruit year 3 || limited ||      4.427912571876 ||0.1887296948198
  11   ||Recruit year 4 || limited ||      5.151809927542 ||0.2380089567806





