# Minimum negative log likelihood

Minuit did successfully converge.
# of function calls: 1386
minimum function Value: 496.8810780987
minimum edm: 8.607649203333e-05
minimum internal state vector: LAVector parameters:
     -0.316803811155
     -1.079821180338
     -1.287002217587
     -1.244533693311
     -1.386872099191
     -1.396557103215
     -0.473181756244
       -1.3601186231
      -1.01786816862
     -1.343861595171
     -1.005403759668
    0.04528065055401
    0.02008977178369
    0.04058602350634
     0.0706025889722

minimum internal covariance matrix: LASymMatrix parameters:
   0.0038570576  -0.0003114104              0  0.00010112748  0.00011572562  0.00010579355 -0.00055480689   0.0001983801  0.00047904773  0.00019955391  0.00054704491  2.9060352e-05   1.911624e-05  2.4501834e-05  2.1591645e-05
  -0.0003114104  3.3231848e-05              0 -6.5145276e-06 -1.3085168e-05 -1.1968613e-05  3.0870432e-05 -1.5652409e-05 -4.0554546e-05 -1.6451144e-05 -5.0145984e-05 -2.2270816e-06 -8.8702294e-07 -1.2790623e-06 -1.5134782e-06
              0              0              2              0              0              0              0              0              0              0              0              0              0              0              0
  0.00010112748 -6.5145276e-06              0  0.00017411941  3.5740384e-07   2.010242e-07 -2.5857514e-05  6.6377186e-06  1.1114082e-05  4.6426515e-06   1.388118e-05  3.7223337e-06  5.6449128e-07  1.6786281e-06  1.3209869e-06
  0.00011572562 -1.3085168e-05              0  3.5740384e-07  8.1020816e-06  7.1313845e-06 -1.2577113e-05  5.8243118e-06  1.5253015e-05  6.7187971e-06  1.9162872e-05   9.289465e-07  2.6894679e-07  5.6182798e-07  6.4533899e-07
  0.00010579355 -1.1968613e-05              0   2.010242e-07  7.1313845e-06   6.327923e-06 -1.1322339e-05  5.2883357e-06  1.3888321e-05  6.1387835e-06  1.7491659e-05  8.9904828e-07  2.5166085e-07  4.8007234e-07  5.6291855e-07
 -0.00055480689  3.0870432e-05              0 -2.5857514e-05 -1.2577113e-05 -1.1322339e-05  0.00049792343 -2.9438616e-05 -6.3560005e-05 -3.2500852e-05  -7.361414e-05 -9.3958476e-06 -8.3960084e-06 -7.8413644e-06 -1.2775394e-05
   0.0001983801 -1.5652409e-05              0  6.6377186e-06  5.8243118e-06  5.2883357e-06 -2.9438616e-05  1.3999278e-05  2.4234519e-05  1.0428123e-05  2.7924692e-05  1.4615913e-06  1.0341848e-06  1.3456411e-06  1.1448352e-06
  0.00047904773 -4.0554546e-05              0  1.1114082e-05  1.5253015e-05  1.3888321e-05 -6.3560005e-05  2.4234519e-05  6.3691394e-05  2.4184787e-05  6.9522522e-05  2.9680268e-06   2.171216e-06  2.8815379e-06  2.6203351e-06
  0.00019955391 -1.6451144e-05              0  4.6426515e-06  6.7187971e-06  6.1387835e-06 -3.2500852e-05  1.0428123e-05  2.4184787e-05  1.4897341e-05  2.8146093e-05  2.2461408e-06  1.0411524e-06  1.2026081e-06  1.3095078e-06
  0.00054704491 -5.0145984e-05              0   1.388118e-05  1.9162872e-05  1.7491659e-05  -7.361414e-05  2.7924692e-05  6.9522522e-05  2.8146093e-05  8.7871157e-05  4.1495459e-06   2.240333e-06  3.1692897e-06  3.1998407e-06
  2.9060352e-05 -2.2270816e-06              0  3.7223337e-06   9.289465e-07  8.9904828e-07 -9.3958476e-06  1.4615913e-06  2.9680268e-06  2.2461408e-06  4.1495459e-06  3.0668481e-06  1.8171508e-07  6.4153211e-07  1.8313144e-07
   1.911624e-05 -8.8702294e-07              0  5.6449128e-07  2.6894679e-07  2.5166085e-07 -8.3960084e-06  1.0341848e-06   2.171216e-06  1.0411524e-06   2.240333e-06  1.8171508e-07  3.2999391e-07  1.7004061e-07  2.4287337e-07
  2.4501834e-05 -1.2790623e-06              0  1.6786281e-06  5.6182798e-07  4.8007234e-07 -7.8413644e-06  1.3456411e-06  2.8815379e-06  1.2026081e-06  3.1692897e-06  6.4153211e-07  1.7004061e-07  1.7033965e-06  1.4504791e-07
  2.1591645e-05 -1.5134782e-06              0  1.3209869e-06  6.4533899e-07  5.6291855e-07 -1.2775394e-05  1.1448352e-06  2.6203351e-06  1.3095078e-06  3.1998407e-06  1.8313144e-07  2.4287337e-07  1.4504791e-07  7.1701364e-07


# ext. ||   Name    ||   type  ||     Value     ||  Error +/- 

   0   ||Natural mortality || limited ||    0.03721172441546 ||0.001042905469266
   1   ||Targeted q || limited ||      5.906324499726 ||0.0960948055196
   2   ||Nontargeted q || limited ||                   2 ||22.06548931833
   3   ||     sigma || limited ||      2.637659941773 ||0.1495227221183
   4   ||  Biomass1 || limited ||      8.433216786996 ||0.1840520393367
   5   ||  Biomass2 || limited ||      7.570644356291 ||0.1541812599659
   6   ||  vm_sigma || limited ||      21.77189821441 ||0.5617625091762
   7   ||Recruit year 1 || limited ||      1.115418642355 ||0.02766081662389
   8   ||Recruit year 2 || limited ||      7.459737024426 ||0.1481695323549
   9   ||Recruit year 3 || limited ||      1.291840203842 ||0.03069957203922
  10   ||Recruit year 4 || limited ||      7.790304456689 ||0.1775381068902
  11   ||Mean Rec dist 1 || limited ||     0.4526517870565 ||0.01237045431428
  12   ||Mean Rec dist 2 || limited ||     0.2008842044256 ||0.004061161940641
  13   ||Mean Rec dist 3 || limited ||     0.4057488203652 ||0.009221148636659
  14   ||Mean Rec dist 4 || limited ||     0.7054394783452 ||0.00597262660041





