# Minimum negative log likelihood

Minuit did successfully converge.
# of function calls: 1040
minimum function Value: 528.9339872888
minimum edm: 1.890610735568e-05
minimum internal state vector: LAVector parameters:
     -0.866215649194
     -1.013642637377
     -1.287002217587
     -1.218146174242
     -1.517449445774
     -1.519869399163
     0.7882298857893
    -0.3292498433926
     -1.197550043455
     -0.993299014241
    -0.9981164225777
      -0.93354740895

minimum internal covariance matrix: LASymMatrix parameters:
   0.0026079161 -0.00079095539              0  2.3630988e-06  7.3991878e-05  6.6464468e-05  1.4451123e-05 -0.00018378846  0.00050713791  0.00078204977  0.00091484416  0.00095522521
 -0.00079095539  0.00024417746              0 -8.7948207e-07 -2.2689718e-05 -2.0375553e-05 -2.8453034e-06  3.9953331e-05 -0.00015401222 -0.00023752943 -0.00027786452 -0.00029195867
              0              0              2              0              0              0              0              0              0              0              0              0
  2.3630988e-06 -8.7948207e-07              0   0.0001571072  7.4150618e-07  6.0763762e-07  9.9421672e-08 -5.6948189e-06  1.1554262e-06  4.7955938e-07   4.368698e-07  6.9604026e-07
  7.3991878e-05 -2.2689718e-05              0  7.4150618e-07  5.1756209e-06  4.3632222e-06  4.7911451e-07 -6.6586172e-06  1.4974088e-05  2.2206323e-05   2.566147e-05   2.733796e-05
  6.6464468e-05 -2.0375553e-05              0  6.0763762e-07  4.3632222e-06  3.7324098e-06  4.2083059e-07 -5.8125558e-06  1.3428654e-05  1.9945037e-05  2.3047577e-05  2.4543303e-05
  1.4451123e-05 -2.8453034e-06              0  9.9421672e-08  4.7911451e-07  4.2083059e-07  2.5377749e-06 -2.4201922e-05   2.542362e-06  4.6118904e-06  4.9522144e-06  5.1132999e-06
 -0.00018378846  3.9953331e-05              0 -5.6948189e-06 -6.6586172e-06 -5.8125558e-06 -2.4201922e-05  0.00053823473 -3.5384643e-05 -5.6199712e-05 -6.1053738e-05 -6.5363099e-05
  0.00050713791 -0.00015401222              0  1.1554262e-06  1.4974088e-05  1.3428654e-05   2.542362e-06 -3.5384643e-05  0.00010316118  0.00015190742   0.0001775467  0.00018572411
  0.00078204977 -0.00023752943              0  4.7955938e-07  2.2206323e-05  1.9945037e-05  4.6118904e-06 -5.6199712e-05  0.00015190742  0.00023879485   0.0002745487  0.00028624854
  0.00091484416 -0.00027786452              0   4.368698e-07   2.566147e-05  2.3047577e-05  4.9522144e-06 -6.1053738e-05   0.0001775467   0.0002745487  0.00032523479  0.00033511824
  0.00095522521 -0.00029195867              0  6.9604026e-07   2.733796e-05  2.4543303e-05  5.1132999e-06 -6.5363099e-05  0.00018572411  0.00028624854  0.00033511824  0.00036020029


# ext. ||   Name    ||   type  ||     Value     ||  Error +/- 

   0   ||Natural mortality || limited ||     0.0357175170155 ||0.003507617634029
   1   ||Targeted q || limited ||      7.561820107074 ||0.2921243852354
   2   ||Nontargeted q || limited ||                   2 ||22.06548931833
   3   ||     sigma || limited ||      3.076965816951 ||0.1530566483465
   4   ||  Biomass1 || limited ||     0.7113037136592 ||0.04288832332056
   5   ||  Biomass2 || limited ||     0.6482478659506 ||0.03477036630214
   6   ||   vm_mean || limited ||      2.227723059746 ||0.00249524412065
   7   ||  vm_sigma || limited ||      27.06733137177 ||0.6209090251721
   8   ||Recruit year 1 || limited ||      3.452229296568 ||0.1309273670809
   9   ||Recruit year 2 || limited ||      8.117611080664 ||0.2982300717242
  10   ||Recruit year 3 || limited ||      7.986612685293 ||0.3454669361762
  11   ||Recruit year 4 || limited ||      9.822235967089 ||0.3991882233069





