# Minimum negative log likelihood

WARNING: Minuit did not converge.

# of function calls: 2129
minimum function Value: 376.9297986171
minimum edm: 0.1263209259326
minimum internal state vector: LAVector parameters:
    -0.5926288631769
     -1.311417658207
     -1.287002217587
     -1.327082880992
     -1.418316990769
     -1.417613680448
    -0.9278239276534
    -0.1133061558851
     -2.091526151209
     -1.237212422497
    -0.9659318857188
     -1.011703766505

minimum internal covariance matrix: LASymMatrix parameters:
   0.0026219192 -0.00038783472              0  7.4215346e-05  0.00020407897  0.00022201807  1.1026982e-05  0.00026129051 -0.00065209639  0.00053513412  0.00098511949  0.00087205021
 -0.00038783472  6.0763072e-05              0 -1.0950212e-05 -3.3879325e-05 -3.5324363e-05 -9.1033553e-08 -7.5343521e-05  0.00010968197 -8.0763622e-05 -0.00015070614 -0.00013287921
              0              0              2              0              0              0              0              0              0              0              0              0
  7.4215346e-05 -1.0950212e-05              0   8.070042e-05   5.971691e-06  7.0909563e-06  3.3567682e-07 -2.5276436e-05 -1.3081055e-05  1.4973827e-05   2.694432e-05  2.3465384e-05
  0.00020407897 -3.3879325e-05              0   5.971691e-06  2.8111153e-05  2.6337095e-05  3.6911757e-07  4.4470036e-05 -7.4558355e-05  4.3586895e-05  8.1909608e-05  7.2345041e-05
  0.00022201807 -3.5324363e-05              0  7.0909563e-06  2.6337095e-05  2.7085592e-05  8.0840751e-07  4.0035515e-05 -5.6228523e-05   4.634781e-05   8.704886e-05  7.7027254e-05
  1.1026982e-05 -9.1033553e-08              0  3.3567682e-07  3.6911757e-07  8.0840751e-07  3.9834633e-06 -4.9769746e-05  2.2861572e-06  1.5411865e-06  1.7874006e-06  1.6946388e-06
  0.00026129051 -7.5343521e-05              0 -2.5276436e-05  4.4470036e-05  4.0035515e-05 -4.9769746e-05   0.0029152148 -3.6903642e-05  7.5151303e-05  0.00014435019  0.00012669569
 -0.00065209639  0.00010968197              0 -1.3081055e-05 -7.4558355e-05 -5.6228523e-05  2.2861572e-06 -3.6903642e-05  0.00039847494 -0.00014145248 -0.00026335922 -0.00023133056
  0.00053513412 -8.0763622e-05              0  1.4973827e-05  4.3586895e-05   4.634781e-05  1.5411865e-06  7.5151303e-05 -0.00014145248  0.00011307396  0.00020362007  0.00017936686
  0.00098511949 -0.00015070614              0   2.694432e-05  8.1909608e-05   8.704886e-05  1.7874006e-06  0.00014435019 -0.00026335922  0.00020362007  0.00037926254  0.00033266587
  0.00087205021 -0.00013287921              0  2.3465384e-05  7.2345041e-05  7.7027254e-05  1.6946388e-06  0.00012669569 -0.00023133056  0.00017936686  0.00033266587   0.0002971406


# ext. ||   Name    ||   type  ||     Value     ||  Error +/- 

   0   ||Natural mortality || limited ||    0.03103641181831 ||0.0007506598344187
   1   ||Targeted q || limited ||      1.672523809606 ||0.07068483785482
   2   ||Nontargeted q || limited ||                   2 ||22.06548931833
   3   ||     sigma || limited ||      1.477570807592 ||0.07664109214916
   4   ||  Biomass1 || limited ||      5.801234034621 ||0.2847214028186
   5   ||  Biomass2 || limited ||       5.85476886592 ||0.2807585420315
   6   ||   vm_mean || limited ||     -2.514270365767 ||0.002658337210985
   7   ||  vm_sigma || limited ||      35.47800178478 ||1.516964964774
   8   ||Recruit year 1 || limited ||      6.636521614817 ||0.3510770226108
   9   ||Recruit year 2 || limited ||      2.765977816656 ||0.1230861524989
  10   ||Recruit year 3 || limited ||      8.880153353457 ||0.3914833588383
  11   ||Recruit year 4 || limited ||      7.622399605798 ||0.3232208557243



WARNING: FunctionMinimum is invalid: 
	 Reached call limit


