# Minimum negative log likelihood

Minuit did successfully converge.
# of function calls: 885
minimum function Value: 504.359558263
minimum edm: 1.163179062074e-05
minimum internal state vector: LAVector parameters:
    -0.4930353367574
    -0.9854985626409
     -1.287002217587
     -1.238561849809
     -1.526423225409
     -1.528922759041
    -0.4427750387318
     -2.700876283533
     -1.235935387592
     -1.069880029493
     -1.419268020111
     -1.190150766161

minimum internal covariance matrix: LASymMatrix parameters:
    0.047569942  -0.0028710175              0 -3.0923367e-05  0.00022056565  0.00020751187  9.2166281e-05  0.00087276948      0.0017677   0.0025613932  0.00086811784   0.0020680536
  -0.0028710175  0.00017893034              0  5.4159124e-07 -1.3639342e-05 -1.2892872e-05 -3.5069552e-06 -3.2997874e-05 -0.00010686397 -0.00015515071 -5.2199898e-05 -0.00012518488
              0              0              2              0              0              0              0              0              0              0              0              0
 -3.0923367e-05  5.4159124e-07              0  0.00012669304  7.9530659e-07  8.0497629e-07   -2.12382e-07 -2.0499753e-05  8.2955244e-07 -6.7624269e-07  4.7145955e-07 -2.5397842e-06
  0.00022056565 -1.3639342e-05              0  7.9530659e-07  4.1257456e-06  3.3908214e-06  4.4644867e-07   6.819814e-06  8.8156429e-06  1.1958856e-05  3.6863423e-06  9.0825482e-06
  0.00020751187 -1.2892872e-05              0  8.0497629e-07  3.3908214e-06  2.8543776e-06  3.8900807e-07  4.7945412e-06  8.1383526e-06  1.1271725e-05    3.48259e-06  8.6688192e-06
  9.2166281e-05 -3.5069552e-06              0   -2.12382e-07  4.4644867e-07  3.8900807e-07  2.4536684e-06  2.1724056e-05  3.2390776e-06  5.1811002e-06  1.6690902e-06  3.8852446e-06
  0.00087276948 -3.2997874e-05              0 -2.0499753e-05   6.819814e-06  4.7945412e-06  2.1724056e-05  0.00054472734  3.3757169e-05  4.6498989e-05  1.4054288e-05  3.4834999e-05
      0.0017677 -0.00010686397              0  8.2955244e-07  8.8156429e-06  8.1383526e-06  3.2390776e-06  3.3757169e-05  6.9304032e-05  9.4856414e-05  3.2217256e-05  7.6215451e-05
   0.0025613932 -0.00015515071              0 -6.7624269e-07  1.1958856e-05  1.1271725e-05  5.1811002e-06  4.6498989e-05  9.4856414e-05  0.00014187894  4.7065062e-05  0.00011158459
  0.00086811784 -5.2199898e-05              0  4.7145955e-07  3.6863423e-06    3.48259e-06  1.6690902e-06  1.4054288e-05  3.2217256e-05  4.7065062e-05  2.1062196e-05  3.7823551e-05
   0.0020680536 -0.00012518488              0 -2.5397842e-06  9.0825482e-06  8.6688192e-06  3.8852446e-06  3.4834999e-05  7.6215451e-05  0.00011158459  3.7823551e-05  9.4243381e-05


# ext. ||   Name    ||   type  ||     Value     ||  Error +/- 

   0   ||Natural mortality || limited ||    0.03316745266458 ||0.003382946217582
   1   ||Targeted q || limited ||      8.322618812618 ||0.2612652357855
   2   ||Nontargeted q || limited ||                   2 ||22.06548931833
   3   ||     sigma || limited ||      2.734204214947 ||0.1297933197549
   4   ||  Biomass1 || limited ||     0.4921622692193 ||0.03185541988676
   5   ||  Biomass2 || limited ||     0.4382848729247 ||0.02500481556658
   6   ||   vm_mean || limited ||     -1.346010794209 ||0.003144145893757
   7   ||  vm_sigma || limited ||      22.93721358503 ||0.5970245990678
   8   ||Recruit year 1 || limited ||      2.786921309908 ||0.09671768186212
   9   ||Recruit year 2 || limited ||      6.152240853738 ||0.2022153885517
  10   ||Recruit year 3 || limited ||     0.5828659086005 ||0.02449024748996
  11   ||Recruit year 4 || limited ||      3.588392603451 ||0.1275016120257





