# Minimum negative log likelihood

Minuit did successfully converge.
# of function calls: 1420
minimum function Value: 698.2308738688
minimum edm: 8.113026147092e-06
minimum internal state vector: LAVector parameters:
      3.151245183045
     -1.014368341179
     -1.287002217587
      -1.03743297003
     -1.396295332306
     -1.408975556784
   -0.09913209052253
     -1.073047484642
     -1.016180382883
     -1.278655645963
     -1.356496996068
     0.1195985193773
    0.02874943631559
     0.1018257670946
    0.04272340175211

minimum internal covariance matrix: LASymMatrix parameters:
      0.0254816   0.0018555061              0  0.00020725903 -0.00060234582  -0.0005389917   0.0054904304  -0.0026686802  -0.0027501812  -0.0015029458  -0.0010987968 -0.00011437245 -9.9397072e-05 -0.00011100522 -7.8328001e-05
   0.0018555061  0.00015974292              0  4.1353025e-07 -5.2515053e-05 -4.6673358e-05  0.00028197075 -0.00019673355 -0.00020332249 -0.00011230407 -8.3231953e-05 -6.8466608e-06 -5.1806685e-06 -6.4763792e-06 -3.8104605e-06
              0              0              2              0              0              0              0              0              0              0              0              0              0              0              0
  0.00020725903  4.1353025e-07              0  0.00051799453  1.6666821e-05  1.3035984e-05  0.00011643241 -2.4246427e-05 -2.4695685e-05 -2.3807967e-05  -1.773987e-05 -2.2245052e-07  -1.566668e-06 -4.7248366e-06 -4.0665826e-06
 -0.00060234582 -5.2515053e-05              0  1.6666821e-05  3.0320782e-05  2.5782338e-05 -0.00010858074  6.3704184e-05  6.5904574e-05  3.4879512e-05  2.6183442e-05  2.4986351e-06  1.7754998e-06  1.9202603e-06  1.1855228e-06
  -0.0005389917 -4.6673358e-05              0  1.3035984e-05  2.5782338e-05  2.2126609e-05 -9.6286707e-05  5.7016604e-05  5.8852027e-05  3.1315239e-05  2.3519542e-05   2.234266e-06  1.6061945e-06  1.7275666e-06   9.680429e-07
   0.0054904304  0.00028197075              0  0.00011643241 -0.00010858074 -9.6286707e-05   0.0077067647 -0.00054582701 -0.00057729186 -0.00030187447 -0.00022568469 -7.0392606e-05 -6.7528951e-05 -6.1457797e-05 -6.6320517e-05
  -0.0026686802 -0.00019673355              0 -2.4246427e-05  6.3704184e-05  5.7016604e-05 -0.00054582701  0.00030938797  0.00029045362  0.00014695125  0.00011653575  1.0081527e-05  1.0543397e-05   1.155964e-05  8.5810306e-06
  -0.0027501812 -0.00020332249              0 -2.4695685e-05  6.5904574e-05  5.8852027e-05 -0.00057729186  0.00029045362   0.0003248869  0.00016188176  0.00011895929  1.1263679e-05  1.0438231e-05  1.2671444e-05  1.0914985e-05
  -0.0015029458 -0.00011230407              0 -2.3807967e-05  3.4879512e-05  3.1315239e-05 -0.00030187447  0.00014695125  0.00016188176  0.00013986349  6.4175087e-05  7.0784108e-06  5.3473442e-06  4.5315839e-06  4.3903648e-06
  -0.0010987968 -8.3231953e-05              0  -1.773987e-05  2.6183442e-05  2.3519542e-05 -0.00022568469  0.00011653575  0.00011895929  6.4175087e-05  7.8747257e-05  4.6280221e-06  4.0081838e-06  5.0401929e-06  4.0043754e-06
 -0.00011437245 -6.8466608e-06              0 -2.2245052e-07  2.4986351e-06   2.234266e-06 -7.0392606e-05  1.0081527e-05  1.1263679e-05  7.0784108e-06  4.6280221e-06  3.0180519e-06  7.5160547e-07  7.4538462e-07  2.5481896e-07
 -9.9397072e-05 -5.1806685e-06              0  -1.566668e-06  1.7754998e-06  1.6061945e-06 -6.7528951e-05  1.0543397e-05  1.0438231e-05  5.3473442e-06  4.0081838e-06  7.5160547e-07  1.5973899e-06  1.1938465e-08  8.1148769e-07
 -0.00011100522 -6.4763792e-06              0 -4.7248366e-06  1.9202603e-06  1.7275666e-06 -6.1457797e-05   1.155964e-05  1.2671444e-05  4.5315839e-06  5.0401929e-06  7.4538462e-07  1.1938465e-08  8.0694846e-06  2.1377051e-07
 -7.8328001e-05 -3.8104605e-06              0 -4.0665826e-06  1.1855228e-06   9.680429e-07 -6.6320517e-05  8.5810306e-06  1.0914985e-05  4.3903648e-06  4.0043754e-06  2.5481896e-07  8.1148769e-07  2.1377051e-07  8.2800342e-06


# ext. ||   Name    ||   type  ||     Value     ||  Error +/- 

   0   ||Natural mortality || limited ||    0.04475869051086 ||0.002815759253034
   1   ||Targeted q || limited ||      7.542644673076 ||0.2360057547623
   2   ||Nontargeted q || limited ||                   2 ||22.06548931833
   3   ||     sigma || limited ||      6.944904768367 ||0.4091024378291
   4   ||  Biomass1 || limited ||      7.593351390047 ||0.3379992074569
   5   ||  Biomass2 || limited ||      6.532217353024 ||0.2679469637187
   6   ||  vm_sigma || limited ||      36.04175726052 ||2.46921675307
   7   ||Recruit year 1 || limited ||      6.076413304239 ||0.2968785709807
   8   ||Recruit year 2 || limited ||      7.504112845375 ||0.3355526475912
   9   ||Recruit year 3 || limited ||      2.128310750206 ||0.1204080422649
  10   ||Recruit year 4 || limited ||      1.153603609956 ||0.06671416394003
  11   ||Mean Rec dist 1 || limited ||      1.193136042222 ||0.01219648757593
  12   ||Mean Rec dist 2 || limited ||     0.2874547610024 ||0.00893327918287
  13   ||Mean Rec dist 3 || limited ||       1.01649895108 ||0.01998261031651
  14   ||Mean Rec dist 4 || limited ||     0.4271040584528 ||0.02032845111173





