# Minimum negative log likelihood

Minuit did successfully converge.
# of function calls: 1031
minimum function Value: 634.377411159
minimum edm: 2.818534420688e-05
minimum internal state vector: LAVector parameters:
     0.1098797112564
     -1.110028981142
     -1.287002217587
     -1.114837289542
     -1.410564317407
     -1.419682639959
     -0.701243498755
     -1.166892356501
    -0.9782488386882
     -1.211261275678
     -1.098434832039
    0.05722569630364
     0.1013406334432
    0.04765429660109
    0.01970776492857

minimum internal covariance matrix: LASymMatrix parameters:
    0.017936868  -0.0012944867              0  9.9542759e-05  0.00051119639    0.000466587  -0.0022876655   0.0018733888   0.0027489668   0.0016655504   0.0019544352  0.00015008579  0.00013572861  0.00015220413  0.00012641395
  -0.0012944867  0.00010950609              0 -7.5352101e-06 -4.2093489e-05 -3.8365681e-05  0.00012384944 -0.00013882208 -0.00020552829 -0.00012297747  -0.0001506036 -8.7972439e-06 -7.6425697e-06 -9.7653893e-06 -7.9779994e-06
              0              0              2              0              0              0              0              0              0              0              0              0              0              0              0
  9.9542759e-05 -7.5352101e-06              0  0.00031831868  6.7531081e-06  5.7269734e-06 -2.7945532e-06  9.5580206e-06  8.7347572e-06  7.0909988e-06  9.0593486e-06  1.8125347e-06  1.2740195e-06  6.7389371e-07  7.5583442e-07
  0.00051119639 -4.2093489e-05              0  6.7531081e-06  2.6742025e-05  2.3447055e-05 -5.9753562e-05  5.4788238e-05  8.0074852e-05  4.9458459e-05  5.7999309e-05  3.8551428e-06  3.3683497e-06  3.9152883e-06  3.3547891e-06
    0.000466587 -3.8365681e-05              0  5.7269734e-06  2.3447055e-05  2.0684199e-05 -5.3509136e-05  4.9817842e-05  7.3113353e-05  4.5062008e-05  5.2994097e-05  3.5373568e-06  3.0614834e-06  3.5751908e-06  3.0363137e-06
  -0.0022876655  0.00012384944              0 -2.7945532e-06 -5.9753562e-05 -5.3509136e-05   0.0010070347 -0.00022718096 -0.00032853716 -0.00020421703 -0.00023516623 -3.8088553e-05 -3.5801033e-05 -3.1084911e-05 -3.1051196e-05
   0.0018733888 -0.00013882208              0  9.5580206e-06  5.4788238e-05  4.9817842e-05 -0.00022718096  0.00021646037  0.00028684147  0.00017459087  0.00020503681  1.4908445e-05  1.3847497e-05  1.5905285e-05  1.2893289e-05
   0.0027489668 -0.00020552829              0  8.7347572e-06  8.0074852e-05  7.3113353e-05 -0.00032853716  0.00028684147  0.00044321109  0.00025536592  0.00030164486  2.2192784e-05  1.9088908e-05  2.2558077e-05  1.8581675e-05
   0.0016655504 -0.00012297747              0  7.0909988e-06  4.9458459e-05  4.5062008e-05 -0.00020421703  0.00017459087  0.00025536592  0.00017182215  0.00018242319  1.3532509e-05  1.2131611e-05  1.3339245e-05  1.1659626e-05
   0.0019544352  -0.0001506036              0  9.0593486e-06  5.7999309e-05  5.2994097e-05 -0.00023516623  0.00020503681  0.00030164486  0.00018242319  0.00024654376  1.5213216e-05  1.4002075e-05  1.6855813e-05  1.4845598e-05
  0.00015008579 -8.7972439e-06              0  1.8125347e-06  3.8551428e-06  3.5373568e-06 -3.8088553e-05  1.4908445e-05  2.2192784e-05  1.3532509e-05  1.5213216e-05  4.2144653e-06  1.6526729e-06  1.6347574e-06  1.4293173e-06
  0.00013572861 -7.6425697e-06              0  1.2740195e-06  3.3683497e-06  3.0614834e-06 -3.5801033e-05  1.3847497e-05  1.9088908e-05  1.2131611e-05  1.4002075e-05  1.6526729e-06  3.0231053e-06  1.4890053e-06  1.3271352e-06
  0.00015220413 -9.7653893e-06              0  6.7389371e-07  3.9152883e-06  3.5751908e-06 -3.1084911e-05  1.5905285e-05  2.2558077e-05  1.3339245e-05  1.6855813e-05  1.6347574e-06  1.4890053e-06  4.0507609e-06  1.4164125e-06
  0.00012641395 -7.9779994e-06              0  7.5583442e-07  3.3547891e-06  3.0363137e-06 -3.1051196e-05  1.2893289e-05  1.8581675e-05  1.1659626e-05  1.4845598e-05  1.4293173e-06  1.3271352e-06  1.4164125e-06   2.484112e-06


# ext. ||   Name    ||   type  ||     Value     ||  Error +/- 

   0   ||Natural mortality || limited ||    0.04774146845783 ||0.002349751480513
   1   ||Targeted q || limited ||      5.214421394879 ||0.164503207055
   2   ||Nontargeted q || limited ||                   2 ||22.06548931833
   3   ||     sigma || limited ||      5.108042278801 ||0.2777451534494
   4   ||  Biomass1 || limited ||      6.404853257051 ||0.2917027385007
   5   ||  Biomass2 || limited ||      5.697981247989 ||0.2420601351926
   6   ||  vm_sigma || limited ||      14.19409181506 ||0.6857119583913
   7   ||Recruit year 1 || limited ||      4.032912603747 ||0.2044079696711
   8   ||Recruit year 2 || limited ||      8.533114539823 ||0.4156285551149
   9   ||Recruit year 3 || limited ||      3.206654701394 ||0.1630380504492
  10   ||Recruit year 4 || limited ||      5.484636750708 ||0.252552657177
  11   ||Mean Rec dist 1 || limited ||     0.5719446782008 ||0.01449254289243
  12   ||Mean Rec dist 2 || limited ||      1.011672623922 ||0.01223144074571
  13   ||Mean Rec dist 3 || limited ||     0.4763626203792 ||0.01421542496119
  14   ||Mean Rec dist 4 || limited ||     0.1970648921717 ||0.01114259004456





