# Minimum negative log likelihood

Minuit did successfully converge.
# of function calls: 815
minimum function Value: 512.7706959044
minimum edm: 3.268196711449e-05
minimum internal state vector: LAVector parameters:
     0.4247269063456
     -1.038019119112
     -1.287002217587
     -1.231679676596
       -1.5327958506
      -1.53447450234
    -0.4188464593592
     -0.386451392281
     -1.394351946666
     -1.113239556155
    -0.9126067501702
     -1.330173747415

minimum internal covariance matrix: LASymMatrix parameters:
    0.055493682  -0.0040838599              0  1.9243376e-05  0.00034496653  0.00031526491  4.5756149e-05 -0.00091789741   0.0015093176   0.0034237415   0.0052303645   0.0016641286
  -0.0040838599  0.00030627502              0 -9.1531744e-07 -2.6324588e-05  -2.400049e-05 -1.5211517e-06  4.5580007e-05 -0.00011166053 -0.00025341079 -0.00038644796  -0.0001230206
              0              0              2              0              0              0              0              0              0              0              0              0
  1.9243376e-05 -9.1531744e-07              0  0.00014050503  3.1701528e-06  2.7476759e-06  3.1489329e-07  3.7571711e-08  7.4392839e-07  2.3615967e-06  1.6696161e-06 -2.0004377e-07
  0.00034496653 -2.6324588e-05              0  3.1701528e-06  6.9970365e-06  5.9322751e-06 -5.7667079e-08 -3.4601578e-06   1.048267e-05  2.1557229e-05  3.2475289e-05  1.0331627e-05
  0.00031526491  -2.400049e-05              0  2.7476759e-06  5.9322751e-06  5.0948228e-06  -4.524898e-08 -3.0394048e-06  9.3296809e-06  1.9670631e-05  2.9677684e-05  9.4469689e-06
  4.5756149e-05 -1.5211517e-06              0  3.1489329e-07 -5.7667079e-08  -4.524898e-08  1.5527185e-06  -1.575766e-05  1.0303075e-06  2.2489294e-06  3.8456077e-06  1.1640157e-06
 -0.00091789741  4.5580007e-05              0  3.7571711e-08 -3.4601578e-06 -3.0394048e-06  -1.575766e-05  0.00045157178  -2.249038e-05 -4.9963817e-05 -8.0156605e-05 -2.5262498e-05
   0.0015093176 -0.00011166053              0  7.4392839e-07   1.048267e-05  9.3296809e-06  1.0303075e-06  -2.249038e-05  4.6157104e-05  9.3210529e-05  0.00014217076   4.525498e-05
   0.0034237415 -0.00025341079              0  2.3615967e-06  2.1557229e-05  1.9670631e-05  2.2489294e-06 -4.9963817e-05  9.3210529e-05  0.00021575952  0.00032283157  0.00010286754
   0.0052303645 -0.00038644796              0  1.6696161e-06  3.2475289e-05  2.9677684e-05  3.8456077e-06 -8.0156605e-05  0.00014217076  0.00032283157  0.00049840199  0.00015705787
   0.0016641286  -0.0001230206              0 -2.0004377e-07  1.0331627e-05  9.4469689e-06  1.1640157e-06 -2.5262498e-05   4.525498e-05  0.00010286754  0.00015705787  5.4297359e-05


# ext. ||   Name    ||   type  ||     Value     ||  Error +/- 

   0   ||Natural mortality || limited ||    0.05530179918685 ||0.003776826511456
   1   ||Targeted q || limited ||      6.930011306107 ||0.3142689739308
   2   ||Nontargeted q || limited ||                   2 ||22.06548931833
   3   ||     sigma || limited ||      2.847555828613 ||0.1394083683863
   4   ||  Biomass1 || limited ||     0.3609656073472 ||0.0355300921257
   5   ||  Biomass2 || limited ||     0.3297824743927 ||0.02897954220885
   6   ||   vm_mean || limited ||     -1.277707399143 ||0.002528818374049
   7   ||  vm_sigma || limited ||      24.92453289989 ||0.556693248643
   8   ||Recruit year 1 || limited ||     0.7862206964962 ||0.04215811796732
   9   ||Recruit year 2 || limited ||      5.152761219303 ||0.2293890584312
  10   ||Recruit year 3 || limited ||       10.4539086387 ||0.4827382332856
  11   ||Recruit year 4 || limited ||      1.450366055981 ||0.0620778025741





