# Minimum negative log likelihood

Minuit did successfully converge.
# of function calls: 963
minimum function Value: 417.402383557
minimum edm: 4.365591081686e-06
minimum internal state vector: LAVector parameters:
    -0.4890619178462
     -1.059974317955
     -1.287002217587
      -1.30166473944
      -1.48263611655
     -1.483775878177
      0.152366343047
    -0.4250242511476
     -1.091525864586
     -1.037128631821
     -1.091028803582
      -1.17097371453

minimum internal covariance matrix: LASymMatrix parameters:
    0.019288414  -0.0014157218              0  7.7876839e-05  0.00024130651  0.00022831444 -1.0258925e-05  0.00019470962   0.0012954348   0.0016326627   0.0010989505   0.0010395704
  -0.0014157218  0.00010570773              0 -5.2223103e-06 -1.8263192e-05 -1.7263105e-05  1.2906883e-06 -2.5030064e-05 -9.5536394e-05 -0.00012004068 -8.0593758e-05 -7.6410538e-05
              0              0              2              0              0              0              0              0              0              0              0              0
  7.7876839e-05 -5.2223103e-06              0  0.00012746669 -1.1604277e-07  8.3127176e-08  4.4565564e-07  6.9447421e-06  6.9271177e-06  6.0309571e-06  4.3321586e-06  3.9670884e-06
  0.00024130651 -1.8263192e-05              0 -1.1604277e-07  4.9037864e-06  4.5101455e-06 -4.3912213e-07  7.1783918e-06  1.6444697e-05   2.046316e-05  1.3704639e-05  1.3028008e-05
  0.00022831444 -1.7263105e-05              0  8.3127176e-08  4.5101455e-06  4.1615605e-06 -4.0142919e-07  6.7413184e-06  1.5553849e-05  1.9358012e-05  1.2964465e-05  1.2328302e-05
 -1.0258925e-05  1.2906883e-06              0  4.4565564e-07 -4.3912213e-07 -4.0142919e-07  6.3639732e-07 -7.9623693e-06 -8.3078687e-07 -9.1102902e-07  -5.933265e-07 -5.4779892e-07
  0.00019470962 -2.5030064e-05              0  6.9447421e-06  7.1783918e-06  6.7413184e-06 -7.9623693e-06  0.00023699269  1.7239915e-05  1.6643717e-05  9.3192348e-06  1.2249179e-05
   0.0012954348 -9.5536394e-05              0  6.9271177e-06  1.6444697e-05  1.5553849e-05 -8.3078687e-07  1.7239915e-05  8.8690286e-05  0.00010964527  7.3711273e-05  6.9792368e-05
   0.0016326627 -0.00012004068              0  6.0309571e-06   2.046316e-05  1.9358012e-05 -9.1102902e-07  1.6643717e-05  0.00010964527  0.00013965356   9.317912e-05  8.7649591e-05
   0.0010989505 -8.0593758e-05              0  4.3321586e-06  1.3704639e-05  1.2964465e-05  -5.933265e-07  9.3192348e-06  7.3711273e-05   9.317912e-05  6.4281363e-05  5.8646487e-05
   0.0010395704 -7.6410538e-05              0  3.9670884e-06  1.3028008e-05  1.2328302e-05 -5.4779892e-07  1.2249179e-05  6.9792368e-05  8.7649591e-05  5.8646487e-05  5.8895328e-05


# ext. ||   Name    ||   type  ||     Value     ||  Error +/- 

   0   ||Natural mortality || limited ||    0.03325505048727 ||0.002163836739241
   1   ||Targeted q || limited ||      6.382853658869 ||0.1777132000488
   2   ||Nontargeted q || limited ||                   2 ||22.06548931833
   3   ||     sigma || limited ||      1.799891705998 ||0.1061348256341
   4   ||  Biomass1 || limited ||      1.941797505169 ||0.06893352716578
   5   ||  Biomass2 || limited ||      1.891945261712 ||0.06268390186348
   6   ||   vm_mean || limited ||     0.4768230270187 ||0.001751613213798
   7   ||  vm_sigma || limited ||      23.50699115716 ||0.3966710771323
   8   ||Recruit year 1 || limited ||      5.642858054428 ||0.1535223509958
   9   ||Recruit year 2 || limited ||      6.961948268185 ||0.2125149685737
  10   ||Recruit year 3 || limited ||      5.654322923843 ||0.1308254217486
  11   ||Recruit year 4 || limited ||      3.953102772833 ||0.1056048857755





