# Minimum negative log likelihood

Minuit did successfully converge.
# of function calls: 902
minimum function Value: 690.3198641215
minimum edm: 9.244776666812e-05
minimum internal state vector: LAVector parameters:
    -0.1596575535866
     -1.014397107323
     -1.287002217587
     -1.047741214053
     -1.463183247213
     -1.470434014235
    -0.4459021610719
     -1.173302989941
     -1.162429043524
    -0.9317329399342
     -1.144656304201
    0.04221338190405
    0.07754109796613
    0.08120425182827
    0.05085485859661

minimum internal covariance matrix: LASymMatrix parameters:
    0.017634041    -0.00113345              0  0.00023442806  0.00016501268    0.000153465  -0.0028079694   0.0014661425   0.0015504077   0.0024218281    0.001512329  0.00010229661    0.000108082  0.00010812524  0.00010277367
    -0.00113345  9.5878884e-05              0 -2.7992677e-05  -1.837404e-05 -1.6539166e-05  0.00011557833 -9.5660635e-05 -0.00010624684 -0.00016011765 -0.00010305763 -4.2837382e-06 -4.2678942e-06 -4.6725323e-06 -5.5936889e-06
              0              0              2              0              0              0              0              0              0              0              0              0              0              0              0
  0.00023442806 -2.7992677e-05              0   0.0004319585  1.0193993e-05  9.6174014e-06  6.2704562e-05  1.6399491e-05  1.5393264e-05  3.3569938e-05  1.5620295e-05  5.9978178e-07 -2.0124325e-06 -2.6441965e-06 -1.6527673e-07
  0.00016501268  -1.837404e-05              0  1.0193993e-05  2.2098892e-05  1.8299875e-05 -1.1143616e-05  1.5768979e-05  1.5610685e-05   2.374631e-05  1.5519906e-05   9.664586e-08  4.9693554e-08 -2.2342032e-08  6.0594148e-07
    0.000153465 -1.6539166e-05              0  9.6174014e-06  1.8299875e-05  1.5366128e-05  -9.539177e-06   1.421769e-05  1.4515892e-05   2.209559e-05  1.4232738e-05   2.095086e-07  9.4184686e-08  4.1433513e-08  5.7012791e-07
  -0.0028079694  0.00011557833              0  6.2704562e-05 -1.1143616e-05  -9.539177e-06   0.0023058428 -0.00022296005 -0.00021179195 -0.00037580646 -0.00023055025 -4.0455338e-05 -4.2128626e-05 -4.3839997e-05 -4.2489894e-05
   0.0014661425 -9.5660635e-05              0  1.6399491e-05  1.5768979e-05   1.421769e-05 -0.00022296005  0.00015070909  0.00012929181   0.0001963617  0.00012713579  7.6996815e-06  9.2661361e-06  8.1729166e-06  8.8261038e-06
   0.0015504077 -0.00010624684              0  1.5393264e-05  1.5610685e-05  1.4515892e-05 -0.00021179195  0.00012929181  0.00018827685  0.00020178062  0.00013316538  8.6727505e-06  7.9836081e-06   9.405688e-06  8.0669817e-06
   0.0024218281 -0.00016011765              0  3.3569938e-05   2.374631e-05   2.209559e-05 -0.00037580646   0.0001963617  0.00020178062  0.00036294134  0.00020863986  1.3545994e-05  1.4269353e-05  1.4566571e-05  1.3969571e-05
    0.001512329 -0.00010305763              0  1.5620295e-05  1.5519906e-05  1.4232738e-05 -0.00023055025  0.00012713579  0.00013316538  0.00020863986  0.00016105154  8.2234623e-06  8.8940001e-06  8.7412374e-06  9.0470675e-06
  0.00010229661 -4.2837382e-06              0  5.9978178e-07   9.664586e-08   2.095086e-07 -4.0455338e-05  7.6996815e-06  8.6727505e-06  1.3545994e-05  8.2234623e-06  3.0425815e-06  1.1285259e-06  1.0697244e-06  9.8535846e-07
    0.000108082 -4.2678942e-06              0 -2.0124325e-06  4.9693554e-08  9.4184686e-08 -4.2128626e-05  9.2661361e-06  7.9836081e-06  1.4269353e-05  8.8940001e-06  1.1285259e-06  3.0860698e-06  1.1493406e-06  1.0759559e-06
  0.00010812524 -4.6725323e-06              0 -2.6441965e-06 -2.2342032e-08  4.1433513e-08 -4.3839997e-05  8.1729166e-06   9.405688e-06  1.4566571e-05  8.7412374e-06  1.0697244e-06  1.1493406e-06  2.1677556e-06  1.0176614e-06
  0.00010277367 -5.5936889e-06              0 -1.6527673e-07  6.0594148e-07  5.7012791e-07 -4.2489894e-05  8.8261038e-06  8.0669817e-06  1.3969571e-05  9.0470675e-06  9.8535846e-07  1.0759559e-06  1.0176614e-06  3.0862765e-06


# ext. ||   Name    ||   type  ||     Value     ||  Error +/- 

   0   ||Natural mortality || limited ||    0.04102549687908 ||0.002314214845512
   1   ||Targeted q || limited ||      7.541885039484 ||0.1828333806214
   2   ||Nontargeted q || limited ||                   2 ||22.06548931833
   3   ||     sigma || limited ||      6.685144639294 ||0.367046577775
   4   ||  Biomass1 || limited ||       2.89235085017 ||0.1785114046629
   5   ||  Biomass2 || limited ||       2.51603546461 ||0.138860272258
   6   ||  vm_sigma || limited ||      22.74983542711 ||1.225136126283
   7   ||Recruit year 1 || limited ||       3.90789817568 ||0.1679996431988
   8   ||Recruit year 2 || limited ||      4.121068040484 ||0.1926262989959
   9   ||Recruit year 3 || limited ||      9.876275919598 ||0.4016856159271
  10   ||Recruit year 4 || limited ||      4.481148538814 ||0.1854452483074
  11   ||Mean Rec dist 1 || limited ||     0.4220084586042 ||0.01232307057579
  12   ||Mean Rec dist 2 || limited ||     0.7746341710613 ||0.01238456708885
  13   ||Mean Rec dist 3 || limited ||     0.8111503600923 ||0.01037663665052
  14   ||Mean Rec dist 4 || limited ||     0.5083294115069 ||0.0124062485562





