# Minimum negative log likelihood

Minuit did successfully converge.
# of function calls: 1636
minimum function Value: 358.005485248
minimum edm: 7.3899528279e-05
minimum internal state vector: LAVector parameters:
    0.03943539173205
     -1.086128584118
     -1.287002217587
     -1.337632403842
      -1.42621840053
     -1.434458328151
    -0.3897005523227
    -0.9411593515789
      -1.27730275363
     -1.198441959003
     -1.365153079526
     0.1021537805543
     0.1097373704049
    0.03775327418592
     0.0596837012288

minimum internal covariance matrix: LASymMatrix parameters:
   0.0014986847  -0.0001036003              0  8.9542104e-06  3.9573055e-05  3.5221345e-05 -0.00031650823  0.00023446233  0.00010352444  0.00013195179  7.1566905e-05  9.5521641e-06  1.0637072e-05  9.9666455e-06  1.2184256e-05
  -0.0001036003   8.107733e-06              0 -1.6277405e-07 -2.7028796e-06 -2.4357029e-06  1.5900415e-05 -1.6582817e-05 -7.4724443e-06 -9.3230216e-06 -5.1866649e-06 -5.2649477e-07 -5.8451473e-07 -6.0535794e-07 -7.4209482e-07
              0              0              2              0              0              0              0              0              0              0              0              0              0              0              0
  8.9542104e-06 -1.6277405e-07              0  7.5018846e-05  2.2900242e-06   1.824411e-06 -9.8121706e-06  9.6062966e-07 -7.9971372e-07  7.0021204e-07  5.2089304e-07  7.8452072e-08  5.4419184e-07  1.4406703e-07  3.5387627e-07
  3.9573055e-05 -2.7028796e-06              0  2.2900242e-06  3.3976074e-06  2.8072493e-06  -1.248098e-05  6.0246524e-06  1.8946333e-06  3.3395922e-06  2.1053774e-06   2.784535e-07  6.2719565e-07  2.6126484e-07  6.3034674e-07
  3.5221345e-05 -2.4357029e-06              0   1.824411e-06  2.8072493e-06  2.3315211e-06 -1.0547331e-05  5.3864936e-06  1.7772924e-06  2.9922347e-06  1.8588878e-06  2.4238145e-07  5.1958104e-07  2.2963312e-07  5.2920467e-07
 -0.00031650823  1.5900415e-05              0 -9.8121706e-06  -1.248098e-05 -1.0547331e-05  0.00029108269 -4.6771452e-05 -1.7670295e-05 -2.6102461e-05 -1.3506732e-05 -4.5358833e-06 -5.2644926e-06 -4.1269523e-06 -6.5135236e-06
  0.00023446233 -1.6582817e-05              0  9.6062966e-07  6.0246524e-06  5.3864936e-06 -4.6771452e-05  3.7794389e-05  1.6396224e-05  2.0739981e-05  1.1265342e-05   1.440265e-06   1.598374e-06  1.5415149e-06  1.8347123e-06
  0.00010352444 -7.4724443e-06              0 -7.9971372e-07  1.8946333e-06  1.7772924e-06 -1.7670295e-05  1.6396224e-05  8.5846306e-06  9.2518538e-06  4.9214412e-06  5.9474093e-07  4.4926393e-07  6.5130353e-07  6.6636452e-07
  0.00013195179 -9.3230216e-06              0  7.0021204e-07  3.3395922e-06  2.9922347e-06 -2.6102461e-05  2.0739981e-05  9.2518538e-06  1.2557341e-05  6.3194692e-06  8.0072378e-07  8.6486853e-07  8.5737584e-07  1.0802432e-06
  7.1566905e-05 -5.1866649e-06              0  5.2089304e-07  2.1053774e-06  1.8588878e-06 -1.3506732e-05  1.1265342e-05  4.9214412e-06  6.3194692e-06  4.9577192e-06  4.0752292e-07  4.8262888e-07  4.2946863e-07  7.0625087e-07
  9.5521641e-06 -5.2649477e-07              0  7.8452072e-08   2.784535e-07  2.4238145e-07 -4.5358833e-06   1.440265e-06  5.9474093e-07  8.0072378e-07  4.0752292e-07    1.47543e-07  1.0926395e-07  8.9256777e-08  1.2279544e-07
  1.0637072e-05 -5.8451473e-07              0  5.4419184e-07  6.2719565e-07  5.1958104e-07 -5.2644926e-06   1.598374e-06  4.4926393e-07  8.6486853e-07  4.8262888e-07  1.0926395e-07   4.858961e-07  9.4467486e-08  1.8050157e-07
  9.9666455e-06 -6.0535794e-07              0  1.4406703e-07  2.6126484e-07  2.2963312e-07 -4.1269523e-06  1.5415149e-06  6.5130353e-07  8.5737584e-07  4.2946863e-07  8.9256777e-08  9.4467486e-08   1.668214e-07  1.0440322e-07
  1.2184256e-05 -7.4209482e-07              0  3.5387627e-07  6.3034674e-07  5.2920467e-07 -6.5135236e-06  1.8347123e-06  6.6636452e-07  1.0802432e-06  7.0625087e-07  1.2279544e-07  1.8050157e-07  1.0440322e-07  5.6076885e-07


# ext. ||   Name    ||   type  ||     Value     ||  Error +/- 

   0   ||Natural mortality || limited ||    0.04598562928003 ||0.0006837354949095
   1   ||Targeted q || limited ||      5.758509929234 ||0.04690407338394
   2   ||Nontargeted q || limited ||                   2 ||22.06548931833
   3   ||     sigma || limited ||      1.352989025288 ||0.07075490914598
   4   ||  Biomass1 || limited ||      5.216597904135 ||0.09389218026085
   5   ||  Biomass2 || limited ||      4.639818685466 ||0.0733745122844
   6   ||  vm_sigma || limited ||      24.80423250724 ||0.4463645448354
   7   ||Recruit year 1 || limited ||      9.596974746037 ||0.1279763066934
   8   ||Recruit year 2 || limited ||      2.147834454075 ||0.0299652396235
   9   ||Recruit year 3 || limited ||      3.435988031924 ||0.04557576486459
  10   ||Recruit year 4 || limited ||      1.063402751328 ||0.01607316837673
  11   ||Mean Rec dist 1 || limited ||      1.019762040606 ||0.002701931446119
  12   ||Mean Rec dist 2 || limited ||      1.095172547667 ||0.004899327542947
  13   ||Mean Rec dist 3 || limited ||     0.3774430647365 ||0.002886033063485
  14   ||Mean Rec dist 4 || limited ||     0.5964827388097 ||0.005285705408461





