# Minimum negative log likelihood

Minuit did successfully converge.
# of function calls: 1025
minimum function Value: 570.1455686052
minimum edm: 2.663951081406e-06
minimum internal state vector: LAVector parameters:
     0.7818079663308
     -1.166603806606
     -1.287002217587
     -1.180957658652
     -1.490103155515
     -1.494044598207
    -0.3323671453921
      -1.01294758166
     -1.257596737014
     -1.420575979811
     -1.099672668554
      0.114181258287
    0.03126189007739
    0.05262766707159
    0.03254629699212

minimum internal covariance matrix: LASymMatrix parameters:
    0.029411221  -0.0017755947              0  2.8097333e-05  0.00037211214  0.00034331686    -0.00351891   0.0035184711   0.0019070313  0.00094644768   0.0028234565  0.00010239693   0.0001128388  0.00010397147   0.0001023286
  -0.0017755947  0.00012741266              0 -1.3982735e-06 -2.6912455e-05 -2.4692976e-05  0.00014530077  -0.0002258943 -0.00012150571 -6.0455304e-05 -0.00018727288 -4.3873048e-06 -6.5308206e-06 -4.5640582e-06 -5.1772475e-06
              0              0              2              0              0              0              0              0              0              0              0              0              0              0              0
  2.8097333e-05 -1.3982735e-06              0  0.00018188269  2.4534885e-06  1.8860312e-06 -1.3307485e-05      4.133e-06   1.111645e-06   8.512129e-07  2.8693104e-06   2.108151e-07  8.7238293e-08  6.0933509e-07  8.5980747e-08
  0.00037211214 -2.6912455e-05              0  2.4534885e-06  1.2045877e-05  1.0462503e-05 -3.2425285e-05   4.797373e-05  2.5635067e-05  1.2833929e-05  3.9371135e-05  8.8798719e-07  1.2409425e-06   1.134166e-06  1.0512229e-06
  0.00034331686 -2.4692976e-05              0  1.8860312e-06  1.0462503e-05   9.157389e-06 -2.9574565e-05  4.4102764e-05  2.3591569e-05  1.1802619e-05  3.6230219e-05  8.2631772e-07  1.1645662e-06  1.0226306e-06  9.7799542e-07
    -0.00351891  0.00014530077              0 -1.3307485e-05 -3.2425285e-05 -2.9574565e-05   0.0024352686 -0.00036256031 -0.00021246744 -0.00010181917 -0.00030013442 -3.5984269e-05 -2.2808299e-05 -3.4528432e-05 -3.5270858e-05
   0.0035184711  -0.0002258943              0      4.133e-06   4.797373e-05  4.4102764e-05 -0.00036256031  0.00044188238   0.0002325723  0.00011568855  0.00034869021  1.0473362e-05     1.3259e-05  1.1681379e-05  1.1446162e-05
   0.0019070313 -0.00012150571              0   1.111645e-06  2.5635067e-05  2.3591569e-05 -0.00021246744   0.0002325723  0.00013705422  6.2285136e-05  0.00018852626  6.0327613e-06  7.3125851e-06  6.5701542e-06  6.4105257e-06
  0.00094644768 -6.0455304e-05              0   8.512129e-07  1.2833929e-05  1.1802619e-05 -0.00010181917  0.00011568855  6.2285136e-05  4.2456008e-05  9.3629983e-05    2.96406e-06  3.5563033e-06  2.9299207e-06  3.1689019e-06
   0.0028234565 -0.00018727288              0  2.8693104e-06  3.9371135e-05  3.6230219e-05 -0.00030013442  0.00034869021  0.00018852626  9.3629983e-05  0.00030162126  8.4726135e-06  1.0695955e-05  8.6624933e-06  9.8253428e-06
  0.00010239693 -4.3873048e-06              0   2.108151e-07  8.8798719e-07  8.2631772e-07 -3.5984269e-05  1.0473362e-05  6.0327613e-06    2.96406e-06  8.4726135e-06  1.5151319e-06  5.8566392e-07   6.411498e-07  6.2231788e-07
   0.0001128388 -6.5308206e-06              0  8.7238293e-08  1.2409425e-06  1.1645662e-06 -2.2808299e-05     1.3259e-05  7.3125851e-06  3.5563033e-06  1.0695955e-05  5.8566392e-07  2.1971647e-06  2.2066285e-07  5.3394386e-07
  0.00010397147 -4.5640582e-06              0  6.0933509e-07   1.134166e-06  1.0226306e-06 -3.4528432e-05  1.1681379e-05  6.5701542e-06  2.9299207e-06  8.6624933e-06   6.411498e-07  2.2066285e-07  8.2234126e-06  5.7593063e-07
   0.0001023286 -5.1772475e-06              0  8.5980747e-08  1.0512229e-06  9.7799542e-07 -3.5270858e-05  1.1446162e-05  6.4105257e-06  3.1689019e-06  9.8253428e-06  6.2231788e-07  5.3394386e-07  5.7593063e-07  1.2095196e-06


# ext. ||   Name    ||   type  ||     Value     ||  Error +/- 

   0   ||Natural mortality || limited ||    0.06261408942054 ||0.00214612597305
   1   ||Targeted q || limited ||      4.028987015643 ||0.1569475911691
   2   ||Nontargeted q || limited ||                   2 ||22.06548931833
   3   ||     sigma || limited ||       3.75148078383 ||0.1812059690651
   4   ||  Biomass1 || limited ||      1.626963869251 ||0.09890976336613
   5   ||  Biomass2 || limited ||      1.471984146995 ||0.08203556916025
   6   ||  vm_sigma || limited ||      26.94940161235 ||1.31911283431
   7   ||Recruit year 1 || limited ||      7.589448653319 ||0.3933706372273
   8   ||Recruit year 2 || limited ||      2.442125045088 ||0.1275117949589
   9   ||Recruit year 3 || limited ||     0.5730374060884 ||0.03447257713283
  10   ||Recruit year 4 || limited ||      5.456513491915 ||0.2786635480799
  11   ||Mean Rec dist 1 || limited ||      1.139333162776 ||0.008647149405197
  12   ||Mean Rec dist 2 || limited ||     0.3125679825527 ||0.01047620459448
  13   ||Mean Rec dist 3 || limited ||     0.5260337687875 ||0.02024925464961
  14   ||Mean Rec dist 4 || limited ||     0.3254055145682 ||0.007772511237372





