# Minimum negative log likelihood

Minuit did successfully converge.
# of function calls: 799
minimum function Value: 298.6453490638
minimum edm: 3.054899904791e-05
minimum internal state vector: LAVector parameters:
    -0.3848586509189
     -1.137111094761
     -1.287002217587
      -1.36876677576
     -1.393369412686
     -1.400994849914
    0.02881914263197
     -1.159647532903
     -1.270610920745
    -0.9879911793808
     -1.231801114945
       -1.1806404014

minimum internal covariance matrix: LASymMatrix parameters:
  0.00026056072 -3.3797262e-05              0   5.750588e-07  1.4066503e-05  1.3286384e-05  2.7292901e-05 -2.8509107e-05  3.5874433e-05  7.3715456e-05  4.0439835e-05  4.7411509e-05
 -3.3797262e-05  6.4447367e-06              0 -4.9634789e-07 -2.5836784e-06 -2.3994006e-06 -2.3902124e-06  1.0357318e-06 -5.0817495e-06 -1.0214434e-05 -5.6204873e-06 -6.8760278e-06
              0              0              2              0              0              0              0              0              0              0              0              0
   5.750588e-07 -4.9634789e-07              0  4.8085685e-05   1.389204e-08   4.985241e-09  2.0739322e-07  2.6175149e-07 -4.4099023e-07  6.2717881e-07  1.9409213e-07   8.907319e-07
  1.4066503e-05 -2.5836784e-06              0   1.389204e-08  1.4743523e-06  1.3259977e-06  9.6014714e-07 -7.9225969e-07  2.1829548e-06  4.2726991e-06  2.2604792e-06  2.7314345e-06
  1.3286384e-05 -2.3994006e-06              0   4.985241e-09  1.3259977e-06  1.2015341e-06  9.3432342e-07 -7.3855211e-07  2.0440793e-06  4.0094003e-06  2.1112878e-06  2.5777696e-06
  2.7292901e-05 -2.3902124e-06              0  2.0739322e-07  9.6014714e-07  9.3432342e-07   4.499963e-06 -5.0126754e-06  3.2604532e-06  7.3471137e-06  4.1673048e-06  4.8583155e-06
 -2.8509107e-05  1.0357318e-06              0  2.6175149e-07 -7.9225969e-07 -7.3855211e-07 -5.0126754e-06  9.6802773e-06 -3.0821509e-06 -7.4280038e-06 -4.0277182e-06 -4.2596189e-06
  3.5874433e-05 -5.0817495e-06              0 -4.4099023e-07  2.1829548e-06  2.0440793e-06  3.2604532e-06 -3.0821509e-06  5.9547141e-06  1.0052477e-05  5.8162484e-06  6.2974386e-06
  7.3715456e-05 -1.0214434e-05              0  6.2717881e-07  4.2726991e-06  4.0094003e-06  7.3471137e-06 -7.4280038e-06  1.0052477e-05  2.1700993e-05  1.1400668e-05  1.3783191e-05
  4.0439835e-05 -5.6204873e-06              0  1.9409213e-07  2.2604792e-06  2.1112878e-06  4.1673048e-06 -4.0277182e-06  5.8162484e-06  1.1400668e-05  7.3173083e-06  7.2651071e-06
  4.7411509e-05 -6.8760278e-06              0   8.907319e-07  2.7314345e-06  2.5777696e-06  4.8583155e-06 -4.2596189e-06  6.2974386e-06  1.3783191e-05  7.2651071e-06  1.0002175e-05


# ext. ||   Name    ||   type  ||     Value     ||  Error +/- 

   0   ||Natural mortality || limited ||    0.03122859345553 ||0.0005289446246627
   1   ||Targeted q || limited ||       4.62883423891 ||0.0377165289538
   2   ||Nontargeted q || limited ||                   2 ||22.06548931833
   3   ||     sigma || limited ||      1.016932495606 ||0.04919462829512
   4   ||  Biomass1 || limited ||      7.849453075439 ||0.0757694376764
   5   ||  Biomass2 || limited ||      7.190832952373 ||0.06549007550444
   6   ||   vm_mean || limited ||     0.0905254746781 ||0.004710411047716
   7   ||  vm_sigma || limited ||      3.334466419885 ||0.03517034867775
   8   ||Recruit year 1 || limited ||      2.245692334829 ||0.02550875216816
   9   ||Recruit year 2 || limited ||      8.263070960169 ||0.09063666296876
  10   ||Recruit year 3 || limited ||      2.855251773962 ||0.03180024237675
  11   ||Recruit year 4 || limited ||      3.767135869576 ||0.04252281611021





