# Minimum negative log likelihood

Minuit did successfully converge.
# of function calls: 1240
minimum function Value: 649.1127693199
minimum edm: 1.246249947601e-05
minimum internal state vector: LAVector parameters:
    -0.7089117975594
    -0.9204223332534
     -1.287002217587
     -1.098051712458
     -1.578567874516
     -1.576445444881
    -0.7920348600809
    -0.1780721650883
    -0.9775960299141
     -1.110723050035
     -1.255388640439
     -1.074214495884

minimum internal covariance matrix: LASymMatrix parameters:
    0.011636793  -0.0038552506              0 -1.6038884e-05 -4.0150115e-05 -2.8134516e-05 -3.4960287e-05  3.1930753e-05   0.0033964578   0.0025478124   0.0015332104   0.0029212109
  -0.0038552506   0.0012988983              0  5.3919456e-06  1.5933627e-05  1.1544024e-05  1.8546628e-05 -0.00010454748  -0.0011270943 -0.00084519555 -0.00050859123 -0.00097050937
              0              0      3.2891693              0              0              0              0              0              0              0              0              0
 -1.6038884e-05  5.3919456e-06              0  0.00027872245  1.7100378e-06  1.6927035e-07  1.5929988e-06 -2.9644221e-05 -2.1582279e-06 -5.6866656e-06  4.0270495e-06 -7.8196494e-06
 -4.0150115e-05  1.5933627e-05              0  1.7100378e-06  1.9097744e-05  6.0914191e-06  2.0806016e-06 -1.4765006e-05 -1.3452152e-05  -9.012872e-06 -4.0131174e-06  -1.045707e-05
 -2.8134516e-05  1.1544024e-05              0  1.6927035e-07  6.0914191e-06  1.1576434e-05  9.3013707e-07 -2.8360389e-05  -6.198051e-06  -6.174242e-06 -3.2956392e-06 -8.0124027e-06
 -3.4960287e-05  1.8546628e-05              0  1.5929988e-06  2.0806016e-06  9.3013707e-07  5.5947785e-06 -5.7658591e-05 -1.1587766e-05 -8.1642402e-06 -4.6014756e-06 -9.0749246e-06
  3.1930753e-05 -0.00010454748              0 -2.9644221e-05 -1.4765006e-05 -2.8360389e-05 -5.7658591e-05   0.0018164268  1.9042938e-05  1.4475067e-05  2.7282535e-06   1.395411e-05
   0.0033964578  -0.0011270943              0 -2.1582279e-06 -1.3452152e-05  -6.198051e-06 -1.1587766e-05  1.9042938e-05   0.0010105294  0.00074459317  0.00044712847  0.00085019978
   0.0025478124 -0.00084519555              0 -5.6866656e-06  -9.012872e-06  -6.174242e-06 -8.1642402e-06  1.4475067e-05  0.00074459317  0.00057269219  0.00033374881  0.00063982534
   0.0015332104 -0.00050859123              0  4.0270495e-06 -4.0131174e-06 -3.2956392e-06 -4.6014756e-06  2.7282535e-06  0.00044712847  0.00033374881  0.00021902202  0.00038433417
   0.0029212109 -0.00097050937              0 -7.8196494e-06  -1.045707e-05 -8.0124027e-06 -9.0749246e-06   1.395411e-05  0.00085019978  0.00063982534  0.00038433417  0.00075070989


# ext. ||   Name    ||   type  ||     Value     ||  Error +/- 

   0   ||Natural mortality || limited ||    0.05234877990084 ||0.008676687398006
   1   ||Targeted q || limited ||      10.20712964637 ||0.7714331807007
   2   ||Nontargeted q || limited ||                   2 ||60.46341380473
   3   ||     sigma || limited ||      5.483903324225 ||0.2687563110425
   4   ||  Biomass1 || limited ||     0.0150991625017 ||0.01200738674231
   5   ||  Biomass2 || limited ||    0.00797811257186 ||0.006795482887678
   6   ||   vm_mean || limited ||     -2.236135471741 ||0.003690707506281
   7   ||  vm_sigma || limited ||      32.91528641843 ||1.18620678615
   8   ||Recruit year 1 || limited ||      8.551350454975 ||0.6281665622252
   9   ||Recruit year 2 || limited ||      5.208481897771 ||0.3756193111065
  10   ||Recruit year 3 || limited ||      2.476253752244 ||0.1622912219816
  11   ||Recruit year 4 || limited ||      6.048586607152 ||0.4614378441313





