# Minimum negative log likelihood

Minuit did successfully converge.
# of function calls: 857
minimum function Value: 668.0733039062
minimum edm: 1.27904826117e-05
minimum internal state vector: LAVector parameters:
    -0.2430149593803
    -0.9438620424159
     -1.287002217587
     -1.075570854776
     -1.558427208649
      -1.55963413338
    -0.3103588935417
    -0.9429114813672
     -1.108840611111
     -1.136287590243
     -1.098615123156
     -1.119494876897

minimum internal covariance matrix: LASymMatrix parameters:
     0.20172891   -0.012906893              0  0.00028925929  0.00016904019  0.00018840885  0.00087971403   -0.002104315    0.010851594     0.01100757     0.01072547    0.010425085
   -0.012906893  0.00085802003              0 -1.0382884e-05 -8.9614236e-06 -1.0760472e-05 -4.0149856e-05  8.7652221e-05 -0.00069517043 -0.00070720407 -0.00068799581 -0.00066787894
              0              0              2              0              0              0              0              0              0              0              0              0
  0.00028925929 -1.0382884e-05              0  0.00031757397  3.2611197e-06  1.8542159e-06  5.0468232e-06 -1.8809036e-05  1.4831556e-05  1.3558131e-05  1.4310871e-05  1.6323788e-05
  0.00016904019 -8.9614236e-06              0  3.2611197e-06  1.3929609e-05  9.8467843e-06  1.9690711e-06 -9.1692177e-06  1.0187825e-05  8.7923833e-06  8.9100022e-06  9.1994609e-06
  0.00018840885 -1.0760472e-05              0  1.8542159e-06  9.8467843e-06  7.4875235e-06  1.6370909e-06 -5.9895868e-06  1.0685435e-05  9.8975598e-06  9.9337383e-06  9.9889117e-06
  0.00087971403 -4.0149856e-05              0  5.0468232e-06  1.9690711e-06  1.6370909e-06  1.7380003e-05 -4.3237774e-05  4.7023887e-05   4.638358e-05  4.5890586e-05  4.5011424e-05
   -0.002104315  8.7652221e-05              0 -1.8809036e-05 -9.1692177e-06 -5.9895868e-06 -4.3237774e-05  0.00021669209 -0.00011256547 -0.00011051195 -0.00010937368 -0.00010823489
    0.010851594 -0.00069517043              0  1.4831556e-05  1.0187825e-05  1.0685435e-05  4.7023887e-05 -0.00011256547  0.00059909097  0.00059240858  0.00057736216  0.00055966098
     0.01100757 -0.00070720407              0  1.3558131e-05  8.7923833e-06  9.8975598e-06   4.638358e-05 -0.00011051195  0.00059240858   0.0006161067  0.00058542603  0.00056800615
     0.01072547 -0.00068799581              0  1.4310871e-05  8.9100022e-06  9.9337383e-06  4.5890586e-05 -0.00010937368  0.00057736216  0.00058542603  0.00058539438  0.00055363371
    0.010425085 -0.00066787894              0  1.6323788e-05  9.1994609e-06  9.9889117e-06  4.5011424e-05 -0.00010823489  0.00055966098  0.00056800615  0.00055363371  0.00055649665


# ext. ||   Name    ||   type  ||     Value     ||  Error +/- 

   0   ||Natural mortality || limited ||    0.03898424784565 ||0.00757759537632
   1   ||Targeted q || limited ||      9.508507069762 ||0.6075229719799
   2   ||Nontargeted q || limited ||                   2 ||22.06548931833
   3   ||     sigma || limited ||      6.006920943806 ||0.2994124506556
   4   ||  Biomass1 || limited ||    0.03824828327365 ||0.01632118276818
   5   ||  Biomass2 || limited ||    0.03114831704726 ||0.01079852302954
   6   ||   vm_mean || limited ||    -0.9594436629626 ||0.008818572907929
   7   ||  vm_sigma || limited ||      7.630031351774 ||0.2445752902516
   8   ||Recruit year 1 || limited ||      5.250348503616 ||0.3856369187938
   9   ||Recruit year 2 || limited ||      4.655687565495 ||0.3693712282673
  10   ||Recruit year 3 || limited ||      5.480536347602 ||0.3890126009871
  11   ||Recruit year 4 || limited ||      5.015486696931 ||0.3637020059288





