# Minimum negative log likelihood

Minuit did successfully converge.
# of function calls: 1196
minimum function Value: 550.4405718682
minimum edm: 4.629342126827e-05
minimum internal state vector: LAVector parameters:
     0.9013744055436
     -1.206794336491
     -1.287002217587
     -1.199194385852
     -1.413612284597
     -1.421205255507
    -0.7477229795699
    -0.9396184943721
    -0.9488328891684
    -0.9623594805508
     -1.074229228517
    0.02353295600863
     0.1163021304265
     0.1148760101997
    0.07395500398169

minimum internal covariance matrix: LASymMatrix parameters:
    0.022840436  -0.0012103528              0   4.087811e-05    0.000521418  0.00049036542  -0.0016761198   0.0030420219   0.0029904151   0.0029139859   0.0023815296  0.00012288328  0.00010704055  9.8156021e-05  0.00013477931
  -0.0012103528  7.2185074e-05              0 -9.5123913e-07 -3.1037082e-05 -2.9119899e-05  7.0665788e-05 -0.00016842899 -0.00016594547 -0.00016174793  -0.0001345578 -5.6361704e-06 -4.7706839e-06 -4.3937824e-06 -6.6098381e-06
              0              0              2              0              0              0              0              0              0              0              0              0              0              0              0
   4.087811e-05 -9.5123913e-07              0   0.0001784659 -1.4436021e-06 -1.0832371e-06 -6.7679554e-06  4.3452193e-06  4.4143272e-06  4.6221369e-06  4.2679159e-06  6.4609451e-07 -3.0724745e-07 -4.3046363e-07  1.6115897e-06
    0.000521418 -3.1037082e-05              0 -1.4436021e-06  1.9400282e-05  1.7471111e-05 -3.6313207e-05  7.3259744e-05  7.1254236e-05  6.9146289e-05   5.774567e-05  2.3484882e-06  2.2258466e-06  1.9056373e-06  2.8256064e-06
  0.00049036542 -2.9119899e-05              0 -1.0832371e-06  1.7471111e-05  1.5851237e-05 -3.3228198e-05  6.8665801e-05  6.6952763e-05  6.5012917e-05  5.4254129e-05  2.2411336e-06  2.0738404e-06  1.8004905e-06  2.7081923e-06
  -0.0016761198  7.0665788e-05              0 -6.7679554e-06 -3.6313207e-05 -3.3228198e-05  0.00046712752 -0.00020398952 -0.00019631585 -0.00019157434 -0.00016043709  -1.580457e-05 -1.5837509e-05 -1.5360582e-05 -1.7456674e-05
   0.0030420219 -0.00016842899              0  4.3452193e-06  7.3259744e-05  6.8665801e-05 -0.00020398952  0.00042413907  0.00040482939  0.00039486058   0.0003237857  1.5571872e-05  1.3372208e-05   1.231669e-05  1.7344587e-05
   0.0029904151 -0.00016594547              0  4.4143272e-06  7.1254236e-05  6.6952763e-05 -0.00019631585  0.00040482939  0.00041016965  0.00038781476   0.0003197545  1.5144787e-05  1.2376891e-05  1.2017708e-05   1.693202e-05
   0.0029139859 -0.00016174793              0  4.6221369e-06  6.9146289e-05  6.5012917e-05 -0.00019157434  0.00039486058  0.00038781476  0.00039004726  0.00031134881  1.4741791e-05  1.2738608e-05  1.0911115e-05  1.6584408e-05
   0.0023815296  -0.0001345578              0  4.2679159e-06   5.774567e-05  5.4254129e-05 -0.00016043709   0.0003237857   0.0003197545  0.00031134881  0.00027689997  1.1987016e-05  1.0317085e-05  9.3718152e-06  1.4532744e-05
  0.00012288328 -5.6361704e-06              0  6.4609451e-07  2.3484882e-06  2.2411336e-06  -1.580457e-05  1.5571872e-05  1.5144787e-05  1.4741791e-05  1.1987016e-05  1.3426444e-06  7.5154926e-07  6.6405157e-07  9.0057121e-07
  0.00010704055 -4.7706839e-06              0 -3.0724745e-07  2.2258466e-06  2.0738404e-06 -1.5837509e-05  1.3372208e-05  1.2376891e-05  1.2738608e-05  1.0317085e-05  7.5154926e-07   1.788214e-06   7.189596e-07  7.7022916e-07
  9.8156021e-05 -4.3937824e-06              0 -4.3046363e-07  1.9056373e-06  1.8004905e-06 -1.5360582e-05   1.231669e-05  1.2017708e-05  1.0911115e-05  9.3718152e-06  6.6405157e-07   7.189596e-07  1.7533864e-06  7.4497033e-07
  0.00013477931 -6.6098381e-06              0  1.6115897e-06  2.8256064e-06  2.7081923e-06 -1.7456674e-05  1.7344587e-05   1.693202e-05  1.6584408e-05  1.4532744e-05  9.0057121e-07  7.7022916e-07  7.4497033e-07  2.8240696e-06


# ext. ||   Name    ||   type  ||     Value     ||  Error +/- 

   0   ||Natural mortality || limited ||    0.06460451284241 ||0.00165468369741
   1   ||Targeted q || limited ||       3.27602326211 ||0.1069415939822
   2   ||Nontargeted q || limited ||                   2 ||22.06548931833
   3   ||     sigma || limited ||      3.412656849401 ||0.1714993951427
   4   ||  Biomass1 || limited ||      6.163999017789 ||0.2437681512701
   5   ||  Biomass2 || limited ||      5.583947597529 ||0.2097832144126
   6   ||  vm_sigma || limited ||      12.80200303054 ||0.4482145863321
   7   ||Recruit year 1 || limited ||      9.642384955615 ||0.4296087185788
   8   ||Recruit year 2 || limited ||      9.372260564647 ||0.4171313719469
   9   ||Recruit year 3 || limited ||      8.981977911553 ||0.3990591698146
  10   ||Recruit year 4 || limited ||      6.048235698732 ||0.2802489147502
  11   ||Mean Rec dist 1 || limited ||     0.2353078397686 ||0.00819115584758
  12   ||Mean Rec dist 2 || limited ||      1.160401203233 ||0.009391843726027
  13   ||Mean Rec dist 3 || limited ||       1.14623516691 ||0.009301475474583
  14   ||Mean Rec dist 4 || limited ||     0.7388760820572 ||0.01185042326897





