# Minimum negative log likelihood

Minuit did successfully converge.
# of function calls: 1026
minimum function Value: 573.7081162983
minimum edm: 3.430127461121e-05
minimum internal state vector: LAVector parameters:
     0.6549533549392
     -1.271402137492
     -1.287002217587
     -1.177570751083
     -1.448202100413
     -1.451525488809
    -0.4776465166245
      -1.16164734537
     -1.279471117325
     -1.166893971114
     -0.944465272452
    0.09799871384755
     0.1166283075727
    0.07637635523086
    0.04759932186845

minimum internal covariance matrix: LASymMatrix parameters:
     0.03108455  -0.0026231423              0 -2.9976955e-05   0.0010999838   0.0010533396  -0.0048457332   0.0047037217   0.0033041877   0.0046832632   0.0071689442  0.00016055383   0.0001382268  0.00017788029  0.00017162899
  -0.0026231423  0.00025001326              0 -6.3586451e-06 -0.00010707377 -0.00010193366  0.00032615834 -0.00042034425 -0.00029410109  -0.0004179028  -0.0006540195 -1.1128883e-05    -1.0091e-05 -1.2562534e-05 -1.3310082e-05
              0              0              2              0              0              0              0              0              0              0              0              0              0              0              0
 -2.9976955e-05 -6.3586451e-06              0  0.00021257802  1.0716792e-06  1.1446376e-06   2.071055e-05  2.4463085e-06 -1.2394565e-06  1.1135923e-06  9.5415519e-06   5.020804e-07 -3.5745874e-07 -1.6981709e-06 -1.6940985e-07
   0.0010999838 -0.00010707377              0  1.0716792e-06  5.6162869e-05  5.2226418e-05 -0.00013384808  0.00017911491  0.00012508564  0.00017758585  0.00027847331  4.0754097e-06  3.8674669e-06  5.1559004e-06  5.5491575e-06
   0.0010533396 -0.00010193366              0  1.1446376e-06  5.2226418e-05  4.8759858e-05 -0.00012890638  0.00017080321  0.00011937649  0.00016949411  0.00026555219  4.0234442e-06  3.7632351e-06  4.9490818e-06  5.3259791e-06
  -0.0048457332  0.00032615834              0   2.071055e-05 -0.00013384808 -0.00012890638   0.0035234559 -0.00065950063 -0.00045948881 -0.00065567947  -0.0010103022 -5.4353293e-05 -3.0152681e-05 -5.4150884e-05 -6.0617149e-05
   0.0047037217 -0.00042034425              0  2.4463085e-06  0.00017911491  0.00017080321 -0.00065950063  0.00074491534  0.00051217359  0.00072773087   0.0011257694  2.1069441e-05  1.9609654e-05  2.4819327e-05  2.4996651e-05
   0.0033041877 -0.00029410109              0 -1.2394565e-06  0.00012508564  0.00011937649 -0.00045948881  0.00051217359  0.00037392396  0.00051066397  0.00078906113  1.5193067e-05  1.1455712e-05  1.7816504e-05  1.7713341e-05
   0.0046832632  -0.0004179028              0  1.1135923e-06  0.00017758585  0.00016949411 -0.00065567947  0.00072773087  0.00051066397  0.00073690566   0.0011199765  2.1899307e-05  1.8922346e-05  2.4312675e-05  2.5199641e-05
   0.0071689442  -0.0006540195              0  9.5415519e-06  0.00027847331  0.00026555219  -0.0010103022   0.0011257694  0.00078906113   0.0011199765   0.0017647881  3.3306295e-05   2.914853e-05   3.710989e-05  3.9033849e-05
  0.00016055383 -1.1128883e-05              0   5.020804e-07  4.0754097e-06  4.0234442e-06 -5.4353293e-05  2.1069441e-05  1.5193067e-05  2.1899307e-05  3.3306295e-05  4.6583759e-06  1.0368514e-06  1.3889765e-06  1.1333896e-06
   0.0001382268    -1.0091e-05              0 -3.5745874e-07  3.8674669e-06  3.7632351e-06 -3.0152681e-05  1.9609654e-05  1.1455712e-05  1.8922346e-05   2.914853e-05  1.0368514e-06  9.8237863e-06   1.198593e-06  8.4986172e-07
  0.00017788029 -1.2562534e-05              0 -1.6981709e-06  5.1559004e-06  4.9490818e-06 -5.4150884e-05  2.4819327e-05  1.7816504e-05  2.4312675e-05   3.710989e-05  1.3889765e-06   1.198593e-06  3.9209502e-06  1.2277999e-06
  0.00017162899 -1.3310082e-05              0 -1.6940985e-07  5.5491575e-06  5.3259791e-06 -6.0617149e-05  2.4996651e-05  1.7713341e-05  2.5199641e-05  3.9033849e-05  1.1333896e-06  8.4986172e-07  1.2277999e-06  2.3823132e-06


# ext. ||   Name    ||   type  ||     Value     ||  Error +/- 

   0   ||Natural mortality || limited ||    0.06022805627245 ||0.002465396229728
   1   ||Targeted q || limited ||      2.224232844512 ||0.1648781928537
   2   ||Nontargeted q || limited ||                   2 ||22.06548931833
   3   ||     sigma || limited ||      3.816103803168 ||0.1975139433698
   4   ||  Biomass1 || limited ||       3.75263258428 ||0.3240106059958
   5   ||  Biomass2 || limited ||       3.55216924326 ||0.293757229166
   6   ||  vm_sigma || limited ||      21.61311501344 ||1.490555617862
   7   ||Recruit year 1 || limited ||      4.136601567896 ||0.3838258150992
   8   ||Recruit year 2 || limited ||      2.116584940304 ||0.1963392652306
   9   ||Recruit year 3 || limited ||      4.032880878918 ||0.3771326173463
  10   ||Recruit year 4 || limited ||      9.499870664267 ||0.8704065815664
  11   ||Mean Rec dist 1 || limited ||      0.978419299948 ||0.01518844542353
  12   ||Mean Rec dist 2 || limited ||        1.1636408781 ||0.02201221308284
  13   ||Mean Rec dist 3 || limited ||      0.763021219137 ||0.01396087349833
  14   ||Mean Rec dist 4 || limited ||     0.4758134964345 ||0.01090164831598





