# Minimum negative log likelihood

WARNING: Minuit did not converge.

# of function calls: 721
minimum function Value: 616.6748442016
minimum edm: 7.199282724761
minimum internal state vector: LAVector parameters:
     0.3982323037922
     -1.011536973301
     -1.287002217587
     -1.138795251395
     -1.555132987124
      -1.55661564893
    -0.3300702158593
    -0.4846960836411
     -1.177124924425
     -1.054951043805
     -1.144251970701
     -1.122803383304

minimum internal covariance matrix: LASymMatrix parameters:
      1.0015248 -7.0897945e-05              0 -0.00050097998 -2.4108982e-05 -1.5624767e-05 -1.0599456e-05  0.00038137314  6.1501762e-05  0.00010103889  9.8312012e-05  3.9048379e-05
 -7.0897945e-05       1.000072              0  1.9118498e-05   1.406939e-06  1.0198514e-06  4.9116013e-06 -6.4144307e-05 -8.3664171e-06 -9.3431332e-06 -4.2585768e-06 -6.2129722e-06
              0              0      3.0000535              0              0              0              0              0              0              0              0              0
 -0.00050097998  1.9118498e-05              0       1.000002 -1.1572728e-06   2.830031e-06 -1.1774673e-06  0.00020740328 -5.7415991e-05 -3.7765933e-05 -2.5808022e-05 -3.8495735e-05
 -2.4108982e-05   1.406939e-06              0 -1.1572728e-06      1.0000545  1.0243065e-06   3.364224e-07 -2.0177129e-06 -2.0566753e-06 -2.0779536e-06 -1.7688463e-06 -1.3269279e-06
 -1.5624767e-05  1.0198514e-06              0   2.830031e-06  1.0243065e-06      1.0000544  3.0295801e-07 -4.1598378e-06 -1.0204946e-06 -1.4906038e-06 -1.2862139e-06 -5.8715773e-07
 -1.0599456e-05  4.9116013e-06              0 -1.1774673e-06   3.364224e-07  3.0295801e-07      1.0000582 -4.1435356e-05  8.7724241e-08 -2.7565911e-06 -3.0416265e-06 -1.4162599e-06
  0.00038137314 -6.4144307e-05              0  0.00020740328 -2.0177129e-06 -4.1598378e-06 -4.1435356e-05      1.0007166  4.1345072e-05  4.8388626e-05  4.7120957e-05  3.3456383e-05
  6.1501762e-05 -8.3664171e-06              0 -5.7415991e-05 -2.0566753e-06 -1.0204946e-06  8.7724241e-08  4.1345072e-05       1.000062  2.2973093e-06  4.2718705e-06 -1.6443192e-06
  0.00010103889 -9.3431332e-06              0 -3.7765933e-05 -2.0779536e-06 -1.4906038e-06 -2.7565911e-06  4.8388626e-05  2.2973093e-06      1.0000918 -1.1650334e-05  7.8077498e-06
  9.8312012e-05 -4.2585768e-06              0 -2.5808022e-05 -1.7688463e-06 -1.2862139e-06 -3.0416265e-06  4.7120957e-05  4.2718705e-06 -1.1650334e-05      1.0000958   7.252606e-07
  3.9048379e-05 -6.2129722e-06              0 -3.8495735e-05 -1.3269279e-06 -5.8715773e-07 -1.4162599e-06  3.3456383e-05 -1.6443192e-06  7.8077498e-06   7.252606e-07      1.0000616


# ext. ||   Name    ||   type  ||     Value     ||  Error +/- 

   0   ||Natural mortality || limited ||    0.05469473946783 ||0.01497947613884
   1   ||Targeted q || limited ||       7.61758501024 ||17.23403447022
   2   ||Nontargeted q || limited ||                   2 ||59.27472162576
   3   ||     sigma || limited ||      4.593512978116 ||13.59979923167
   4   ||  Biomass1 || limited ||    0.06133379842166 ||119.8692599686
   5   ||  Biomass2 || limited ||    0.05027206372626 ||119.871899173
   6   ||   vm_mean || limited ||     -1.018219882071 ||1.93077277487
   7   ||  vm_sigma || limited ||      21.36315414043 ||22.99890912672
   8   ||Recruit year 1 || limited ||      3.834267293177 ||12.45851118458
   9   ||Recruit year 2 || limited ||      6.515545375177 ||16.02133685945
  10   ||Recruit year 3 || limited ||      4.489508171118 ||13.43781445075
  11   ||Recruit year 4 || limited ||      4.943592163987 ||14.06870421648



WARNING: FunctionMinimum is invalid: 
	 Edm is above max


