# Minimum negative log likelihood

Minuit did successfully converge.
# of function calls: 1011
minimum function Value: 578.2421634789
minimum edm: 3.243089616024e-07
minimum internal state vector: LAVector parameters:
     0.9368882659032
     -1.197822497013
     -1.287002217587
     -1.173191449937
     -1.458107612625
     -1.463565208976
    -0.4268243483705
     -1.464130275741
     -1.230477845124
    -0.9186702931705
     -1.145040568575
     0.1014710317887
     0.1030143523218
    0.04393950772742
    0.06953307327351

minimum internal covariance matrix: LASymMatrix parameters:
    0.042776577  -0.0024069291              0 -6.0933963e-05  0.00077807698  0.00072045434  -0.0045045068  0.00098073672   0.0029701378   0.0058255502    0.003759762   0.0001656089  0.00014044759  0.00016012706    0.000162912
  -0.0024069291   0.0001567003              0  3.0984797e-06 -5.1131983e-05 -4.7123838e-05  0.00018508258 -5.8404043e-05 -0.00017772792 -0.00034743541 -0.00022994631 -8.2314791e-06 -5.9447215e-06  -7.275088e-06 -8.6659149e-06
              0              0              2              0              0              0              0              0              0              0              0              0              0              0              0
 -6.0933963e-05  3.0984797e-06              0  0.00020617477 -3.1550882e-06 -2.6000769e-06  2.3159182e-06 -9.3707719e-07 -3.6477278e-06 -7.1908508e-06 -5.2017229e-06  3.2598239e-06 -3.4306712e-07  8.9504562e-08  4.1587759e-07
  0.00077807698 -5.1131983e-05              0 -3.1550882e-06  2.4351701e-05  2.1716772e-05 -5.8214199e-05  1.9959888e-05  5.8126868e-05  0.00011313624   7.502182e-05   1.290133e-06  1.8300869e-06  2.2489299e-06  2.6951343e-06
  0.00072045434 -4.7123838e-05              0 -2.6000769e-06  2.1716772e-05  1.9467062e-05 -5.4664965e-05  1.8262964e-05  5.3676576e-05  0.00010451275   6.925281e-05  1.4762023e-06  1.7177765e-06  2.1102714e-06  2.5183915e-06
  -0.0045045068  0.00018508258              0  2.3159182e-06 -5.8214199e-05 -5.4664965e-05   0.0022457166  -9.271038e-05 -0.00027122202 -0.00054516422 -0.00034132493 -2.5883148e-05 -3.5505814e-05 -3.8278978e-05  -3.474456e-05
  0.00098073672 -5.8404043e-05              0 -9.3707719e-07  1.9959888e-05  1.8262964e-05  -9.271038e-05  3.6169512e-05   6.942562e-05  0.00013708179  8.9005749e-05 -1.8689878e-06  3.0664822e-06  3.3760852e-06  3.7526841e-06
   0.0029701378 -0.00017772792              0 -3.6477278e-06  5.8126868e-05  5.3676576e-05 -0.00027122202   6.942562e-05  0.00022332921  0.00041468009  0.00027038663  1.1021185e-05  8.2542186e-06  1.0268319e-05  1.1074423e-05
   0.0058255502 -0.00034743541              0 -7.1908508e-06  0.00011313624  0.00010451275 -0.00054516422  0.00013708179  0.00041468009  0.00082558818  0.00052951915  2.1548051e-05  1.7371476e-05  2.0315881e-05   2.183078e-05
    0.003759762 -0.00022994631              0 -5.2017229e-06   7.502182e-05   6.925281e-05 -0.00034132493  8.9005749e-05  0.00027038663  0.00052951915  0.00036945717  1.4611035e-05  1.0388703e-05  1.2712843e-05  1.5283323e-05
   0.0001656089 -8.2314791e-06              0  3.2598239e-06   1.290133e-06  1.4762023e-06 -2.5883148e-05 -1.8689878e-06  1.1021185e-05  2.1548051e-05  1.4611035e-05  4.7336508e-05  3.9541321e-07  8.0609293e-07  1.1834215e-06
  0.00014044759 -5.9447215e-06              0 -3.4306712e-07  1.8300869e-06  1.7177765e-06 -3.5505814e-05  3.0664822e-06  8.2542186e-06  1.7371476e-05  1.0388703e-05  3.9541321e-07  3.2809189e-06  8.1346918e-07  5.8163036e-07
  0.00016012706  -7.275088e-06              0  8.9504562e-08  2.2489299e-06  2.1102714e-06 -3.8278978e-05  3.3760852e-06  1.0268319e-05  2.0315881e-05  1.2712843e-05  8.0609293e-07  8.1346918e-07  1.3316247e-06   8.303717e-07
    0.000162912 -8.6659149e-06              0  4.1587759e-07  2.6951343e-06  2.5183915e-06  -3.474456e-05  3.7526841e-06  1.1074423e-05   2.183078e-05  1.5283323e-05  1.1834215e-06  5.8163036e-07   8.303717e-07  2.6747464e-06


# ext. ||   Name    ||   type  ||     Value     ||  Error +/- 

   0   ||Natural mortality || limited ||    0.06514297325287 ||0.002157839316741
   1   ||Targeted q || limited ||      3.437607907085 ||0.1612673387666
   2   ||Nontargeted q || limited ||                   2 ||22.06548931833
   3   ||     sigma || limited ||      3.900447194495 ||0.1965681671356
   4   ||  Biomass1 || limited ||      3.171328452135 ||0.1961912560779
   5   ||  Biomass2 || limited ||      2.871874717041 ||0.1669524254153
   6   ||  vm_sigma || limited ||       23.4414211232 ||1.219868874747
   7   ||Recruit year 1 || limited ||     0.2941431570421 ||0.02263518017505
   8   ||Recruit year 2 || limited ||      2.877292832456 ||0.1763380743488
   9   ||Recruit year 3 || limited ||      10.26920629104 ||0.6164026430721
  10   ||Recruit year 4 || limited ||      4.473210735074 ||0.2806337948166
  11   ||Mean Rec dist 1 || limited ||      1.012969908595 ||0.04839959456524
  12   ||Mean Rec dist 2 || limited ||      1.028322516617 ||0.01274013951386
  13   ||Mean Rec dist 3 || limited ||     0.4392537023496 ||0.008151855861221
  14   ||Mean Rec dist 4 || limited ||     0.6947705650691 ||0.01153653764682





