# Minimum negative log likelihood

Minuit did successfully converge.
# of function calls: 989
minimum function Value: 597.827213114
minimum edm: 2.139076280772e-05
minimum internal state vector: LAVector parameters:
    -0.6509142163172
      -1.00195495243
     -1.287002217587
     -1.153719596359
     -1.541462856103
     -1.542687955524
    -0.3602586954912
     -1.125304879377
     -1.078251954561
      -1.01930850096
     -1.019455225049
     -1.247949557207

minimum internal covariance matrix: LASymMatrix parameters:
    0.001193013 -0.00038238942              0  1.2187902e-05  1.5284265e-05  1.4196779e-05  3.7028043e-05 -5.2238876e-05  0.00036269719  0.00038514385  0.00044163167  0.00023722975
 -0.00038238942  0.00016877346              0  -6.718412e-06 -5.8387622e-06  -6.570888e-06  9.9975861e-06 -1.5717391e-05 -0.00012407596 -0.00013043601  -0.0001514904 -7.9469587e-05
              0              0              2              0              0              0              0              0              0              0              0              0
  1.2187902e-05  -6.718412e-06              0  0.00021151999  4.4146532e-06   3.069453e-06   2.673696e-06  5.4832055e-06  9.4592698e-07  4.4233808e-06   6.235636e-06  2.6939062e-06
  1.5284265e-05 -5.8387622e-06              0  4.4146532e-06  1.1754081e-05  8.1542455e-06  -3.098537e-07 -8.6320809e-07  6.3893582e-06  4.4157303e-06  5.6329575e-06   2.713639e-06
  1.4196779e-05  -6.570888e-06              0   3.069453e-06  8.1542455e-06  6.2499994e-06 -4.9670697e-07  1.0159472e-06  5.1924628e-06  4.4116739e-06  5.5240002e-06  2.6454955e-06
  3.7028043e-05  9.9975861e-06              0   2.673696e-06  -3.098537e-07 -4.9670697e-07  1.6852985e-05  -1.895645e-05  7.3662744e-06  8.3433057e-06  8.7255545e-06  5.3443018e-06
 -5.2238876e-05 -1.5717391e-05              0  5.4832055e-06 -8.6320809e-07  1.0159472e-06  -1.895645e-05  4.7015564e-05 -1.1061808e-05 -1.3117561e-05 -1.1675548e-05 -8.3604148e-06
  0.00036269719 -0.00012407596              0  9.4592698e-07  6.3893582e-06  5.1924628e-06  7.3662744e-06 -1.1061808e-05  0.00012534781  0.00011843016  0.00013360342  7.2076431e-05
  0.00038514385 -0.00013043601              0  4.4233808e-06  4.4157303e-06  4.4116739e-06  8.3433057e-06 -1.3117561e-05  0.00011843016  0.00013548513  0.00014457578  7.5785212e-05
  0.00044163167  -0.0001514904              0   6.235636e-06  5.6329575e-06  5.5240002e-06  8.7255545e-06 -1.1675548e-05  0.00013360342  0.00014457578  0.00017810643  8.8194729e-05
  0.00023722975 -7.9469587e-05              0  2.6939062e-06   2.713639e-06  2.6454955e-06  5.3443018e-06 -8.3604148e-06  7.2076431e-05  7.5785212e-05  8.8194729e-05  6.0763161e-05


# ext. ||   Name    ||   type  ||     Value     ||  Error +/- 

   0   ||Natural mortality || limited ||    0.05911290817075 ||0.002914152913679
   1   ||Targeted q || limited ||      7.873717927095 ||0.2474073882472
   2   ||Nontargeted q || limited ||                   2 ||22.06548931833
   3   ||     sigma || limited ||      4.286148453188 ||0.2082927009986
   4   ||  Biomass1 || limited ||     0.2150977015948 ||0.03555085810372
   5   ||  Biomass2 || limited ||     0.1975071294811 ||0.02484123933619
   6   ||   vm_mean || limited ||     -1.107462724452 ||0.008534112172351
   7   ||  vm_sigma || limited ||      3.904990839848 ||0.08356734532875
   8   ||Recruit year 1 || limited ||      5.952777841537 ||0.1871572130387
   9   ||Recruit year 2 || limited ||       7.42196316962 ||0.2155988953064
  10   ||Recruit year 3 || limited ||      7.418120170949 ||0.2471356328601
  11   ||Recruit year 4 || limited ||      2.592937958953 ||0.08742893561659





