# Minimum negative log likelihood

Minuit did successfully converge.
# of function calls: 842
minimum function Value: 627.7450826065
minimum edm: 4.431412385428e-06
minimum internal state vector: LAVector parameters:
    -0.2458604904115
    -0.9698905435382
     -1.287002217587
     -1.122128752673
     -1.557994970687
     -1.558603684895
    -0.5638122921696
     -0.238387869144
     -1.150739201472
     -1.430903924086
     -1.034873043876
     -1.317135536476

minimum internal covariance matrix: LASymMatrix parameters:
     0.11757356  -0.0090098516              0  2.3399348e-05  0.00024449799  0.00020727872 -0.00026749879   0.0042669694   0.0070157823   0.0022160995   0.0065640904    0.003698411
  -0.0090098516  0.00070814696              0 -2.1824985e-06 -1.8695343e-05 -1.5972969e-05  2.6730876e-05 -0.00041814033 -0.00053923861 -0.00017071195 -0.00050463499 -0.00028426496
              0              0              2              0              0              0              0              0              0              0              0              0
  2.3399348e-05 -2.1824985e-06              0  0.00026098448  1.9420906e-06  1.4236811e-06 -1.3683278e-06  -2.924791e-05  -4.974378e-07  2.2837618e-06  1.6129936e-06  2.0623807e-06
  0.00024449799 -1.8695343e-05              0  1.9420906e-06   1.703321e-05  1.2545499e-05  -3.732342e-07 -1.1918399e-05  1.5935459e-05  3.8079589e-06   1.432998e-05  7.1518214e-06
  0.00020727872 -1.5972969e-05              0  1.4236811e-06  1.2545499e-05  9.6185325e-06 -3.8594822e-07 -3.6832839e-06  1.3153778e-05  3.3444245e-06  1.2066134e-05  5.9928621e-06
 -0.00026749879  2.6730876e-05              0 -1.3683278e-06  -3.732342e-07 -3.8594822e-07  7.0770941e-06 -9.7162277e-05 -1.6262159e-05 -5.1721769e-06 -1.5141872e-05 -8.5021727e-06
   0.0042669694 -0.00041814033              0  -2.924791e-05 -1.1918399e-05 -3.6832839e-06 -9.7162277e-05    0.002733602  0.00025763374  8.1061781e-05  0.00024376238  0.00012708063
   0.0070157823 -0.00053923861              0  -4.974378e-07  1.5935459e-05  1.3153778e-05 -1.6262159e-05  0.00025763374  0.00043162276  0.00013226719  0.00039186849  0.00022042678
   0.0022160995 -0.00017071195              0  2.2837618e-06  3.8079589e-06  3.3444245e-06 -5.1721769e-06  8.1061781e-05  0.00013226719  5.4737203e-05  0.00012368677  7.0029846e-05
   0.0065640904 -0.00050463499              0  1.6129936e-06   1.432998e-05  1.2066134e-05 -1.5141872e-05  0.00024376238  0.00039186849  0.00012368677  0.00037898326  0.00020647237
    0.003698411 -0.00028426496              0  2.0623807e-06  7.1518214e-06  5.9928621e-06 -8.5021727e-06  0.00012708063  0.00022042678  7.0029846e-05  0.00020647237  0.00012786993


# ext. ||   Name    ||   type  ||     Value     ||  Error +/- 

   0   ||Natural mortality || limited ||     0.0389152242812 ||0.005821782223963
   1   ||Targeted q || limited ||      8.758808364465 ||0.5319111043718
   2   ||Nontargeted q || limited ||                   2 ||22.06548931833
   3   ||     sigma || limited ||      4.948706889672 ||0.2477466414363
   4   ||  Biomass1 || limited ||    0.04096812007637 ||0.01867870480965
   5   ||  Biomass2 || limited ||    0.03716466871406 ||0.01336891384926
   6   ||   vm_mean || limited ||     -1.678905799998 ||0.004994981508664
   7   ||  vm_sigma || limited ||      30.55516229643 ||1.436644697469
   8   ||Recruit year 1 || limited ||      4.356283059482 ||0.2995082418617
   9   ||Recruit year 2 || limited ||     0.4984009079333 ||0.03646931321638
  10   ||Recruit year 3 || limited ||       7.01942223017 ||0.3514135718374
  11   ||Recruit year 4 || limited ||      1.609828134314 ||0.1003175937327





