# Minimum negative log likelihood

Minuit did successfully converge.
# of function calls: 1165
minimum function Value: 421.1956481163
minimum edm: 2.51437954694e-05
minimum internal state vector: LAVector parameters:
    -0.7862538886062
     -1.206478828998
     -1.287002217587
     -1.299196360898
     -1.464418443673
     -1.467529129634
   -0.03785351529609
     -1.174713469032
    -0.9975536681648
     -1.274558199707
     -1.030822084665
     0.1022186413293
    0.05468973405193
    0.04987479227338
    0.03208129281817

minimum internal covariance matrix: LASymMatrix parameters:
   0.0025472003 -0.00016063081              0  1.8510007e-05  5.1251819e-05  4.8582698e-05 -0.00078146885  0.00025908795  0.00039200766  0.00020299897  0.00034722625  1.0696196e-05  1.3024584e-05    1.56248e-05  1.1130209e-05
 -0.00016063081  1.1525365e-05              0 -1.6203365e-06 -3.6866957e-06 -3.4801381e-06  3.5268204e-05 -1.6854267e-05 -2.5342624e-05 -1.2775512e-05 -2.3240653e-05 -4.9073289e-07 -6.8783675e-07 -9.7316756e-07 -6.2467039e-07
              0              0              2              0              0              0              0              0              0              0              0              0              0              0              0
  1.8510007e-05 -1.6203365e-06              0  7.7468979e-05  3.4580805e-07  3.3221487e-07  1.4454974e-06  2.0466116e-06  2.7554475e-06  1.4323783e-06  2.7489362e-06  1.2540779e-07 -1.3856993e-07  4.9511876e-07   8.430066e-08
  5.1251819e-05 -3.6866957e-06              0  3.4580805e-07   2.552661e-06   2.291853e-06 -1.1044912e-05  5.4338905e-06  8.0147912e-06  4.0491308e-06  7.3562318e-06  1.1803639e-07  2.1392043e-07  3.1960047e-07  2.0008609e-07
  4.8582698e-05 -3.4801381e-06              0  3.3221487e-07   2.291853e-06  2.0684809e-06 -1.0465217e-05  5.1367205e-06  7.5955895e-06  3.8408989e-06  6.9550166e-06  1.2002233e-07  2.0288211e-07  3.0250975e-07  1.9011829e-07
 -0.00078146885  3.5268204e-05              0  1.4454974e-06 -1.1044912e-05 -1.0465217e-05   0.0015457912 -7.2557268e-05 -0.00011153982 -6.0605994e-05 -9.7039278e-05 -1.0152062e-05 -9.9046289e-06 -8.6500326e-06 -1.0022422e-05
  0.00025908795 -1.6854267e-05              0  2.0466116e-06  5.4338905e-06  5.1367205e-06 -7.2557268e-05   2.787251e-05  3.9992859e-05  2.0581851e-05  3.5856739e-05  9.4144914e-07  1.3065678e-06  1.6116005e-06  1.0991788e-06
  0.00039200766 -2.5342624e-05              0  2.7554475e-06  8.0147912e-06  7.5955895e-06 -0.00011153982  3.9992859e-05   6.195321e-05  3.1166406e-05  5.3959362e-05  1.5408684e-06  1.8986441e-06  2.4674604e-06  1.6782489e-06
  0.00020299897 -1.2775512e-05              0  1.4323783e-06  4.0491308e-06  3.8408989e-06 -6.0605994e-05  2.0581851e-05  3.1166406e-05  1.7704676e-05  2.7526132e-05   8.528014e-07  1.0223416e-06  1.0981207e-06  8.9645058e-07
  0.00034722625 -2.3240653e-05              0  2.7489362e-06  7.3562318e-06  6.9550166e-06 -9.7039278e-05  3.5856739e-05  5.3959362e-05  2.7526132e-05  5.1468876e-05  1.3303269e-06  1.6358933e-06  2.1300001e-06  1.5737732e-06
  1.0696196e-05 -4.9073289e-07              0  1.2540779e-07  1.1803639e-07  1.2002233e-07 -1.0152062e-05  9.4144914e-07  1.5408684e-06   8.528014e-07  1.3303269e-06  4.7056566e-07  9.8175896e-08  1.0124889e-07  1.0065421e-07
  1.3024584e-05 -6.8783675e-07              0 -1.3856993e-07  2.1392043e-07  2.0288211e-07 -9.9046289e-06  1.3065678e-06  1.8986441e-06  1.0223416e-06  1.6358933e-06  9.8175896e-08  2.2376126e-07  1.0663542e-07  8.6878819e-08
    1.56248e-05 -9.7316756e-07              0  4.9511876e-07  3.1960047e-07  3.0250975e-07 -8.6500326e-06  1.6116005e-06  2.4674604e-06  1.0981207e-06  2.1300001e-06  1.0124889e-07  1.0663542e-07  8.6196655e-07  7.2384778e-08
  1.1130209e-05 -6.2467039e-07              0   8.430066e-08  2.0008609e-07  1.9011829e-07 -1.0022422e-05  1.0991788e-06  1.6782489e-06  8.9645058e-07  1.5737732e-06  1.0065421e-07  8.6878819e-08  7.2384778e-08  1.8604445e-07


# ext. ||   Name    ||   type  ||     Value     ||  Error +/- 

   0   ||Natural mortality || limited ||    0.02730720971711 ||0.0006301985717145
   1   ||Targeted q || limited ||      3.281641886805 ||0.04276731392061
   2   ||Nontargeted q || limited ||                   2 ||22.06548931833
   3   ||     sigma || limited ||      1.832854911409 ||0.08348207551207
   4   ||  Biomass1 || limited ||       2.82639664375 ||0.05997681851858
   5   ||  Biomass2 || limited ||       2.66366010843 ||0.05241684922697
   6   ||  vm_sigma || limited ||      38.48673988363 ||1.111086338614
   7   ||Recruit year 1 || limited ||       3.88064635835 ||0.07200608548133
   8   ||Recruit year 2 || limited ||      8.001865259155 ||0.1509135564005
   9   ||Recruit year 3 || limited ||      2.187710399179 ||0.04342353064319
  10   ||Recruit year 4 || limited ||      7.123192403258 ||0.130389133746
  11   ||Mean Rec dist 1 || limited ||      1.020407264913 ||0.004825276932425
  12   ||Mean Rec dist 2 || limited ||     0.5466247559697 ||0.003339855200938
  13   ||Mean Rec dist 3 || limited ||     0.4985411762968 ||0.006556767731574
  14   ||Mean Rec dist 4 || limited ||     0.3207579004027 ||0.003048385059927





