# Minimum negative log likelihood

Minuit did successfully converge.
# of function calls: 415
minimum function Value: 655.1520296711
minimum edm: 2.46524808149e-05
minimum internal state vector: LAVector parameters:
     0.3608024316378
     -1.088070784373
     -1.287002217587
     -1.091017358607
     -1.545610120399
      -1.54740899842
    -0.7297717031431
    -0.6429223125187
     -1.200815576172
      -1.11626059946
     -1.084564715753
     -1.028817920939

minimum internal covariance matrix: LASymMatrix parameters:
  0.00095516824 -1.3059704e-05              0 -1.1841376e-05 -2.2164343e-05 -9.8101583e-06  3.5708601e-05 -0.00034545233  1.0371397e-05  5.6733121e-05  4.4038502e-05  3.8533828e-05
 -1.3059704e-05  2.0698696e-05              0  -2.169329e-06  8.4438545e-07 -3.8135391e-07  8.4220387e-06 -4.9133645e-05 -1.1668696e-06 -3.0056882e-06 -5.8412145e-06 -7.6449916e-06
              0              0              2              0              0              0              0              0              0              0              0              0
 -1.1841376e-05  -2.169329e-06              0  0.00029567242  7.2673032e-07  1.0496613e-06 -2.1477016e-06 -2.1628057e-05  -2.477939e-06 -1.5975488e-05  1.0219747e-05  3.4651269e-06
 -2.2164343e-05  8.4438545e-07              0  7.2673032e-07  1.9415042e-05  1.0818692e-05 -7.2827147e-07 -2.1554324e-06  6.3285137e-06 -1.8906656e-06 -1.0384252e-06 -1.7725854e-06
 -9.8101583e-06 -3.8135391e-07              0  1.0496613e-06  1.0818692e-05  1.1973939e-05  1.9931347e-08  1.2211708e-05 -5.2850158e-06 -7.3480633e-07 -5.7641066e-07 -5.5376013e-07
  3.5708601e-05  8.4220387e-06              0 -2.1477016e-06 -7.2827147e-07  1.9931347e-08  1.4561616e-05 -7.8540432e-05 -6.0134753e-07 -7.2361553e-08 -4.4110641e-06  4.2304467e-06
 -0.00034545233 -4.9133645e-05              0 -2.1628057e-05 -2.1554324e-06  1.2211708e-05 -7.8540432e-05   0.0013557628 -3.1220111e-05  3.7555995e-05 -4.2463186e-06 -5.5411602e-05
  1.0371397e-05 -1.1668696e-06              0  -2.477939e-06  6.3285137e-06 -5.2850158e-06 -6.0134753e-07 -3.1220111e-05  3.2154742e-05  2.3820784e-06 -1.1515014e-06 -4.8348155e-07
  5.6733121e-05 -3.0056882e-06              0 -1.5975488e-05 -1.8906656e-06 -7.3480633e-07 -7.2361553e-08  3.7555995e-05  2.3820784e-06  4.1890609e-05 -7.6213312e-06 -6.1415087e-06
  4.4038502e-05 -5.8412145e-06              0  1.0219747e-05 -1.0384252e-06 -5.7641066e-07 -4.4110641e-06 -4.2463186e-06 -1.1515014e-06 -7.6213312e-06  4.1580875e-05 -1.0372659e-05
  3.8533828e-05 -7.6449916e-06              0  3.4651269e-06 -1.7725854e-06 -5.5376013e-07  4.2304467e-06 -5.5411602e-05 -4.8348155e-07 -6.1415087e-06 -1.0372659e-05  4.2141849e-05


# ext. ||   Name    ||   type  ||     Value     ||  Error +/- 

   0   ||Natural mortality || limited ||    0.05382562782504 ||0.0005111248775019
   1   ||Targeted q || limited ||      5.713348447487 ||0.07466657036816
   2   ||Nontargeted q || limited ||                   2 ||22.06548931833
   3   ||     sigma || limited ||      5.645151550025 ||0.2806077273755
   4   ||  Biomass1 || limited ||     0.1585778651271 ||0.03923198741274
   5   ||  Biomass2 || limited ||     0.1367355494707 ||0.02860975355917
   6   ||   vm_mean || limited ||     -2.094498240836 ||0.006318089421101
   7   ||  vm_sigma || limited ||      16.01932526824 ||0.8334139335805
   8   ||Recruit year 1 || limited ||       3.39294635628 ||0.07248669991469
   9   ||Recruit year 2 || limited ||       5.08624423975 ||0.1004564107782
  10   ||Recruit year 3 || limited ||       5.80441595426 ||0.1065247229289
  11   ||Recruit year 4 || limited ||      7.174791759314 ||0.1183790966705





