# Minimum negative log likelihood

Minuit did successfully converge.
# of function calls: 1689
minimum function Value: 523.6383245662
minimum edm: 2.862792354872e-05
minimum internal state vector: LAVector parameters:
      1.026645866179
     -1.367092895237
     -1.287002217587
      -1.22264201291
     -1.281110840716
     -1.287475933637
     0.8500113597951
    -0.1289364272548
     -1.443764727677
     -0.890449134279
    -0.9341791118901
     -1.193460563272

minimum internal covariance matrix: LASymMatrix parameters:
     0.20415791   -0.023952551              0 -3.6773201e-05    0.033994844    0.033421522  -0.0003439734   0.0067296229    0.016065716    0.080867953    0.076390601     0.04416205
   -0.023952551   0.0028400812              0   5.206843e-06  -0.0040343444  -0.0039652666  4.9692895e-05 -0.00097904673  -0.0019019194  -0.0095736818  -0.0090398774  -0.0052238321
              0              0              2              0              0              0              0              0              0              0              0              0
 -3.6773201e-05   5.206843e-06              0  0.00014261023 -7.3264896e-06 -7.1493046e-06 -6.2122743e-07 -3.5163014e-05 -2.3877293e-06 -1.7248467e-05 -1.7630566e-05 -9.5076363e-06
    0.033994844  -0.0040343444              0 -7.3264896e-06   0.0057438211   0.0056437296 -7.1751988e-05   0.0014039629   0.0027031466    0.013597875    0.012837136   0.0074185475
    0.033421522  -0.0039652666              0 -7.1493046e-06   0.0056437296   0.0055456657  -7.022146e-05   0.0013742688   0.0026566173    0.013365711    0.012618355   0.0072920812
  -0.0003439734  4.9692895e-05              0 -6.2122743e-07 -7.1751988e-05  -7.022146e-05   1.628925e-05 -0.00017016198 -3.1467689e-05 -0.00016263263 -0.00015278356 -8.4715353e-05
   0.0067296229 -0.00097904673              0 -3.5163014e-05   0.0014039629   0.0013742688 -0.00017016198   0.0078781179  0.00063327173   0.0031992749   0.0029928572    0.001696812
    0.016065716  -0.0019019194              0 -2.3877293e-06   0.0027031466   0.0026566173 -3.1467689e-05  0.00063327173   0.0012893991   0.0064142669   0.0060569355   0.0035001103
    0.080867953  -0.0095736818              0 -1.7248467e-05    0.013597875    0.013365711 -0.00016263263   0.0031992749   0.0064142669     0.03228868    0.030485686    0.017617199
    0.076390601  -0.0090398774              0 -1.7630566e-05    0.012837136    0.012618355 -0.00015278356   0.0029928572   0.0060569355    0.030485686    0.028794288    0.016636685
     0.04416205  -0.0052238321              0 -9.5076363e-06   0.0074185475   0.0072920812 -8.4715353e-05    0.001696812   0.0035001103    0.017617199    0.016636685   0.0096346841


# ext. ||   Name    ||   type  ||     Value     ||  Error +/- 

   0   ||Natural mortality || limited ||    0.06638918496833 ||0.004065042384118
   1   ||Targeted q || limited ||      1.033794987179 ||0.3810730687091
   2   ||Nontargeted q || limited ||                   2 ||22.06548931833
   3   ||     sigma || limited ||      2.999800290148 ||0.1440415089498
   4   ||  Biomass1 || limited ||      20.83311796374 ||7.650380808793
   5   ||  Biomass2 || limited ||      19.93373361306 ||7.356702095343
   6   ||   vm_mean || limited ||      2.360240554801 ||0.00591714293826
   7   ||  vm_sigma || limited ||      34.85738543802 ||2.487972721932
   8   ||Recruit year 1 || limited ||      0.412843175148 ||0.1608057915318
   9   ||Recruit year 2 || limited ||       11.1411687889 ||3.985305615474
  10   ||Recruit year 3 || limited ||      9.803453127313 ||3.557610961304
  11   ||Recruit year 4 || limited ||      3.527170330254 ||1.277480279022





