# Minimum negative log likelihood

Minuit did successfully converge.
# of function calls: 957
minimum function Value: 478.9471981887
minimum edm: 5.044124082101e-06
minimum internal state vector: LAVector parameters:
     0.5739608527344
     -1.210693951943
     -1.287002217587
     -1.258410842234
     -1.397260593592
     -1.405152514046
    -0.2959518897223
     -1.229871584226
     -1.097233146862
        -1.102514024
     -1.076172030567
    0.05779288755895
    0.08381328940851
    0.09101694192002
    0.06959330443661

minimum internal covariance matrix: LASymMatrix parameters:
   0.0089915279 -0.00066884719              0  4.8981316e-05   0.0003374947  0.00031610724  -0.0019118739  0.00092713909   0.0012853857   0.0012643677   0.0013140534  5.2013941e-05  4.8411379e-05  4.8441053e-05  4.5975169e-05
 -0.00066884719  5.6417429e-05              0 -3.2560747e-06 -2.8634135e-05 -2.6737072e-05  0.00011206851 -7.2097428e-05 -0.00010003842 -9.8367903e-05 -0.00010473526 -3.4212604e-06 -3.0040008e-06 -3.0770208e-06 -3.0378495e-06
              0              0              2              0              0              0              0              0              0              0              0              0              0              0              0
  4.8981316e-05 -3.2560747e-06              0  0.00012432432  1.5696836e-06  1.4621883e-06 -8.6306538e-06  5.3416523e-06  6.7447968e-06  6.5003348e-06  7.2060697e-06  2.1320037e-07  2.7068586e-07  2.8439618e-07  2.7138223e-07
   0.0003374947 -2.8634135e-05              0  1.5696836e-06  1.7643373e-05  1.6179033e-05 -5.8051298e-05  3.6610099e-05   5.054589e-05  4.9722735e-05  5.2994714e-05  1.6569756e-06  1.5233859e-06  1.5770598e-06  1.4886384e-06
  0.00031610724 -2.6737072e-05              0  1.4621883e-06  1.6179033e-05  1.4879175e-05  -5.436901e-05  3.4218393e-05  4.7287722e-05  4.6513067e-05  4.9547011e-05  1.5763775e-06  1.4312677e-06  1.4805359e-06  1.4008791e-06
  -0.0019118739  0.00011206851              0 -8.6306538e-06 -5.8051298e-05  -5.436901e-05   0.0018129397 -0.00018209983 -0.00024910738 -0.00024611959 -0.00025416638 -2.0474798e-05 -2.2607975e-05 -2.1760332e-05 -2.1010938e-05
  0.00092713909 -7.2097428e-05              0  5.3416523e-06  3.6610099e-05  3.4218393e-05 -0.00018209983  0.00010248247  0.00013446176  0.00013228469  0.00013874951  4.9428624e-06  4.7152493e-06  4.7393658e-06  4.6102819e-06
   0.0012853857 -0.00010003842              0  6.7447968e-06   5.054589e-05  4.7287722e-05 -0.00024910738  0.00013446176  0.00019173639  0.00018366442  0.00019244416  7.0698216e-06  6.4030822e-06  6.5847217e-06  6.3077538e-06
   0.0012643677 -9.8367903e-05              0  6.5003348e-06  4.9722735e-05  4.6513067e-05 -0.00024611959  0.00013228469  0.00018366442  0.00018577541  0.00018915764  7.0081607e-06  6.4059035e-06  6.2899191e-06  6.2797495e-06
   0.0013140534 -0.00010473526              0  7.2060697e-06  5.2994714e-05  4.9547011e-05 -0.00025416638  0.00013874951  0.00019244416  0.00018915764  0.00020869988  7.1474536e-06  6.5018279e-06  6.5932447e-06  6.6798668e-06
  5.2013941e-05 -3.4212604e-06              0  2.1320037e-07  1.6569756e-06  1.5763775e-06 -2.0474798e-05  4.9428624e-06  7.0698216e-06  7.0081607e-06  7.1474536e-06  1.2670162e-06  3.7306576e-07  3.7390684e-07  3.0745669e-07
  4.8411379e-05 -3.0040008e-06              0  2.7068586e-07  1.5233859e-06  1.4312677e-06 -2.2607975e-05  4.7152493e-06  6.4030822e-06  6.4059035e-06  6.5018279e-06  3.7306576e-07   8.346853e-07     3.7336e-07  3.5018811e-07
  4.8441053e-05 -3.0770208e-06              0  2.8439618e-07  1.5770598e-06  1.4805359e-06 -2.1760332e-05  4.7393658e-06  6.5847217e-06  6.2899191e-06  6.5932447e-06  3.7390684e-07     3.7336e-07  9.0189962e-07  3.4635497e-07
  4.5975169e-05 -3.0378495e-06              0  2.7138223e-07  1.4886384e-06  1.4008791e-06 -2.1010938e-05  4.6102819e-06  6.3077538e-06  6.2797495e-06  6.6798668e-06  3.0745669e-07  3.5018811e-07  3.4635497e-07  8.1878637e-07


# ext. ||   Name    ||   type  ||     Value     ||  Error +/- 

   0   ||Natural mortality || limited ||    0.05857406132076 ||0.001406597738819
   1   ||Targeted q || limited ||      3.206962262447 ||0.0935747317863
   2   ||Nontargeted q || limited ||                   2 ||22.06548931833
   3   ||     sigma || limited ||      2.419842586734 ||0.1211526332664
   4   ||  Biomass1 || limited ||      7.509788042974 ||0.2564201399997
   5   ||  Biomass2 || limited ||      6.843798411874 ||0.224869872814
   6   ||  vm_sigma || limited ||      28.33462628953 ||1.151759836969
   7   ||Recruit year 1 || limited ||      2.887418591146 ||0.1196589988078
   8   ||Recruit year 2 || limited ||      5.512003919358 ||0.22324364609
   9   ||Recruit year 3 || limited ||      5.392217022422 ||0.2174785504804
  10   ||Recruit year 4 || limited ||      6.002044790087 ||0.2424293957226
  11   ||Mean Rec dist 1 || limited ||     0.5776072138517 ||0.00794603307662
  12   ||Mean Rec dist 2 || limited ||     0.8371519712003 ||0.006437528713426
  13   ||Mean Rec dist 3 || limited ||     0.9089132863311 ||0.006687483391811
  14   ||Mean Rec dist 4 || limited ||     0.6953714199834 ||0.006382895463942





