# Minimum negative log likelihood

Minuit did successfully converge.
# of function calls: 1343
minimum function Value: 420.2920313688
minimum edm: 5.323244969383e-05
minimum internal state vector: LAVector parameters:
    -0.3180948203091
     -1.083360216055
     -1.287002217587
     -1.299778282054
     -1.417880144756
     -1.425652976705
     0.1193993152212
    -0.9785907879647
      -1.16387462028
       -1.3000094005
     -1.148399380421
     0.1026215313761
    0.06658400604249
    0.08124098279788
    0.05763804367583

minimum internal covariance matrix: LASymMatrix parameters:
   0.0029581599 -0.00020070008              0  4.1072504e-05  6.4061341e-05  6.0192598e-05  -0.0011656895  0.00043911416   0.0003038818  0.00020994063  0.00031318392   1.383591e-05   1.211946e-05  1.5640641e-05  1.4610121e-05
 -0.00020070008  1.5517556e-05              0 -2.9819426e-06 -4.8960582e-06 -4.6409697e-06  6.4275405e-05 -2.9999696e-05 -2.0749951e-05 -1.4525037e-05  -2.122815e-05 -8.0822525e-07  -8.061346e-07 -1.0424889e-06 -8.7759167e-07
              0              0              2              0              0              0              0              0              0              0              0              0              0              0              0
  4.1072504e-05 -2.9819426e-06              0  0.00013065029  1.7246365e-06    1.70496e-06 -0.00012517064  4.1575139e-06  2.1897702e-06  3.0046602e-06  1.2384109e-06   4.106111e-07   8.752567e-07  4.1474838e-07  1.0345451e-06
  6.4061341e-05 -4.8960582e-06              0  1.7246365e-06  2.7870813e-06  2.4679189e-06 -2.1211722e-05  9.4505609e-06  6.4467839e-06  4.5602729e-06  6.8125573e-06  2.1734688e-07  2.4786537e-07  3.0960591e-07  3.8258024e-07
  6.0192598e-05 -4.6409697e-06              0    1.70496e-06  2.4679189e-06  2.2191034e-06 -2.0769951e-05  8.9024712e-06  6.0575309e-06  4.2837084e-06  6.2871046e-06  2.1458845e-07  2.5068404e-07  3.2243869e-07  3.5670864e-07
  -0.0011656895  6.4275405e-05              0 -0.00012517064 -2.1211722e-05 -2.0769951e-05   0.0022876263 -0.00017153424 -0.00010901797 -7.2987076e-05 -0.00010504583 -1.3080038e-05 -1.2821754e-05 -1.5353191e-05 -1.6065026e-05
  0.00043911416 -2.9999696e-05              0  4.1575139e-06  9.4505609e-06  8.9024712e-06 -0.00017153424  6.7640419e-05  4.5613894e-05  3.1243312e-05   4.722829e-05  1.9980744e-06  1.6143838e-06  2.2996713e-06  2.2403185e-06
   0.0003038818 -2.0749951e-05              0  2.1897702e-06  6.4467839e-06  6.0575309e-06 -0.00010901797  4.5613894e-05  3.3442319e-05  2.1939705e-05    3.31334e-05  1.3883621e-06  9.8956679e-07  1.4272669e-06  1.4242167e-06
  0.00020994063 -1.4525037e-05              0  3.0046602e-06  4.5602729e-06  4.2837084e-06 -7.2987076e-05  3.1243312e-05  2.1939705e-05   1.704803e-05  2.2803962e-05  9.4260329e-07  7.6753636e-07  9.6261001e-07  9.3073446e-07
  0.00031318392  -2.122815e-05              0  1.2384109e-06  6.8125573e-06  6.2871046e-06 -0.00010504583   4.722829e-05    3.31334e-05  2.2803962e-05  3.8872448e-05  1.3905705e-06  1.1001855e-06  1.6591897e-06  1.2146309e-06
   1.383591e-05 -8.0822525e-07              0   4.106111e-07  2.1734688e-07  2.1458845e-07 -1.3080038e-05  1.9980744e-06  1.3883621e-06  9.4260329e-07  1.3905705e-06  1.9713027e-07    1.10117e-07  1.3312767e-07  7.5874749e-08
   1.211946e-05  -8.061346e-07              0   8.752567e-07  2.4786537e-07  2.5068404e-07 -1.2821754e-05  1.6143838e-06  9.8956679e-07  7.6753636e-07  1.1001855e-06    1.10117e-07  4.0034257e-07  3.1072415e-07 -3.8755408e-08
  1.5640641e-05 -1.0424889e-06              0  4.1474838e-07  3.0960591e-07  3.2243869e-07 -1.5353191e-05  2.2996713e-06  1.4272669e-06  9.6261001e-07  1.6591897e-06  1.3312767e-07  3.1072415e-07  8.1252184e-07 -5.4156416e-08
  1.4610121e-05 -8.7759167e-07              0  1.0345451e-06  3.8258024e-07  3.5670864e-07 -1.6065026e-05  2.2403185e-06  1.4242167e-06  9.3073446e-07  1.2146309e-06  7.5874749e-08 -3.8755408e-08 -5.4156416e-08  4.6747306e-07


# ext. ||   Name    ||   type  ||     Value     ||  Error +/- 

   0   ||Natural mortality || limited ||    0.03718106183057 ||0.0009130110302625
   1   ||Targeted q || limited ||      5.823170503495 ||0.06523007594719
   2   ||Nontargeted q || limited ||                   2 ||22.06548931833
   3   ||     sigma || limited ||      1.825057377843 ||0.1081867428756
   4   ||  Biomass1 || limited ||      5.834457276981 ||0.08990613042523
   5   ||  Biomass2 || limited ||      5.257408648573 ||0.07617542945429
   6   ||  vm_sigma || limited ||      44.76507326975 ||1.342907911667
   7   ||Recruit year 1 || limited ||      8.523569395837 ||0.1622916383338
   8   ||Recruit year 2 || limited ||      4.092416112005 ||0.08091277461966
   9   ||Recruit year 3 || limited ||      1.831782803629 ||0.03904408393409
  10   ||Recruit year 4 || limited ||      4.404113629625 ||0.09035657980726
  11   ||Mean Rec dist 1 || limited ||       1.02441505249 ||0.003122991588577
  12   ||Mean Rec dist 2 || limited ||     0.6653481769398 ||0.004464136405326
  13   ||Mean Rec dist 3 || limited ||     0.8115164588625 ||0.006352837137319
  14   ||Mean Rec dist 4 || limited ||     0.5760613532891 ||0.00482660193813





