# Minimum negative log likelihood

WARNING: Minuit did not converge.

# of function calls: 249
minimum function Value: 1100.115162302
minimum edm: 3529.627180102
minimum internal state vector: LAVector parameters:
     0.7279595998038
      -1.01585218014
     -1.287002217587
    -0.6368743619833
     -1.422143389892
     -1.435417425994
    -0.3236411160789
     -1.080621923069
     -1.288213961351
     -1.151820003685
     -1.376462505423
     0.1100210703359
     0.1392627156988
     -0.686638287309
    0.09509365209897

minimum internal covariance matrix: LASymMatrix parameters:
      1.0014551 -4.3994086e-05              0  -2.474042e-05  1.5005889e-07 -2.0376065e-07  0.00018354326  7.7238811e-06 -3.1236073e-07  2.4778967e-05 -1.0601717e-05 -5.3347569e-06  2.5612979e-05  0.00022229108  2.6792834e-06
 -4.3994086e-05      1.0003582              0 -7.9401087e-06   4.725227e-08 -6.5023513e-08  4.1106997e-05  2.3879785e-06 -1.6880433e-06  4.8500125e-06 -4.4634833e-06 -1.9329068e-06  9.6026366e-06  8.1653677e-05  1.4153508e-06
              0              0      3.0003411              0              0              0              0              0              0              0              0              0              0              0              0
  -2.474042e-05 -7.9401087e-06              0      1.0003584   4.215736e-08 -5.6135608e-08  7.2901999e-05  2.2273731e-06  1.9557297e-06  1.0776802e-05 -1.5324493e-06 -1.1903355e-06  5.2364518e-06  4.7659807e-05  1.9442327e-08
  1.5005889e-07   4.725227e-08              0   4.215736e-08      1.0003411  1.6911588e-10 -1.8304221e-07 -6.6018758e-09 -2.9211769e-09 -2.7126795e-08  6.2129165e-09  6.7358015e-09 -2.1313678e-08 -2.3920498e-07 -1.4156166e-09
 -2.0376065e-07 -6.5023513e-08              0 -5.6135608e-08  1.6911588e-10      1.0003411  2.3565189e-07  8.8210855e-09  2.9812176e-09  3.4621508e-08 -9.0160187e-09 -9.1175815e-09  2.9434119e-08  3.2576346e-07  2.2360426e-09
  0.00018354326  4.1106997e-05              0  7.2901999e-05 -1.8304221e-07  2.3565189e-07      1.0010614  -1.005593e-05 -2.2612322e-05   -7.26029e-05  -3.783501e-06  8.2765831e-06 -1.5642906e-05 -0.00027098421  4.0345539e-06
  7.7238811e-06  2.3879785e-06              0  2.2273731e-06 -6.6018758e-09  8.8210855e-09  -1.005593e-05      1.0003973  -1.998379e-07  -1.508162e-06  2.9109135e-07  3.4851164e-07 -1.0728272e-06 -1.2248783e-05 -5.7378912e-08
 -3.1236073e-07 -1.6880433e-06              0  1.9557297e-06 -2.9211769e-09  2.9812176e-09 -2.2612322e-05  -1.998379e-07      1.0003979 -3.8088085e-06 -1.0803736e-06  1.1920331e-08  9.9381917e-07   2.595604e-06  5.5708718e-07
  2.4778967e-05  4.8500125e-06              0  1.0776802e-05 -2.7126795e-08  3.4621508e-08   -7.26029e-05  -1.508162e-06 -3.8088085e-06      1.0003862 -9.2209395e-07  1.1896614e-06 -1.8207908e-06 -3.5341625e-05  7.9146145e-07
 -1.0601717e-05 -4.4634833e-06              0 -1.5324493e-06  6.2129165e-09 -9.0160187e-09  -3.783501e-06  2.9109135e-07 -1.0803736e-06 -9.2209395e-07      1.0004474  -4.462891e-07  2.1644547e-06  1.8184747e-05  5.0575524e-07
 -5.3347569e-06 -1.9329068e-06              0 -1.1903355e-06  6.7358015e-09 -9.1175815e-09  8.2765831e-06  3.4851164e-07  1.1920331e-08  1.1896614e-06  -4.462891e-07       1.000347  1.1211937e-06  9.7847475e-06  1.0528205e-07
  2.5612979e-05  9.6026366e-06              0  5.2364518e-06 -2.1313678e-08  2.9434119e-08 -1.5642906e-05 -1.0728272e-06  9.9381917e-07 -1.8207908e-06  2.1644547e-06  1.1211937e-06      1.0003527 -4.3883453e-05 -7.5329393e-07
  0.00022229108  8.1653677e-05              0  4.7659807e-05 -2.3920498e-07  3.2576346e-07 -0.00027098421 -1.2248783e-05   2.595604e-06 -3.5341625e-05  1.8184747e-05  9.7847475e-06 -4.3883453e-05       1.000002 -5.1494598e-06
  2.6792834e-06  1.4153508e-06              0  1.9442327e-08 -1.4156166e-09  2.2360426e-09  4.0345539e-06 -5.7378912e-08  5.5708718e-07  7.9146145e-07  5.0575524e-07  1.0528205e-07 -7.5329393e-07 -5.1494598e-06      1.0003642


# ext. ||   Name    ||   type  ||     Value     ||  Error +/- 

   0   ||Natural mortality || limited ||    0.06163369484739 ||0.01213168915269
   1   ||Targeted q || limited ||        7.5035064755 ||17.117086076
   2   ||Nontargeted q || limited ||                   2 ||59.27590757818
   3   ||     sigma || limited ||      20.26572663656 ||26.11792726242
   4   ||  Biomass1 || limited ||      5.514258316403 ||118.5943718044
   5   ||  Biomass2 || limited ||      4.574868150321 ||118.8196684708
   6   ||  vm_sigma || limited ||      27.27982924613 ||24.64691606312
   7   ||Recruit year 1 || limited ||      5.896872939674 ||15.29278021164
   8   ||Recruit year 2 || limited ||      1.992872524112 ||11.51555426126
   9   ||Recruit year 3 || limited ||      4.334273690767 ||13.21523408504
  10   ||Recruit year 4 || limited ||     0.9510791340299 ||11.76598313091
  11   ||Mean Rec dist 1 || limited ||      1.097992438016 ||6.458017839025
  12   ||Mean Rec dist 2 || limited ||      1.388130060746 ||6.434414085184
  13   ||Mean Rec dist 3 || limited ||     -6.339408828032 ||5.024176114294
  14   ||Mean Rec dist 4 || limited ||     0.9495039803006 ||6.467993105124



WARNING: FunctionMinimum is invalid: 
	 Edm is above max


