# Minimum negative log likelihood

Minuit did successfully converge.
# of function calls: 1068
minimum function Value: 670.2249775605
minimum edm: 7.568966480834e-05
minimum internal state vector: LAVector parameters:
     -0.765189191353
     -1.078679797455
     -1.287002217587
     -1.072964797906
     -1.416182205475
     -1.424240120278
     0.1803718521746
     -1.435373463734
     -1.473484341497
    -0.9947957677159
      -1.11797506708
    0.05578006021534
    0.07397936480851
    0.04640732568935
    0.09186534013759

minimum internal covariance matrix: LASymMatrix parameters:
     0.03284643  -0.0018800633              0   5.540685e-05  0.00064425225  0.00058792101  -0.0087503359  0.00085691704   0.0006121825   0.0035164761   0.0028204265  0.00013985822  0.00010624743  0.00010504385  0.00011298932
  -0.0018800633  0.00013036618              0 -7.5962357e-06 -4.3982377e-05 -4.0015673e-05  0.00033846628 -4.7454771e-05 -3.6445784e-05 -0.00020417714 -0.00017203648 -6.2112564e-06 -4.9088357e-06 -4.4320122e-06 -5.7950966e-06
              0              0              2              0              0              0              0              0              0              0              0              0              0              0              0
   5.540685e-05 -7.5962357e-06              0  0.00040093401  6.9980132e-06  5.7921136e-06  0.00034136198  3.9159363e-06  4.5687317e-06  7.6954865e-06 -3.4556189e-06 -5.7263745e-06  1.1131315e-05 -7.4667452e-07 -4.2903834e-06
  0.00064425225 -4.3982377e-05              0  6.9980132e-06  2.6510437e-05   2.316483e-05 -0.00012598869  1.8196299e-05  1.2728141e-05  6.9239758e-05   5.911753e-05  3.6200298e-07  1.9751712e-06  1.5561447e-06  2.0367685e-06
  0.00058792101 -4.0015673e-05              0  5.7921136e-06   2.316483e-05  2.0376544e-05 -0.00011379589  1.6253076e-05  1.1634074e-05  6.3260934e-05  5.3768252e-05  7.1917394e-07  1.7956348e-06  1.4305309e-06  1.8474868e-06
  -0.0087503359  0.00033846628              0  0.00034136198 -0.00012598869 -0.00011379589    0.020389262  -0.0002630993 -0.00013691553 -0.00087706419 -0.00081727217 -6.8439606e-05 -8.1562836e-06 -0.00010332374 -0.00011639002
  0.00085691704 -4.7454771e-05              0  3.9159363e-06  1.8196299e-05  1.6253076e-05  -0.0002630993  3.9308733e-05  1.5585848e-05  9.1574763e-05  7.4664581e-05  2.8608525e-07  3.0726267e-06  2.7834326e-06  3.1785318e-06
   0.0006121825 -3.6445784e-05              0  4.5687317e-06  1.2728141e-05  1.1634074e-05 -0.00013691553  1.5585848e-05  2.6185404e-05  6.5367313e-05  5.2446706e-05  2.6786515e-06  3.8651814e-07  1.9245358e-06  1.8440399e-06
   0.0035164761 -0.00020417714              0  7.6954865e-06  6.9239758e-05  6.3260934e-05 -0.00087706419  9.1574763e-05  6.5367313e-05   0.0003941002  0.00030329678  1.5125326e-05  1.1670583e-05  1.0727228e-05  1.1804845e-05
   0.0028204265 -0.00017203648              0 -3.4556189e-06   5.911753e-05  5.3768252e-05 -0.00081727217  7.4664581e-05  5.2446706e-05  0.00030329678  0.00027891843  1.1707068e-05  6.6980783e-06  8.4496872e-06  1.1538478e-05
  0.00013985822 -6.2112564e-06              0 -5.7263745e-06  3.6200298e-07  7.1917394e-07 -6.8439606e-05  2.8608525e-07  2.6786515e-06  1.5125326e-05  1.1707068e-05  2.7756959e-05  1.8514205e-06  6.8211096e-07  3.0984655e-07
  0.00010624743 -4.9088357e-06              0  1.1131315e-05  1.9751712e-06  1.7956348e-06 -8.1562836e-06  3.0726267e-06  3.8651814e-07  1.1670583e-05  6.6980783e-06  1.8514205e-06  3.6687203e-05  6.1382494e-07  8.2466448e-07
  0.00010504385 -4.4320122e-06              0 -7.4667452e-07  1.5561447e-06  1.4305309e-06 -0.00010332374  2.7834326e-06  1.9245358e-06  1.0727228e-05  8.4496872e-06  6.8211096e-07  6.1382494e-07  1.2480229e-06  7.0414049e-07
  0.00011298932 -5.7950966e-06              0 -4.2903834e-06  2.0367685e-06  1.8474868e-06 -0.00011639002  3.1785318e-06  1.8440399e-06  1.1804845e-05  1.1538478e-05  3.0984655e-07  8.2466448e-07  7.0414049e-07  2.7197826e-06


# ext. ||   Name    ||   type  ||     Value     ||  Error +/- 

   0   ||Natural mortality || limited ||    0.02768316336318 ||0.002304444850941
   1   ||Targeted q || limited ||      5.933260521885 ||0.1907337354058
   2   ||Nontargeted q || limited ||                   2 ||22.06548931833
   3   ||     sigma || limited ||      6.068994090335 ||0.3380413173245
   4   ||  Biomass1 || limited ||      5.964485398457 ||0.2803366824347
   5   ||  Biomass2 || limited ||      5.360076139753 ||0.2330601136096
   6   ||  vm_sigma || limited ||      47.17622652055 ||3.966421344033
   7   ||Recruit year 1 || limited ||     0.4677377545323 ||0.02992391470892
   8   ||Recruit year 2 || limited ||     0.2465301453351 ||0.01757603656153
   9   ||Recruit year 3 || limited ||      8.076806058281 ||0.3822411406258
  10   ||Recruit year 4 || limited ||      5.048677597498 ||0.2582987529479
  11   ||Mean Rec dist 1 || limited ||     0.5575113889458 ||0.03719580443412
  12   ||Mean Rec dist 2 || limited ||     0.7391190242213 ||0.0427121520809
  13   ||Mean Rec dist 3 || limited ||     0.4639067003843 ||0.007890934109811
  14   ||Mean Rec dist 4 || limited ||      0.917361823628 ||0.01161226277668





