# Minimum negative log likelihood

Minuit did successfully converge.
# of function calls: 1638
minimum function Value: 229.0448284676
minimum edm: 6.312383705931e-05
minimum internal state vector: LAVector parameters:
    -0.7560408294385
    -0.9554617027135
     -1.287002217587
      -1.39994733939
     -1.474493772871
     -1.481666123213
     0.3889464435699
      2.948969821982
     -1.169451249444
     -1.147856893612
     -1.413661279856
     -1.226605065349

minimum internal covariance matrix: LASymMatrix parameters:
  0.00034472415 -0.00010041547              0  1.5393723e-05  1.4068442e-05  1.3366131e-05  1.3382419e-06  6.2468902e-05  7.0936669e-05   6.439582e-05  2.4617016e-05  6.3335884e-05
 -0.00010041547  2.9816835e-05              0 -4.2934438e-06 -4.1666093e-06 -3.9558203e-06 -2.8869853e-07 -1.4774327e-05 -2.0698199e-05 -1.8786548e-05 -7.1972333e-06  -1.857293e-05
              0              0              2              0              0              0              0              0              0              0              0              0
  1.5393723e-05 -4.2934438e-06              0  4.6350612e-05  4.9252142e-07    4.32048e-07 -8.1412858e-08  8.1555876e-06  2.9479614e-06  3.0010124e-06  4.4195856e-07  3.3333345e-06
  1.4068442e-05 -4.1666093e-06              0  4.9252142e-07  7.3056087e-07  6.7091197e-07  3.9380404e-08  2.0687477e-06  2.9043815e-06   2.634304e-06  1.0094715e-06  2.5812604e-06
  1.3366131e-05 -3.9558203e-06              0    4.32048e-07  6.7091197e-07  6.2089504e-07  3.9204285e-08  1.9631741e-06  2.7587332e-06  2.5020242e-06  9.6190134e-07  2.4514628e-06
  1.3382419e-06 -2.8869853e-07              0 -8.1412858e-08  3.9380404e-08  3.9204285e-08   7.970068e-08  1.8631272e-06  2.7448412e-07  2.3943014e-07  9.9018013e-08   2.217545e-07
  6.2468902e-05 -1.4774327e-05              0  8.1555876e-06  2.0687477e-06  1.9631741e-06  1.8631272e-06  0.00017134384   1.251292e-05  1.1509324e-05  4.0930777e-06   1.114984e-05
  7.0936669e-05 -2.0698199e-05              0  2.9479614e-06  2.9043815e-06  2.7587332e-06  2.7448412e-07   1.251292e-05   1.483953e-05  1.3245371e-05  5.0700472e-06  1.3029372e-05
   6.439582e-05 -1.8786548e-05              0  3.0010124e-06   2.634304e-06  2.5020242e-06  2.3943014e-07  1.1509324e-05  1.3245371e-05   1.226348e-05   4.590611e-06  1.1841764e-05
  2.4617016e-05 -7.1972333e-06              0  4.4195856e-07  1.0094715e-06  9.6190134e-07  9.9018013e-08  4.0930777e-06  5.0700472e-06   4.590611e-06   2.040789e-06  4.5046682e-06
  6.3335884e-05  -1.857293e-05              0  3.3333345e-06  2.5812604e-06  2.4514628e-06   2.217545e-07   1.114984e-05  1.3029372e-05  1.1841764e-05  4.5046682e-06  1.1967687e-05


# ext. ||   Name    ||   type  ||     Value     ||  Error +/- 

   0   ||Natural mortality || limited ||    0.04709305443202 ||0.001432739358028
   1   ||Targeted q || limited ||      9.170983151976 ||0.1114384208159
   2   ||Nontargeted q || limited ||                   2 ||22.06548931833
   3   ||     sigma || limited ||     0.7279610975692 ||0.04092405093056
   4   ||  Biomass1 || limited ||      2.316754142562 ||0.02905691442159
   5   ||  Biomass2 || limited ||      1.984733849816 ||0.02479783729104
   6   ||   vm_mean || limited ||      1.191335163861 ||0.0005803001960509
   7   ||  vm_sigma || limited ||      47.65775924976 ||0.3633794473138
   8   ||Recruit year 1 || limited ||      3.982784523728 ||0.05320060735031
   9   ||Recruit year 2 || limited ||       4.41523879364 ||0.05081249075243
  10   ||Recruit year 3 || limited ||      0.625954879422 ||0.007903053391395
  11   ||Recruit year 4 || limited ||      2.942273867812 ||0.04126738963079





