# Minimum negative log likelihood

Minuit did successfully converge.
# of function calls: 1066
minimum function Value: 706.2712900965
minimum edm: 4.197118507133e-06
minimum internal state vector: LAVector parameters:
    -0.6336185306363
     -1.018076480209
     -1.287002217587
      -1.02677775415
     -1.454951061727
     -1.461038349053
    -0.7319149556586
      -1.04038535386
    -0.9979350561344
    -0.9536571236337
     -1.003103704472
     0.0461922704518
    0.08172443586294
    0.09995744852656
     0.1074193330196

minimum internal covariance matrix: LASymMatrix parameters:
      0.0384276  -0.0019768208              0  0.00019756923  0.00041046144  0.00036926468  -0.0032406781   0.0035938019   0.0038711451   0.0042426841   0.0039185066  0.00026451018  0.00026375315  0.00023411072  0.00023399228
  -0.0019768208   0.0001166374              0 -1.2697422e-05 -2.4967784e-05 -2.1989631e-05  0.00014280265 -0.00018846086 -0.00020004489  -0.0002187549 -0.00021163619  -1.241341e-05 -1.2346414e-05 -1.0012617e-05 -1.1296343e-05
              0              0              2              0              0              0              0              0              0              0              0              0              0              0              0
  0.00019756923 -1.2697422e-05              0  0.00041745513  7.5515046e-06  6.2821878e-06  6.3600697e-06  2.0361732e-05  1.1522762e-05  2.9638212e-05  2.9034066e-05  8.6786629e-07  2.3461767e-06 -1.3547157e-06 -2.4461902e-06
  0.00041046144 -2.4967784e-05              0  7.5515046e-06  2.5765181e-05  2.0732521e-05 -2.0436217e-05  3.7135204e-05  4.1127296e-05  4.6127006e-05  4.1894716e-05   1.382038e-06  2.4026872e-06  1.0213756e-06  2.2623313e-06
  0.00036926468 -2.1989631e-05              0  6.2821878e-06  2.0732521e-05    1.69511e-05  -1.884315e-05  3.3129306e-05  3.7070939e-05  4.1434256e-05  3.7306959e-05   1.405361e-06  2.0958564e-06  1.0014731e-06  2.0489721e-06
  -0.0032406781  0.00014280265              0  6.3600697e-06 -2.0436217e-05  -1.884315e-05  0.00085019862 -0.00031177977 -0.00032388915 -0.00035482623 -0.00032929219 -3.9963089e-05  -3.790208e-05 -3.6548401e-05 -3.7223444e-05
   0.0035938019 -0.00018846086              0  2.0361732e-05  3.7135204e-05  3.3129306e-05 -0.00031177977  0.00036450262  0.00036119962  0.00039805296  0.00037259831  2.5400042e-05  2.5857602e-05    2.16025e-05  2.2101198e-05
   0.0038711451 -0.00020004489              0  1.1522762e-05  4.1127296e-05  3.7070939e-05 -0.00032388915  0.00036119962  0.00041388853  0.00042422702  0.00039179988  2.6903955e-05  2.4684781e-05  2.3998824e-05  2.3354775e-05
   0.0042426841  -0.0002187549              0  2.9638212e-05  4.6127006e-05  4.1434256e-05 -0.00035482623  0.00039805296  0.00042422702  0.00049313701  0.00043558544  2.8654197e-05  3.0320265e-05  2.4634548e-05  2.5814433e-05
   0.0039185066 -0.00021163619              0  2.9034066e-05  4.1894716e-05  3.7306959e-05 -0.00032929219  0.00037259831  0.00039179988  0.00043558544  0.00044893627  2.6606435e-05  2.7814906e-05  2.3495641e-05  2.4372004e-05
  0.00026451018  -1.241341e-05              0  8.6786629e-07   1.382038e-06   1.405361e-06 -3.9963089e-05  2.5400042e-05  2.6903955e-05  2.8654197e-05  2.6606435e-05  3.9740301e-06  2.2071163e-06  2.1006118e-06  2.0598611e-06
  0.00026375315 -1.2346414e-05              0  2.3461767e-06  2.4026872e-06  2.0958564e-06  -3.790208e-05  2.5857602e-05  2.4684781e-05  3.0320265e-05  2.7814906e-05  2.2071163e-06  4.4313173e-06  1.9549956e-06  2.2795095e-06
  0.00023411072 -1.0012617e-05              0 -1.3547157e-06  1.0213756e-06  1.0014731e-06 -3.6548401e-05    2.16025e-05  2.3998824e-05  2.4634548e-05  2.3495641e-05  2.1006118e-06  1.9549956e-06  4.0944404e-06  1.7448717e-06
  0.00023399228 -1.1296343e-05              0 -2.4461902e-06  2.2623313e-06  2.0489721e-06 -3.7223444e-05  2.2101198e-05  2.3354775e-05  2.5814433e-05  2.4372004e-05  2.0598611e-06  2.2795095e-06  1.7448717e-06  4.8060891e-06


# ext. ||   Name    ||   type  ||     Value     ||  Error +/- 

   0   ||Natural mortality || limited ||    0.03019838083004 ||0.002783754834104
   1   ||Targeted q || limited ||      7.445012928192 ||0.2004621268212
   2   ||Nontargeted q || limited ||                   2 ||22.06548931833
   3   ||     sigma || limited ||      7.218216571745 ||0.3738704204975
   4   ||  Biomass1 || limited ||      3.351280959246 ||0.2074326636047
   5   ||  Biomass2 || limited ||      3.008681180843 ||0.1594472751996
   6   ||  vm_sigma || limited ||      13.26901865383 ||0.6134528976785
   7   ||Recruit year 1 || limited ||      6.879351139389 ||0.3414310348217
   8   ||Recruit year 2 || limited ||      7.991526884685 ||0.3898240411011
   9   ||Recruit year 3 || limited ||      9.232210312098 ||0.4542912199446
  10   ||Recruit year 4 || limited ||      7.852022326109 ||0.4027337661342
  11   ||Mean Rec dist 1 || limited ||     0.4617584526399 ||0.01408111151913
  12   ||Mean Rec dist 2 || limited ||     0.8163349490754 ||0.01483540294165
  13   ||Mean Rec dist 3 || limited ||     0.9979107766315 ||0.01423668532527
  14   ||Mean Rec dist 4 || limited ||      1.072128684495 ||0.01541239953241





