# Minimum negative log likelihood

Minuit did successfully converge.
# of function calls: 934
minimum function Value: 575.2434587812
minimum edm: 1.79891446285e-05
minimum internal state vector: LAVector parameters:
      0.455921914688
     -1.109059798777
     -1.287002217587
     -1.176077347463
       -1.5057850802
     -1.507725652619
     -1.311388432865
     -1.148906080897
    -0.9586570499583
     -1.152492632282
      -1.00574440592
    0.08819695769338
    0.05889303129719
    0.07185838649769
    0.02366813305273

minimum internal covariance matrix: LASymMatrix parameters:
    0.080835505   -0.003417893              0 -7.3305491e-05  0.00058078778  0.00051225783 -0.00068949401     0.00597967   0.0089461746   0.0060690663   0.0077314049   0.0011945169   0.0014199536   0.0013253124   0.0012779017
   -0.003417893  0.00021170817              0  3.4407105e-07 -3.1715822e-05 -2.9389358e-05   3.497578e-06 -0.00028258435 -0.00041081084 -0.00027877717 -0.00036277271 -4.3286655e-05 -5.1337661e-05 -5.5280255e-05 -5.1807519e-05
              0              0              2              0              0              0              0              0              0              0              0              0              0              0              0
 -7.3305491e-05  3.4407105e-07              0  0.00020124325  1.8148457e-06  1.3929886e-06  7.0555299e-07 -4.5399058e-06 -6.7454826e-06 -4.4482547e-06 -4.5472519e-06 -1.6766779e-06  -6.641467e-07 -1.9140263e-06 -3.5025699e-07
  0.00058078778 -3.1715822e-05              0  1.8148457e-06  1.1667768e-05  9.5579926e-06 -3.0508604e-06  4.6802666e-05  6.7848027e-05  4.6025046e-05  5.9729085e-05  7.1234345e-06  9.6096233e-06  9.4028772e-06  9.2540834e-06
  0.00051225783 -2.9389358e-05              0  1.3929886e-06  9.5579926e-06  8.0546807e-06 -1.8419123e-06  4.1646379e-05  6.0528223e-05  4.1069286e-05  5.3338759e-05  6.3923362e-06  8.2288741e-06  8.2545254e-06  8.0188323e-06
 -0.00068949401   3.497578e-06              0  7.0555299e-07 -3.0508604e-06 -1.8419123e-06  2.1063677e-05 -3.8923142e-05 -6.3235748e-05 -4.2571596e-05 -5.3345328e-05 -1.3335189e-05 -1.6282897e-05 -1.1821464e-05 -1.2981263e-05
     0.00597967 -0.00028258435              0 -4.5399058e-06  4.6802666e-05  4.1646379e-05 -3.8923142e-05  0.00046638101  0.00067535166  0.00045880484  0.00058777343    8.48999e-05  0.00010123162  9.7546886e-05  9.3353265e-05
   0.0089461746 -0.00041081084              0 -6.7454826e-06  6.7848027e-05  6.0528223e-05 -6.3235748e-05  0.00067535166   0.0010159963  0.00068153371  0.00087271074  0.00012814787  0.00015271476  0.00014648805  0.00014016322
   0.0060690663 -0.00027877717              0 -4.4482547e-06  4.6025046e-05  4.1069286e-05 -4.2571596e-05  0.00045880484  0.00068153371  0.00047383562  0.00059139968  8.7256678e-05  0.00010326347  9.8905568e-05  9.5388677e-05
   0.0077314049 -0.00036277271              0 -4.5472519e-06  5.9729085e-05  5.3338759e-05 -5.3345328e-05  0.00058777343  0.00087271074  0.00059139968  0.00077418544  0.00011024094  0.00013147111  0.00012596849  0.00012345117
   0.0011945169 -4.3286655e-05              0 -1.6766779e-06  7.1234345e-06  6.3923362e-06 -1.3335189e-05    8.48999e-05  0.00012814787  8.7256678e-05  0.00011024094  2.5331104e-05  2.2032518e-05  1.9471126e-05  1.9153816e-05
   0.0014199536 -5.1337661e-05              0  -6.641467e-07  9.6096233e-06  8.2288741e-06 -1.6282897e-05  0.00010123162  0.00015271476  0.00010326347  0.00013147111  2.2032518e-05  2.9077503e-05  2.3568104e-05  2.3049786e-05
   0.0013253124 -5.5280255e-05              0 -1.9140263e-06  9.4028772e-06  8.2545254e-06 -1.1821464e-05  9.7546886e-05  0.00014648805  9.8905568e-05  0.00012596849  1.9471126e-05  2.3568104e-05  2.9207175e-05  2.1471663e-05
   0.0012779017 -5.1807519e-05              0 -3.5025699e-07  9.2540834e-06  8.0188323e-06 -1.2981263e-05  9.3353265e-05  0.00014016322  9.5388677e-05  0.00012345117  1.9153816e-05  2.3049786e-05  2.1471663e-05  2.4394109e-05


# ext. ||   Name    ||   type  ||     Value     ||  Error +/- 

   0   ||Natural mortality || limited ||    0.05600725617422 ||0.004482321970717
   1   ||Targeted q || limited ||      5.235989072471 ||0.2291749947018
   2   ||Nontargeted q || limited ||                   2 ||22.06548931833
   3   ||     sigma || limited ||       3.84476665149 ||0.1928678493164
   4   ||  Biomass1 || limited ||      1.056243452916 ||0.07845687484753
   5   ||  Biomass2 || limited ||     0.9941478671325 ||0.06324386204115
   6   ||  vm_sigma || limited ||      1.339302163903 ||0.03329716968805
   7   ||Recruit year 1 || limited ||      4.393734482642 ||0.3126107087613
   8   ||Recruit year 2 || limited ||      9.088061046538 ||0.6474426416656
   9   ||Recruit year 3 || limited ||      4.320603267069 ||0.3125791069288
  10   ||Recruit year 4 || limited ||      7.781182802641 ||0.5266630125095
  11   ||Mean Rec dist 1 || limited ||     0.8808265916216 ||0.035450292857
  12   ||Mean Rec dist 2 || limited ||     0.5885899320895 ||0.0380635169993
  13   ||Mean Rec dist 3 || limited ||     0.7179656080281 ||0.0381159270761
  14   ||Mean Rec dist 4 || limited ||     0.2366592337676 ||0.03491442925722





