# Minimum negative log likelihood

Minuit did successfully converge.
# of function calls: 1412
minimum function Value: 480.3122132018
minimum edm: 4.480288090583e-05
minimum internal state vector: LAVector parameters:
     -0.226640686144
     -1.043687080887
     -1.287002217587
     -1.257374390584
      -1.41744083616
     -1.426743196267
   -0.05550998289493
     -1.003399222368
    -0.9673178635587
    -0.9548342527788
     -1.045316750811
    0.06279872524728
     0.1162586865869
    0.09713603017681
    0.08721617734445

minimum internal covariance matrix: LASymMatrix parameters:
   0.0028771391 -0.00020039595              0  5.7642769e-05  6.2064135e-05  5.6253297e-05 -0.00065239193  0.00037634821   0.0003896662  0.00039584071  0.00032493674  1.7175445e-05   1.019914e-05  1.6458616e-05   1.369935e-05
 -0.00020039595  1.5914239e-05              0  -3.222896e-06 -4.8231535e-06 -4.3593593e-06  3.1729887e-05 -2.6692572e-05  -2.811568e-05 -2.7865218e-05 -2.3573933e-05 -1.1190804e-06 -6.3471941e-07 -1.0761426e-06 -8.5435991e-07
              0              0              2              0              0              0              0              0              0              0              0              0              0              0              0
  5.7642769e-05  -3.222896e-06              0  0.00016050438 -3.9863751e-07 -2.9896861e-07 -7.6173533e-06  8.9239856e-06  4.7934095e-06  7.7887499e-06  4.9467132e-06 -1.4215397e-08 -1.5133262e-06 -1.6758221e-08  5.0295615e-07
  6.2064135e-05 -4.8231535e-06              0 -3.9863751e-07   3.528325e-06  2.9761554e-06 -1.0056061e-05   8.373826e-06  8.5312723e-06   8.494049e-06  6.8654783e-06  3.8869987e-07  5.6585189e-08  3.8510908e-07   2.359378e-07
  5.6253297e-05 -4.3593593e-06              0 -2.9896861e-07  2.9761554e-06   2.539678e-06 -9.2707627e-06  7.5463551e-06   7.755683e-06  7.7142455e-06  6.2960929e-06  3.5302882e-07  9.6871005e-08  3.4670704e-07  2.1878661e-07
 -0.00065239193  3.1729887e-05              0 -7.6173533e-06 -1.0056061e-05 -9.2707627e-06  0.00090357941 -7.9606441e-05 -8.0082415e-05 -8.7752071e-05 -7.5618888e-05 -7.3630894e-06 -9.2507112e-06 -7.2889947e-06 -7.6757754e-06
  0.00037634821 -2.6692572e-05              0  8.9239856e-06   8.373826e-06  7.5463551e-06 -7.9606441e-05  5.2936343e-05  5.0788427e-05  5.1858291e-05  4.2512673e-05  2.2116892e-06  1.0637763e-06  2.1419171e-06  1.7551514e-06
   0.0003896662  -2.811568e-05              0  4.7934095e-06  8.5312723e-06   7.755683e-06 -8.0082415e-05  5.0788427e-05  5.6826564e-05  5.3654858e-05  4.4682977e-05  2.3844706e-06  1.4863974e-06  2.2961856e-06  1.8160669e-06
  0.00039584071 -2.7865218e-05              0  7.7887499e-06   8.494049e-06  7.7142455e-06 -8.7752071e-05  5.1858291e-05  5.3654858e-05  5.7470085e-05  4.5172444e-05  2.3253189e-06  1.4842546e-06  2.1782649e-06  1.8717415e-06
  0.00032493674 -2.3573933e-05              0  4.9467132e-06  6.8654783e-06  6.2960929e-06 -7.5618888e-05  4.2512673e-05  4.4682977e-05  4.5172444e-05  4.3776152e-05  1.9136752e-06  1.7998648e-06  1.8190707e-06  1.7109637e-06
  1.7175445e-05 -1.1190804e-06              0 -1.4215397e-08  3.8869987e-07  3.5302882e-07 -7.3630894e-06  2.2116892e-06  2.3844706e-06  2.3253189e-06  1.9136752e-06  2.7502369e-07  9.2144484e-08  1.5694873e-07  9.9906057e-08
   1.019914e-05 -6.3471941e-07              0 -1.5133262e-06  5.6585189e-08  9.6871005e-08 -9.2507112e-06  1.0637763e-06  1.4863974e-06  1.4842546e-06  1.7998648e-06  9.2144484e-08  6.8045184e-07  8.1578245e-08  8.5740119e-08
  1.6458616e-05 -1.0761426e-06              0 -1.6758221e-08  3.8510908e-07  3.4670704e-07 -7.2889947e-06  2.1419171e-06  2.2961856e-06  2.1782649e-06  1.8190707e-06  1.5694873e-07  8.1578245e-08  2.7404409e-07  1.0213144e-07
   1.369935e-05 -8.5435991e-07              0  5.0295615e-07   2.359378e-07  2.1878661e-07 -7.6757754e-06  1.7551514e-06  1.8160669e-06  1.8717415e-06  1.7109637e-06  9.9906057e-08  8.5740119e-08  1.0213144e-07  2.7246246e-07


# ext. ||   Name    ||   type  ||     Value     ||  Error +/- 

   0   ||Natural mortality || limited ||    0.03938236519214 ||0.0009237416129217
   1   ||Targeted q || limited ||      6.786758197458 ||0.0709491775008
   2   ||Nontargeted q || limited ||                   2 ||22.06548931833
   3   ||     sigma || limited ||      2.435794750556 ||0.1380982687741
   4   ||  Biomass1 || limited ||       5.86796290775 ||0.1014459892419
   5   ||  Biomass2 || limited ||      5.178861126973 ||0.08088423336441
   6   ||  vm_sigma || limited ||      37.78126855688 ||0.8488297130037
   7   ||Recruit year 1 || limited ||      7.844080139574 ||0.1382342550287
   8   ||Recruit year 2 || limited ||      8.840789951143 ||0.1512372240413
   9   ||Recruit year 3 || limited ||       9.19818148063 ||0.1548338438815
  10   ||Recruit year 4 || limited ||      6.755151797217 ||0.1173303855628
  11   ||Mean Rec dist 1 || limited ||     0.6275745704054 ||0.003700949212563
  12   ||Mean Rec dist 2 || limited ||      1.159969698579 ||0.00579351397032
  13   ||Mean Rec dist 3 || limited ||     0.9698334920647 ||0.003684199243154
  14   ||Mean Rec dist 4 || limited ||      0.871056487328 ||0.00367692237907





