# Minimum negative log likelihood

Minuit did successfully converge.
# of function calls: 1702
minimum function Value: 259.9593753903
minimum edm: 1.792578157488e-05
minimum internal state vector: LAVector parameters:
     0.7615747476483
     -1.349725070966
     -1.287002217587
     -1.386762013949
     -1.449392140978
     -1.453487254247
  -0.005628559712989
    -0.4375175418659
      -1.08146397053
     -1.382883382444
     -1.178886197824
      -1.04349657368

minimum internal covariance matrix: LASymMatrix parameters:
    0.019791544  -0.0025997635              0  9.6401249e-06   0.0014274195   0.0013897088 -3.9512164e-05  0.00018011636   0.0057603911   0.0023939252   0.0045943967   0.0061366301
  -0.0025997635  0.00034445284              0  -1.747346e-06 -0.00018915131 -0.00018415444   5.829458e-06 -3.5652475e-05 -0.00076159353 -0.00031604686 -0.00060746857 -0.00081169874
              0              0              2              0              0              0              0              0              0              0              0              0
  9.6401249e-06  -1.747346e-06              0  4.4551193e-05  8.5694705e-07   8.730887e-07 -5.1436754e-07  8.1515954e-06  3.3839157e-06  1.2997479e-06  2.8527745e-06  3.7621428e-06
   0.0014274195 -0.00018915131              0  8.5694705e-07  0.00010501049  0.00010209779 -3.2160779e-06   1.828211e-05  0.00041835666  0.00017348058  0.00033362893  0.00044577128
   0.0013897088 -0.00018415444              0   8.730887e-07  0.00010209779  9.9287529e-05 -3.1269858e-06  1.8024331e-05  0.00040727774  0.00016890614  0.00032480684  0.00043399089
 -3.9512164e-05   5.829458e-06              0 -5.1436754e-07 -3.2160779e-06 -3.1269858e-06  6.7582062e-07 -6.6829818e-06 -1.2568708e-05 -5.1355003e-06 -9.9832793e-06 -1.3363545e-05
  0.00018011636 -3.5652475e-05              0  8.1515954e-06   1.828211e-05  1.8024331e-05 -6.6829818e-06  0.00027465468  7.1068505e-05  2.9086953e-05  5.7666332e-05  7.7312583e-05
   0.0057603911 -0.00076159353              0  3.3839157e-06  0.00041835666  0.00040727774 -1.2568708e-05  7.1068505e-05   0.0016856223   0.0006993501   0.0013438841   0.0017955197
   0.0023939252 -0.00031604686              0  1.2997479e-06  0.00017348058  0.00016890614 -5.1355003e-06  2.9086953e-05   0.0006993501  0.00029140503  0.00055784365  0.00074533066
   0.0045943967 -0.00060746857              0  2.8527745e-06  0.00033362893  0.00032480684 -9.9832793e-06  5.7666332e-05   0.0013438841  0.00055784365    0.001072592   0.0014321227
   0.0061366301 -0.00081169874              0  3.7621428e-06  0.00044577128  0.00043399089 -1.3363545e-05  7.7312583e-05   0.0017955197  0.00074533066   0.0014321227   0.0019143111


# ext. ||   Name    ||   type  ||     Value     ||  Error +/- 

   0   ||Natural mortality || limited ||    0.06225155060595 ||0.001796954389016
   1   ||Targeted q || limited ||      1.216844517256 ||0.1438786687124
   2   ||Nontargeted q || limited ||                   2 ||22.06548931833
   3   ||     sigma || limited ||     0.8443286456137 ||0.04318447064638
   4   ||  Biomass1 || limited ||       3.68022052676 ||0.4387668761577
   5   ||  Biomass2 || limited ||      3.436411088231 ||0.4123194510669
   6   ||   vm_mean || limited ||    -0.0176825484784 ||0.001826180454612
   7   ||  vm_sigma || limited ||      23.05302597404 ||0.4245789346969
   8   ||Recruit year 1 || limited ||      5.877069616195 ||0.6821226405333
   9   ||Recruit year 2 || limited ||     0.8900992238824 ||0.1127320266518
  10   ||Recruit year 3 || limited ||      3.800562701571 ||0.4421825076722
  11   ||Recruit year 4 || limited ||      6.800871435905 ||0.778198990247





