# Minimum negative log likelihood

Minuit did successfully converge.
# of function calls: 977
minimum function Value: 681.1655815022
minimum edm: 7.062942602402e-06
minimum internal state vector: LAVector parameters:
    -0.6621121870435
     -1.099656664776
     -1.287002217587
      -1.05938082535
     -1.514795518779
     -1.514823047537
     0.7604705527652
     0.1862232486195
     -0.978356833243
     -1.201547135447
     -1.086187674716
     -1.426874039442

minimum internal covariance matrix: LASymMatrix parameters:
     0.22967266   -0.015764429              0 -0.00011901556    0.001759648   0.0017011884  0.00033972427   -0.009299772     0.02001482     0.01228814    0.020393857   0.0042802889
   -0.015764429   0.0010954689              0   9.649892e-06 -0.00012264426 -0.00011843764 -1.8146713e-05  0.00048606987  -0.0013758366 -0.00084357278  -0.0014018848 -0.00029254367
              0              0              2              0              0              0              0              0              0              0              0              0
 -0.00011901556   9.649892e-06              0  0.00033320903  1.0875854e-06   7.968015e-07 -4.3066609e-07  -3.185662e-05 -1.0435337e-05 -6.5550206e-06 -1.0613923e-05  -1.730513e-06
    0.001759648 -0.00012264426              0  1.0875854e-06  3.1852679e-05  2.9116246e-05  1.8470547e-06 -5.1653804e-05  0.00015401684  9.4211221e-05  0.00015644303  3.1997633e-05
   0.0017011884 -0.00011843764              0   7.968015e-07  2.9116246e-05  2.6767626e-05  1.8425622e-06 -5.2301987e-05  0.00014879854  9.1116674e-05  0.00015121652  3.1095663e-05
  0.00033972427 -1.8146713e-05              0 -4.3066609e-07  1.8470547e-06  1.8425622e-06  1.1363458e-05 -0.00019337582   2.888993e-05  1.7844663e-05  2.9206197e-05  7.4868106e-06
   -0.009299772  0.00048606987              0  -3.185662e-05 -5.1653804e-05 -5.2301987e-05 -0.00019337582    0.021248128 -0.00077935596 -0.00051029785 -0.00079839459 -0.00025253707
     0.02001482  -0.0013758366              0 -1.0435337e-05  0.00015401684  0.00014879854   2.888993e-05 -0.00077935596    0.001760729   0.0010704987   0.0017781996  0.00037312775
     0.01228814 -0.00084357278              0 -6.5550206e-06  9.4211221e-05  9.1116674e-05  1.7844663e-05 -0.00051029785   0.0010704987  0.00067244164   0.0010913875  0.00022955342
    0.020393857  -0.0014018848              0 -1.0613923e-05  0.00015644303  0.00015121652  2.9206197e-05 -0.00079839459   0.0017781996   0.0010913875   0.0018268562  0.00037805114
   0.0042802889 -0.00029254367              0  -1.730513e-06  3.1997633e-05  3.1095663e-05  7.4868106e-06 -0.00025253707  0.00037312775  0.00022955342  0.00037805114  0.00011732955


# ext. ||   Name    ||   type  ||     Value     ||  Error +/- 

   0   ||Natural mortality || limited ||    0.02963039763926 ||0.006554579257131
   1   ||Targeted q || limited ||      5.447421399434 ||0.5311015232958
   2   ||Nontargeted q || limited ||                   2 ||22.06548931833
   3   ||     sigma || limited ||      6.397369102825 ||0.3158464901024
   4   ||  Biomass1 || limited ||     0.7838177488794 ||0.1116848094135
   5   ||  Biomass2 || limited ||     0.7830475245042 ||0.1023323438698
   6   ||   vm_mean || limited ||      2.165381825492 ||0.00542544232787
   7   ||  vm_sigma || limited ||      47.40635826629 ||4.044419838022
   8   ||Recruit year 1 || limited ||      8.530099464736 ||0.8281880754835
   9   ||Recruit year 2 || limited ||      3.379733653295 ||0.3308414122103
  10   ||Recruit year 3 || limited ||      5.766557735112 ||0.7038093315741
  11   ||Recruit year 4 || limited ||     0.5268956791045 ||0.05492103918428





