# Minimum negative log likelihood

Minuit did successfully converge.
# of function calls: 721
minimum function Value: 264.2359964732
minimum edm: 2.806896144047e-06
minimum internal state vector: LAVector parameters:
    -0.8418914631954
     -1.163587983804
     -1.287002217587
     -1.384847855545
     -1.492182664774
     -1.493913891628
    -0.1812301528724
     -1.056193097044
     -1.272571752514
     -1.033156790136
      -1.40877212999
     -1.206163991753

minimum internal covariance matrix: LASymMatrix parameters:
  0.00022604415 -9.3047144e-05              0  5.1964101e-07  1.6300014e-05  1.5896595e-05   4.778168e-06 -1.0403633e-05   6.374149e-05  0.00013323027  4.7805669e-05  8.1645943e-05
 -9.3047144e-05  3.9692666e-05              0  1.2210382e-08 -6.9607985e-06 -6.7915358e-06 -1.1918917e-06  2.0498887e-06 -2.6468401e-05 -5.5417195e-05  -1.963704e-05 -3.4049838e-05
              0              0              2              0              0              0              0              0              0              0              0              0
  5.1964101e-07  1.2210382e-08              0  4.5130288e-05  5.0076827e-08   2.051223e-08  2.3968305e-07 -8.6743796e-08  3.2967484e-07  1.1773641e-07 -1.2147397e-07  8.7258562e-08
  1.6300014e-05 -6.9607985e-06              0  5.0076827e-08  1.6965579e-06  1.5897807e-06  1.5231371e-07 -4.1334749e-07  4.7563146e-06  9.7083517e-06  3.4407509e-06  5.9628298e-06
  1.5896595e-05 -6.7915358e-06              0   2.051223e-08  1.5897807e-06  1.5015951e-06   1.598365e-07 -3.6503765e-07  4.6002713e-06  9.4693011e-06  3.3545925e-06  5.8164367e-06
   4.778168e-06 -1.1918917e-06              0  2.3968305e-07  1.5231371e-07   1.598365e-07   1.002411e-06 -1.9053324e-06  1.1891551e-06  2.4949872e-06  9.7398224e-07  1.5067632e-06
 -1.0403633e-05  2.0498887e-06              0 -8.6743796e-08 -4.1334749e-07 -3.6503765e-07 -1.9053324e-06  9.8619177e-06 -2.6808692e-06 -5.2398439e-06 -2.1158826e-06 -3.1191123e-06
   6.374149e-05 -2.6468401e-05              0  3.2967484e-07  4.7563146e-06  4.6002713e-06  1.1891551e-06 -2.6808692e-06     1.8524e-05  3.7643098e-05  1.3481089e-05  2.3090222e-05
  0.00013323027 -5.5417195e-05              0  1.1773641e-07  9.7083517e-06  9.4693011e-06  2.4949872e-06 -5.2398439e-06  3.7643098e-05  7.9165954e-05  2.8109963e-05  4.8293534e-05
  4.7805669e-05  -1.963704e-05              0 -1.2147397e-07  3.4407509e-06  3.3545925e-06  9.7398224e-07 -2.1158826e-06  1.3481089e-05  2.8109963e-05  1.0685454e-05  1.7230636e-05
  8.1645943e-05 -3.4049838e-05              0  8.7258562e-08  5.9628298e-06  5.8164367e-06  1.5067632e-06 -3.1191123e-06  2.3090222e-05  4.8293534e-05  1.7230636e-05  3.0043919e-05


# ext. ||   Name    ||   type  ||     Value     ||  Error +/- 

   0   ||Natural mortality || limited ||    0.03811435971631 ||0.00106212006843
   1   ||Targeted q || limited ||      4.088498591173 ||0.08821774882499
   2   ||Nontargeted q || limited ||                   2 ||22.06548931833
   3   ||     sigma || limited ||     0.8619329732838 ||0.04391110777875
   4   ||  Biomass1 || limited ||      1.544231425204 ||0.03616511801874
   5   ||  Biomass2 || limited ||      1.476999460121 ||0.03327595894989
   6   ||   vm_mean || limited ||    -0.5662397670571 ||0.002187692626749
   7   ||  vm_sigma || limited ||      5.181412165473 ||0.04371719033915
   8   ||Recruit year 1 || limited ||      2.216796430773 ||0.04470591508126
   9   ||Recruit year 2 || limited ||      7.063300103768 ||0.1610798317722
  10   ||Recruit year 3 || limited ||     0.6647960302108 ||0.0186417088814
  11   ||Recruit year 4 || limited ||       3.29692448604 ||0.06909986669173





