# Minimum negative log likelihood

Minuit did successfully converge.
# of function calls: 1584
minimum function Value: 309.0233667543
minimum edm: 5.365218864119e-05
minimum internal state vector: LAVector parameters:
      2.971435386324
     -1.028868107232
     -1.287002217587
     -1.363671763538
     -1.378169436799
     -1.380658473524
     0.6713486184033
     -1.168764470433
     -1.297101626021
     -1.076581379959
     -1.296515543952
     -1.020505701098

minimum internal covariance matrix: LASymMatrix parameters:
   0.0070379894  0.00054912326              0 -5.1122804e-05 -0.00017333067 -0.00016692998 -1.4517413e-05 -7.7330402e-06  -0.0002297031 -0.00052042085 -0.00031910231 -0.00060431636
  0.00054912326  4.6276511e-05              0 -6.2271163e-06 -1.4908288e-05 -1.4218759e-05  3.4403603e-07 -2.2758712e-06 -1.8438784e-05 -4.1225966e-05 -2.5662473e-05 -4.8448461e-05
              0              0              2              0              0              0              0              0              0              0              0              0
 -5.1122804e-05 -6.2271163e-06              0  3.7766468e-05  2.0871798e-06  1.9149501e-06  -1.731826e-06 -3.2713334e-08  1.6974204e-06  4.3542605e-06  2.4125782e-06   4.381006e-06
 -0.00017333067 -1.4908288e-05              0  2.0871798e-06  5.3120425e-06  5.0054738e-06 -2.4000241e-07  8.5670928e-07  5.9611385e-06  1.3033566e-05  8.2152029e-06  1.5278996e-05
 -0.00016692998 -1.4218759e-05              0  1.9149501e-06  5.0054738e-06  4.7312118e-06 -1.6696633e-07  7.5817788e-07  5.7097698e-06  1.2519101e-05  7.8781652e-06  1.4671124e-05
 -1.4517413e-05  3.4403603e-07              0  -1.731826e-06 -2.4000241e-07 -1.6696633e-07  1.4107411e-06 -9.2716776e-07  1.4798428e-07   7.585371e-07  1.4965925e-07  1.0342734e-06
 -7.7330402e-06 -2.2758712e-06              0 -3.2713334e-08  8.5670928e-07  7.5817788e-07 -9.2716776e-07  1.5408674e-06  5.1012626e-07  8.5909788e-07   7.828331e-07  1.2056041e-06
  -0.0002297031 -1.8438784e-05              0  1.6974204e-06  5.9611385e-06  5.7097698e-06  1.4798428e-07  5.1012626e-07  8.2971824e-06  1.7037795e-05  1.0623116e-05  1.9635517e-05
 -0.00052042085 -4.1225966e-05              0  4.3542605e-06  1.3033566e-05  1.2519101e-05   7.585371e-07  8.5909788e-07  1.7037795e-05  3.9311139e-05  2.3729938e-05  4.4894229e-05
 -0.00031910231 -2.5662473e-05              0  2.4125782e-06  8.2152029e-06  7.8781652e-06  1.4965925e-07   7.828331e-07  1.0623116e-05  2.3729938e-05  1.5351772e-05  2.7372698e-05
 -0.00060431636 -4.8448461e-05              0   4.381006e-06  1.5278996e-05  1.4671124e-05  1.0342734e-06  1.2056041e-06  1.9635517e-05  4.4894229e-05  2.7372698e-05  5.3985139e-05


# ext. ||   Name    ||   type  ||     Value     ||  Error +/- 

   0   ||Natural mortality || limited ||     0.0492334336799 ||0.001460753123078
   1   ||Targeted q || limited ||      7.164213979593 ||0.1240525269374
   2   ||Nontargeted q || limited ||                   2 ||22.06548931833
   3   ||     sigma || limited ||      1.068685804502 ||0.04468160145076
   4   ||  Biomass1 || limited ||       9.24763201862 ||0.1559959809394
   5   ||  Biomass2 || limited ||      9.010904514949 ||0.1453415062451
   6   ||   vm_mean || limited ||      1.954204142955 ||0.002065908516003
   7   ||  vm_sigma || limited ||      3.190246088362 ||0.01373788206493
   8   ||Recruit year 1 || limited ||      1.870872512061 ||0.02752373065764
   9   ||Recruit year 2 || limited ||      5.992333520194 ||0.1051376678489
  10   ||Recruit year 3 || limited ||      1.878800605797 ||0.03751687142245
  11   ||Recruit year 4 || limited ||      7.390632877013 ||0.1358295990861





