# Minimum negative log likelihood

Minuit did successfully converge.
# of function calls: 1391
minimum function Value: 560.2868936332
minimum edm: 1.056209577958e-05
minimum internal state vector: LAVector parameters:
     0.3380365743365
     -1.349806656048
     -1.287002217587
     -1.190199714755
     -1.525118697579
     -1.526614878068
    -0.1984018035942
    -0.9756528748486
     -0.891256387732
     -1.077987231763
    -0.8527402521564
    0.02525725691077
     0.1168412584444
    0.08704790613499
    0.05442928767895

minimum internal covariance matrix: LASymMatrix parameters:
    0.011034317  -0.0014363733              0 -3.6086512e-05  0.00030052637  0.00028851522   -0.003566072    0.004709607   0.0053272372   0.0038922774   0.0056900399  7.6575192e-05  6.3024285e-05  7.1493799e-05  7.3549666e-05
  -0.0014363733   0.0002070457              0  2.0483397e-06 -4.3008108e-05 -4.1317885e-05  0.00037477631 -0.00065251009 -0.00074019375 -0.00053766273 -0.00080001343 -8.6027144e-06 -6.6893462e-06 -8.9551352e-06 -9.2488033e-06
              0              0              2              0              0              0              0              0              0              0              0              0              0              0              0
 -3.6086512e-05  2.0483397e-06              0  0.00018365347 -5.8935634e-07 -5.6804505e-07  3.1038982e-05 -8.9244441e-06 -1.4672654e-05 -7.7195584e-06 -6.9131049e-06 -6.2356757e-07 -1.2397649e-06 -8.6427973e-07 -6.0220398e-07
  0.00030052637 -4.3008108e-05              0 -5.8935634e-07  2.2886838e-05  2.0645373e-05 -9.7962848e-05  0.00013594557  0.00015338909  0.00011195554  0.00016638718  1.8053768e-06   1.562051e-06  1.7602807e-06   2.105136e-06
  0.00028851522 -4.1317885e-05              0 -5.6804505e-07  2.0645373e-05   1.873411e-05 -9.0841662e-05  0.00013049461  0.00014737017  0.00010754077  0.00015980155  1.7518311e-06  1.4966591e-06  1.7051727e-06  1.9932882e-06
   -0.003566072  0.00037477631              0  3.1038982e-05 -9.7962848e-05 -9.0841662e-05   0.0067497475  -0.0013379733  -0.0015035244  -0.0010860694  -0.0016142885 -6.2936823e-05 -5.5886971e-05 -4.0179985e-05 -5.6842339e-05
    0.004709607 -0.00065251009              0 -8.9244441e-06  0.00013594557  0.00013049461  -0.0013379733   0.0021029795   0.0023666094   0.0017234895   0.0025439107  3.0052854e-05  2.3632419e-05  2.9811487e-05  3.0715405e-05
   0.0053272372 -0.00074019375              0 -1.4672654e-05  0.00015338909  0.00014737017  -0.0015035244   0.0023666094   0.0026961959    0.001950784   0.0028881896  3.3690726e-05  2.5699141e-05  3.4365304e-05  3.4860215e-05
   0.0038922774 -0.00053766273              0 -7.7195584e-06  0.00011195554  0.00010754077  -0.0010860694   0.0017234895    0.001950784   0.0014382592   0.0020978518  2.4593957e-05   1.957534e-05  2.2895047e-05  2.5582468e-05
   0.0056900399 -0.00080001343              0 -6.9131049e-06  0.00016638718  0.00015980155  -0.0016142885   0.0025439107   0.0028881896   0.0020978518   0.0031539809  3.5583853e-05  2.7648016e-05  3.5995976e-05  3.8670952e-05
  7.6575192e-05 -8.6027144e-06              0 -6.2356757e-07  1.8053768e-06  1.7518311e-06 -6.2936823e-05  3.0052854e-05  3.3690726e-05  2.4593957e-05  3.5583853e-05  1.6766089e-06  7.7572807e-07  7.2291368e-07   6.420036e-07
  6.3024285e-05 -6.6893462e-06              0 -1.2397649e-06   1.562051e-06  1.4966591e-06 -5.5886971e-05  2.3632419e-05  2.5699141e-05   1.957534e-05  2.7648016e-05  7.7572807e-07  2.7310874e-06  6.0073628e-07  5.6436206e-07
  7.1493799e-05 -8.9551352e-06              0 -8.6427973e-07  1.7602807e-06  1.7051727e-06 -4.0179985e-05  2.9811487e-05  3.4365304e-05  2.2895047e-05  3.5995976e-05  7.2291368e-07  6.0073628e-07  5.4218206e-06  7.5131303e-07
  7.3549666e-05 -9.2488033e-06              0 -6.0220398e-07   2.105136e-06  1.9932882e-06 -5.6842339e-05  3.0715405e-05  3.4860215e-05  2.5582468e-05  3.8670952e-05   6.420036e-07  5.6436206e-07  7.5131303e-07   2.012876e-06


# ext. ||   Name    ||   type  ||     Value     ||  Error +/- 

   0   ||Natural mortality || limited ||    0.05329088554556 ||0.001750240398083
   1   ||Targeted q || limited ||      1.215950201436 ||0.1115095136546
   2   ||Nontargeted q || limited ||                   2 ||22.06548931833
   3   ||     sigma || limited ||      3.577841265279 ||0.1779823305944
   4   ||  Biomass1 || limited ||     0.5215207661571 ||0.07723241139565
   5   ||  Biomass2 || limited ||     0.4879207266942 ||0.06758798809528
   6   ||  vm_sigma || limited ||      32.11648899713 ||2.276851577835
   7   ||Recruit year 1 || limited ||      8.605736128067 ||0.9087144061191
   8   ||Recruit year 2 || limited ||      11.11579333162 ||1.153321086167
   9   ||Recruit year 3 || limited ||      5.959037723944 ||0.6342104998841
  10   ||Recruit year 4 || limited ||      12.35446030842 ||1.305874201156
  11   ||Mean Rec dist 1 || limited ||     0.2525457160687 ||0.009152975169426
  12   ||Mean Rec dist 2 || limited ||      1.165755893864 ||0.01160597062277
  13   ||Mean Rec dist 3 || limited ||     0.8693801587642 ||0.01640249433738
  14   ||Mean Rec dist 4 || limited ||     0.5440241676918 ||0.01001727990628





