# Minimum negative log likelihood

Minuit did successfully converge.
# of function calls: 1525
minimum function Value: 344.9336227321
minimum edm: 9.643037432906e-05
minimum internal state vector: LAVector parameters:
      2.249126065881
     -1.096540257748
     -1.287002217587
     -1.344854492985
     -1.464722137407
     -1.471434210572
    -0.7059894228509
      -1.00965576111
    -0.9750530183844
     -1.486686631771
     -1.184564373628
    0.09920214360019
    0.07716132874211
    0.04805750553839
    0.04423785290508

minimum internal covariance matrix: LASymMatrix parameters:
   0.0057996184   0.0002503814              0 -2.6231582e-05 -5.4161033e-05 -4.9443355e-05   0.0003209978 -0.00047985972 -0.00052246742 -6.5809956e-05 -0.00028963779 -2.8042213e-05 -2.2826652e-05 -3.6124985e-05 -2.0316196e-05
   0.0002503814  1.2431797e-05              0 -9.1146315e-07 -2.7105025e-06 -2.4629375e-06  1.0083679e-05   -2.17205e-05 -2.3405244e-05 -2.8170157e-06 -1.3525393e-05 -1.0014196e-06 -8.4120105e-07 -1.6897513e-06 -8.2627931e-07
              0              0              2              0              0              0              0              0              0              0              0              0              0              0              0
 -2.6231582e-05 -9.1146315e-07              0  7.6336457e-05  5.7911071e-07  4.4822612e-07  2.7363644e-06  2.8044594e-06  3.4445156e-06  7.9171239e-07  3.0318772e-06 -3.2914279e-07  5.1727173e-07  3.8015948e-06  -2.017525e-07
 -5.4161033e-05 -2.7105025e-06              0  5.7911071e-07  1.2441301e-06  1.0649553e-06 -2.7766781e-06  4.7370011e-06  5.1272502e-06  6.4302963e-07  3.1184703e-06  2.1086526e-07  2.0014562e-07  4.2828846e-07  2.1743654e-07
 -4.9443355e-05 -2.4629375e-06              0  4.4822612e-07  1.0649553e-06   9.213564e-07 -2.5800706e-06  4.3044082e-06  4.6664364e-06  5.8150738e-07   2.836036e-06  1.9792003e-07   1.837016e-07  3.7631205e-07  1.9723092e-07
   0.0003209978  1.0083679e-05              0  2.7363644e-06 -2.7766781e-06 -2.5800706e-06  8.6323886e-05 -2.2587253e-05 -2.7498128e-05 -3.6781374e-06 -1.5911531e-05 -3.1993925e-06  -2.607038e-06 -9.4863355e-07 -2.3923314e-06
 -0.00047985972   -2.17205e-05              0  2.8044594e-06  4.7370011e-06  4.3044082e-06 -2.2587253e-05  4.2011273e-05  4.3924564e-05   5.637487e-06  2.4717588e-05  2.0882492e-06  1.8159218e-06  3.0577954e-06   1.642211e-06
 -0.00052246742 -2.3405244e-05              0  3.4445156e-06  5.1272502e-06  4.6664364e-06 -2.7498128e-05  4.3924564e-05  4.9086527e-05  5.9096032e-06  2.7037531e-05   2.349709e-06  2.0168563e-06  3.5684803e-06   1.798934e-06
 -6.5809956e-05 -2.8170157e-06              0  7.9171239e-07  6.4302963e-07  5.8150738e-07 -3.6781374e-06   5.637487e-06  5.9096032e-06  2.2327606e-06  3.3154134e-06  2.9722136e-07   2.859495e-07  2.3740546e-07  2.4715084e-07
 -0.00028963779 -1.3525393e-05              0  3.0318772e-06  3.1184703e-06   2.836036e-06 -1.5911531e-05  2.4717588e-05  2.7037531e-05  3.3154134e-06  1.7621474e-05  1.2100195e-06  1.2082765e-06  2.4500801e-06  1.1126471e-06
 -2.8042213e-05 -1.0014196e-06              0 -3.2914279e-07  2.1086526e-07  1.9792003e-07 -3.1993925e-06  2.0882492e-06   2.349709e-06  2.9722136e-07  1.2100195e-06  2.8466057e-07  1.3002184e-07  -8.443672e-09  1.3705559e-07
 -2.2826652e-05 -8.4120105e-07              0  5.1727173e-07  2.0014562e-07   1.837016e-07  -2.607038e-06  1.8159218e-06  2.0168563e-06   2.859495e-07  1.2082765e-06  1.3002184e-07  2.0256639e-07   3.106201e-07  9.6030884e-08
 -3.6124985e-05 -1.6897513e-06              0  3.8015948e-06  4.2828846e-07  3.7631205e-07 -9.4863355e-07  3.0577954e-06  3.5684803e-06  2.3740546e-07  2.4500801e-06  -8.443672e-09   3.106201e-07  5.9510904e-06 -6.4165891e-08
 -2.0316196e-05 -8.2627931e-07              0  -2.017525e-07  2.1743654e-07  1.9723092e-07 -2.3923314e-06   1.642211e-06   1.798934e-06  2.4715084e-07  1.1126471e-06  1.3705559e-07  9.6030884e-08 -6.4165891e-08  2.5336749e-07


# ext. ||   Name    ||   type  ||     Value     ||  Error +/- 

   0   ||Natural mortality || limited ||    0.06446554705122 ||0.0008443528362522
   1   ||Targeted q || limited ||       5.51836481316 ||0.05692858759042
   2   ||Nontargeted q || limited ||                   2 ||22.06548931833
   3   ||     sigma || limited ||       1.27082271805 ||0.06920117732401
   4   ||  Biomass1 || limited ||       2.81029687113 ||0.04175253565805
   5   ||  Biomass2 || limited ||      2.466177520427 ||0.03366470245347
   6   ||  vm_sigma || limited ||      14.04934167007 ||0.1999721279115
   7   ||Recruit year 1 || limited ||      7.676797878427 ||0.1219351277086
   8   ||Recruit year 2 || limited ||       8.62255669682 ||0.1389792381354
   9   ||Recruit year 3 || limited ||     0.1867391027633 ||0.004437786913821
  10   ||Recruit year 4 || limited ||      3.692878764411 ||0.05590213552531
  11   ||Mean Rec dist 1 || limited ||     0.9903951451423 ||0.003754120229948
  12   ||Mean Rec dist 2 || limited ||     0.7708478343758 ||0.003173032605709
  13   ||Mean Rec dist 3 || limited ||     0.4803900934861 ||0.01722984466029
  14   ||Mean Rec dist 4 || limited ||     0.4422342549505 ||0.003555783813442





