# Minimum negative log likelihood

Minuit did successfully converge.
# of function calls: 1173
minimum function Value: 587.3098018538
minimum edm: 8.716577449103e-05
minimum internal state vector: LAVector parameters:
      3.453703464334
    -0.9026520201639
     -1.287002217587
     -1.164277607532
     -1.520222868131
     -1.523709543528
     0.4305033193287
       2.93060708696
     -1.010756402793
     -1.073183894329
     -1.259531867627
     -1.227135750209

minimum internal covariance matrix: LASymMatrix parameters:
    0.074171587   0.0054312774              0 -3.0457504e-05 -0.00042634608 -0.00039622924  6.5935277e-05   0.0032358902  -0.0036719501   -0.004867962  -0.0024767411   -0.002499608
   0.0054312774  0.00041331576              0  2.4168624e-06 -3.3409808e-05  -3.099959e-05  8.4061322e-06  0.00034590096 -0.00027188572 -0.00036023053 -0.00018050924  -0.0001844375
              0              0              2              0              0              0              0              0              0              0              0              0
 -3.0457504e-05  2.4168624e-06              0   0.0002131344 -4.8244532e-07 -5.6588548e-07  1.1204278e-06  3.6113422e-05 -1.5134893e-07  3.1534926e-07  2.1719747e-06  7.3518819e-07
 -0.00042634608 -3.3409808e-05              0 -4.8244532e-07   7.134079e-06   6.062626e-06  -8.571261e-07 -3.2472948e-05  2.1880436e-05  2.8927084e-05  1.4146941e-05  1.4625261e-05
 -0.00039622924  -3.099959e-05              0 -5.6588548e-07   6.062626e-06  5.2243251e-06 -7.9337052e-07 -3.0409025e-05   2.030449e-05  2.6843675e-05  1.3128279e-05  1.3574662e-05
  6.5935277e-05  8.4061322e-06              0  1.1204278e-06  -8.571261e-07 -7.9337052e-07  1.8233456e-06  5.0563112e-05 -3.9940014e-06 -5.2984645e-06 -1.9704218e-06 -2.4627731e-06
   0.0032358902  0.00034590096              0  3.6113422e-05 -3.2472948e-05 -3.0409025e-05  5.0563112e-05   0.0030005813 -0.00018424331   -0.000240413 -0.00010027057 -0.00011688298
  -0.0036719501 -0.00027188572              0 -1.5134893e-07  2.1880436e-05   2.030449e-05 -3.9940014e-06 -0.00018424331  0.00018986424  0.00024232576  0.00012220783  0.00012391765
   -0.004867962 -0.00036023053              0  3.1534926e-07  2.8927084e-05  2.6843675e-05 -5.2984645e-06   -0.000240413  0.00024232576  0.00032791859  0.00016195599  0.00016416974
  -0.0024767411 -0.00018050924              0  2.1719747e-06  1.4146941e-05  1.3128279e-05 -1.9704218e-06 -0.00010027057  0.00012220783  0.00016195599  8.9405498e-05   8.339945e-05
   -0.002499608  -0.0001844375              0  7.3518819e-07  1.4625261e-05  1.3574662e-05 -2.4627731e-06 -0.00011688298  0.00012391765  0.00016416974   8.339945e-05    9.16611e-05


# ext. ||   Name    ||   type  ||     Value     ||  Error +/- 

   0   ||Natural mortality || limited ||    0.03732329621788 ||0.004553553961349
   1   ||Targeted q || limited ||      10.75136623925 ||0.4452907188121
   2   ||Nontargeted q || limited ||                   2 ||22.06548931833
   3   ||     sigma || limited ||      4.074853322188 ||0.2040921431534
   4   ||  Biomass1 || limited ||     0.6392824065197 ||0.04773766950711
   5   ||  Biomass2 || limited ||     0.5541888842269 ||0.03803719139658
   6   ||   vm_mean || limited ||      1.311075363198 ||0.002725941351812
   7   ||  vm_sigma || limited ||      48.37734381132 ||1.514588988988
   8   ||Recruit year 1 || limited ||      7.647541006538 ||0.2587621341663
   9   ||Recruit year 2 || limited ||      6.073157606866 ||0.3055627739357
  10   ||Recruit year 3 || limited ||      2.412406011553 ||0.1023727545632
  11   ||Recruit year 4 || limited ||      2.933327795559 ||0.1140375941191





