# Minimum negative log likelihood

Minuit did successfully converge.
# of function calls: 582
minimum function Value: 564.9414345383
minimum edm: 2.755715252961e-06
minimum internal state vector: LAVector parameters:
     0.1747705497457
     -1.160799637437
     -1.287002217587
     -1.955727116185
     -1.526528004742
     -1.528195352751
    -0.6406828271877
    -0.2030399179199
     -1.180479133902
    -0.9702118790049
     -1.037948648832
     -1.090578307772

minimum internal covariance matrix: LASymMatrix parameters:
    0.067529057   -0.007129815              0 -3.0224324e-05   0.0007804389  0.00071783251 -1.8720705e-05  0.00056671255   0.0073718785    0.010981383   0.0089868717   0.0078258402
   -0.007129815  0.00076042263              0  3.3890589e-06 -8.2993655e-05 -7.6465869e-05   4.713204e-06 -0.00011157799 -0.00078119244  -0.0011637868 -0.00095219271  -0.0008294614
              0              0              2              0              0              0              0              0              0              0              0              0
 -3.0224324e-05  3.3890589e-06              0  0.00018301176 -5.7472321e-07 -4.4796867e-07  8.2015138e-08  1.2307557e-07 -3.3774009e-06 -4.9125555e-06 -4.0133596e-06 -3.4920452e-06
   0.0007804389 -8.2993655e-05              0 -5.7472321e-07  1.9275351e-05   1.529539e-05 -6.8404343e-07  1.7509701e-06  8.9810253e-05   0.0001272597  0.00010409098  9.0715954e-05
  0.00071783251 -7.6465869e-05              0 -4.4796867e-07   1.529539e-05  1.2871295e-05 -5.4115061e-07  8.7661166e-06  8.0588809e-05  0.00011711578  9.5799854e-05  8.3473484e-05
 -1.8720705e-05   4.713204e-06              0  8.2015138e-08 -6.8404343e-07 -5.4115061e-07  3.6107445e-06 -4.8957655e-05 -3.3931116e-06   -4.60875e-06 -3.5609493e-06 -3.2701618e-06
  0.00056671255 -0.00011157799              0  1.2307557e-07  1.7509701e-06  8.7661166e-06 -4.8957655e-05   0.0018923859  7.0084535e-05  0.00012172085  9.5702713e-05  8.4385515e-05
   0.0073718785 -0.00078119244              0 -3.3774009e-06  8.9810253e-05  8.0588809e-05 -3.3931116e-06  7.0084535e-05  0.00081750164   0.0012004054  0.00098234697  0.00085559723
    0.010981383  -0.0011637868              0 -4.9125555e-06   0.0001272597  0.00011711578   -4.60875e-06  0.00012172085   0.0012004054    0.001795789   0.0014633152   0.0012745433
   0.0089868717 -0.00095219271              0 -4.0133596e-06  0.00010409098  9.5799854e-05 -3.5609493e-06  9.5702713e-05  0.00098234697   0.0014633152   0.0012048533    0.001042815
   0.0078258402  -0.0008294614              0 -3.4920452e-06  9.0715954e-05  8.3473484e-05 -3.2701618e-06  8.4385515e-05  0.00085559723   0.0012745433    0.001042815  0.00091546214


# ext. ||   Name    ||   type  ||     Value     ||  Error +/- 

   0   ||Natural mortality || limited ||    0.04934705468144 ||0.00449838776763
   1   ||Targeted q || limited ||      4.143892876784 ||0.3885967389784
   2   ||Nontargeted q || limited ||                   2 ||22.06548931833
   3   ||     sigma || limited ||      3.658778843481 ||0.1795940857197
   4   ||  Biomass1 || limited ||     0.4898410820038 ||0.06869207873197
   5   ||  Biomass2 || limited ||      0.453642133715 ||0.05401990618589
   6   ||   vm_mean || limited ||     -1.877865001476 ||0.003384062611033
   7   ||  vm_sigma || limited ||      31.93469161594 ||1.204929937282
   8   ||Recruit year 1 || limited ||      3.770202928705 ||0.38455650265
   9   ||Recruit year 2 || limited ||       8.75885153115 ||0.8464836046989
  10   ||Recruit year 3 || limited ||      6.941107922892 ||0.6232879849043
  11   ||Recruit year 4 || limited ||      5.664723218367 ||0.4940999437553





