# Minimum negative log likelihood

Minuit did successfully converge.
# of function calls: 982
minimum function Value: 643.7980468533
minimum edm: 5.990898601552e-06
minimum internal state vector: LAVector parameters:
     -1.028332845715
     -1.165897625795
     -1.287002217587
     -1.104156518632
     -1.496842872504
     -1.500932763993
    -0.5223669889864
    -0.1045082714539
     -1.123048668518
     -1.007486858759
    -0.9284326905114
     -1.110932603271

minimum internal covariance matrix: LASymMatrix parameters:
   0.0055941429   -0.001697874              0 -6.0916475e-06  0.00029638137  0.00030008143 -3.7116536e-06   0.0001643228   0.0019148236   0.0025128662   0.0026288479    0.001989747
   -0.001697874  0.00052204685              0  1.3035983e-06 -9.0917455e-05 -9.2178597e-05  4.0868091e-06  -0.0001405947  -0.0005824425 -0.00076360998 -0.00079915939 -0.00060428169
              0              0              2              0              0              0              0              0              0              0              0              0
 -6.0916475e-06  1.3035983e-06              0  0.00027764514 -4.0086048e-06 -3.0814672e-06 -1.2288589e-06  6.4491791e-05 -2.5607461e-06 -2.8968675e-06 -1.7129136e-06 -1.8667604e-06
  0.00029638137 -9.0917455e-05              0 -4.0086048e-06  3.5005616e-05  3.0715145e-05  -8.214498e-07 -8.2060244e-06  0.00010964249  0.00013307651  0.00013987116  0.00010517646
  0.00030008143 -9.2178597e-05              0 -3.0814672e-06  3.0715145e-05  2.7901919e-05 -7.0578316e-07  2.7613938e-06  0.00010742619   0.0001350554  0.00014169111  0.00010665521
 -3.7116536e-06  4.0868091e-06              0 -1.2288589e-06  -8.214498e-07 -7.0578316e-07  5.7087673e-06 -0.00011269984 -2.1773105e-06 -2.3151163e-06 -1.9521089e-06 -1.6169335e-06
   0.0001643228  -0.0001405947              0  6.4491791e-05 -8.2060244e-06  2.7613938e-06 -0.00011269984   0.0063405232  5.4223062e-05  9.1762031e-05  7.4544244e-05  5.7662042e-05
   0.0019148236  -0.0005824425              0 -2.5607461e-06  0.00010964249  0.00010742619 -2.1773105e-06  5.4223062e-05  0.00067942144  0.00085741179  0.00090034931  0.00067952191
   0.0025128662 -0.00076360998              0 -2.8968675e-06  0.00013307651   0.0001350554 -2.3151163e-06  9.1762031e-05  0.00085741179   0.0011424421   0.0011802817  0.00089277447
   0.0026288479 -0.00079915939              0 -1.7129136e-06  0.00013987116  0.00014169111 -1.9521089e-06  7.4544244e-05  0.00090034931   0.0011802817   0.0012478944  0.00093454425
    0.001989747 -0.00060428169              0 -1.8667604e-06  0.00010517646  0.00010665521 -1.6169335e-06  5.7662042e-05  0.00067952191  0.00089277447  0.00093454425  0.00072385865


# ext. ||   Name    ||   type  ||     Value     ||  Error +/- 

   0   ||Natural mortality || limited ||    0.02153407263701 ||0.004093534193388
   1   ||Targeted q || limited ||       4.04288469218 ||0.3182036202436
   2   ||Nontargeted q || limited ||                   2 ||22.06548931833
   3   ||     sigma || limited ||      5.345748158182 ||0.2650295510002
   4   ||  Biomass1 || limited ||      1.366655313963 ||0.1545557353595
   5   ||  Biomass2 || limited ||      1.219733112679 ||0.130367222422
   6   ||   vm_mean || limited ||     -1.567443815299 ||0.004599862920787
   7   ||  vm_sigma || limited ||      35.82782672724 ||2.23870366391
   8   ||Recruit year 1 || limited ||      4.938281695417 ||0.3989152409367
   9   ||Recruit year 2 || limited ||      7.734600929188 ||0.6379963722309
  10   ||Recruit year 3 || limited ||      9.974905118765 ||0.7480784371074
  11   ||Recruit year 4 || limited ||      5.203831120521 ||0.422109372397





