# Minimum negative log likelihood

Minuit did successfully converge.
# of function calls: 1525
minimum function Value: 347.6010602621
minimum edm: 3.691800228176e-05
minimum internal state vector: LAVector parameters:
     0.6170226076738
     -1.103640575682
     -1.287002217587
     -1.343420538658
      -1.54234928379
     -1.544097168337
    -0.0214891006354
     -1.039183079566
     -1.253385059625
     -1.075868764997
     -1.225018757683
    0.03841209479074
    0.04133808771591
    0.05913078519701
    0.08484674939406

minimum internal covariance matrix: LASymMatrix parameters:
   0.0014399963 -0.00010146689              0 -9.9543143e-06  2.4817846e-06  2.6134905e-06 -0.00016867516  0.00015932616  9.9657213e-05  0.00015467692  0.00010470843  4.2957904e-06  3.9600465e-06  4.9743285e-06  4.2092697e-06
 -0.00010146689   9.294098e-06              0 -7.8599861e-07 -2.1636123e-07 -2.1282263e-07  8.9507822e-06 -1.2240427e-05 -7.5205665e-06 -1.1887638e-05 -8.3014897e-06 -1.2527604e-07 -2.3253048e-07 -1.5566085e-07 -2.4106054e-07
              0              0              2              0              0              0              0              0              0              0              0              0              0              0              0
 -9.9543143e-06 -7.8599861e-07              0  7.2046834e-05 -7.6606258e-07 -6.2294061e-07 -1.5543649e-05  7.1958774e-07  1.2327583e-06  -1.150095e-06 -3.0540656e-07 -1.1005334e-07  1.1162046e-07 -1.1167689e-07 -2.8198136e-08
  2.4817846e-06 -2.1636123e-07              0 -7.6606258e-07  9.8521401e-07  8.0440788e-07 -1.1265459e-06  2.2076663e-07 -1.0685245e-07  1.6925374e-07    2.22437e-07  2.3202767e-08  4.4579792e-08  3.0807682e-09  6.0007375e-08
  2.6134905e-06 -2.1282263e-07              0 -6.2294061e-07  8.0440788e-07  6.6368006e-07 -9.9917545e-07  2.5356621e-07 -4.4595012e-08   1.984667e-07  1.9659356e-07  2.2540822e-08  3.9180365e-08  8.2549997e-09  4.9972865e-08
 -0.00016867516  8.9507822e-06              0 -1.5543649e-05 -1.1265459e-06 -9.9917545e-07  0.00045625656 -2.3344544e-05 -1.0372507e-05 -1.6971032e-05 -1.7576755e-05 -3.1395915e-06 -2.5118627e-06 -3.2933825e-06 -2.1557242e-06
  0.00015932616 -1.2240427e-05              0  7.1958774e-07  2.2076663e-07  2.5356621e-07 -2.3344544e-05  1.9628233e-05  1.1357211e-05  1.7704456e-05  1.2033835e-05  4.3441354e-07   4.390688e-07  5.2209076e-07  4.1889058e-07
  9.9657213e-05 -7.5205665e-06              0  1.2327583e-06 -1.0685245e-07 -4.4595012e-08 -1.0372507e-05  1.1357211e-05  8.7425577e-06  1.0415665e-05  7.2996001e-06  2.5673338e-07  2.7178951e-07  3.3022635e-07  2.6650646e-07
  0.00015467692 -1.1887638e-05              0  -1.150095e-06  1.6925374e-07   1.984667e-07 -1.6971032e-05  1.7704456e-05  1.0415665e-05   1.921983e-05  1.1492413e-05  3.4944832e-07  3.6436326e-07  4.1620693e-07  3.6332474e-07
  0.00010470843 -8.3014897e-06              0 -3.0540656e-07    2.22437e-07  1.9659356e-07 -1.7576755e-05  1.2033835e-05  7.2996001e-06  1.1492413e-05  1.1509241e-05   2.952754e-07  2.1673279e-07  2.7012364e-07  3.8449998e-07
  4.2957904e-06 -1.2527604e-07              0 -1.1005334e-07  2.3202767e-08  2.2540822e-08 -3.1395915e-06  4.3441354e-07  2.5673338e-07  3.4944832e-07   2.952754e-07   7.660876e-08  2.5541702e-08  5.1293346e-08  2.7184274e-08
  3.9600465e-06 -2.3253048e-07              0  1.1162046e-07  4.4579792e-08  3.9180365e-08 -2.5118627e-06   4.390688e-07  2.7178951e-07  3.6436326e-07  2.1673279e-07  2.5541702e-08  1.3122484e-07  2.4923738e-08   2.842462e-08
  4.9743285e-06 -1.5566085e-07              0 -1.1167689e-07  3.0807682e-09  8.2549997e-09 -3.2933825e-06  5.2209076e-07  3.3022635e-07  4.1620693e-07  2.7012364e-07  5.1293346e-08  2.4923738e-08   1.138255e-07  2.0263088e-08
  4.2092697e-06 -2.4106054e-07              0 -2.8198136e-08  6.0007375e-08  4.9972865e-08 -2.1557242e-06  4.1889058e-07  2.6650646e-07  3.6332474e-07  3.8449998e-07  2.7184274e-08   2.842462e-08  2.0263088e-08  1.6639954e-07


# ext. ||   Name    ||   type  ||     Value     ||  Error +/- 

   0   ||Natural mortality || limited ||    0.05946523383123 ||0.0005470579802859
   1   ||Targeted q || limited ||      5.357359925437 ||0.04854082174381
   2   ||Nontargeted q || limited ||                   2 ||22.06548931833
   3   ||     sigma || limited ||      1.286934846421 ||0.06764807519403
   4   ||  Biomass1 || limited ||     0.2022949213838 ||0.009981569015605
   5   ||  Biomass2 || limited ||     0.1782006794257 ||0.007689185560072
   6   ||  vm_sigma || limited ||       39.1410128719 ||0.603986641073
   7   ||Recruit year 1 || limited ||       6.90979005946 ||0.07939530762149
   8   ||Recruit year 2 || limited ||      2.507421968384 ||0.03262388519594
   9   ||Recruit year 3 || limited ||      6.009244117271 ||0.07361221912967
  10   ||Recruit year 4 || limited ||      2.969094218505 ||0.04064829872362
  11   ||Mean Rec dist 1 || limited ||     0.3840264938355 ||0.001955706766579
  12   ||Mean Rec dist 2 || limited ||     0.4132631537608 ||0.002559303798813
  13   ||Mean Rec dist 3 || limited ||      0.590963332506 ||0.002381469872596
  14   ||Mean Rec dist 4 || limited ||      0.847449844847 ||0.002874060774185





