# Minimum negative log likelihood

Minuit did successfully converge.
# of function calls: 1210
minimum function Value: 621.2345405077
minimum edm: 5.461904155925e-05
minimum internal state vector: LAVector parameters:
    -0.1092834423864
    -0.9546162528539
     -1.287002217587
     -1.129176893937
     -1.546692780232
      -1.54849218882
    -0.5796172112881
     -1.126031905707
     -1.173668891222
     -1.128183246351
      -1.03004389095
    0.05125548076465
    0.02100311762969
    0.07653306675973
    0.06914934628255

minimum internal covariance matrix: LASymMatrix parameters:
    0.011558258 -0.00086328829              0  5.4182553e-06  3.7272683e-05  3.1878656e-05  -0.0011396506  0.00094674185  0.00075217514  0.00097890505    0.001211482  5.7262782e-05  4.9310557e-05  5.6958053e-05  6.1821075e-05
 -0.00086328829  8.3066966e-05              0 -3.2037546e-06 -3.2502478e-06 -2.8333684e-06  5.2274709e-05 -7.1932016e-05 -5.7034799e-05 -7.4507925e-05  -9.813661e-05 -2.7913175e-06 -1.9500455e-06  -2.593235e-06 -3.2582651e-06
              0              0              2              0              0              0              0              0              0              0              0              0              0              0              0
  5.4182553e-06 -3.2037546e-06              0  0.00025974912 -1.0305742e-06 -7.0344821e-07  9.2976297e-06  1.4421237e-07 -1.5490932e-06  4.6553882e-07 -2.5687601e-06 -4.0948748e-07 -8.8010495e-07  -3.270892e-07 -6.6895919e-07
  3.7272683e-05 -3.2502478e-06              0 -1.0305742e-06  6.0391312e-06  4.6073016e-06 -2.9725874e-06  3.1405097e-06  2.5977026e-06  3.2155746e-06  4.3505866e-06  1.4973507e-07  1.4926069e-07   1.342231e-07  2.3346567e-07
  3.1878656e-05 -2.8333684e-06              0 -7.0344821e-07  4.6073016e-06  3.6075258e-06  -2.407745e-06  2.6662708e-06   2.190709e-06  2.7489555e-06  3.6874925e-06  1.2629149e-07  1.1378546e-07  1.1124324e-07  1.8620873e-07
  -0.0011396506  5.2274709e-05              0  9.2976297e-06 -2.9725874e-06  -2.407745e-06  0.00054923698 -8.9390087e-05 -7.3620183e-05  -9.327179e-05 -0.00011140291 -1.4590838e-05 -1.2595779e-05 -1.5795169e-05 -1.4942857e-05
  0.00094674185 -7.1932016e-05              0  1.4421237e-07  3.1405097e-06  2.6662708e-06 -8.9390087e-05  8.8363916e-05  6.1818256e-05   8.048249e-05  9.9602653e-05   4.481731e-06  3.9858436e-06  4.5031746e-06  4.9726377e-06
  0.00075217514 -5.7034799e-05              0 -1.5490932e-06  2.5977026e-06   2.190709e-06 -7.3620183e-05  6.1818256e-05  6.0255113e-05  6.3987129e-05   7.969456e-05  3.5617977e-06  3.3572133e-06  3.5809169e-06   3.827171e-06
  0.00097890505 -7.4507925e-05              0  4.6553882e-07  3.2155746e-06  2.7489555e-06  -9.327179e-05   8.048249e-05  6.3987129e-05  9.3596301e-05  0.00010291231  4.6490299e-06  4.1015437e-06  4.5969231e-06   5.128505e-06
    0.001211482  -9.813661e-05              0 -2.5687601e-06  4.3505866e-06  3.6874925e-06 -0.00011140291  9.9602653e-05   7.969456e-05  0.00010291231   0.0001459783  5.5928713e-06  4.6192049e-06  5.4079686e-06  6.3936778e-06
  5.7262782e-05 -2.7913175e-06              0 -4.0948748e-07  1.4973507e-07  1.2629149e-07 -1.4590838e-05   4.481731e-06  3.5617977e-06  4.6490299e-06  5.5928713e-06  1.1276924e-06  4.3406001e-07   5.464254e-07  5.5212822e-07
  4.9310557e-05 -1.9500455e-06              0 -8.8010495e-07  1.4926069e-07  1.1378546e-07 -1.2595779e-05  3.9858436e-06  3.3572133e-06  4.1015437e-06  4.6192049e-06  4.3406001e-07  1.0747106e-06  4.6153999e-07   4.481528e-07
  5.6958053e-05  -2.593235e-06              0  -3.270892e-07   1.342231e-07  1.1124324e-07 -1.5795169e-05  4.5031746e-06  3.5809169e-06  4.5969231e-06  5.4079686e-06   5.464254e-07  4.6153999e-07  1.3699553e-06    5.90081e-07
  6.1821075e-05 -3.2582651e-06              0 -6.6895919e-07  2.3346567e-07  1.8620873e-07 -1.4942857e-05  4.9726377e-06   3.827171e-06   5.128505e-06  6.3936778e-06  5.5212822e-07   4.481528e-07    5.90081e-07  1.1872026e-06


# ext. ||   Name    ||   type  ||     Value     ||  Error +/- 

   0   ||Natural mortality || limited ||    0.04227334885236 ||0.001887357927393
   1   ||Targeted q || limited ||      9.195398768362 ||0.1862238843691
   2   ||Nontargeted q || limited ||                   2 ||22.06548931833
   3   ||     sigma || limited ||      4.796965161373 ||0.2435349666514
   4   ||  Biomass1 || limited ||     0.1452382073029 ||0.02094020438706
   5   ||  Biomass2 || limited ||     0.1243634869312 ||0.01497645515916
   6   ||  vm_sigma || limited ||      18.09262552429 ||0.5545682464129
   7   ||Recruit year 1 || limited ||      4.873911202824 ||0.142975597791
   8   ||Recruit year 2 || limited ||      3.900819798166 ||0.1061353789422
   9   ||Recruit year 3 || limited ||      4.827740103096 ||0.146483204794
  10   ||Recruit year 4 || limited ||      7.143207395375 ||0.2198736248547
  11   ||Mean Rec dist 1 || limited ||      0.512330412925 ||0.007499107097059
  12   ||Mean Rec dist 2 || limited ||     0.2100157347621 ||0.007328834911175
  13   ||Mean Rec dist 3 || limited ||     0.7645837565074 ||0.008252109901367
  14   ||Mean Rec dist 4 || limited ||     0.6909425166743 ||0.007686139059464





