# Minimum negative log likelihood

Minuit did successfully converge.
# of function calls: 1024
minimum function Value: 436.6561041764
minimum edm: 9.804734193071e-06
minimum internal state vector: LAVector parameters:
     0.6785216131297
     -1.185285417747
     -1.287002217587
     -1.288802131366
     -1.443057742607
     -1.449111315479
     -0.915330894913
    -0.9469223744016
     -1.213307658833
     -1.063618445998
     -1.193659922112
    0.05251403237394
    0.05862032919712
     0.1014109919115
      0.055561368668

minimum internal covariance matrix: LASymMatrix parameters:
   0.0081214168 -0.00051396346              0 -6.9742771e-05  0.00018051526   0.0001677234 -0.00052986977      0.0012669  0.00071536973   0.0010101135  0.00072975186  6.8125157e-05   6.951279e-05  6.1682411e-05  6.6398935e-05
 -0.00051396346  3.6639522e-05              0  4.0398643e-06  -1.268728e-05 -1.1776145e-05  2.6378766e-05 -8.3561101e-05  -4.682087e-05 -6.6534437e-05 -4.8865995e-05 -3.6782762e-06 -4.0169354e-06 -3.2740353e-06 -4.0136388e-06
              0              0              2              0              0              0              0              0              0              0              0              0              0              0              0
 -6.9742771e-05  4.0398643e-06              0  9.8696593e-05 -1.8656024e-06 -1.7252103e-06  5.4761853e-06 -1.0903869e-05 -6.5526551e-06 -9.9969224e-06 -6.1068431e-06 -9.4142177e-07 -6.9541972e-07 -4.9403279e-07  -1.112526e-06
  0.00018051526  -1.268728e-05              0 -1.8656024e-06  6.2485952e-06  5.5999768e-06 -1.0643158e-05  2.9370006e-05  1.6392088e-05  2.3308986e-05  1.7022395e-05  1.3118325e-06   1.469611e-06   1.231033e-06  1.4531395e-06
   0.0001677234 -1.1776145e-05              0 -1.7252103e-06  5.5999768e-06  5.0491659e-06 -9.6919319e-06  2.7251259e-05   1.522349e-05  2.1633031e-05  1.5821028e-05  1.2243396e-06  1.3606617e-06   1.141467e-06  1.3479959e-06
 -0.00052986977  2.6378766e-05              0  5.4761853e-06 -1.0643158e-05 -9.6919319e-06  9.7077585e-05 -7.5851723e-05 -4.3557585e-05 -6.0782789e-05 -4.3291072e-05 -7.0017628e-06 -6.2065387e-06 -6.8753003e-06 -6.5193971e-06
      0.0012669 -8.3561101e-05              0 -1.0903869e-05  2.9370006e-05  2.7251259e-05 -7.5851723e-05  0.00020373528  0.00011275203  0.00015976841  0.00011607152   1.013603e-05  1.0629324e-05  9.0871033e-06  1.0214986e-05
  0.00071536973  -4.682087e-05              0 -6.5526551e-06  1.6392088e-05   1.522349e-05 -4.3557585e-05  0.00011275203  6.7088357e-05  9.0019258e-05  6.5313608e-05  5.7814267e-06  5.8467914e-06  5.2408697e-06  5.8051806e-06
   0.0010101135 -6.6534437e-05              0 -9.9969224e-06  2.3308986e-05  2.1633031e-05 -6.0782789e-05  0.00015976841  9.0019258e-05   0.0001306407  9.2243912e-05  8.0777728e-06  8.4252069e-06  7.1258481e-06  8.2198441e-06
  0.00072975186 -4.8865995e-05              0 -6.1068431e-06  1.7022395e-05  1.5821028e-05 -4.3291072e-05  0.00011607152  6.5313608e-05  9.2243912e-05  7.2749571e-05  5.7657924e-06  6.0589271e-06  5.1821648e-06  6.2719744e-06
  6.8125157e-05 -3.6782762e-06              0 -9.4142177e-07  1.3118325e-06  1.2243396e-06 -7.0017628e-06   1.013603e-05  5.7814267e-06  8.0777728e-06  5.7657924e-06  9.5871463e-07  6.7109543e-07  6.8975716e-07  6.3537738e-07
   6.951279e-05 -4.0169354e-06              0 -6.9541972e-07   1.469611e-06  1.3606617e-06 -6.2065387e-06  1.0629324e-05  5.8467914e-06  8.4252069e-06  6.0589271e-06  6.7109543e-07  1.6255633e-06   6.496878e-07  6.4670338e-07
  6.1682411e-05 -3.2740353e-06              0 -4.9403279e-07   1.231033e-06   1.141467e-06 -6.8753003e-06  9.0871033e-06  5.2408697e-06  7.1258481e-06  5.1821648e-06  6.8975716e-07   6.496878e-07  1.1271953e-06  5.8487633e-07
  6.6398935e-05 -4.0136388e-06              0  -1.112526e-06  1.4531395e-06  1.3479959e-06 -6.5193971e-06  1.0214986e-05  5.8051806e-06  8.2198441e-06  6.2719744e-06  6.3537738e-07  6.4670338e-07  5.8487633e-07  1.4723554e-06


# ext. ||   Name    ||   type  ||     Value     ||  Error +/- 

   0   ||Natural mortality || limited ||    0.06069106959964 ||0.001239385420033
   1   ||Targeted q || limited ||      3.669678241982 ||0.08047371995746
   2   ||Nontargeted q || limited ||                   2 ||22.06548931833
   3   ||     sigma || limited ||      1.974878973229 ||0.09773980052913
   4   ||  Biomass1 || limited ||      4.073742629282 ||0.1125865094982
   5   ||  Biomass2 || limited ||      3.697244948364 ||0.09643383042179
   6   ||  vm_sigma || limited ||      8.290323578914 ||0.1698593266385
   7   ||Recruit year 1 || limited ||      9.427985476958 ||0.2947723703141
   8   ||Recruit year 2 || limited ||      3.170756439444 ||0.1013222760989
   9   ||Recruit year 3 || limited ||      6.303434354731 ||0.1962570269545
  10   ||Recruit year 4 || limited ||      3.523498983016 ||0.1110396989707
  11   ||Mean Rec dist 1 || limited ||     0.5248989917078 ||0.00691401848809
  12   ||Mean Rec dist 2 || limited ||     0.5858676170551 ||0.008999953423224
  13   ||Mean Rec dist 3 || limited ||      1.012372596311 ||0.007468743085001
  14   ||Mean Rec dist 4 || limited ||      0.555327861477 ||0.008566838579165





