# Minimum negative log likelihood

Minuit did successfully converge.
# of function calls: 1214
minimum function Value: 508.8325320602
minimum edm: 7.971142713328e-06
minimum internal state vector: LAVector parameters:
     0.5774347525434
     -1.259383025335
     -1.287002217587
     -1.234943100971
     -1.441803806973
     -1.447108574538
    0.08521944509119
     -1.305348569423
     -1.291685595638
     -1.136837242219
     -1.122333760896
    0.02333588974246
    0.05849448464557
     0.1021109812645
    0.05304653174134

minimum internal covariance matrix: LASymMatrix parameters:
    0.014982493  -0.0013294491              0  1.2022558e-05  0.00056351828  0.00053317166  -0.0059099609   0.0014763537   0.0015663169   0.0024155014   0.0024638239  6.5181743e-05  7.5804932e-05  6.9505433e-05  6.7068545e-05
  -0.0013294491  0.00013708167              0 -1.4464557e-06 -5.7994272e-05 -5.4744999e-05  0.00037351751 -0.00013985668  -0.0001490225 -0.00023074633 -0.00024053412 -4.8013322e-06  -5.385317e-06 -4.5345259e-06 -5.5943393e-06
              0              0              2              0              0              0              0              0              0              0              0              0              0              0              0
  1.2022558e-05 -1.4464557e-06              0  0.00015454914 -1.5000825e-06 -1.3092082e-06  7.9930607e-06  3.5797423e-07  7.5188818e-07  3.3438479e-06   2.405544e-06 -1.2635708e-06  7.3226531e-07 -1.9588321e-07  3.8956636e-07
  0.00056351828 -5.7994272e-05              0 -1.5000825e-06  2.9654373e-05  2.7496402e-05 -0.00015854458  6.0010657e-05  6.3110245e-05  9.7754839e-05  0.00010212587   2.026995e-06  2.1849873e-06  1.9275462e-06  2.2653233e-06
  0.00053317166 -5.4744999e-05              0 -1.3092082e-06  2.7496402e-05  2.5568416e-05 -0.00015002226  5.6594181e-05  5.9639134e-05  9.2354204e-05  9.6414186e-05  1.9310192e-06  2.0770421e-06  1.8470957e-06   2.153354e-06
  -0.0059099609  0.00037351751              0  7.9930607e-06 -0.00015854458 -0.00015002226    0.014072495 -0.00051243974 -0.00053320092  -0.0008084046 -0.00082858046 -5.2130901e-05 -8.0497596e-05 -8.3951541e-05 -7.3362115e-05
   0.0014763537 -0.00013985668              0  3.5797423e-07  6.0010657e-05  5.6594181e-05 -0.00051243974  0.00015756335  0.00015901968  0.00024554381  0.00025308124  5.7445929e-06  6.9211637e-06  6.1150532e-06   6.345261e-06
   0.0015663169  -0.0001490225              0  7.5188818e-07  6.3110245e-05  5.9639134e-05 -0.00053320092  0.00015901968  0.00017642061  0.00026127669  0.00026976055  6.3963183e-06  7.0145547e-06  6.3909603e-06  6.8658855e-06
   0.0024155014 -0.00023074633              0  3.3438479e-06  9.7754839e-05  9.2354204e-05  -0.0008084046  0.00024554381  0.00026127669  0.00041129144  0.00041623676  9.9277515e-06  1.0934161e-05  9.3885626e-06  1.0636852e-05
   0.0024638239 -0.00024053412              0   2.405544e-06  0.00010212587  9.6414186e-05 -0.00082858046  0.00025308124  0.00026976055  0.00041623676  0.00044481531  9.8675592e-06  1.1039424e-05   9.594182e-06  1.1239467e-05
  6.5181743e-05 -4.8013322e-06              0 -1.2635708e-06   2.026995e-06  1.9310192e-06 -5.2130901e-05  5.7445929e-06  6.3963183e-06  9.9277515e-06  9.8675592e-06  2.5889332e-06  3.1366357e-07  4.4121818e-07  4.0051067e-07
  7.5804932e-05  -5.385317e-06              0  7.3226531e-07  2.1849873e-06  2.0770421e-06 -8.0497596e-05  6.9211637e-06  7.0145547e-06  1.0934161e-05  1.1039424e-05  3.1366357e-07  2.2653029e-06  5.9713187e-07  5.2584129e-07
  6.9505433e-05 -4.5345259e-06              0 -1.9588321e-07  1.9275462e-06  1.8470957e-06 -8.3951541e-05  6.1150532e-06  6.3909603e-06  9.3885626e-06   9.594182e-06  4.4121818e-07  5.9713187e-07  1.6682467e-06  5.4453694e-07
  6.7068545e-05 -5.5943393e-06              0  3.8956636e-07  2.2653233e-06   2.153354e-06 -7.3362115e-05   6.345261e-06  6.8658855e-06  1.0636852e-05  1.1239467e-05  4.0051067e-07  5.2584129e-07  5.4453694e-07   1.247488e-06


# ext. ||   Name    ||   type  ||     Value     ||  Error +/- 

   0   ||Natural mortality || limited ||    0.05864691005817 ||0.001810710851511
   1   ||Targeted q || limited ||      2.404926044613 ||0.1268336667101
   2   ||Nontargeted q || limited ||                   2 ||22.06548931833
   3   ||     sigma || limited ||       2.79352742209 ||0.1448560933872
   4   ||  Biomass1 || limited ||      4.154002851955 ||0.2476610957431
   5   ||  Biomass2 || limited ||      3.819791479656 ||0.2205589914515
   6   ||  vm_sigma || limited ||      43.40511078501 ||3.339156532626
   7   ||Recruit year 1 || limited ||      1.761068258879 ||0.1164126723894
   8   ||Recruit year 2 || limited ||      1.944765866799 ||0.1293608532709
   9   ||Recruit year 3 || limited ||       4.64412636562 ||0.3014412008111
  10   ||Recruit year 4 || limited ||      4.953767136881 ||0.3232624245983
  11   ||Mean Rec dist 1 || limited ||     0.2333377182019 ||0.01137436269242
  12   ||Mean Rec dist 2 || limited ||     0.5846113285098 ||0.01062440561871
  13   ||Mean Rec dist 3 || limited ||       1.01933627797 ||0.009085461849694
  14   ||Mean Rec dist 4 || limited ||     0.5302165699683 ||0.007886636332782





