# Minimum negative log likelihood

Minuit did successfully converge.
# of function calls: 1171
minimum function Value: 710.9660898429
minimum edm: 9.745439540188e-06
minimum internal state vector: LAVector parameters:
    -0.3040435110085
    -0.9091980682162
     -1.287002217587
     -1.020430702751
     -1.551592386251
     -1.553351930016
    -0.3131196134844
     -0.148867304402
     -1.186174819614
     -1.096353885622
     -1.378678846345
      -1.09070896136

minimum internal covariance matrix: LASymMatrix parameters:
     0.41789027   -0.029600309              0 -8.3564524e-07  0.00077376064  0.00075470564 -8.1898744e-05  -0.0037976669    0.015914996    0.017867088   0.0077356258    0.020961164
   -0.029600309   0.0021420181              0 -3.5563812e-06 -5.6217259e-05 -5.4913994e-05  1.7298376e-05  6.5945032e-05  -0.0011289995  -0.0012658037  -0.0005457618  -0.0014872258
              0              0              2              0              0              0              0              0              0              0              0              0
 -8.3564524e-07 -3.5563812e-06              0  0.00039194499  2.4072994e-06  2.3064544e-06  -7.297722e-07  3.8183478e-05  3.2054284e-07 -2.8139155e-06 -1.1184219e-06  1.4156924e-06
  0.00077376064 -5.6217259e-05              0  2.4072994e-06  1.9149257e-05  1.4573932e-05 -8.0841318e-07 -1.2467686e-06  3.0481464e-05  3.2810366e-05  1.5475143e-05  3.9808425e-05
  0.00075470564 -5.4913994e-05              0  2.3064544e-06  1.4573932e-05  1.1543953e-05 -7.3502837e-07  2.1104141e-06  2.9415278e-05  3.1912908e-05  1.4774475e-05  3.8705136e-05
 -8.1898744e-05  1.7298376e-05              0  -7.297722e-07 -8.0841318e-07 -7.3502837e-07   6.530044e-06 -9.9870763e-05 -3.9230263e-06 -3.8304549e-06 -5.0003037e-07 -4.8582819e-06
  -0.0037976669  6.5945032e-05              0  3.8183478e-05 -1.2467686e-06  2.1104141e-06 -9.9870763e-05   0.0045447066 -0.00013470593 -0.00015329824 -7.9945332e-05 -0.00017905141
    0.015914996  -0.0011289995              0  3.2054284e-07  3.0481464e-05  2.9415278e-05 -3.9230263e-06 -0.00013470593  0.00063114588  0.00067952445  0.00029375086  0.00079686709
    0.017867088  -0.0012658037              0 -2.8139155e-06  3.2810366e-05  3.1912908e-05 -3.8304549e-06 -0.00015329824  0.00067952445  0.00078844221  0.00033163187  0.00089556991
   0.0077356258  -0.0005457618              0 -1.1184219e-06  1.5475143e-05  1.4774475e-05 -5.0003037e-07 -7.9945332e-05  0.00029375086  0.00033163187  0.00016913095  0.00038598035
    0.020961164  -0.0014872258              0  1.4156924e-06  3.9808425e-05  3.8705136e-05 -4.8582819e-06 -0.00017905141  0.00079686709  0.00089556991  0.00038598035   0.0010757768


# ext. ||   Name    ||   type  ||     Value     ||  Error +/- 

   0   ||Natural mortality || limited ||    0.03751548265315 ||0.0105277287768
   1   ||Targeted q || limited ||      10.54943481719 ||1.005136827466
   2   ||Nontargeted q || limited ||                   2 ||22.06548931833
   3   ||     sigma || limited ||      7.383332096881 ||0.366061583483
   4   ||  Biomass1 || limited ||    0.09219499965835 ||0.02970940352059
   5   ||  Biomass2 || limited ||    0.07607481553945 ||0.02095394509546
   6   ||   vm_mean || limited ||    -0.9676986899512 ||0.005400642931203
   7   ||  vm_sigma || limited ||      34.06785175098 ||1.884941232902
   8   ||Recruit year 1 || limited ||      3.662609066504 ||0.3332161737976
   9   ||Recruit year 2 || limited ||      5.532068914375 ||0.4534553317418
  10   ||Recruit year 3 || limited ||     0.9298015665795 ||0.08778271526578
  11   ||Recruit year 4 || limited ||      5.661705980092 ||0.5354771412263





