# Minimum negative log likelihood

Minuit did successfully converge.
# of function calls: 1171
minimum function Value: 518.8414070355
minimum edm: 5.448018036702e-05
minimum internal state vector: LAVector parameters:
    -0.1747910407769
     -1.117913559958
     -1.287002217587
     -1.226716572239
      -1.39188097239
     -1.400062811865
    -0.6326784453545
    -0.9996913648369
     -0.998538106872
     -1.495122414512
     -1.058688152192
     0.1189564112186
    0.02568230332859
    0.07387006778743
    0.08149441541065

minimum internal covariance matrix: LASymMatrix parameters:
   0.0055062245 -0.00040439575              0  4.7747105e-05  0.00016328626  0.00015131509 -0.00071373142  0.00082017488  0.00084079553   0.0001302801  0.00077245092  3.9498909e-05  4.3989948e-05  5.6788599e-05  3.5282277e-05
 -0.00040439575  3.6285763e-05              0 -1.3026486e-06 -1.5182564e-05 -1.4012568e-05  2.9212854e-05 -6.4210934e-05  -6.293811e-05   -8.39197e-06 -6.1810323e-05 -1.8607917e-06 -2.6409154e-06 -5.3652472e-06 -1.8260775e-06
              0              0              2              0              0              0              0              0              0              0              0              0              0              0              0
  4.7747105e-05 -1.3026486e-06              0  0.00017741158  5.1445071e-06  4.4120898e-06  5.5818982e-06  5.2407766e-06  2.8281198e-06 -1.1808855e-06 -3.4878843e-07  8.7123661e-07  1.1151142e-06 -2.6779485e-06 -6.2125904e-07
  0.00016328626 -1.5182564e-05              0  5.1445071e-06   1.152202e-05  1.0132559e-05 -1.0898418e-05  2.6059775e-05  2.5204134e-05  3.3618982e-06  2.4108995e-05  5.7075504e-07  1.0314615e-06  2.1215071e-06  5.6934575e-07
  0.00015131509 -1.4012568e-05              0  4.4120898e-06  1.0132559e-05  8.9684545e-06 -1.0167641e-05  2.4073473e-05  2.3419513e-05  3.0896657e-06  2.2299554e-05  5.5784752e-07  9.6420697e-07  1.9110151e-06  5.3475237e-07
 -0.00071373142  2.9212854e-05              0  5.5818982e-06 -1.0898418e-05 -1.0167641e-05  0.00050903562 -8.8957991e-05 -0.00010349647  -2.338804e-05 -8.1414776e-05  -1.465408e-05 -1.3032179e-05  4.9358957e-07 -1.4263295e-05
  0.00082017488 -6.4210934e-05              0  5.2407766e-06  2.6059775e-05  2.4073473e-05 -8.8957991e-05   0.0001310062  0.00012427483  1.8639377e-05  0.00011961576  5.0889344e-06  6.1562178e-06  1.0299126e-05  4.6871805e-06
  0.00084079553  -6.293811e-05              0  2.8281198e-06  2.5204134e-05  2.3419513e-05 -0.00010349647  0.00012427483  0.00013661542  2.0313208e-05   0.0001190809  5.7665787e-06  6.4263525e-06  8.5576959e-06  5.1725851e-06
   0.0001302801   -8.39197e-06              0 -1.1808855e-06  3.3618982e-06  3.0896657e-06  -2.338804e-05  1.8639377e-05  2.0313208e-05  1.2286839e-05  1.8131824e-05  1.1084757e-06  1.5566095e-06 -4.2296862e-06  1.4445994e-06
  0.00077245092 -6.1810323e-05              0 -3.4878843e-07  2.4108995e-05  2.2299554e-05 -8.1414776e-05  0.00011961576   0.0001190809  1.8131824e-05  0.00012378571  4.5725047e-06  5.6404035e-06  9.3456117e-06  4.6821358e-06
  3.9498909e-05 -1.8607917e-06              0  8.7123661e-07  5.7075504e-07  5.5784752e-07  -1.465408e-05  5.0889344e-06  5.7665787e-06  1.1084757e-06  4.5725047e-06  1.3739216e-06  5.2313726e-07  6.6744247e-07  4.6102756e-07
  4.3989948e-05 -2.6409154e-06              0  1.1151142e-06  1.0314615e-06  9.6420697e-07 -1.3032179e-05  6.1562178e-06  6.4263525e-06  1.5566095e-06  5.6404035e-06  5.2313726e-07  8.7200805e-07  -1.122799e-07  4.4931837e-07
  5.6788599e-05 -5.3652472e-06              0 -2.6779485e-06  2.1215071e-06  1.9110151e-06  4.9358957e-07  1.0299126e-05  8.5576959e-06 -4.2296862e-06  9.3456117e-06  6.6744247e-07  -1.122799e-07  4.9477093e-05  5.3792418e-07
  3.5282277e-05 -1.8260775e-06              0 -6.2125904e-07  5.6934575e-07  5.3475237e-07 -1.4263295e-05  4.6871805e-06  5.1725851e-06  1.4445994e-06  4.6821358e-06  4.6102756e-07  4.4931837e-07  5.3792418e-07  1.0872147e-06


# ext. ||   Name    ||   type  ||     Value     ||  Error +/- 

   0   ||Natural mortality || limited ||    0.04065244084746 ||0.001291172753381
   1   ||Targeted q || limited ||      5.040527081886 ||0.09318777464051
   2   ||Nontargeted q || limited ||                   2 ||22.06548931833
   3   ||     sigma || limited ||      2.930686098078 ||0.1588529161628
   4   ||  Biomass1 || limited ||      7.981351168095 ||0.213573331025
   5   ||  Biomass2 || limited ||      7.269798001152 ||0.17989548812
   6   ||  vm_sigma || limited ||      16.34851966949 ||0.5146012733245
   7   ||Recruit year 1 || limited ||      7.943997098801 ||0.2187249163947
   8   ||Recruit year 2 || limited ||      7.975192316391 ||0.2237590002542
   9   ||Recruit year 3 || limited ||     0.1530809092063 ||0.009368343653628
  10   ||Recruit year 4 || limited ||      6.423688260926 ||0.1927314854148
  11   ||Mean Rec dist 1 || limited ||      1.186760583346 ||0.008229735517745
  12   ||Mean Rec dist 2 || limited ||     0.2567948016308 ||0.006600882111196
  13   ||Mean Rec dist 3 || limited ||     0.7380290391178 ||0.049602012046
  14   ||Mean Rec dist 4 || limited ||     0.8140424001015 ||0.00734850290474





