# Minimum negative log likelihood

Minuit did successfully converge.
# of function calls: 1237
minimum function Value: 559.3448324215
minimum edm: 7.229438775725e-06
minimum internal state vector: LAVector parameters:
    0.04619586478516
     -1.107429849795
     -1.287002217587
     -1.191076452932
     -1.408263925119
     -1.416776517643
    -0.3891238334393
     -1.233367841373
     -1.014581739856
     -1.055504351892
     -1.043413711033
     0.1034441164686
    0.03156244127113
    0.03702723004434
    0.04237775541385

minimum internal covariance matrix: LASymMatrix parameters:
   0.0046638749 -0.00038352576              0  6.0663399e-05   0.0001343323  0.00012369764 -0.00075496301  0.00043021839  0.00068470843   0.0006399334   0.0006151637  2.2677365e-05  2.4804699e-05  2.6007058e-05  2.4848014e-05
 -0.00038352576  3.9430673e-05              0 -8.2520281e-06 -1.5421831e-05 -1.3962978e-05  3.2188552e-05 -3.6517303e-05 -5.8660756e-05 -5.4985646e-05  -5.742072e-05 -1.2824735e-06 -1.2492649e-06 -1.4919255e-06 -1.5495903e-06
              0              0              2              0              0              0              0              0              0              0              0              0              0              0              0
  6.0663399e-05 -8.2520281e-06              0  0.00017751812  5.0758501e-06  4.4784849e-06 -1.4249409e-05  5.0978474e-06  6.8638937e-06  6.0181657e-06   1.015858e-05 -1.6523867e-06  1.9291002e-07   -4.72615e-07  5.9551619e-07
   0.0001343323 -1.5421831e-05              0  5.0758501e-06  1.3642333e-05   1.174995e-05 -7.0078715e-06  1.4076174e-05  2.1214715e-05  1.9194885e-05  2.0129304e-05 -1.1844084e-07  2.7402951e-07  5.4669825e-07   4.767394e-07
  0.00012369764 -1.3962978e-05              0  4.4784849e-06   1.174995e-05  1.0186535e-05 -6.9515881e-06  1.2832774e-05  1.9419303e-05  1.7602716e-05  1.8378567e-05 -2.3993237e-08  2.7513662e-07  4.9423099e-07  4.4997037e-07
 -0.00075496301  3.2188552e-05              0 -1.4249409e-05 -7.0078715e-06 -6.9515881e-06    0.001042639 -6.5892829e-05 -9.6324085e-05 -8.9628083e-05 -9.7454571e-05 -1.4270147e-05  -1.629679e-05  -1.465411e-05 -1.6319871e-05
  0.00043021839 -3.6517303e-05              0  5.0978474e-06  1.4076174e-05  1.2832774e-05 -6.5892829e-05  4.8556099e-05  6.4160892e-05  5.9450095e-05  5.5007988e-05  1.3628024e-06  2.4013207e-06  2.3979714e-06  2.4517409e-06
  0.00068470843 -5.8660756e-05              0  6.8638937e-06  2.1214715e-05  1.9419303e-05 -9.6324085e-05  6.4160892e-05  0.00010899597  9.5549271e-05  9.0922589e-05  3.3352848e-06   3.256447e-06  3.6749838e-06  3.5426642e-06
   0.0006399334 -5.4985646e-05              0  6.0181657e-06  1.9194885e-05  1.7602716e-05 -8.9628083e-05  5.9450095e-05  9.5549271e-05  9.6547417e-05   8.572035e-05  3.3283905e-06   3.095191e-06  3.4207511e-06  3.2398069e-06
   0.0006151637  -5.742072e-05              0   1.015858e-05  2.0129304e-05  1.8378567e-05 -9.7454571e-05  5.5007988e-05  9.0922589e-05   8.572035e-05  0.00010335475  3.0972509e-06   2.991937e-06  3.1125839e-06  3.3583736e-06
  2.2677365e-05 -1.2824735e-06              0 -1.6523867e-06 -1.1844084e-07 -2.3993237e-08 -1.4270147e-05  1.3628024e-06  3.3352848e-06  3.3283905e-06  3.0972509e-06  2.5541003e-06  2.6844218e-07  2.7829947e-07  2.6061758e-07
  2.4804699e-05 -1.2492649e-06              0  1.9291002e-07  2.7402951e-07  2.7513662e-07  -1.629679e-05  2.4013207e-06   3.256447e-06   3.095191e-06   2.991937e-06  2.6844218e-07  7.0492867e-07  3.4705131e-07  3.2887583e-07
  2.6007058e-05 -1.4919255e-06              0   -4.72615e-07  5.4669825e-07  4.9423099e-07  -1.465411e-05  2.3979714e-06  3.6749838e-06  3.4207511e-06  3.1125839e-06  2.7829947e-07  3.4705131e-07  6.8541384e-07  2.8279974e-07
  2.4848014e-05 -1.5495903e-06              0  5.9551619e-07   4.767394e-07  4.4997037e-07 -1.6319871e-05  2.4517409e-06  3.5426642e-06  3.2398069e-06  3.3583736e-06  2.6061758e-07  3.2887583e-07  2.8279974e-07  7.3212583e-07


# ext. ||   Name    ||   type  ||     Value     ||  Error +/- 

   0   ||Natural mortality || limited ||    0.04615448589408 ||0.001205496855416
   1   ||Targeted q || limited ||      5.272355914721 ||0.09922963616147
   2   ||Nontargeted q || limited ||                   2 ||22.06548931833
   3   ||     sigma || limited ||      3.561574817154 ||0.1746007107961
   4   ||  Biomass1 || limited ||      6.589669728942 ||0.211312406835
   5   ||  Biomass2 || limited ||      5.918810958756 ||0.1731115445023
   6   ||  vm_sigma || limited ||      24.82557389264 ||0.8449364829049
   7   ||Recruit year 1 || limited ||      2.829262323909 ||0.08155312994896
   8   ||Recruit year 2 || limited ||      7.546256544904 ||0.1948616476707
   9   ||Recruit year 3 || limited ||      6.501906874908 ||0.1711746135578
  10   ||Recruit year 4 || limited ||      6.802956207016 ||0.1808743415498
  11   ||Mean Rec dist 1 || limited ||      1.032597279955 ||0.01124025350344
  12   ||Mean Rec dist 2 || limited ||     0.3155720117952 ||0.005933913448914
  13   ||Mean Rec dist 3 || limited ||     0.3701876980496 ||0.005850104623877
  14   ||Mean Rec dist 4 || limited ||     0.4236507236682 ||0.006044880965193





