# Minimum negative log likelihood

Minuit did successfully converge.
# of function calls: 983
minimum function Value: 694.8025052594
minimum edm: 6.376996152158e-05
minimum internal state vector: LAVector parameters:
      3.209708627756
     -1.003920004367
     -1.287002217587
     -1.041906834252
     -1.419720795845
     -1.427718354676
     0.6865031704437
      2.904622850883
      -1.10141911784
      -1.11315116682
     -1.037557152409
     -1.334267211741

minimum internal covariance matrix: LASymMatrix parameters:
     0.40274338    0.032211553              0 -0.00018908947  -0.0086560062  -0.0083420642 -0.00065631014   -0.013698409   -0.028365035   -0.025999241   -0.032900883   -0.013041271
    0.032211553    0.002604086              0 -2.9285201e-05 -0.00070332642 -0.00067667931 -4.5867725e-05 -0.00095354713  -0.0022719815  -0.0020787697  -0.0026362309  -0.0010459291
              0              0              2              0              0              0              0              0              0              0              0              0
 -0.00018908947 -2.9285201e-05              0  0.00044411756   2.302336e-05  1.9843309e-05  2.3971992e-06  0.00024891896  6.6687687e-06     8.7167e-06  1.6669255e-05 -3.2617846e-06
  -0.0086560062 -0.00070332642              0   2.302336e-05  0.00020990642  0.00019890093  1.2229035e-05  0.00029371336  0.00060826697  0.00055957346   0.0007077334  0.00027907259
  -0.0083420642 -0.00067667931              0  1.9843309e-05  0.00019890093  0.00018910491  1.1959262e-05  0.00027738865  0.00058597529  0.00053930872    0.000682078  0.00026879868
 -0.00065631014 -4.5867725e-05              0  2.3971992e-06  1.2229035e-05  1.1959262e-05  8.2481368e-06  0.00020228255  4.4774186e-05  4.2926379e-05  5.2672415e-05  2.0606805e-05
   -0.013698409 -0.00095354713              0  0.00024891896  0.00029371336  0.00027738865  0.00020228255     0.01351874  0.00092576282  0.00088072036   0.0010731573  0.00046929249
   -0.028365035  -0.0022719815              0  6.6687687e-06  0.00060826697  0.00058597529  4.4774186e-05  0.00092576282    0.002026787   0.0018228409   0.0023226448  0.00092115864
   -0.025999241  -0.0020787697              0     8.7167e-06  0.00055957346  0.00053930872  4.2926379e-05  0.00088072036   0.0018228409   0.0017106783   0.0021153139  0.00084310018
   -0.032900883  -0.0026362309              0  1.6669255e-05   0.0007077334    0.000682078  5.2672415e-05   0.0010731573   0.0023226448   0.0021153139   0.0027154962   0.0010630345
   -0.013041271  -0.0010459291              0 -3.2617846e-06  0.00027907259  0.00026879868  2.0606805e-05  0.00046929249  0.00092115864  0.00084310018   0.0010630345  0.00046601225


# ext. ||   Name    ||   type  ||     Value     ||  Error +/- 

   0   ||Natural mortality || limited ||    0.04329841718847 ||0.01082071712774
   1   ||Targeted q || limited ||      7.820874920686 ||0.9686399400843
   2   ||Nontargeted q || limited ||                   2 ||22.06548931833
   3   ||     sigma || limited ||      6.831603153685 ||0.3759356620946
   4   ||  Biomass1 || limited ||      5.695109629156 ||0.7709054132288
   5   ||  Biomass2 || limited ||      5.109101765778 ||0.6932495082952
   6   ||   vm_mean || limited ||        1.9912557154 ||0.004934627592186
   7   ||  vm_sigma || limited ||      49.39071037793 ||3.193071221834
   8   ||Recruit year 1 || limited ||      5.416950811129 ||0.7197779974672
   9   ||Recruit year 2 || limited ||      5.154713531963 ||0.6459453003297
  10   ||Recruit year 3 || limited ||       6.95105400827 ||0.9362239888529
  11   ||Recruit year 4 || limited ||      1.402002746087 ||0.1788219778225





