# Minimum negative log likelihood

Minuit did successfully converge.
# of function calls: 1348
minimum function Value: 600.6508167579
minimum edm: 3.984570309645e-05
minimum internal state vector: LAVector parameters:
      3.016983501927
    -0.9455409555419
     -1.287002217587
     -1.150866835675
     -1.471907999901
     -1.480391420901
    -0.1896206440167
     -1.220463519218
     -1.475360656293
     -1.119308853489
    -0.9977943557056
    0.07325548084722
    0.08946153806549
    0.02915332052589
    0.09357097527447

minimum internal covariance matrix: LASymMatrix parameters:
    0.016794332   0.0012736205              0 -5.9825547e-05 -0.00023612899 -0.00020497684   0.0025001903  -0.0011265736 -0.00021227284  -0.0011422216  -0.0017539326 -6.6141074e-05   5.537725e-06 -5.4666553e-05 -4.2778362e-05
   0.0012736205  0.00013053324              0  7.1147477e-06  -2.216021e-05 -1.9152854e-05  0.00010642927 -8.8368873e-05 -1.7889314e-05 -9.3219298e-05  -0.0001467271 -1.7997947e-06 -3.7466127e-06 -2.2108778e-06 -3.2560491e-06
              0              0              2              0              0              0              0              0              0              0              0              0              0              0              0
 -5.9825547e-05  7.1147477e-06              0  0.00032933836  5.9091036e-06  4.3180999e-06  -6.792941e-05 -1.0140845e-05 -2.0939488e-05 -1.1079961e-05  2.0826045e-05  2.0997151e-06  3.7356591e-06   6.522202e-07  3.6837996e-07
 -0.00023612899  -2.216021e-05              0  5.9091036e-06  9.4288535e-06  7.6048166e-06 -2.9066094e-05  1.5843135e-05  1.2320531e-06  1.5407426e-05  2.7236257e-05  5.5704919e-07  6.2359543e-07  5.0650854e-07   5.715894e-07
 -0.00020497684 -1.9152854e-05              0  4.3180999e-06  7.6048166e-06  6.2356207e-06 -2.3160915e-05  1.3837813e-05  1.1391922e-06  1.3540732e-05  2.3409681e-05  4.6173399e-07  5.0783423e-07  4.5009706e-07  4.9538725e-07
   0.0025001903  0.00010642927              0  -6.792941e-05 -2.9066094e-05 -2.3160915e-05   0.0035713122 -0.00016059959  -1.192371e-05 -0.00017719886 -0.00022433228 -3.3509104e-05 -2.3162915e-06 -2.6543266e-05 -3.2559741e-05
  -0.0011265736 -8.8368873e-05              0 -1.0140845e-05  1.5843135e-05  1.3837813e-05 -0.00016059959  8.7714534e-05  1.4399247e-05  7.8111324e-05  0.00011467262  3.8578985e-06 -6.8902294e-07  3.6048402e-06  2.8762118e-06
 -0.00021227284 -1.7889314e-05              0 -2.0939488e-05  1.2320531e-06  1.1391922e-06  -1.192371e-05  1.4399247e-05  2.3343145e-05  1.7659498e-05  2.3298929e-05  1.3016686e-06 -2.7048223e-06  3.4097538e-07 -8.5921453e-08
  -0.0011422216 -9.3219298e-05              0 -1.1079961e-05  1.5407426e-05  1.3540732e-05 -0.00017719886  7.8111324e-05  1.7659498e-05  9.2191253e-05  0.00012217303  3.7792545e-06  1.0410169e-06  3.4911719e-06  3.4352634e-06
  -0.0017539326  -0.0001467271              0  2.0826045e-05  2.7236257e-05  2.3409681e-05 -0.00022433228  0.00011467262  2.3298929e-05  0.00012217303  0.00021217762  6.0791017e-06  1.1130479e-06  4.6849424e-06  4.8643551e-06
 -6.6141074e-05 -1.7997947e-06              0  2.0997151e-06  5.5704919e-07  4.6173399e-07 -3.3509104e-05  3.8578985e-06  1.3016686e-06  3.7792545e-06  6.0791017e-06  1.5275959e-06 -9.9865045e-07   4.433741e-07  1.9668897e-07
   5.537725e-06 -3.7466127e-06              0  3.7356591e-06  6.2359543e-07  5.0783423e-07 -2.3162915e-06 -6.8902294e-07 -2.7048223e-06  1.0410169e-06  1.1130479e-06 -9.9865045e-07  2.8680688e-05  2.9747077e-08 -1.1073146e-06
 -5.4666553e-05 -2.2108778e-06              0   6.522202e-07  5.0650854e-07  4.5009706e-07 -2.6543266e-05  3.6048402e-06  3.4097538e-07  3.4911719e-06  4.6849424e-06   4.433741e-07  2.9747077e-08  6.6643097e-07  2.5520712e-07
 -4.2778362e-05 -3.2560491e-06              0  3.6837996e-07   5.715894e-07  4.9538725e-07 -3.2559741e-05  2.8762118e-06 -8.5921453e-08  3.4352634e-06  4.8643551e-06  1.9668897e-07 -1.1073146e-06  2.5520712e-07  1.1043352e-06


# ext. ||   Name    ||   type  ||     Value     ||  Error +/- 

   0   ||Natural mortality || limited ||     0.0481071731266 ||0.002269958420455
   1   ||Targeted q || limited ||      9.459316198006 ||0.2364245656776
   2   ||Nontargeted q || limited ||                   2 ||22.06548931833
   3   ||     sigma || limited ||      4.344115561226 ||0.2615777326133
   4   ||  Biomass1 || limited ||      2.442733720975 ||0.1071818100387
   5   ||  Biomass2 || limited ||       2.04187049196 ||0.07970670911192
   6   ||  vm_sigma || limited ||      32.46114015462 ||1.659469333196
   7   ||Recruit year 1 || limited ||        3.0467692008 ||0.1136330447172
   8   ||Recruit year 2 || limited ||     0.2375036568673 ||0.01627577522316
   9   ||Recruit year 3 || limited ||      5.019543654717 ||0.148095797207
  10   ||Recruit year 4 || limited ||      7.995340173388 ||0.2791764212645
  11   ||Mean Rec dist 1 || limited ||     0.7318997914446 ||0.008716112995385
  12   ||Mean Rec dist 2 || limited ||     0.8934225355888 ||0.03771711897695
  13   ||Mean Rec dist 3 || limited ||     0.2914919105531 ||0.005770028774854
  14   ||Mean Rec dist 4 || limited ||      0.934344911645 ||0.007398291005838





