# Minimum negative log likelihood

Minuit did successfully converge.
# of function calls: 1738
minimum function Value: 329.2277144988
minimum edm: 2.278704282683e-05
minimum internal state vector: LAVector parameters:
      3.324013834382
    -0.9457974234574
     -1.287002217587
     -1.353296919859
     -1.425833605651
      -1.43741842086
     -0.819395780585
      -1.49607807205
     -1.057772285234
     -1.287698839876
     -1.003127728611
     0.1127693420986
    0.09853059377528
    0.09707474813043
    0.07562815931796

minimum internal covariance matrix: LASymMatrix parameters:
   0.0025385136  0.00014403308              0  9.9482877e-05 -4.0032456e-05 -3.4940654e-05  0.00017328453 -3.7809881e-05 -0.00022963855 -0.00012892104 -0.00025733664 -1.4664553e-05 -1.6468828e-05 -1.4890007e-05 -1.7769109e-05
  0.00014403308  9.5029615e-06              0  3.6541845e-06 -2.5773996e-06 -2.2369123e-06   7.482504e-06 -2.2468207e-06 -1.3152434e-05 -7.4865486e-06 -1.5097747e-05 -8.2525234e-07 -7.4038613e-07  -7.015489e-07 -8.9336593e-07
              0              0              2              0              0              0              0              0              0              0              0              0              0              0              0
  9.9482877e-05  3.6541845e-06              0  9.0012209e-05 -1.7171101e-06  -1.464488e-06   2.106653e-05  -6.861444e-07 -8.5054215e-06 -3.9566735e-06 -1.0174518e-05  3.2293269e-07 -1.3719535e-06 -9.0178259e-07 -1.1843625e-06
 -4.0032456e-05 -2.5773996e-06              0 -1.7171101e-06  1.0937451e-06   9.124695e-07 -1.9196251e-06   5.933862e-07  3.6325941e-06  2.0436148e-06  4.1008545e-06  2.2086563e-07  2.0980948e-07  1.8359188e-07  2.6745915e-07
 -3.4940654e-05 -2.2369123e-06              0  -1.464488e-06   9.124695e-07  7.6868792e-07 -1.7171652e-06  5.2086383e-07  3.1657659e-06  1.7894457e-06  3.5827263e-06   2.037827e-07  1.8462334e-07  1.6321276e-07  2.3290727e-07
  0.00017328453   7.482504e-06              0   2.106653e-05 -1.9196251e-06 -1.7171652e-06  4.0663532e-05 -2.8908888e-06 -1.5022006e-05 -8.2441412e-06 -1.8362077e-05 -9.3580868e-07 -2.1988578e-06  -1.996996e-06  -1.926498e-06
 -3.7809881e-05 -2.2468207e-06              0  -6.861444e-07   5.933862e-07  5.2086383e-07 -2.8908888e-06   1.513019e-06  3.3140276e-06  1.9309127e-06  4.0340065e-06  2.0530672e-07  1.9272977e-07   2.451108e-07  2.4423235e-07
 -0.00022963855 -1.3152434e-05              0 -8.5054215e-06  3.6325941e-06  3.1657659e-06 -1.5022006e-05  3.3140276e-06  2.1717298e-05  1.1443024e-05   2.328223e-05  1.1759955e-06  1.4528789e-06  1.3761826e-06   1.588292e-06
 -0.00012892104 -7.4865486e-06              0 -3.9566735e-06  2.0436148e-06  1.7894457e-06 -8.2441412e-06  1.9309127e-06  1.1443024e-05  7.4241448e-06  1.3112374e-05  7.9967141e-07  8.1117315e-07  6.5985167e-07  8.7195653e-07
 -0.00025733664 -1.5097747e-05              0 -1.0174518e-05  4.1008545e-06  3.5827263e-06 -1.8362077e-05  4.0340065e-06   2.328223e-05  1.3112374e-05  2.7382864e-05  1.4286094e-06  1.6146316e-06  1.5108276e-06  1.7765543e-06
 -1.4664553e-05 -8.2525234e-07              0  3.2293269e-07  2.2086563e-07   2.037827e-07 -9.3580868e-07  2.0530672e-07  1.1759955e-06  7.9967141e-07  1.4286094e-06  3.7080472e-06  9.1613479e-08  1.2000937e-07  1.3100368e-07
 -1.6468828e-05 -7.4038613e-07              0 -1.3719535e-06  2.0980948e-07  1.8462334e-07 -2.1988578e-06  1.9272977e-07  1.4528789e-06  8.1117315e-07  1.6146316e-06  9.1613479e-08  2.2727368e-07  1.3457704e-07  1.5581671e-07
 -1.4890007e-05  -7.015489e-07              0 -9.0178259e-07  1.8359188e-07  1.6321276e-07  -1.996996e-06   2.451108e-07  1.3761826e-06  6.5985167e-07  1.5108276e-06  1.2000937e-07  1.3457704e-07  3.2770734e-07  1.3393728e-07
 -1.7769109e-05 -8.9336593e-07              0 -1.1843625e-06  2.6745915e-07  2.3290727e-07  -1.926498e-06  2.4423235e-07   1.588292e-06  8.7195653e-07  1.7765543e-06  1.3100368e-07  1.5581671e-07  1.3393728e-07  1.9454036e-07


# ext. ||   Name    ||   type  ||     Value     ||  Error +/- 

   0   ||Natural mortality || limited ||    0.04046472225489 ||0.0008757019839533
   1   ||Targeted q || limited ||      9.451811942052 ||0.06376928710126
   2   ||Nontargeted q || limited ||                   2 ||22.06548931833
   3   ||     sigma || limited ||      1.177994944066 ||0.07238206997335
   4   ||  Biomass1 || limited ||      5.244354151352 ||0.05341303308601
   5   ||  Biomass2 || limited ||      4.440827185319 ||0.04122166012166
   6   ||  vm_sigma || limited ||      10.77152596716 ||0.1231251903565
   7   ||Recruit year 1 || limited ||     0.1494915683074 ||0.003246057856762
   8   ||Recruit year 2 || limited ||      6.446143767952 ||0.08085945856587
   9   ||Recruit year 3 || limited ||      2.000059909629 ||0.02690629691209
  10   ||Recruit year 4 || limited ||      7.851376528266 ||0.09946356612852
  11   ||Mean Rec dist 1 || limited ||      1.125304808263 ||0.01352976261706
  12   ||Mean Rec dist 2 || limited ||     0.9837124408101 ||0.00335465621948
  13   ||Mean Rec dist 3 || limited ||     0.9692235586134 ||0.004028826463643
  14   ||Mean Rec dist 4 || limited ||     0.7555608589638 ||0.003109901727973





