# Minimum negative log likelihood

Minuit did successfully converge.
# of function calls: 849
minimum function Value: 673.4383976877
minimum edm: 9.747392006478e-05
minimum internal state vector: LAVector parameters:
    -0.8127593089197
    -0.9453116016846
     -1.287002217587
     -1.068980507291
     -1.550237596753
     -1.550982915652
    0.08247713505083
     -1.078668075412
      -1.05892401154
    -0.9740378496426
    -0.9303703201946
     -0.965703213162

minimum internal covariance matrix: LASymMatrix parameters:
   0.0075561333  -0.0021493509              0  -1.721167e-05  7.0251964e-05    6.26942e-05  3.9405768e-05 -7.5614972e-05   0.0018402676   0.0019442094   0.0020354079   0.0021285354
  -0.0021493509  0.00064697345              0  2.4448357e-06 -2.0575992e-05 -1.8499928e-05  4.6129295e-06 -8.1678286e-06 -0.00052594979 -0.00055449401 -0.00058131016  -0.0006101131
              0              0              2              0              0              0              0              0              0              0              0              0
  -1.721167e-05  2.4448357e-06              0  0.00030769492 -1.9700169e-06 -1.4776176e-06 -8.9816995e-07  3.0727585e-06 -5.1905401e-06 -3.3088529e-06 -3.8683503e-06 -4.7058772e-06
  7.0251964e-05 -2.0575992e-05              0 -1.9700169e-06  1.8722583e-05  1.4832625e-05 -2.0529999e-08 -1.2379381e-06  1.7134819e-05  1.8023046e-05  1.9123252e-05  1.9929681e-05
    6.26942e-05 -1.8499928e-05              0 -1.4776176e-06  1.4832625e-05   1.195491e-05 -5.9135089e-08 -7.1670233e-07  1.5252924e-05  1.6098436e-05  1.7026738e-05  1.7768315e-05
  3.9405768e-05  4.6129295e-06              0 -8.9816995e-07 -2.0529999e-08 -5.9135089e-08  1.0566021e-05 -1.6433342e-05  8.4724482e-06  9.3011356e-06  9.4284558e-06  9.0449097e-06
 -7.5614972e-05 -8.1678286e-06              0  3.0727585e-06 -1.2379381e-06 -7.1670233e-07 -1.6433342e-05  5.0371663e-05 -1.6245415e-05 -1.7768151e-05 -1.7855848e-05  -1.789556e-05
   0.0018402676 -0.00052594979              0 -5.1905401e-06  1.7134819e-05  1.5252924e-05  8.4724482e-06 -1.6245415e-05  0.00046425115  0.00047296709  0.00049531416   0.0005182207
   0.0019442094 -0.00055449401              0 -3.3088529e-06  1.8023046e-05  1.6098436e-05  9.3011356e-06 -1.7768151e-05  0.00047296709   0.0005165967  0.00052354505    0.000547345
   0.0020354079 -0.00058131016              0 -3.8683503e-06  1.9123252e-05  1.7026738e-05  9.4284558e-06 -1.7855848e-05  0.00049531416  0.00052354505  0.00056487377  0.00057336255
   0.0021285354  -0.0006101131              0 -4.7058772e-06  1.9929681e-05  1.7768315e-05  9.0449097e-06  -1.789556e-05   0.0005182207    0.000547345  0.00057336255  0.00061761896


# ext. ||   Name    ||   type  ||     Value     ||  Error +/- 

   0   ||Natural mortality || limited ||    0.04107195692248 ||0.006334663502489
   1   ||Targeted q || limited ||      9.466029354758 ||0.5264953304172
   2   ||Nontargeted q || limited ||                   2 ||22.06548931833
   3   ||     sigma || limited ||      6.164471732864 ||0.2983084910396
   4   ||  Biomass1 || limited ||     0.1056616235606 ||0.03144871496213
   5   ||  Biomass2 || limited ||    0.09813960464761 ||0.02421913131667
   6   ||   vm_mean || limited ||      0.258815896958 ||0.00719633562889
   7   ||  vm_sigma || limited ||      4.747770627568 ||0.09484951853346
   8   ||Recruit year 1 || limited ||      6.417911307643 ||0.3730777127921
   9   ||Recruit year 2 || limited ||      8.651056953299 ||0.4515203360123
  10   ||Recruit year 3 || limited ||      9.916945410906 ||0.5020323472206
  11   ||Recruit year 4 || limited ||      8.886655517488 ||0.4997337007349





