# Minimum negative log likelihood

Minuit did successfully converge.
# of function calls: 828
minimum function Value: 528.5419560935
minimum edm: 2.729355578435e-05
minimum internal state vector: LAVector parameters:
      1.171223479155
     -1.025351238965
     -1.287002217587
     -1.218452594103
     -1.522321115097
     -1.525238091577
    -0.1806197641274
     -1.287260893323
     -1.172242762015
     -1.046544478482
      -1.05572820055
     -1.349278430597

minimum internal covariance matrix: LASymMatrix parameters:
     0.42116822  -0.0082861251              0 -6.3659042e-05  0.00074709091  0.00070069776   0.0027003864  -0.0012950622   0.0086092247    0.012867683    0.011174443   0.0053582331
  -0.0082861251  0.00044372251              0 -3.7586979e-06 -3.7014989e-05 -3.6005855e-05  6.4813258e-05   -4.67082e-05 -0.00022780888 -0.00034978387 -0.00028934117   -0.000132732
              0              0              2              0              0              0              0              0              0              0              0              0
 -6.3659042e-05 -3.7586979e-06              0  0.00015570074  1.3023264e-06  1.0458535e-06  -2.505311e-06  1.2938677e-06  2.6669611e-07 -1.2080839e-07 -2.1818505e-07  3.4392353e-07
  0.00074709091 -3.7014989e-05              0  1.3023264e-06  8.0395739e-06  6.4753435e-06 -5.1874029e-06  3.3282196e-06  2.0603199e-05  3.0313461e-05  2.5307034e-05  1.1888725e-05
  0.00070069776 -3.6005855e-05              0  1.0458535e-06  6.4753435e-06  5.4931133e-06 -5.0955797e-06  3.5426188e-06  1.9223049e-05  2.8905981e-05  2.4049341e-05  1.1250511e-05
   0.0027003864  6.4813258e-05              0  -2.505311e-06 -5.1874029e-06 -5.0955797e-06   7.395504e-05 -3.8883689e-05  3.0363532e-05  4.2190194e-05  4.2421227e-05   2.272935e-05
  -0.0012950622   -4.67082e-05              0  1.2938677e-06  3.3282196e-06  3.5426188e-06 -3.8883689e-05  2.5376547e-05 -1.1760246e-05 -1.4765258e-05 -1.6655164e-05 -9.6010043e-06
   0.0086092247 -0.00022780888              0  2.6669611e-07  2.0603199e-05  1.9223049e-05  3.0363532e-05 -1.1760246e-05  0.00019404946  0.00028325173   0.0002431452  0.00011528642
    0.012867683 -0.00034978387              0 -1.2080839e-07  3.0313461e-05  2.8905981e-05  4.2190194e-05 -1.4765258e-05  0.00028325173  0.00043227047  0.00036532959  0.00017297939
    0.011174443 -0.00028934117              0 -2.1818505e-07  2.5307034e-05  2.4049341e-05  4.2421227e-05 -1.6655164e-05   0.0002431452  0.00036532959  0.00031911026  0.00014892499
   0.0053582331   -0.000132732              0  3.4392353e-07  1.1888725e-05  1.1250511e-05   2.272935e-05 -9.6010043e-06  0.00011528642  0.00017297939  0.00014892499  7.7229796e-05


# ext. ||   Name    ||   type  ||     Value     ||  Error +/- 

   0   ||Natural mortality || limited ||    0.06803068127335 ||0.004308034217691
   1   ||Targeted q || limited ||      7.255176774826 ||0.3863612064961
   2   ||Nontargeted q || limited ||                   2 ||22.06548931833
   3   ||     sigma || limited ||      3.071676362162 ||0.1522431585928
   4   ||  Biomass1 || limited ||     0.5873465092809 ||0.04857589880006
   5   ||  Biomass2 || limited ||      0.518798456923 ||0.0377381610952
   6   ||   vm_mean || limited ||    -0.5643534738583 ||0.01879287081611
   7   ||  vm_sigma || limited ||       1.59808415271 ||0.03985910865708
   8   ||Recruit year 1 || limited ||      3.928443181388 ||0.1911121906037
   9   ||Recruit year 2 || limited ||      6.724394354983 ||0.3679040809018
  10   ||Recruit year 3 || limited ||      6.496393009397 ||0.311071088742
  11   ||Recruit year 4 || limited ||      1.231624060141 ||0.06825781734711





