# Minimum negative log likelihood

Minuit did successfully converge.
# of function calls: 1332
minimum function Value: 562.1477014119
minimum edm: 1.270697362299e-05
minimum internal state vector: LAVector parameters:
      1.925604653862
     -1.016822516279
     -1.287002217587
     -1.188482640974
     -1.478391457597
     -1.485260123046
      -1.23069406876
     -1.106202641989
     -0.948903109813
     -1.094181878557
     -1.154009030029
    0.09136488033405
    0.05277666057137
    0.08607416085604
    0.05556097554489

minimum internal covariance matrix: LASymMatrix parameters:
     0.33108011   0.0057191255              0  0.00020175084  -0.0010558358 -0.00091506354   0.0016282427   -0.009155961   -0.012195165  -0.0095164977  -0.0079126766   -0.001400171  -0.0014597765  -0.0014094131  -0.0013593439
   0.0057191255    0.000131679              0  3.3735807e-06 -2.2598801e-05 -1.9961245e-05  1.2969213e-05 -0.00016928232 -0.00022286899 -0.00017387771 -0.00014797575 -1.9514102e-05 -2.1447263e-05 -2.0280864e-05 -2.1688411e-05
              0              0              2              0              0              0              0              0              0              0              0              0              0              0              0
  0.00020175084  3.3735807e-06              0  0.00020561309  1.4397235e-06  1.1982533e-06  3.8307196e-06 -7.9907399e-06 -1.1021059e-05 -9.0682385e-06 -5.3841098e-06 -2.3111547e-06 -1.1806864e-06  -1.380844e-06  -4.901402e-07
  -0.0010558358 -2.2598801e-05              0  1.4397235e-06  8.8308099e-06  7.1500411e-06 -2.9423034e-06  3.0895282e-05   4.015236e-05  3.1443479e-05  2.6145576e-05  3.3963655e-06  4.1098032e-06  4.0315989e-06  4.0380254e-06
 -0.00091506354 -1.9961245e-05              0  1.1982533e-06  7.1500411e-06  5.9096035e-06 -2.2578647e-06  2.6835584e-05  3.4903751e-05  2.7325535e-05   2.283768e-05  2.9107882e-06  3.4882353e-06  3.4358592e-06  3.4933717e-06
   0.0016282427  1.2969213e-05              0  3.8307196e-06 -2.9423034e-06 -2.2578647e-06  2.0740739e-05 -3.9193634e-05 -5.4187247e-05 -4.2224545e-05 -3.4461697e-05 -9.7099453e-06  -9.418111e-06 -9.2025003e-06 -8.0982737e-06
   -0.009155961 -0.00016928232              0 -7.9907399e-06  3.0895282e-05  2.6835584e-05 -3.9193634e-05  0.00026577094  0.00034145006  0.00026657355  0.00022230042  3.7034888e-05  3.9104292e-05  3.7684772e-05  3.6878636e-05
   -0.012195165 -0.00022286899              0 -1.1021059e-05   4.015236e-05  3.4903751e-05 -5.4187247e-05  0.00034145006   0.0004631392   0.0003545149  0.00029573241  5.0280798e-05  5.2602502e-05  5.0416151e-05  4.9142093e-05
  -0.0095164977 -0.00017387771              0 -9.0682385e-06  3.1443479e-05  2.7325535e-05 -4.2224545e-05  0.00026657355   0.0003545149  0.00028506849  0.00023054344  3.9162309e-05  4.0870453e-05  3.9133669e-05  3.8395831e-05
  -0.0079126766 -0.00014797575              0 -5.3841098e-06  2.6145576e-05   2.283768e-05 -3.4461697e-05  0.00022230042  0.00029573241  0.00023054344  0.00020388976  3.2004606e-05  3.3638617e-05  3.2150021e-05   3.301336e-05
   -0.001400171 -1.9514102e-05              0 -2.3111547e-06  3.3963655e-06  2.9107882e-06 -9.7099453e-06  3.7034888e-05  5.0280798e-05  3.9162309e-05  3.2004606e-05  8.8719825e-06  6.9527382e-06  6.6011871e-06  5.9832053e-06
  -0.0014597765 -2.1447263e-05              0 -1.1806864e-06  4.1098032e-06  3.4882353e-06  -9.418111e-06  3.9104292e-05  5.2602502e-05  4.0870453e-05  3.3638617e-05  6.9527382e-06  7.8478677e-06  6.7398039e-06  6.2185921e-06
  -0.0014094131 -2.0280864e-05              0  -1.380844e-06  4.0315989e-06  3.4358592e-06 -9.2025003e-06  3.7684772e-05  5.0416151e-05  3.9133669e-05  3.2150021e-05  6.6011871e-06  6.7398039e-06  8.4146922e-06  6.1570129e-06
  -0.0013593439 -2.1688411e-05              0  -4.901402e-07  4.0380254e-06  3.4933717e-06 -8.0982737e-06  3.6878636e-05  4.9142093e-05  3.8395831e-05   3.301336e-05  5.9832053e-06  6.2185921e-06  6.1570129e-06  8.1627157e-06


# ext. ||   Name    ||   type  ||     Value     ||  Error +/- 

   0   ||Natural mortality || limited ||    0.06844282738149 ||0.003437048494371
   1   ||Targeted q || limited ||      7.477963182598 ||0.2134286631611
   2   ||Nontargeted q || limited ||                   2 ||22.06548931833
   3   ||     sigma || limited ||       3.60980213622 ||0.1891302820192
   4   ||  Biomass1 || limited ||      2.133146463621 ||0.09694637793684
   5   ||  Biomass2 || limited ||       1.82799559475 ||0.07342673646074
   6   ||  vm_sigma || limited ||      2.292149005687 ||0.04296902273745
   7   ||Recruit year 1 || limited ||      5.309285377575 ||0.2582209558494
   8   ||Recruit year 2 || limited ||      9.370215229526 ||0.4432027062568
   9   ||Recruit year 3 || limited ||      5.581782078649 ||0.2738257298425
  10   ||Recruit year 4 || limited ||       4.28986001207 ||0.204347387653
  11   ||Mean Rec dist 1 || limited ||      0.912378213576 ||0.02097393158322
  12   ||Mean Rec dist 2 || limited ||     0.5275216351021 ||0.01978132771622
  13   ||Mean Rec dist 3 || limited ||     0.8596791640393 ||0.02043586535928
  14   ||Mean Rec dist 4 || limited ||     0.5553239363122 ||0.02017118245472





