# Minimum negative log likelihood

Minuit did successfully converge.
# of function calls: 749
minimum function Value: 655.4841079912
minimum edm: 2.629103971371e-05
minimum internal state vector: LAVector parameters:
     -0.831014671023
    -0.9910227194613
     -1.287002217587
     -1.090614576382
     -1.566228403399
     -1.566605479879
    -0.7636200513939
    -0.1796230638587
     -1.217597111657
     -1.368537476662
     -1.209062671579
     -1.027032666601

minimum internal covariance matrix: LASymMatrix parameters:
   0.0085896802  -0.0029217163              0  2.8807589e-05  1.8583989e-05  3.4139795e-05  2.1671228e-05  0.00034292941   0.0014514178  0.00089071885   0.0019578684   0.0031658081
  -0.0029217163   0.0010136119              0 -1.1326673e-05  -5.850376e-06 -1.1855072e-05 -2.8752224e-07 -0.00022534576 -0.00049481718 -0.00030327379 -0.00066835894  -0.0010795164
              0              0              2              0              0              0              0              0              0              0              0              0
  2.8807589e-05 -1.1326673e-05              0  0.00027387106 -7.8489931e-07  1.3948069e-07  1.0169621e-07 -2.5881493e-05  3.6130483e-06  2.7552375e-06  6.2908826e-06  7.8613782e-06
  1.8583989e-05  -5.850376e-06              0 -7.8489931e-07  1.6080319e-05  6.3872672e-06  3.3307435e-07   -1.24444e-05  6.2199424e-06  1.8441757e-06  3.3964783e-06  6.1956799e-06
  3.4139795e-05 -1.1855072e-05              0  1.3948069e-07  6.3872672e-06  9.7979658e-06 -8.0652223e-08   2.881615e-05  4.8344856e-06  3.5904559e-06  7.2334824e-06  1.2299611e-05
  2.1671228e-05 -2.8752224e-07              0  1.0169621e-07  3.3307435e-07 -8.0652223e-08   9.754659e-06 -0.00012165902  3.7266615e-06  2.0282489e-06  4.2377135e-06  6.7680166e-06
  0.00034292941 -0.00022534576              0 -2.5881493e-05   -1.24444e-05   2.881615e-05 -0.00012165902   0.0047293156  4.8386447e-05  4.0453653e-05   8.992567e-05  0.00014194319
   0.0014514178 -0.00049481718              0  3.6130483e-06  6.2199424e-06  4.8344856e-06  3.7266615e-06  4.8386447e-05  0.00026144803  0.00015022784  0.00033027837  0.00053529889
  0.00089071885 -0.00030327379              0  2.7552375e-06  1.8441757e-06  3.5904559e-06  2.0282489e-06  4.0453653e-05  0.00015022784  0.00010553954  0.00020321917  0.00032860576
   0.0019578684 -0.00066835894              0  6.2908826e-06  3.3964783e-06  7.2334824e-06  4.2377135e-06   8.992567e-05  0.00033027837  0.00020321917  0.00046083139  0.00072241567
   0.0031658081  -0.0010795164              0  7.8613782e-06  6.1956799e-06  1.2299611e-05  6.7680166e-06  0.00014194319  0.00053529889  0.00032860576  0.00072241567    0.001181805


# ext. ||   Name    ||   type  ||     Value     ||  Error +/- 

   0   ||Natural mortality || limited ||    0.03920763480014 ||0.006622094039121
   1   ||Targeted q || limited ||      8.170665146072 ||0.6166001165475
   2   ||Nontargeted q || limited ||                   2 ||22.06548931833
   3   ||     sigma || limited ||      5.654451021306 ||0.2702738922525
   4   ||  Biomass1 || limited ||   0.005216471966607 ||0.006476182222465
   5   ||  Biomass2 || limited ||   0.004390793041542 ||0.004637918760514
   6   ||   vm_mean || limited ||     -2.172539713444 ||0.005011648826355
   7   ||  vm_sigma || limited ||      32.85424075052 ||1.913037141478
   8   ||Recruit year 1 || limited ||      3.096146172669 ||0.1977183589213
   9   ||Recruit year 2 || limited ||      1.029132394974 ||0.07295545708321
  10   ||Recruit year 3 || limited ||      3.245441649731 ||0.2685603240157
  11   ||Recruit year 4 || limited ||      7.220899938271 ||0.6286876853269





