# Minimum negative log likelihood

Minuit did successfully converge.
# of function calls: 892
minimum function Value: 390.7312153095
minimum edm: 2.299382955599e-05
minimum internal state vector: LAVector parameters:
     0.2535276501846
     -1.009134156171
     -1.287002217587
     -1.318454897229
     -1.548436937694
     -1.550329827042
     -0.551089947707
    -0.1635543748026
    -0.9742608152831
     -1.213707426669
      -1.08558467166
    -0.9710516431592

minimum internal covariance matrix: LASymMatrix parameters:
    0.015814341  -0.0012028206              0 -3.0084048e-05  5.1546593e-05  4.7721808e-05  2.0787836e-05 -0.00041399888   0.0013564854  0.00077436598   0.0010151973   0.0014338749
  -0.0012028206  9.3009835e-05              0  1.9593321e-06 -3.9352578e-06 -3.6752378e-06 -1.2972632e-06  2.7036033e-05 -0.00010323423 -5.9230408e-05 -7.7455087e-05 -0.00010965521
              0              0              2              0              0              0              0              0              0              0              0              0
 -3.0084048e-05  1.9593321e-06              0  8.1236991e-05 -7.5377596e-07 -5.3979853e-07  1.1998312e-07  3.9667383e-06 -2.4910905e-06 -1.6574862e-06 -2.4956529e-06 -3.0363716e-06
  5.1546593e-05 -3.9352578e-06              0 -7.5377596e-07  1.6928219e-06  1.2262787e-06 -7.3513853e-08 -3.1183352e-06  4.7049992e-06  2.5052232e-06   3.352887e-06  4.9265492e-06
  4.7721808e-05 -3.6752378e-06              0 -5.3979853e-07  1.2262787e-06  9.4427432e-07 -4.2691849e-08 -1.9251391e-06  4.2819295e-06  2.3253465e-06  3.1022396e-06  4.5280098e-06
  2.0787836e-05 -1.2972632e-06              0  1.1998312e-07 -7.3513853e-08 -4.2691849e-08  3.5077654e-07 -3.6886481e-06  1.6453895e-06  1.0120689e-06   1.282795e-06  1.7804045e-06
 -0.00041399888  2.7036033e-05              0  3.9667383e-06 -3.1183352e-06 -1.9251391e-06 -3.6886481e-06  0.00017732733 -3.3903855e-05 -2.0886657e-05 -2.6116493e-05 -3.7689171e-05
   0.0013564854 -0.00010323423              0 -2.4910905e-06  4.7049992e-06  4.2819295e-06  1.6453895e-06 -3.3903855e-05  0.00011798038  6.6193594e-05   8.706529e-05  0.00012296764
  0.00077436598 -5.9230408e-05              0 -1.6574862e-06  2.5052232e-06  2.3253465e-06  1.0120689e-06 -2.0886657e-05  6.6193594e-05  3.9368458e-05  4.9744596e-05  7.0390072e-05
   0.0010151973 -7.7455087e-05              0 -2.4956529e-06   3.352887e-06  3.1022396e-06   1.282795e-06 -2.6116493e-05   8.706529e-05  4.9744596e-05  6.6580028e-05  9.2247164e-05
   0.0014338749 -0.00010965521              0 -3.0363716e-06  4.9265492e-06  4.5280098e-06  1.7804045e-06 -3.7689171e-05  0.00012296764  7.0390072e-05  9.2247164e-05  0.00013179305


# ext. ||   Name    ||   type  ||     Value     ||  Error +/- 

   0   ||Natural mortality || limited ||     0.0512705099216 ||0.002149158838589
   1   ||Targeted q || limited ||      7.681449053837 ||0.1815984508538
   2   ||Nontargeted q || limited ||                   2 ||22.06548931833
   3   ||     sigma || limited ||      1.583475631722 ||0.0795607155731
   4   ||  Biomass1 || limited ||      0.124980363196 ||0.01028452721205
   5   ||  Biomass2 || limited ||     0.1047157476962 ||0.007031003536717
   6   ||   vm_mean || limited ||     -1.644988572927 ||0.001120898895482
   7   ||  vm_sigma || limited ||      33.48753466798 ||0.3716089795789
   8   ||Recruit year 1 || limited ||       8.64479367275 ||0.2157139648794
   9   ||Recruit year 2 || limited ||      3.163766487896 ||0.07753387476268
  10   ||Recruit year 3 || limited ||      5.780610186265 ||0.13453509601
  11   ||Recruit year 4 || limited ||      8.735139875193 ||0.229068034664





