# Minimum negative log likelihood

WARNING: Minuit did not converge.

# of function calls: 2843
minimum function Value: 867.9912007158
minimum edm: 0.02446020069152
minimum internal state vector: LAVector parameters:
     -1.745231689802
     -0.908353003265
     -1.287002217587
    -0.7561145517852
     -1.466627530656
     -1.475043147784
     0.1985116428619
     -1.013811109659
     -1.050230285456
     -1.291324805942
     -1.105490816975
     0.1009045428153
    0.08752049012135
     -1.229991406233
     0.0333816453564

minimum internal covariance matrix: LASymMatrix parameters:
     0.16176159   0.0023897838              0 -0.00074280062  0.00011264267  1.7297552e-05    0.013637451  -0.0042995784  -0.0041640136  -0.0014536078  -0.0029873858 -0.00012546699 -0.00022212107   2.203008e-07 -0.00010400387
   0.0023897838  0.00010555351              0 -1.1293135e-05 -7.8003907e-06 -7.9207344e-06  -0.0001771375 -5.9796116e-05 -6.0205144e-05 -2.2640993e-05  -5.797301e-05  4.1809639e-06  2.4446992e-06   4.143017e-09  2.4755236e-06
              0              0              2              0              0              0              0              0              0              0              0              0              0              0              0
 -0.00074280062 -1.1293135e-05              0   0.0011577519  2.1225443e-05  1.7310838e-05 -0.00056989142 -1.1804794e-05  3.4126279e-06  7.5735493e-06  1.8447111e-05  5.1216223e-06  9.0317347e-06 -1.1168475e-08  5.5767337e-06
  0.00011264267 -7.8003907e-06              0  2.1225443e-05  5.2296679e-05  4.1468512e-05 -7.2982324e-05 -6.5343228e-08  1.3185528e-06   4.844688e-07 -5.3128955e-07 -4.7906723e-07  1.5161141e-06 -5.5212372e-09 -2.8649787e-07
  1.7297552e-05 -7.9207344e-06              0  1.7310838e-05  4.1468512e-05  3.3643017e-05 -5.6937377e-05  1.5390535e-06  2.5617013e-06  1.1270974e-06  9.4614183e-07 -4.3555135e-07  1.2317489e-06 -4.7422152e-09 -2.9950835e-07
    0.013637451  -0.0001771375              0 -0.00056989142 -7.2982324e-05 -5.6937377e-05    0.039932573 -0.00011467228 -0.00032640946 -2.9731281e-05 -0.00019031043 -0.00020167959 -0.00019092976  6.6196539e-08 -0.00016803874
  -0.0042995784 -5.9796116e-05              0 -1.1804794e-05 -6.5343228e-08  1.5390535e-06 -0.00011467228  0.00020330958  9.4429363e-05  3.0898608e-05  6.9148199e-05  1.8552293e-07  3.2448902e-06 -5.8559387e-09  2.2757491e-06
  -0.0041640136 -6.0205144e-05              0  3.4126279e-06  1.3185528e-06  2.5617013e-06 -0.00032640946  9.4429363e-05  0.00018653997  3.1194782e-05    6.95351e-05  3.0779822e-06  1.6937161e-06 -5.5293409e-09   2.706152e-06
  -0.0014536078 -2.2640993e-05              0  7.5735493e-06   4.844688e-07  1.1270974e-06 -2.9731281e-05  3.0898608e-05  3.1194782e-05  0.00011719834  2.8112897e-05  2.5699638e-06  3.1112288e-06 -1.6701953e-09  -1.508051e-07
  -0.0029873858  -5.797301e-05              0  1.8447111e-05 -5.3128955e-07  9.4614183e-07 -0.00019031043  6.9148199e-05    6.95351e-05  2.8112897e-05  0.00017984007  1.6155416e-06  2.8231745e-06 -4.1064217e-09  1.1788425e-06
 -0.00012546699  4.1809639e-06              0  5.1216223e-06 -4.7906723e-07 -4.3555135e-07 -0.00020167959  1.8552293e-07  3.0779822e-06  2.5699638e-06  1.6155416e-06  5.6108383e-06  1.5148792e-06 -2.6882215e-10  6.8717754e-07
 -0.00022212107  2.4446992e-06              0  9.0317347e-06  1.5161141e-06  1.2317489e-06 -0.00019092976  3.2448902e-06  1.6937161e-06  3.1112288e-06  2.8231745e-06  1.5148792e-06  5.6979701e-06 -6.1931344e-10  1.0246974e-06
   2.203008e-07   4.143017e-09              0 -1.1168475e-08 -5.5212372e-09 -4.7422152e-09  6.6196539e-08 -5.8559387e-09 -5.5293409e-09 -1.6701953e-09 -4.1064217e-09 -2.6882215e-10 -6.1931344e-10  3.5439156e-12  -2.881847e-10
 -0.00010400387  2.4755236e-06              0  5.5767337e-06 -2.8649787e-07 -2.9950835e-07 -0.00016803874  2.2757491e-06   2.706152e-06  -1.508051e-07  1.1788425e-06  6.8717754e-07  1.0246974e-06  -2.881847e-10  3.9035537e-06


# ext. ||   Name    ||   type  ||     Value     ||  Error +/- 

   0   ||Natural mortality || limited ||    0.02037938275445 ||0.001217369348134
   1   ||Targeted q || limited ||      10.57540839508 ||0.2234058683955
   2   ||Nontargeted q || limited ||                   2 ||22.06548931833
   3   ||     sigma || limited ||      15.69500304018 ||0.8751010668394
   4   ||  Biomass1 || limited ||      2.710332342759 ||0.2658533272255
   5   ||  Biomass2 || limited ||      2.290417013406 ||0.1960607254537
   6   ||  vm_sigma || limited ||      47.88881828278 ||5.522594404867
   7   ||Recruit year 1 || limited ||      7.566610797226 ||0.266461537923
   8   ||Recruit year 2 || limited ||       6.63244839051 ||0.2401438565317
   9   ||Recruit year 3 || limited ||      1.949738392028 ||0.1055692540226
  10   ||Recruit year 4 || limited ||      5.325242106299 ||0.2127160928131
  11   ||Mean Rec dist 1 || limited ||      1.007333995513 ||0.01666418122924
  12   ||Mean Rec dist 2 || limited ||     0.8740880080308 ||0.01681432505656
  13   ||Mean Rec dist 3 || limited ||     -9.424859295357 ||4.449310143428e-06
  14   ||Mean Rec dist 4 || limited ||     0.3337544598338 ||0.01396281295042



WARNING: FunctionMinimum is invalid: 
	 Reached call limit


