# Minimum negative log likelihood

Minuit did successfully converge.
# of function calls: 879
minimum function Value: 592.0039241819
minimum edm: 9.477749405899e-05
minimum internal state vector: LAVector parameters:
     0.2060883163116
     -1.189677951403
     -1.287002217587
     -1.159598502493
     -1.418065766295
     -1.424635140647
    -0.2800713289282
    -0.9836231396328
     -1.481041765533
     -1.009010359466
     -1.191026244778
    0.09106186088727
     0.1151283456127
    0.08825527200416
    0.08825242866017

minimum internal covariance matrix: LASymMatrix parameters:
    0.016722511  -0.0013493676              0   9.214025e-05  0.00056488954  0.00053125076   -0.004497251   0.0031811784  0.00054440627   0.0030508872   0.0020180419  0.00011406755  0.00018652242  0.00010315277  0.00010412252
  -0.0013493676  0.00011922538              0 -8.0637749e-06 -5.0159661e-05 -4.7007188e-05  0.00030165927 -0.00026357326 -4.2733079e-05 -0.00025302093 -0.00017031756 -8.0514109e-06 -1.7260774e-05  -7.206909e-06 -8.2372349e-06
              0              0              2              0              0              0              0              0              0              0              0              0              0              0              0
   9.214025e-05 -8.0637749e-06              0  0.00020064706  1.5114675e-06  1.4344851e-06 -1.5916186e-05  1.9343505e-05  2.1449726e-06  1.8525929e-05  1.2409565e-05  6.1810839e-07 -1.0938252e-06  7.5615749e-07  5.1299934e-07
  0.00056488954 -5.0159661e-05              0  1.5114675e-06  2.8538011e-05   2.600453e-05 -0.00013065937  0.00011099536   1.770954e-05  0.00010627804  7.1633032e-05  3.3194551e-06   7.706266e-06   3.056861e-06  3.4910902e-06
  0.00053125076 -4.7007188e-05              0  1.4344851e-06   2.600453e-05    2.38021e-05  -0.0001213145  0.00010421699  1.6683547e-05   9.982761e-05  6.7219101e-05  3.1411517e-06  7.0726208e-06  2.8816103e-06  3.2681857e-06
   -0.004497251  0.00030165927              0 -1.5916186e-05 -0.00013065937  -0.0001213145   0.0057431345 -0.00081299646 -0.00014737633 -0.00077269187 -0.00051342177  -6.541821e-05 -6.0007343e-05 -6.4797725e-05 -4.9547569e-05
   0.0031811784 -0.00026357326              0  1.9343505e-05  0.00011099536  0.00010421699 -0.00081299646  0.00062061667  0.00010215989  0.00058510193  0.00038936986  2.0632574e-05  3.9088859e-05  1.8753787e-05  1.9741352e-05
  0.00054440627 -4.2733079e-05              0  2.1449726e-06   1.770954e-05  1.6683547e-05 -0.00014737633  0.00010215989  3.3221237e-05  9.8785221e-05  6.5320082e-05  3.7568353e-06 -1.0671142e-05  3.4446451e-06  3.3716634e-06
   0.0030508872 -0.00025302093              0  1.8525929e-05  0.00010627804   9.982761e-05 -0.00077269187  0.00058510193  9.8785221e-05  0.00057223692  0.00037333188  1.9962296e-05  3.5795245e-05  1.7744877e-05  1.9003434e-05
   0.0020180419 -0.00017031756              0  1.2409565e-05  7.1633032e-05  6.7219101e-05 -0.00051342177  0.00038936986  6.5320082e-05  0.00037333188  0.00027026999  1.2934519e-05  2.3418586e-05  1.1644723e-05   1.345034e-05
  0.00011406755 -8.0514109e-06              0  6.1810839e-07  3.3194551e-06  3.1411517e-06  -6.541821e-05  2.0632574e-05  3.7568353e-06  1.9962296e-05  1.2934519e-05  1.9802587e-06  1.2051015e-06  1.0481529e-06  8.5276501e-07
  0.00018652242 -1.7260774e-05              0 -1.0938252e-06   7.706266e-06  7.0726208e-06 -6.0007343e-05  3.9088859e-05 -1.0671142e-05  3.5795245e-05  2.3418586e-05  1.2051015e-06  0.00015020118  1.2290153e-06  1.3902065e-06
  0.00010315277  -7.206909e-06              0  7.5615749e-07   3.056861e-06  2.8816103e-06 -6.4797725e-05  1.8753787e-05  3.4446451e-06  1.7744877e-05  1.1644723e-05  1.0481529e-06  1.2290153e-06  1.7638559e-06  8.5181326e-07
  0.00010412252 -8.2372349e-06              0  5.1299934e-07  3.4910902e-06  3.2681857e-06 -4.9547569e-05  1.9741352e-05  3.3716634e-06  1.9003434e-05   1.345034e-05  8.5276501e-07  1.3902065e-06  8.5181326e-07  3.2115025e-06


# ext. ||   Name    ||   type  ||     Value     ||  Error +/- 

   0   ||Natural mortality || limited ||    0.05011581417945 ||0.002234506283129
   1   ||Targeted q || limited ||      3.587538671609 ||0.1435918954878
   2   ||Nontargeted q || limited ||                   2 ||22.06548931833
   3   ||     sigma || limited ||      4.167864947202 ||0.2001734812279
   4   ||  Biomass1 || limited ||      5.820328767739 ||0.2873439259747
   5   ||  Biomass2 || limited ||      5.331271899687 ||0.2512154995918
   6   ||  vm_sigma || limited ||      28.94367025549 ||2.058949621976
   7   ||Recruit year 1 || limited ||      8.383658274423 ||0.4878859920148
   8   ||Recruit year 2 || limited ||      0.211241739248 ||0.01826381680763
   9   ||Recruit year 3 || limited ||      7.693977571046 ||0.4504642098904
  10   ||Recruit year 4 || limited ||      3.572149133641 ||0.2154425213744
  11   ||Mean Rec dist 1 || limited ||     0.9093606158081 ||0.009909294947509
  12   ||Mean Rec dist 2 || limited ||      1.148741853104 ||0.08608582954284
  13   ||Mean Rec dist 3 || limited ||     0.8814074666526 ||0.009354550681928
  14   ||Mean Rec dist 4 || limited ||     0.8813791438713 ||0.01262250549877





