# Minimum negative log likelihood

Minuit did successfully converge.
# of function calls: 2279
minimum function Value: 400.4683717721
minimum edm: 3.597336673923e-05
minimum internal state vector: LAVector parameters:
     -0.237020228534
      -1.28280112429
     -1.287002217587
     -1.312463496697
     -1.401550464542
     -1.406023470195
      -1.18395298631
     -1.015895187094
     -1.176799108228
     -1.486798910282
     -1.042996944093
    0.02824489431124
    0.06037214801372
    -0.3194775006591
    0.06448160891942

minimum internal covariance matrix: LASymMatrix parameters:
   0.0077786792 -0.00071333078              0 -1.6058835e-06  0.00042486634  0.00041099225 -0.00025494626   0.0019298951   0.0013679572  0.00030060499    0.001812629  0.00016083111  0.00015423091  1.3197208e-06  0.00014167416
 -0.00071333078  7.1703002e-05              0  9.7491498e-07  -4.259362e-05 -4.1156867e-05  1.9338292e-05 -0.00018400316 -0.00012939643 -2.5012882e-05 -0.00017536378 -1.3494537e-05 -1.4033347e-05 -1.2637018e-07 -1.2196792e-05
              0              0              2              0              0              0              0              0              0              0              0              0              0              0              0
 -1.6058835e-06  9.7491498e-07              0  8.7291151e-05 -5.3760019e-07 -4.9208067e-07 -3.2820649e-07 -1.6063717e-06 -1.0689895e-06 -8.3020781e-07 -2.4581412e-06  4.7633762e-07   2.292775e-07 -5.4009219e-09 -1.1181936e-07
  0.00042486634  -4.259362e-05              0 -5.3760019e-07  2.7680721e-05  2.6450112e-05 -1.2849304e-05  0.00011010258  7.6927992e-05   1.440645e-05   0.0001043527  7.8205216e-06  8.5537376e-06  7.5582302e-08  7.4760045e-06
  0.00041099225 -4.1156867e-05              0 -4.9208067e-07  2.6450112e-05  2.5323116e-05 -1.2166327e-05  0.00010631156  7.4380364e-05   1.409201e-05  0.00010084543  7.6455675e-06  8.2542432e-06  7.3105183e-08  7.1906362e-06
 -0.00025494626  1.9338292e-05              0 -3.2820649e-07 -1.2849304e-05 -1.2166327e-05  2.6417191e-05 -5.9796614e-05 -4.3033126e-05 -6.9418907e-06 -5.5022272e-05 -6.1431468e-06 -6.5590953e-06 -3.8231844e-08 -7.4517437e-06
   0.0019298951 -0.00018400316              0 -1.6063717e-06  0.00011010258  0.00010631156 -5.9796614e-05  0.00048976906  0.00034390481  7.1240477e-05  0.00046002794    3.80403e-05  3.8158723e-05  3.3402743e-07  3.4239333e-05
   0.0013679572 -0.00012939643              0 -1.0689895e-06  7.6927992e-05  7.4380364e-05 -4.3033126e-05  0.00034390481  0.00024591566  4.9323391e-05  0.00032463119  2.7252825e-05  2.6532993e-05  2.3602998e-07   2.441346e-05
  0.00030060499 -2.5012882e-05              0 -8.3020781e-07   1.440645e-05   1.409201e-05 -6.9418907e-06  7.1240477e-05  4.9323391e-05  2.3861052e-05  6.5380576e-05  6.8674431e-06  4.6053306e-06  5.0763922e-08  5.3615718e-06
    0.001812629 -0.00017536378              0 -2.4581412e-06   0.0001043527  0.00010084543 -5.5022272e-05  0.00046002794  0.00032463119  6.5380576e-05  0.00044117263  3.5665594e-05  3.6077222e-05  3.1475291e-07  3.2841558e-05
  0.00016083111 -1.3494537e-05              0  4.7633762e-07  7.8205216e-06  7.6455675e-06 -6.1431468e-06    3.80403e-05  2.7252825e-05  6.8674431e-06  3.5665594e-05  4.3732745e-06  3.4111798e-06  2.6660163e-08   3.109251e-06
  0.00015423091 -1.4033347e-05              0   2.292775e-07  8.5537376e-06  8.2542432e-06 -6.5590953e-06  3.8158723e-05  2.6532993e-05  4.6053306e-06  3.6077222e-05  3.4111798e-06  5.5186893e-06  2.4749166e-08  3.0990577e-06
  1.3197208e-06 -1.2637018e-07              0 -5.4009219e-09  7.5582302e-08  7.3105183e-08 -3.8231844e-08  3.3402743e-07  2.3602998e-07  5.0763922e-08  3.1475291e-07  2.6660163e-08  2.4749166e-08  2.4791014e-10  2.2692017e-08
  0.00014167416 -1.2196792e-05              0 -1.1181936e-07  7.4760045e-06  7.1906362e-06 -7.4517437e-06  3.4239333e-05   2.441346e-05  5.3615718e-06  3.2841558e-05   3.109251e-06  3.0990577e-06  2.2692017e-08   3.873119e-06


# ext. ||   Name    ||   type  ||     Value     ||  Error +/- 

   0   ||Natural mortality || limited ||    0.03912981974389 ||0.001514542266194
   1   ||Targeted q || limited ||      2.059238712953 ||0.08503273732535
   2   ||Nontargeted q || limited ||                   2 ||22.06548931833
   3   ||     sigma || limited ||       1.65913840621 ||0.08438694539698
   4   ||  Biomass1 || limited ||      7.143963284815 ||0.3133180734491
   5   ||  Biomass2 || limited ||      6.772180633852 ||0.2918309574005
   6   ||  vm_sigma || limited ||      2.956780047556 ||0.05484419079794
   7   ||Recruit year 1 || limited ||      7.511623268219 ||0.4121773800406
   8   ||Recruit year 2 || limited ||      3.840517973067 ||0.2128109654956
   9   ||Recruit year 3 || limited ||     0.1862678349211 ||0.01448807275596
  10   ||Recruit year 4 || limited ||      6.813446293918 ||0.3739507610823
  11   ||Mean Rec dist 1 || limited ||     0.2824113895373 ||0.01478137906932
  12   ||Mean Rec dist 2 || limited ||     0.6033548066677 ||0.01658100447036
  13   ||Mean Rec dist 3 || limited ||     -3.140705428192 ||0.0001057015153929
  14   ||Mean Rec dist 4 || limited ||     0.6443693376546 ||0.01388710714656





