# Minimum negative log likelihood

Minuit did successfully converge.
# of function calls: 599
minimum function Value: 631.4978135676
minimum edm: 2.382153252579e-06
minimum internal state vector: LAVector parameters:
      0.783065527531
     -1.169450020171
     -1.287002217587
     -1.118012854013
     -1.426358319551
      -1.43058176132
      0.367375419202
    -0.4392433347511
     -1.084076713505
    -0.9019011665551
     -1.109414582156
    -0.9971427376038

minimum internal covariance matrix: LASymMatrix parameters:
    0.079828784  -0.0061459735              0 -0.00044205753    0.002167292   0.0020720596 -6.9777451e-05  0.00065402133   0.0070025252   0.0098142504   0.0085229242   0.0077162336
  -0.0061459735  0.00049672632              0  3.2094192e-05 -0.00017626452 -0.00016812993  1.1644794e-05 -0.00014009604    -0.00055065 -0.00077164105 -0.00066858815 -0.00061019407
              0              0              2              0              0              0              0              0              0              0              0              0
 -0.00044205753  3.2094192e-05              0  0.00030771195 -3.9435436e-06 -4.2487293e-06 -3.5325079e-06  2.4136553e-05 -3.8068695e-05 -5.4763787e-05 -4.8232948e-05  -4.267698e-05
    0.002167292 -0.00017626452              0 -3.9435436e-06  7.9663355e-05  7.4248883e-05 -4.9664048e-06  5.2067464e-05  0.00019519643  0.00027253216  0.00023594159  0.00021579215
   0.0020720596 -0.00016812993              0 -4.2487293e-06  7.4248883e-05  6.9434865e-05 -4.5981226e-06  4.9150354e-05  0.00018630381  0.00026029671  0.00022539047  0.00020601608
 -6.9777451e-05  1.1644794e-05              0 -3.5325079e-06 -4.9664048e-06 -4.5981226e-06  4.6452985e-06 -4.2750552e-05 -9.1220823e-06 -1.2431835e-05 -1.0522799e-05 -1.0259583e-05
  0.00065402133 -0.00014009604              0  2.4136553e-05  5.2067464e-05  4.9150354e-05 -4.2750552e-05   0.0015810985  9.7781138e-05  0.00013512166  0.00011788346  0.00011436558
   0.0070025252    -0.00055065              0 -3.8068695e-05  0.00019519643  0.00018630381 -9.1220823e-06  9.7781138e-05  0.00063593752  0.00086868402  0.00075375319  0.00068459971
   0.0098142504 -0.00077164105              0 -5.4763787e-05  0.00027253216  0.00026029671 -1.2431835e-05  0.00013512166  0.00086868402   0.0012343764   0.0010561191  0.00095975634
   0.0085229242 -0.00066858815              0 -4.8232948e-05  0.00023594159  0.00022539047 -1.0522799e-05  0.00011788346  0.00075375319   0.0010561191  0.00093604263   0.0008318055
   0.0077162336 -0.00061019407              0  -4.267698e-05  0.00021579215  0.00020601608 -1.0259583e-05  0.00011436558  0.00068459971  0.00095975634   0.0008318055  0.00077611679


# ext. ||   Name    ||   type  ||     Value     ||  Error +/- 

   0   ||Natural mortality || limited ||    0.06263638590732 ||0.003516474788374
   1   ||Targeted q || limited ||      3.973205853151 ||0.3078168300339
   2   ||Nontargeted q || limited ||                   2 ||22.06548931833
   3   ||     sigma || limited ||      5.038354950656 ||0.2713092138553
   4   ||  Biomass1 || limited ||      5.206523346886 ||0.4542048721825
   5   ||  Biomass2 || limited ||      4.906983857882 ||0.4117280354708
   6   ||   vm_mean || limited ||       1.12835710242 ||0.004468382336649
   7   ||  vm_sigma || limited ||      22.99052266518 ||1.017760868896
   8   ||Recruit year 1 || limited ||        5.8158221902 ||0.4169558305301
   9   ||Recruit year 2 || limited ||      10.78355866858 ||0.7701337900853
  10   ||Recruit year 3 || limited ||      5.237566219895 ||0.4814673180842
  11   ||Recruit year 4 || limited ||      8.013011289494 ||0.5344540441515





