# Minimum negative log likelihood

Minuit did successfully converge.
# of function calls: 670
minimum function Value: 600.8408803357
minimum edm: 3.634498054022e-05
minimum internal state vector: LAVector parameters:
    -0.1323936828391
     -1.186035812366
     -1.287002217587
     -1.150709629068
     -1.450603227575
      -1.45239574026
     0.1928968405749
    -0.6209015972476
     -1.179703101738
     -1.061654800557
     -1.453260510427
       -1.1715059053

minimum internal covariance matrix: LASymMatrix parameters:
     0.10553487   -0.012250544              0 -4.5226894e-05   0.0040045739   0.0038006606 -0.00016574695   0.0011047751    0.013020543    0.016079679   0.0032626119    0.011506573
   -0.012250544   0.0014485229              0  5.7301176e-06 -0.00047361493 -0.00044931821  2.9584459e-05  -0.0002454243  -0.0015228523  -0.0018793812  -0.0003745537  -0.0013490328
              0              0              2              0              0              0              0              0              0              0              0              0
 -4.5226894e-05  5.7301176e-06              0  0.00020450652 -2.3831326e-06 -2.2558169e-06   8.962333e-07 -6.7875242e-06 -5.8245794e-06 -7.2754299e-06 -6.8980852e-07 -4.7825523e-06
   0.0040045739 -0.00047361493              0 -2.3831326e-06  0.00016817675  0.00015842498  -9.787195e-06  7.8081138e-05  0.00049967489  0.00061475625  0.00012260775  0.00044134066
   0.0038006606 -0.00044931821              0 -2.2558169e-06  0.00015842498  0.00014938313  -9.187302e-06  7.3707193e-05  0.00047391045  0.00058336799  0.00011637907  0.00041877344
 -0.00016574695  2.9584459e-05              0   8.962333e-07  -9.787195e-06  -9.187302e-06  1.1436057e-05 -0.00010632928 -2.4905234e-05 -3.0481741e-05 -4.0283484e-06 -2.2242421e-05
   0.0011047751  -0.0002454243              0 -6.7875242e-06  7.8081138e-05  7.3707193e-05 -0.00010632928   0.0019404627  0.00018698799  0.00022382177  2.0121568e-05  0.00016649998
    0.013020543  -0.0015228523              0 -5.8245794e-06  0.00049967489  0.00047391045 -2.4905234e-05  0.00018698799   0.0016223574   0.0019897042  0.00040107718   0.0014260234
    0.016079679  -0.0018793812              0 -7.2754299e-06  0.00061475625  0.00058336799 -3.0481741e-05  0.00022382177   0.0019897042   0.0024667407  0.00049407428    0.001759913
   0.0032626119  -0.0003745537              0 -6.8980852e-07  0.00012260775  0.00011637907 -4.0283484e-06  2.0121568e-05  0.00040107718  0.00049407428  0.00011572667  0.00035364626
    0.011506573  -0.0013490328              0 -4.7825523e-06  0.00044134066  0.00041877344 -2.2242421e-05  0.00016649998   0.0014260234    0.001759913  0.00035364626   0.0012734649


# ext. ||   Name    ||   type  ||     Value     ||  Error +/- 

   0   ||Natural mortality || limited ||    0.04169981865853 ||0.005642602686815
   1   ||Targeted q || limited ||      3.655582645546 ||0.5049947253968
   2   ||Nontargeted q || limited ||                   2 ||22.06548931833
   3   ||     sigma || limited ||      4.347320751183 ||0.2062009175979
   4   ||  Biomass1 || limited ||        3.6072494947 ||0.549750031269
   5   ||  Biomass2 || limited ||      3.500582387341 ||0.5104333527185
   6   ||   vm_mean || limited ||     0.6022521341938 ||0.007372964401127
   7   ||  vm_sigma || limited ||      16.73004228999 ||1.013215292791
   8   ||Recruit year 1 || limited ||      3.784978677374 ||0.5427230218379
   9   ||Recruit year 2 || limited ||      6.351202148578 ||0.8556464986392
  10   ||Recruit year 3 || limited ||     0.3549347954803 ||0.04459579810813
  11   ||Recruit year 4 || limited ||      3.942752436072 ||0.4903947011061





