# Minimum negative log likelihood

Minuit did successfully converge.
# of function calls: 1928
minimum function Value: 593.3095811081
minimum edm: 3.875511788509e-05
minimum internal state vector: LAVector parameters:
     -2.986238537217
     -1.339659417602
     -1.287002217587
     -1.158345639302
     -1.324114949965
      -1.32835254664
    -0.2144050656232
     -1.282547249724
     -1.193139252479
     -1.143995564168
    -0.9960859670618
    0.02991023895132
    0.02030624553385
    0.07026287507271
     0.1127830647381

minimum internal covariance matrix: LASymMatrix parameters:
    0.018992122   0.0024042947              0  2.6344406e-05  -0.0026171392  -0.0025507558    0.008078808  -0.0039347032  -0.0049821214  -0.0055318386  -0.0073188219 -0.00023912524  -0.0001853022 -0.00015219373 -0.00012895335
   0.0024042947  0.00034321452              0  6.8599816e-06 -0.00037368232 -0.00036352142  0.00071429175 -0.00052070982 -0.00067248547 -0.00074596428  -0.0010086094 -2.8934713e-05  -2.131315e-05 -1.6082023e-05 -1.5569391e-05
              0              0              2              0              0              0              0              0              0              0              0              0              0              0              0
  2.6344406e-05  6.8599816e-06              0  0.00020759473 -6.9541508e-06 -6.7782237e-06 -9.7751746e-05 -8.4274151e-06 -1.0710348e-05 -1.2041969e-05 -2.2050479e-05 -5.7805037e-07  5.3250572e-07  1.0366755e-06 -1.5240364e-06
  -0.0026171392 -0.00037368232              0 -6.9541508e-06  0.00042371488  0.00041036961 -0.00077902088  0.00057279477  0.00073256837  0.00081160121   0.0010973252  2.9604029e-05   2.348117e-05  1.7540514e-05   1.690154e-05
  -0.0025507558 -0.00036352142              0 -6.7782237e-06  0.00041036961  0.00039770885 -0.00076353143  0.00055663815  0.00071324109  0.00079026804   0.0010681507  2.9343519e-05  2.2893691e-05  1.7141893e-05  1.6490549e-05
    0.008078808  0.00071429175              0 -9.7751746e-05 -0.00077902088 -0.00076353143    0.025257211  -0.0015047919  -0.0017817381  -0.0019586637  -0.0025105109  -7.775288e-05 -0.00018112264 -0.00017269954 -0.00017162248
  -0.0039347032 -0.00052070982              0 -8.4274151e-06  0.00057279477  0.00055663815  -0.0015047919  0.00085447438   0.0010556454   0.0011716407   0.0015656925  4.1938174e-05  3.8790097e-05  2.9665972e-05  2.6867202e-05
  -0.0049821214 -0.00067248547              0 -1.0710348e-05  0.00073256837  0.00071324109  -0.0017817381   0.0010556454   0.0013676962   0.0015018205   0.0020091678  6.0608452e-05  4.5835757e-05  3.6949175e-05  3.3006402e-05
  -0.0055318386 -0.00074596428              0 -1.2041969e-05  0.00081160121  0.00079026804  -0.0019586637   0.0011716407   0.0015018205   0.0016781274   0.0022266682  6.8572651e-05  5.0910462e-05  3.9581312e-05  3.6604146e-05
  -0.0073188219  -0.0010086094              0 -2.2050479e-05   0.0010973252   0.0010681507  -0.0025105109   0.0015656925   0.0020091678   0.0022266682   0.0030377133  8.9108373e-05  6.7905072e-05  5.1379706e-05  5.1340803e-05
 -0.00023912524 -2.8934713e-05              0 -5.7805037e-07  2.9604029e-05  2.9343519e-05  -7.775288e-05  4.1938174e-05  6.0608452e-05  6.8572651e-05  8.9108373e-05  2.1977792e-05  2.4674756e-06  1.7825784e-06  1.3928662e-06
  -0.0001853022  -2.131315e-05              0  5.3250572e-07   2.348117e-05  2.2893691e-05 -0.00018112264  3.8790097e-05  4.5835757e-05  5.0910462e-05  6.7905072e-05  2.4674756e-06  5.8573327e-06  2.1981986e-06  1.7284816e-06
 -0.00015219373 -1.6082023e-05              0  1.0366755e-06  1.7540514e-05  1.7141893e-05 -0.00017269954  2.9665972e-05  3.6949175e-05  3.9581312e-05  5.1379706e-05  1.7825784e-06  2.1981986e-06  6.6802739e-06  1.7768709e-06
 -0.00012895335 -1.5569391e-05              0 -1.5240364e-06   1.690154e-05  1.6490549e-05 -0.00017162248  2.6867202e-05  3.3006402e-05  3.6604146e-05  5.1340803e-05  1.3928662e-06  1.7284816e-06  1.7768709e-06   6.003764e-06


# ext. ||   Name    ||   type  ||     Value     ||  Error +/- 

   0   ||Natural mortality || limited ||    0.04113175098339 ||0.002403046372427
   1   ||Targeted q || limited ||      1.329671197171 ||0.1500447581908
   2   ||Nontargeted q || limited ||                   2 ||22.06548931833
   3   ||     sigma || limited ||      4.192939857625 ||0.2041943507776
   4   ||  Biomass1 || limited ||      15.13593736103 ||1.777048714157
   5   ||  Biomass2 || limited ||      14.62290898729 ||1.692666337543
   6   ||  vm_sigma || limited ||      31.48996023364 ||4.382866058424
   7   ||Recruit year 1 || limited ||      2.072639380146 ||0.2937428316781
   8   ||Recruit year 2 || limited ||      3.533091404749 ||0.4820382042638
   9   ||Recruit year 3 || limited ||      4.494813255419 ||0.5994078027418
  10   ||Recruit year 4 || limited ||      8.041707565326 ||1.05888266869
  11   ||Mean Rec dist 1 || limited ||     0.2990577942254 ||0.03313461577451
  12   ||Mean Rec dist 2 || limited ||     0.2030485003753 ||0.01710981012268
  13   ||Mean Rec dist 3 || limited ||      0.702050762096 ||0.01823093671285
  14   ||Mean Rec dist 4 || limited ||      1.125441162928 ||0.01721585513422





