# Minimum negative log likelihood

Minuit did successfully converge.
# of function calls: 620
minimum function Value: 146.2604637418
minimum edm: 1.91133090559e-05
minimum internal state vector: LAVector parameters:
      -1.08853228246
     -1.287002217587
     -1.115451597664
     -1.549608211918
     -1.518255556289
    -0.6430636977135
   -0.04986715363437
      -1.21282714071
     -1.019199967657
     -1.470065654006
    -0.9740848088391

minimum internal covariance matrix: LASymMatrix parameters:
   1.254884e-05              0  2.6645365e-06 -3.7577335e-06 -3.1774039e-06  1.8104783e-05  -0.0003702096 -7.4762972e-08 -7.8241798e-06  6.6563371e-07   3.017091e-06
              0              2              0              0              0              0              0              0              0              0              0
  2.6645365e-06              0   0.0012731195 -1.3507185e-05  1.6951512e-05 -5.6261268e-06 -4.4356026e-05 -3.0356759e-05 -2.8662336e-05 -6.4925647e-06  2.8672367e-05
 -3.7577335e-06              0 -1.3507185e-05  4.4491162e-05  1.6186602e-06  3.9572507e-07 -2.8853791e-05  1.2596087e-05  9.2642273e-06 -7.9655245e-07 -8.4638781e-06
 -3.1774039e-06              0  1.6951512e-05  1.6186602e-06  3.9597712e-05 -2.4324216e-06  3.7276011e-05 -5.3680494e-05  4.1251778e-06 -2.6755875e-07 -4.2681247e-06
  1.8104783e-05              0 -5.6261268e-06  3.9572507e-07 -2.4324216e-06  9.1282524e-05  -0.0018440259 -7.5928856e-06 -2.3849109e-06 -9.4895785e-07 -4.4183191e-06
  -0.0003702096              0 -4.4356026e-05 -2.8853791e-05  3.7276011e-05  -0.0018440259    0.045243433 -0.00015546977   2.465116e-05  5.9432233e-06  9.7960788e-05
 -7.4762972e-08              0 -3.0356759e-05  1.2596087e-05 -5.3680494e-05 -7.5928856e-06 -0.00015546977  0.00011032259  1.3017925e-06  2.1494649e-06    1.71886e-06
 -7.8241798e-06              0 -2.8662336e-05  9.2642273e-06  4.1251778e-06 -2.3849109e-06   2.465116e-05  1.3017925e-06  3.2628522e-05  3.5238343e-07 -1.6749746e-05
  6.6563371e-07              0 -6.4925647e-06 -7.9655245e-07 -2.6755875e-07 -9.4895785e-07  5.9432233e-06  2.1494649e-06  3.5238343e-07  1.5482689e-05  1.3594377e-08
   3.017091e-06              0  2.8672367e-05 -8.4638781e-06 -4.2681247e-06 -4.4183191e-06  9.7960788e-05    1.71886e-06 -1.6749746e-05  1.3594377e-08  2.9425713e-05


# ext. ||   Name    ||   type  ||     Value     ||  Error +/- 

   0   ||Targeted q || limited ||      5.702641908759 ||0.05808635800677
   1   ||Nontargeted q || limited ||                   2 ||22.06548931833
   2   ||     sigma || limited ||      5.094526032695 ||0.5547164331711
   3   ||  Biomass1 || limited ||     0.1122298542472 ||0.04996318237405
   4   ||  Biomass2 || limited ||      0.689974394683 ||0.1168382989983
   5   ||   vm_mean || limited ||     -1.883856077918 ||0.01698469632323
   6   ||  vm_sigma || limited ||      38.00666538373 ||5.986024335609
   7   ||Recruit year 1 || limited ||      3.179168217158 ||0.1300978977574
   8   ||Recruit year 2 || limited ||      7.424806464731 ||0.105822921227
   9   ||Recruit year 3 || limited ||     0.2634269489784 ||0.01398818133502
  10   ||Recruit year 4 || limited ||      8.649737661556 ||0.1077587660918





