# Minimum negative log likelihood

Minuit did successfully converge.
# of function calls: 737
minimum function Value: 460.1323112551
minimum edm: 3.538461304174e-05
minimum internal state vector: LAVector parameters:
     0.6434889517402
     -1.075950443727
     -1.287002217587
     -1.272330593102
     -1.534774765862
     -1.537051988282
    -0.1369836018191
    -0.5226940468907
    -0.8994968932857
         -1.23474323
     -1.338454612521
     -1.315174723028

minimum internal covariance matrix: LASymMatrix parameters:
    0.048668477  -0.0039766311              0 -0.00015481677  0.00028020552  0.00026297451  3.1164484e-05 -0.00022089094   0.0055785628   0.0024673309   0.0016629835    0.001974248
  -0.0039766311  0.00033056953              0  1.1032126e-05 -2.3005875e-05 -2.1624301e-05 -7.4382531e-07 -2.0917635e-06 -0.00045861315 -0.00020265869 -0.00013668396  -0.0001623942
              0              0              2              0              0              0              0              0              0              0              0              0
 -0.00015481677  1.1032126e-05              0  0.00011960724  6.8766187e-07  4.1615508e-07 -7.6899269e-07  7.8487785e-06 -1.6094012e-05 -6.5565701e-06 -4.7125777e-06 -5.5422872e-06
  0.00028020552 -2.3005875e-05              0  6.8766187e-07  3.5732835e-06  3.0677554e-06  7.3595555e-08 -6.8710785e-07  3.2318103e-05  1.4310496e-05  9.6271561e-06  1.1398971e-05
  0.00026297451 -2.1624301e-05              0  4.1615508e-07  3.0677554e-06  2.6843057e-06  7.0753969e-08 -2.6429543e-07  3.0312713e-05   1.342529e-05  9.0339929e-06   1.070226e-05
  3.1164484e-05 -7.4382531e-07              0 -7.6899269e-07  7.3595555e-08  7.0753969e-08  1.5069638e-06 -1.5118614e-05  2.6591054e-06  1.2258012e-06  7.9640864e-07  9.1314113e-07
 -0.00022089094 -2.0917635e-06              0  7.8487785e-06 -6.8710785e-07 -2.6429543e-07 -1.5118614e-05  0.00029738411 -1.4597833e-05 -7.3079564e-06 -4.4650315e-06 -4.9168528e-06
   0.0055785628 -0.00045861315              0 -1.6094012e-05  3.2318103e-05  3.0312713e-05  2.6591054e-06 -1.4597833e-05  0.00064383251  0.00028340256  0.00019107526  0.00022685179
   0.0024673309 -0.00020265869              0 -6.5565701e-06  1.4310496e-05   1.342529e-05  1.2258012e-06 -7.3079564e-06  0.00028340256  0.00012792205  8.4475873e-05  0.00010030916
   0.0016629835 -0.00013668396              0 -4.7125777e-06  9.6271561e-06  9.0339929e-06  7.9640864e-07 -4.4650315e-06  0.00019107526  8.4475873e-05  5.9460701e-05  6.7605494e-05
    0.001974248  -0.0001623942              0 -5.5422872e-06  1.1398971e-05   1.070226e-05  9.1314113e-07 -4.9168528e-06  0.00022685179  0.00010030916  6.7605494e-05  8.2966536e-05


# ext. ||   Name    ||   type  ||     Value     ||  Error +/- 

   0   ||Natural mortality || limited ||    0.05999975685783 ||0.003107277437342
   1   ||Targeted q || limited ||      5.997904509691 ||0.3052621718595
   2   ||Nontargeted q || limited ||                   2 ||22.06548931833
   3   ||     sigma || limited ||      2.210561438706 ||0.113699010828
   4   ||  Biomass1 || limited ||     0.3243531386168 ||0.02406895397464
   5   ||  Biomass2 || limited ||     0.2846430840921 ||0.01954291711145
   6   ||   vm_mean || limited ||    -0.4290020654216 ||0.002701461390856
   7   ||  vm_sigma || limited ||      20.03209851098 ||0.4226150189361
   8   ||Recruit year 1 || limited ||       10.8582113526 ||0.5579148153471
   9   ||Recruit year 2 || limited ||      2.806542304995 ||0.1318506550257
  10   ||Recruit year 3 || limited ||      1.353372266214 ||0.06276783874847
  11   ||Recruit year 4 || limited ||      1.634521928854 ||0.0814174733123





