# Minimum negative log likelihood

Minuit did successfully converge.
# of function calls: 998
minimum function Value: 464.7338858344
minimum edm: 4.411787225357e-05
minimum internal state vector: LAVector parameters:
    -0.5263071293047
     -1.029392816844
     -1.287002217587
     -1.269002842836
      -1.49647553141
     -1.500406128859
     0.4081710328616
      2.556152516731
    -0.9665228005835
     -1.405173092498
     -1.005463740921
     -1.173204625931

minimum internal covariance matrix: LASymMatrix parameters:
    0.001713158 -0.00017475385              0  5.4555111e-05  2.6599771e-05   2.464902e-05  4.3657742e-05   0.0018010686  0.00039765221  0.00010907798  0.00036111441  0.00024596679
 -0.00017475385   1.912517e-05              0 -3.7790335e-06 -2.7971268e-06 -2.5539405e-06 -3.9798121e-06  -0.0001605745 -4.0257825e-05 -1.1101983e-05 -3.7284634e-05 -2.5886439e-05
              0              0              2              0              0              0              0              0              0              0              0              0
  5.4555111e-05 -3.7790335e-06              0  0.00013197164  2.0403694e-06  1.9567837e-06  2.7788885e-06  0.00014031084  1.6188983e-05  3.0468293e-06  9.6925612e-06  5.7817556e-06
  2.6599771e-05 -2.7971268e-06              0  2.0403694e-06  1.9984899e-06  1.6704864e-06  6.2954303e-07  3.0053628e-05  6.4434212e-06  1.6424887e-06  5.5938174e-06  3.6177829e-06
   2.464902e-05 -2.5539405e-06              0  1.9567837e-06  1.6704864e-06  1.4183016e-06  6.1738368e-07  2.8715407e-05  5.9872746e-06  1.5221808e-06  5.1238306e-06  3.3317959e-06
  4.3657742e-05 -3.9798121e-06              0  2.7788885e-06  6.2954303e-07  6.1738368e-07  2.2492163e-06   9.924921e-05  1.0390295e-05  2.7880434e-06  8.8386398e-06  6.0781056e-06
   0.0018010686  -0.0001605745              0  0.00014031084  3.0053628e-05  2.8715407e-05   9.924921e-05   0.0077172845  0.00043090266  0.00011606997  0.00036254589  0.00024424841
  0.00039765221 -4.0257825e-05              0  1.6188983e-05  6.4434212e-06  5.9872746e-06  1.0390295e-05  0.00043090266  9.4753727e-05  2.5236647e-05  8.3317993e-05  5.6520533e-05
  0.00010907798 -1.1101983e-05              0  3.0468293e-06  1.6424887e-06  1.5221808e-06  2.7880434e-06  0.00011606997  2.5236647e-05  8.5873555e-06  2.3066673e-05   1.577641e-05
  0.00036111441 -3.7284634e-05              0  9.6925612e-06  5.5938174e-06  5.1238306e-06  8.8386398e-06  0.00036254589  8.3317993e-05  2.3066673e-05  7.8625076e-05  5.2380198e-05
  0.00024596679 -2.5886439e-05              0  5.7817556e-06  3.6177829e-06  3.3317959e-06  6.0781056e-06  0.00024424841  5.6520533e-05   1.577641e-05  5.2380198e-05  3.9439172e-05


# ext. ||   Name    ||   type  ||     Value     ||  Error +/- 

   0   ||Natural mortality || limited ||    0.02488281667745 ||0.001265147396447
   1   ||Targeted q || limited ||        7.1506879077 ||0.07968016442511
   2   ||Nontargeted q || limited ||                   2 ||22.06548931833
   3   ||     sigma || limited ||       2.25975289002 ||0.1207223600663
   4   ||  Biomass1 || limited ||      1.380259649857 ||0.03711217242258
   5   ||  Biomass2 || limited ||      1.238183620748 ||0.02961370508914
   6   ||   vm_mean || limited ||      1.246996388122 ||0.003057886234282
   7   ||  vm_sigma || limited ||      62.10287476689 ||2.069578565751
   8   ||Recruit year 1 || limited ||      8.863361010715 ||0.1955151048978
   9   ||Recruit year 2 || limited ||     0.6941417742719 ||0.01707949009009
  10   ||Recruit year 3 || limited ||      7.788697953508 ||0.1679222432006
  11   ||Recruit year 4 || limited ||      3.909802084687 ||0.08596235388053





