# Minimum negative log likelihood

Minuit did successfully converge.
# of function calls: 636
minimum function Value: 599.06006089
minimum edm: 3.917214591958e-05
minimum internal state vector: LAVector parameters:
    0.04806119094834
      -1.17199042713
     -1.287002217587
     -1.152487461218
     -1.465558883351
     -1.470291123512
    -0.7917279473999
     -1.367387296805
     -1.253749131771
    -0.9522006241387
     -1.105715548284
     0.1140688854069
    0.05536377512668
     0.0763103819672
    0.08041219914565

minimum internal covariance matrix: LASymMatrix parameters:
   0.0069738583 -0.00042040851              0 -4.0361083e-05 -5.8356894e-05 -3.7391176e-05  -0.0011445501  0.00038750473  0.00063177133   0.0012732762  0.00088767568  9.6622162e-05  8.0917394e-05  8.5335702e-05  7.1395305e-05
 -0.00042040851  3.7977331e-05              0  5.2490955e-06    3.82277e-06   2.299289e-06  3.5232089e-05 -2.5494657e-05 -4.1690261e-05 -8.4463742e-05 -6.3234315e-05  -4.380383e-06 -3.1628756e-06 -3.2733488e-06 -3.8263043e-06
              0              0              2              0              0              0              0              0              0              0              0              0              0              0              0
 -4.0361083e-05  5.2490955e-06              0  0.00020482593  2.0914435e-07 -1.8003899e-09 -1.5430248e-05 -4.0177246e-06 -4.6122716e-06 -1.0161481e-05 -8.3971779e-06  3.2693671e-07 -3.8286026e-08  4.2591085e-07 -3.4438455e-07
 -5.8356894e-05    3.82277e-06              0  2.0914435e-07  7.1927264e-07  4.7888214e-07  8.4547058e-06 -3.3067148e-06 -5.7065482e-06 -1.0807351e-05 -7.6835836e-06 -6.3591863e-07 -6.8818369e-07 -6.8111012e-07 -5.1885338e-07
 -3.7391176e-05   2.299289e-06              0 -1.8003899e-09  4.7888214e-07   3.644031e-07  5.8115691e-06 -2.1589303e-06 -3.6828117e-06 -6.8324205e-06 -4.8168666e-06  -3.157109e-07 -4.7783645e-07 -4.6382039e-07 -3.3013086e-07
  -0.0011445501  3.5232089e-05              0 -1.5430248e-05  8.4547058e-06  5.8115691e-06  0.00081571371 -5.6590446e-05 -9.0366442e-05 -0.00018337419 -0.00012873889 -2.9430773e-05 -2.9437431e-05 -3.2388457e-05 -2.5099376e-05
  0.00038750473 -2.5494657e-05              0 -4.0177246e-06 -3.3067148e-06 -2.1589303e-06 -5.6590446e-05  3.2458457e-05  3.5405617e-05  7.1796414e-05  5.0830537e-05  2.9111643e-06  4.3169795e-06  4.3724672e-06  3.7790153e-06
  0.00063177133 -4.1690261e-05              0 -4.6122716e-06 -5.7065482e-06 -3.6828117e-06 -9.0366442e-05  3.5405617e-05  6.9136542e-05  0.00011737513   8.319504e-05  8.2255795e-06  6.4489327e-06  7.1602476e-06  6.2162106e-06
   0.0012732762 -8.4463742e-05              0 -1.0161481e-05 -1.0807351e-05 -6.8324205e-06 -0.00018337419  7.1796414e-05  0.00011737513  0.00024853491  0.00016773992  1.6730009e-05  1.3518323e-05  1.4052176e-05  1.2736736e-05
  0.00088767568 -6.3234315e-05              0 -8.3971779e-06 -7.6835836e-06 -4.8168666e-06 -0.00012873889  5.0830537e-05   8.319504e-05  0.00016773992   0.0001425309  1.1474946e-05  9.1703164e-06  9.6193609e-06  1.0116876e-05
  9.6622162e-05  -4.380383e-06              0  3.2693671e-07 -6.3591863e-07  -3.157109e-07 -2.9430773e-05  2.9111643e-06  8.2255795e-06  1.6730009e-05  1.1474946e-05  1.6384269e-05  1.6727711e-06  1.6421343e-06  1.2861334e-06
  8.0917394e-05 -3.1628756e-06              0 -3.8286026e-08 -6.8818369e-07 -4.7783645e-07 -2.9437431e-05  4.3169795e-06  6.4489327e-06  1.3518323e-05  9.1703164e-06  1.6727711e-06  4.1884572e-06  1.5365134e-06  1.1369299e-06
  8.5335702e-05 -3.2733488e-06              0  4.2591085e-07 -6.8111012e-07 -4.6382039e-07 -3.2388457e-05  4.3724672e-06  7.1602476e-06  1.4052176e-05  9.6193609e-06  1.6421343e-06  1.5365134e-06  2.5319178e-06   1.263941e-06
  7.1395305e-05 -3.8263043e-06              0 -3.4438455e-07 -5.1885338e-07 -3.3013086e-07 -2.5099376e-05  3.7790153e-06  6.2162106e-06  1.2736736e-05  1.0116876e-05  1.2861334e-06  1.1369299e-06   1.263941e-06  3.3071212e-06


# ext. ||   Name    ||   type  ||     Value     ||  Error +/- 

   0   ||Natural mortality || limited ||    0.04620106726258 ||0.00147369418672
   1   ||Targeted q || limited ||      3.923732909691 ||0.08460647954839
   2   ||Nontargeted q || limited ||                   2 ||22.06548931833
   3   ||     sigma || limited ||      4.311139398265 ||0.2055402044567
   4   ||  Biomass1 || limited ||      2.766175530431 ||0.03149706694869
   5   ||  Biomass2 || limited ||      2.523198933663 ||0.02141426493096
   6   ||  vm_sigma || limited ||      11.53811902387 ||0.5675412871797
   7   ||Recruit year 1 || limited ||      1.040716191215 ||0.04068605539219
   8   ||Recruit year 2 || limited ||      2.501744189556 ||0.09164029470208
   9   ||Recruit year 3 || limited ||      9.274393466891 ||0.3231790067737
  10   ||Recruit year 4 || limited ||      5.320201938488 ||0.1892860163583
  11   ||Mean Rec dist 1 || limited ||      1.138216744057 ||0.02843585835605
  12   ||Mean Rec dist 2 || limited ||     0.5533549643724 ||0.01444927190012
  13   ||Mean Rec dist 3 || limited ||     0.7623634081301 ||0.01121873725845
  14   ||Mean Rec dist 4 || limited ||     0.8032556798018 ||0.01281752947819





