# Minimum negative log likelihood

Minuit did successfully converge.
# of function calls: 1373
minimum function Value: 398.3556082582
minimum edm: 5.149969045076e-05
minimum internal state vector: LAVector parameters:
    -0.8045388133343
     -1.195432110695
     -1.287002217587
     -1.313782705734
     -1.512199072619
      -1.51409674519
     0.2421045972847
     -1.056581037005
     -1.056069309294
     -1.182020952901
       -1.2051931743
     0.1191656046491
     0.0215386701134
    0.03999773182598
    0.04653704872759

minimum internal covariance matrix: LASymMatrix parameters:
   0.0018876468 -0.00011901137              0  1.9696307e-05  1.8449707e-05  1.7583987e-05 -0.00065667765  0.00023551734  0.00024481817  0.00018516953  0.00017110231  7.0307059e-06  8.6683341e-06  8.6919829e-06  8.7382185e-06
 -0.00011901137  8.4952307e-06              0 -1.5059259e-06 -1.3850652e-06 -1.3093843e-06  2.1635006e-05 -1.5369547e-05   -1.56791e-05 -1.1844729e-05 -1.1460399e-05 -3.0413508e-07 -4.7895911e-07 -4.7513208e-07 -5.4116589e-07
              0              0              2              0              0              0              0              0              0              0              0              0              0              0              0
  1.9696307e-05 -1.5059259e-06              0  9.0039811e-05  1.4702364e-06  1.2887569e-06 -1.3340746e-05  2.9041355e-06  2.2243406e-06  2.5287943e-06   3.237366e-06  4.0184448e-08  1.4033305e-07  9.0684873e-08  2.4105589e-07
  1.8449707e-05 -1.3850652e-06              0  1.4702364e-06  1.4251115e-06  1.2443245e-06 -4.7837024e-06  2.4521706e-06  2.3696785e-06  1.9083274e-06  1.9480489e-06  3.3763982e-08  8.2535521e-08  7.2059722e-08  9.8219943e-08
  1.7583987e-05 -1.3093843e-06              0  1.2887569e-06  1.2443245e-06  1.0929152e-06 -4.3220447e-06  2.3285464e-06  2.2646347e-06  1.8107725e-06  1.8419262e-06   3.523068e-08  7.7995797e-08  6.8999264e-08  9.3446005e-08
 -0.00065667765  2.1635006e-05              0 -1.3340746e-05 -4.7837024e-06 -4.3220447e-06   0.0030698988 -7.0569064e-05 -7.9512541e-05 -6.3230754e-05 -4.6039644e-05 -1.2894556e-05 -8.9178879e-06 -9.4711913e-06 -6.9410239e-06
  0.00023551734 -1.5369547e-05              0  2.9041355e-06  2.4521706e-06  2.3285464e-06 -7.0569064e-05  3.0948347e-05   3.076538e-05  2.3311147e-05  2.1821036e-05  7.7446886e-07  1.0690566e-06   1.052004e-06  1.0946405e-06
  0.00024481817   -1.56791e-05              0  2.2243406e-06  2.3696785e-06  2.2646347e-06 -7.9512541e-05   3.076538e-05  3.3287989e-05   2.406129e-05  2.2427484e-05   8.680973e-07  1.0819001e-06  1.1414071e-06  1.1480553e-06
  0.00018516953 -1.1844729e-05              0  2.5287943e-06  1.9083274e-06  1.8107725e-06 -6.3230754e-05  2.3311147e-05   2.406129e-05  1.9506269e-05  1.6910032e-05  6.5710486e-07   8.389896e-07  7.9625431e-07  8.7067986e-07
  0.00017110231 -1.1460399e-05              0   3.237366e-06  1.9480489e-06  1.8419262e-06 -4.6039644e-05  2.1821036e-05  2.2427484e-05  1.6910032e-05  1.8807607e-05  5.8354699e-07  7.5733979e-07  7.4373241e-07  9.9558094e-07
  7.0307059e-06 -3.0413508e-07              0  4.0184448e-08  3.3763982e-08   3.523068e-08 -1.2894556e-05  7.7446886e-07   8.680973e-07  6.5710486e-07  5.8354699e-07  2.4962201e-07  6.1489206e-08  5.8877946e-08  6.0425778e-08
  8.6683341e-06 -4.7895911e-07              0  1.4033305e-07  8.2535521e-08  7.7995797e-08 -8.9178879e-06  1.0690566e-06  1.0819001e-06   8.389896e-07  7.5733979e-07  6.1489206e-08  1.4821419e-07  5.7023475e-08   5.411766e-08
  8.6919829e-06 -4.7513208e-07              0  9.0684873e-08  7.2059722e-08  6.8999264e-08 -9.4711913e-06   1.052004e-06  1.1414071e-06  7.9625431e-07  7.4373241e-07  5.8877946e-08  5.7023475e-08  2.5904016e-07  5.4131478e-08
  8.7382185e-06 -5.4116589e-07              0  2.4105589e-07  9.8219943e-08  9.3446005e-08 -6.9410239e-06  1.0946405e-06  1.1480553e-06  8.7067986e-07  9.9558094e-07  6.0425778e-08   5.411766e-08  5.4131478e-08  3.2051765e-07


# ext. ||   Name    ||   type  ||     Value     ||  Error +/- 

   0   ||Natural mortality || limited ||    0.02698722718267 ||0.0005325105393966
   1   ||Targeted q || limited ||      3.481292107709 ||0.03777880937398
   2   ||Nontargeted q || limited ||                   2 ||22.06548931833
   3   ||     sigma || limited ||      1.642329620618 ||0.08527727437226
   4   ||  Biomass1 || limited ||     0.8581639550312 ||0.02471770148282
   5   ||  Biomass2 || limited ||     0.8034953446944 ||0.02094572168976
   6   ||  vm_sigma || limited ||      49.59023507685 ||1.521024315854
   7   ||Recruit year 1 || limited ||        6.4754058231 ||0.0967304980762
   8   ||Recruit year 2 || limited ||      6.487994972541 ||0.1004110631811
   9   ||Recruit year 3 || limited ||       3.74092912717 ||0.0591835113841
  10   ||Recruit year 4 || limited ||      3.314254721168 ||0.05481117102051
  11   ||Mean Rec dist 1 || limited ||      1.188837708022 ||0.003507805588908
  12   ||Mean Rec dist 2 || limited ||     0.2153700480249 ||0.002721630392887
  13   ||Mean Rec dist 3 || limited ||      0.399870678268 ||0.003596011343546
  14   ||Mean Rec dist 4 || limited ||     0.4652025302269 ||0.003998899777245





