# Minimum negative log likelihood

Minuit did successfully converge.
# of function calls: 911
minimum function Value: 534.965917304
minimum edm: 3.182942779942e-05
minimum internal state vector: LAVector parameters:
      2.825106627421
    -0.9999530331636
     -1.287002217587
      -1.21292138118
     -1.520103090916
      -1.52515819739
    0.05351523817233
      3.245490960729
     -1.418297806836
     -1.096536083694
     -1.407356941277
     -1.211013129632

minimum internal covariance matrix: LASymMatrix parameters:
     0.04167272   0.0033104375              0 -0.00024778528 -0.00026123009 -0.00025481792  1.2847334e-05  0.00044201945 -0.00074800202  -0.0028614589 -0.00078419937   -0.001988327
   0.0033104375  0.00027663568              0 -2.1007291e-05 -2.2026204e-05 -2.1434517e-05  4.3688249e-06  9.2122428e-05 -5.9839298e-05 -0.00022997383 -6.2150201e-05 -0.00016032925
              0              0              2              0              0              0              0              0              0              0              0              0
 -0.00024778528 -2.1007291e-05              0  0.00018609953 -2.3763953e-07  1.9473818e-07 -1.3275703e-07 -8.7797207e-06  3.7892831e-06  1.7101414e-05  2.7988241e-06  1.4046552e-05
 -0.00026123009 -2.2026204e-05              0 -2.3763953e-07  4.6373881e-06  3.9118889e-06  -4.723151e-07 -8.7676139e-06  4.7606104e-06  1.8248265e-05   4.900727e-06     1.2725e-05
 -0.00025481792 -2.1434517e-05              0  1.9473818e-07  3.9118889e-06  3.3879691e-06 -4.1254788e-07 -8.6303078e-06  4.5757692e-06  1.7744491e-05  4.7822172e-06   1.236691e-05
  1.2847334e-05  4.3688249e-06              0 -1.3275703e-07  -4.723151e-07 -4.1254788e-07  2.6616552e-06  3.7571914e-05 -5.0854366e-07  -1.503491e-06 -2.1477669e-07 -1.3512415e-06
  0.00044201945  9.2122428e-05              0 -8.7797207e-06 -8.7676139e-06 -8.6303078e-06  3.7571914e-05   0.0017448025 -4.7675337e-06 -3.8460757e-05  -6.373787e-06 -3.4533787e-05
 -0.00074800202 -5.9839298e-05              0  3.7892831e-06  4.7606104e-06  4.5757692e-06 -5.0854366e-07 -4.7675337e-06   1.917421e-05  5.1497828e-05  1.4249987e-05  3.5416238e-05
  -0.0028614589 -0.00022997383              0  1.7101414e-05  1.8248265e-05  1.7744491e-05  -1.503491e-06 -3.8460757e-05  5.1497828e-05  0.00020227427  5.3433756e-05  0.00013724203
 -0.00078419937 -6.2150201e-05              0  2.7988241e-06   4.900727e-06  4.7822172e-06 -2.1477669e-07  -6.373787e-06  1.4249987e-05  5.3433756e-05  2.0018851e-05  3.6820304e-05
   -0.001988327 -0.00016032925              0  1.4046552e-05     1.2725e-05   1.236691e-05 -1.3512415e-06 -3.4533787e-05  3.5416238e-05  0.00013724203  3.6820304e-05  0.00010075424


# ext. ||   Name    ||   type  ||     Value     ||  Error +/- 

   0   ||Natural mortality || limited ||     0.0527807259232 ||0.003417577672531
   1   ||Targeted q || limited ||      7.927719620509 ||0.3177369197886
   2   ||Nontargeted q || limited ||                   2 ||22.06548931833
   3   ||     sigma || limited ||      3.167834408413 ||0.1689436842041
   4   ||  Biomass1 || limited ||     0.6423134716508 ||0.0385794071002
   5   ||  Biomass2 || limited ||     0.5206193406333 ||0.02968941693648
   6   ||   vm_mean || limited ||     0.1680428431801 ||0.003618999297634
   7   ||  vm_sigma || limited ||      35.85209265212 ||1.17490095118
   8   ||Recruit year 1 || limited ||     0.5902110772237 ||0.02351530559967
   9   ||Recruit year 2 || limited ||      5.527908277219 ||0.229607997952
  10   ||Recruit year 3 || limited ||     0.6762589379749 ||0.02573664370111
  11   ||Recruit year 4 || limited ||      3.211021079109 ||0.1249310101337





