# Minimum negative log likelihood

Minuit did successfully converge.
# of function calls: 1116
minimum function Value: 139.973300487
minimum edm: 2.104813724293e-05
minimum internal state vector: LAVector parameters:
    -0.8491879989462
     -1.074317142945
     -1.287002217587
     -1.144831098971
     -1.524500618507
     -1.524843060178
    -0.1782107961235
     0.6718368211989
     -1.174929151196
      -1.30527826109
     -1.349818064769
     -1.362642127078

minimum internal covariance matrix: LASymMatrix parameters:
     0.46560889   -0.023367572              0   0.0030275187   0.0022027392   0.0027831746  0.00023722448    -0.60820745    0.028687857    0.019242862    0.015548756    0.014591424
   -0.023367572    0.001181438              0  -0.0001489594 -0.00011278466 -0.00014038902 -9.8348677e-06    0.030295841  -0.0014393988 -0.00096456828 -0.00077840457 -0.00073068335
              0              0              2              0              0              0              0              0              0              0              0              0
   0.0030275187  -0.0001489594              0   0.0010317222  1.9446941e-05  2.4514189e-05  2.9915995e-06  -0.0039916318  0.00018650031  0.00013086819   0.0001044932   0.0001039562
   0.0022027392 -0.00011278466              0  1.9446941e-05  3.8546456e-05    1.39748e-05  9.1643803e-07  -0.0028016662   0.0001534952   9.219039e-05   7.367092e-05  6.8372959e-05
   0.0027831746 -0.00014038902              0  2.4514189e-05    1.39748e-05  4.1164449e-05  1.2310954e-06  -0.0037561133  0.00014561397  0.00011575413  9.2715533e-05  8.6759976e-05
  0.00023722448 -9.8348677e-06              0  2.9915995e-06  9.1643803e-07  1.2310954e-06     6.0945e-06 -0.00011507606  1.2072074e-05  1.1590667e-05  9.1790323e-06  8.3119901e-06
    -0.60820745    0.030295841              0  -0.0039916318  -0.0028016662  -0.0037561133 -0.00011507606      0.8425259   -0.037603527   -0.024984228    -0.02023873   -0.019023029
    0.028687857  -0.0014393988              0  0.00018650031   0.0001534952  0.00014561397  1.2072074e-05   -0.037603527   0.0018165002   0.0011848333  0.00095830947  0.00089927322
    0.019242862 -0.00096456828              0  0.00013086819   9.219039e-05  0.00011575413  1.1590667e-05   -0.024984228   0.0011848333   0.0008022792    0.000643034  0.00060330979
    0.015548756 -0.00077840457              0   0.0001044932   7.367092e-05  9.2715533e-05  9.1790323e-06    -0.02023873  0.00095830947    0.000643034  0.00052666508  0.00048736142
    0.014591424 -0.00073068335              0   0.0001039562  6.8372959e-05  8.6759976e-05  8.3119901e-06   -0.019023029  0.00089927322  0.00060330979  0.00048736142  0.00046494401


# ext. ||   Name    ||   type  ||     Value     ||  Error +/- 

   0   ||Natural mortality || limited ||    0.03738836242313 ||0.0459766324223
   1   ||Targeted q || limited ||      6.036745586672 ||0.5787995292371
   2   ||Nontargeted q || limited ||                   2 ||22.06548931833
   3   ||     sigma || limited ||      4.467983743319 ||0.4692014236503
   4   ||  Biomass1 || limited ||     0.5357274561664 ||0.1015854301591
   5   ||  Biomass2 || limited ||     0.5278327828813 ||0.1042025137823
   6   ||   vm_mean || limited ||     -1.772689908568 ||0.01717989911382
   7   ||  vm_sigma || limited ||      64.89717594379 ||18.92270585315
   8   ||Recruit year 1 || limited ||       3.87648725812 ||0.5809116576509
   9   ||Recruit year 2 || limited ||      1.761990525116 ||0.2627389049875
  10   ||Recruit year 3 || limited ||      1.225703585167 ||0.1778152578768
  11   ||Recruit year 4 || limited ||      1.089190880969 ||0.1575213816607





