# Minimum negative log likelihood

Minuit did successfully converge.
# of function calls: 1511
minimum function Value: 330.052204961
minimum edm: 4.736814454683e-05
minimum internal state vector: LAVector parameters:
    -0.7148164068836
     -1.011105124002
     -1.287002217587
     -1.352855387006
     -1.485069345664
      -1.49037620747
     0.7761078009544
        3.5636623331
     -1.319793423984
     -1.349976525125
     -1.032241600516
     -1.203237604334

minimum internal covariance matrix: LASymMatrix parameters:
   0.0017953949 -0.00043170639              0  1.0068424e-05  6.7431187e-05  6.1839194e-05  6.8351855e-05  0.00043487337  0.00027551724  0.00024167803  0.00059974975   0.0003961074
 -0.00043170639  0.00010492564              0 -2.2565845e-06 -1.6438801e-05 -1.5050983e-05 -1.5976388e-05  -9.748318e-05 -6.6335269e-05  -5.821603e-05 -0.00014435033 -9.5626913e-05
              0              0              2              0              0              0              0              0              0              0              0              0
  1.0068424e-05 -2.2565845e-06              0  7.8205257e-05 -4.6161952e-07 -2.7732111e-07  3.7190879e-07  -1.102138e-05  1.2435014e-06  1.6624555e-06  3.5805322e-06  2.6249925e-06
  6.7431187e-05 -1.6438801e-05              0 -4.6161952e-07  3.0795993e-06  2.7467774e-06   2.334164e-06  1.4451033e-05  1.0411037e-05  9.1247951e-06  2.2583791e-05   1.491516e-05
  6.1839194e-05 -1.5050983e-05              0 -2.7732111e-07  2.7467774e-06   2.464499e-06  2.1646012e-06   1.349758e-05  9.5377615e-06    8.36227e-06  2.0706519e-05  1.3675498e-05
  6.8351855e-05 -1.5976388e-05              0  3.7190879e-07   2.334164e-06  2.1646012e-06  5.0699476e-06  2.3516233e-05  1.0471008e-05  9.1153267e-06   2.256423e-05   1.522476e-05
  0.00043487337  -9.748318e-05              0  -1.102138e-05  1.4451033e-05   1.349758e-05  2.3516233e-05     0.00043174  6.5510914e-05  5.7243329e-05  0.00014569863  9.5814052e-05
  0.00027551724 -6.6335269e-05              0  1.2435014e-06  1.0411037e-05  9.5377615e-06  1.0471008e-05  6.5510914e-05  4.2975788e-05  3.7099471e-05  9.2058964e-05  6.0830673e-05
  0.00024167803  -5.821603e-05              0  1.6624555e-06  9.1247951e-06    8.36227e-06  9.1153267e-06  5.7243329e-05  3.7099471e-05  3.3174627e-05   8.074573e-05  5.3359932e-05
  0.00059974975 -0.00014435033              0  3.5805322e-06  2.2583791e-05  2.0706519e-05   2.256423e-05  0.00014569863  9.2058964e-05   8.074573e-05  0.00020112895  0.00013240326
   0.0003961074 -9.5626913e-05              0  2.6249925e-06   1.491516e-05  1.3675498e-05   1.522476e-05  9.5814052e-05  6.0830673e-05  5.3359932e-05  0.00013240326   8.887571e-05


# ext. ||   Name    ||   type  ||     Value     ||  Error +/- 

   0   ||Natural mortality || limited ||     0.0516781836409 ||0.003393603344567
   1   ||Targeted q || limited ||      7.629045028495 ||0.1922758880505
   2   ||Nontargeted q || limited ||                   2 ||22.06548931833
   3   ||     sigma || limited ||      1.182763591136 ||0.06760292273227
   4   ||  Biomass1 || limited ||      1.836153901247 ||0.05312359473239
   5   ||  Biomass2 || limited ||      1.615977685779 ||0.04458776719546
   6   ||   vm_mean || limited ||      2.200707903021 ||0.003569594867519
   7   ||  vm_sigma || limited ||      23.61472963085 ||0.536099803068
   8   ||Recruit year 1 || limited ||      1.576652701405 ||0.05756132780724
   9   ||Recruit year 2 || limited ||      1.223967770924 ||0.04459808301606
  10   ||Recruit year 3 || limited ||      7.086749626997 ||0.2571406625011
  11   ||Recruit year 4 || limited ||      3.349297531685 ||0.1197576849461





