# Minimum negative log likelihood

Minuit did successfully converge.
# of function calls: 1147
minimum function Value: 617.3912680384
minimum edm: 6.628866734071e-06
minimum internal state vector: LAVector parameters:
      3.286544239231
    -0.9897137968052
     -1.287002217587
     -1.133344123888
     -1.487475387738
     -1.496097294028
     0.1780797402498
    -0.9259876566984
     -1.112064427011
     -1.147186994835
     -1.073819564048
     -1.327842460962

minimum internal covariance matrix: LASymMatrix parameters:
     0.11195595   0.0082238326              0 -0.00026487982  -0.0011555388  -0.0011141019 -0.00043363063   0.0010648545  -0.0062926701  -0.0066612494  -0.0084949221  -0.0037495939
   0.0082238326   0.0006257877              0  -1.785096e-05 -8.6596363e-05 -8.3704157e-05 -2.2018422e-05  4.4071414e-05 -0.00046529528 -0.00049186779 -0.00062649837 -0.00027648475
              0              0              2              0              0              0              0              0              0              0              0              0
 -0.00026487982  -1.785096e-05              0  0.00026350291   4.164817e-06  3.4927014e-06  3.4699386e-06 -1.3937349e-05  1.5958225e-05  1.6260811e-05  1.9810876e-05  8.7472631e-06
  -0.0011555388 -8.6596363e-05              0   4.164817e-06  1.8728206e-05   1.678631e-05   3.752791e-06 -8.7566329e-06  6.4978497e-05  6.9319728e-05  8.8403731e-05  3.9125272e-05
  -0.0011141019 -8.3704157e-05              0  3.4927014e-06   1.678631e-05   1.529294e-05  3.5457806e-06 -7.7073048e-06  6.2635067e-05  6.6811385e-05   8.516787e-05  3.7662121e-05
 -0.00043363063 -2.2018422e-05              0  3.4699386e-06   3.752791e-06  3.5457806e-06  1.0529181e-05  -2.933789e-05  2.3123088e-05  2.4779141e-05  3.1929081e-05  1.4390252e-05
   0.0010648545  4.4071414e-05              0 -1.3937349e-05 -8.7566329e-06 -7.7073048e-06  -2.933789e-05  0.00019065825 -5.6861636e-05 -5.9177174e-05 -7.8254698e-05 -3.3668234e-05
  -0.0062926701 -0.00046529528              0  1.5958225e-05  6.4978497e-05  6.2635067e-05  2.3123088e-05 -5.6861636e-05  0.00036684373  0.00037375853  0.00047770657  0.00021269559
  -0.0066612494 -0.00049186779              0  1.6260811e-05  6.9319728e-05  6.6811385e-05  2.4779141e-05 -5.9177174e-05  0.00037375853   0.0004108834  0.00050453195  0.00022316897
  -0.0084949221 -0.00062649837              0  1.9810876e-05  8.8403731e-05   8.516787e-05  3.1929081e-05 -7.8254698e-05  0.00047770657  0.00050453195  0.00065908247   0.0002829936
  -0.0037495939 -0.00027648475              0  8.7472631e-06  3.9125272e-05  3.7662121e-05  1.4390252e-05 -3.3668234e-05  0.00021269559  0.00022316897   0.0002829936  0.00013781547


# ext. ||   Name    ||   type  ||     Value     ||  Error +/- 

   0   ||Natural mortality || limited ||    0.04138888691883 ||0.005798433012984
   1   ||Targeted q || limited ||      8.206554621439 ||0.485469703362
   2   ||Nontargeted q || limited ||                   2 ||22.06548931833
   3   ||     sigma || limited ||      4.708303355771 ||0.2431240496615
   4   ||  Biomass1 || limited ||      1.734590857334 ||0.1273368060123
   5   ||  Biomass2 || limited ||       1.39433783237 ||0.1031836683636
   6   ||   vm_mean || limited ||     0.5565017511404 ||0.007094288025115
   7   ||  vm_sigma || limited ||      8.032308425186 ||0.2347295931507
   8   ||Recruit year 1 || limited ||      5.178745693537 ||0.299818002788
   9   ||Recruit year 2 || limited ||       4.42899539889 ||0.2945467792124
  10   ||Recruit year 3 || limited ||      6.057996824953 ||0.4326798945961
  11   ||Recruit year 4 || limited ||      1.478273328452 ||0.09983859483513





