# Minimum negative log likelihood

Minuit did successfully converge.
# of function calls: 1119
minimum function Value: 535.7511527114
minimum edm: 9.203648255402e-05
minimum internal state vector: LAVector parameters:
     0.1048416381225
     -1.254188578774
     -1.287002217587
       -1.2122278586
      -1.37151851409
     -1.379125814863
     0.5370379848688
    -0.9905983008559
     -1.006007370091
     -1.001231908135
    -0.9736674899941
     -1.187009210157

minimum internal covariance matrix: LASymMatrix parameters:
    0.027190171  -0.0038570029              0  9.7386579e-05   0.0022546026   0.0022435712 -0.00013650424  0.00028352423   0.0065612712    0.007111265   0.0073318204     0.00462641
  -0.0038570029   0.0005656694              0 -1.0540583e-05 -0.00033105742 -0.00032906323  2.9243787e-05 -8.1478038e-05  -0.0009481225  -0.0010269792  -0.0010586427 -0.00066801871
              0              0              2              0              0              0              0              0              0              0              0              0
  9.7386579e-05 -1.0540583e-05              0  0.00015467223  7.5582561e-06  7.3413839e-06  1.3714865e-06 -9.9112685e-06  2.0634895e-05  2.2426478e-05  2.4496437e-05  1.4775264e-05
   0.0022546026 -0.00033105742              0  7.5582561e-06  0.00019808893  0.00019621392 -1.7710292e-05  4.7952782e-05  0.00055484825  0.00060064977  0.00061892663  0.00039038204
   0.0022435712 -0.00032906323              0  7.3413839e-06  0.00019621392  0.00019449577 -1.7348761e-05  4.7070067e-05  0.00055169745  0.00059735665  0.00061558387  0.00038830796
 -0.00013650424  2.9243787e-05              0  1.3714865e-06 -1.7710292e-05 -1.7348761e-05  1.2609746e-05 -3.1093398e-05 -4.1974739e-05 -4.5440049e-05 -4.6854551e-05 -2.8362962e-05
  0.00028352423 -8.1478038e-05              0 -9.9112685e-06  4.7952782e-05  4.7070067e-05 -3.1093398e-05  0.00020850441  0.00010561697  0.00011358182  0.00011721461  7.1730195e-05
   0.0065612712  -0.0009481225              0  2.0634895e-05  0.00055484825  0.00055169745 -4.1974739e-05  0.00010561697   0.0016053459   0.0017334437   0.0017871981   0.0011275216
    0.007111265  -0.0010269792              0  2.2426478e-05  0.00060064977  0.00059735665 -4.5440049e-05  0.00011358182   0.0017334437   0.0018840145    0.001936059   0.0012217425
   0.0073318204  -0.0010586427              0  2.4496437e-05  0.00061892663  0.00061558387 -4.6854551e-05  0.00011721461   0.0017871981    0.001936059   0.0020017985   0.0012594189
     0.00462641 -0.00066801871              0  1.4775264e-05  0.00039038204  0.00038830796 -2.8362962e-05  7.1730195e-05   0.0011275216   0.0012217425   0.0012594189  0.00080568166


# ext. ||   Name    ||   type  ||     Value     ||  Error +/- 

   0   ||Natural mortality || limited ||    0.04761624194515 ||0.002892379463988
   1   ||Targeted q || limited ||       2.48514782622 ||0.2617926023609
   2   ||Nontargeted q || limited ||                   2 ||22.06548931833
   3   ||     sigma || limited ||      3.179992184197 ||0.1543054112879
   4   ||  Biomass1 || limited ||       9.89510064178 ||0.9850508395599
   5   ||  Biomass2 || limited ||      9.156312984349 ||0.9392818515392
   6   ||   vm_mean || limited ||      1.607217419528 ||0.006777911585333
   7   ||  vm_sigma || limited ||      6.546753754633 ||0.2238826338166
   8   ||Recruit year 1 || limited ||      7.774144631258 ||0.7580264644574
   9   ||Recruit year 2 || limited ||      7.902413232823 ||0.8273475285702
  10   ||Recruit year 3 || limited ||      8.661465191176 ||0.8891900388564
  11   ||Recruit year 4 || limited ||      3.646973251808 ||0.3756992402221





