# Minimum negative log likelihood

Minuit did successfully converge.
# of function calls: 2448
minimum function Value: 379.7244617504
minimum edm: 2.837593569852e-05
minimum internal state vector: LAVector parameters:
      -2.34283958518
     -1.350275464757
     -1.287002217587
     -1.325082052385
     -1.305411256535
     -1.308767977181
     0.4229999990336
     -1.154483544751
     -1.092854529377
     -1.290111135255
     -1.049026146795
     0.1043731799779
    0.08461913340379
    0.02317083723229
    0.03544920143846

minimum internal covariance matrix: LASymMatrix parameters:
   0.0045707332  0.00041118562              0 -1.8412804e-05 -0.00050767037 -0.00049774247   0.0031788757   -0.001038302  -0.0011541072   -0.000727267  -0.0012251353 -1.9720933e-05 -2.4158731e-05  -4.068527e-05 -1.9158059e-05
  0.00041118562  4.0816307e-05              0 -1.3916078e-06 -5.0904588e-05 -4.9810075e-05  0.00021388739 -9.7774582e-05 -0.00010870566 -6.6421509e-05   -0.000118066 -1.3094461e-06 -1.9965914e-06 -3.8090116e-06 -1.5673045e-06
              0              0              2              0              0              0              0              0              0              0              0              0              0              0              0
 -1.8412804e-05 -1.3916078e-06              0  7.9981973e-05  2.3185267e-06  2.2256269e-06 -7.9356065e-05  3.9493856e-06  4.1857231e-06  2.4201438e-06   6.101698e-06  5.3517263e-07  2.5129251e-07  5.9493541e-07  1.9704226e-07
 -0.00050767037 -5.0904588e-05              0  2.3185267e-06  6.6148734e-05  6.4464212e-05 -0.00025665114  0.00012217227  0.00013483433  8.2054501e-05  0.00014676625  1.3926709e-06  2.4669485e-06  4.8045821e-06  1.8659473e-06
 -0.00049774247 -4.9810075e-05              0  2.2256269e-06  6.4464212e-05  6.2855306e-05 -0.00025349026  0.00011952606  0.00013206795  8.0432713e-05  0.00014370277   1.411611e-06  2.4219323e-06  4.6911096e-06  1.8382326e-06
   0.0031788757  0.00021388739              0 -7.9356065e-05 -0.00025665114 -0.00025349026    0.020229603  -0.0006406886 -0.00070916754 -0.00047536866 -0.00075502002 -3.5088397e-05 -3.9462163e-05 -3.2808816e-05 -4.8654825e-05
   -0.001038302 -9.7774582e-05              0  3.9493856e-06  0.00012217227  0.00011952606  -0.0006406886   0.0002440533  0.00026749187  0.00016629891  0.00028744731  3.4793176e-06    5.43329e-06  9.4502707e-06  4.1682283e-06
  -0.0011541072 -0.00010870566              0  4.1857231e-06  0.00013483433  0.00013206795 -0.00070916754  0.00026749187   0.0002997624  0.00018405246  0.00031932161   4.197273e-06  5.6822709e-06  1.0876703e-05  4.6039325e-06
   -0.000727267 -6.6421509e-05              0  2.4201438e-06  8.2054501e-05  8.0432713e-05 -0.00047536866  0.00016629891  0.00018405246  0.00011940014  0.00019680483  3.1157442e-06  3.6627484e-06  5.7657123e-06  3.0601063e-06
  -0.0012251353   -0.000118066              0   6.101698e-06  0.00014676625  0.00014370277 -0.00075502002  0.00028744731  0.00031932161  0.00019680483   0.0003515226   4.423807e-06  6.1242579e-06  1.1064177e-05  5.2701755e-06
 -1.9720933e-05 -1.3094461e-06              0  5.3517263e-07  1.3926709e-06   1.411611e-06 -3.5088397e-05  3.4793176e-06   4.197273e-06  3.1157442e-06   4.423807e-06  1.8295586e-06  1.5598562e-07  1.6959767e-07  1.7429096e-07
 -2.4158731e-05 -1.9965914e-06              0  2.5129251e-07  2.4669485e-06  2.4219323e-06 -3.9462163e-05    5.43329e-06  5.6822709e-06  3.6627484e-06  6.1242579e-06  1.5598562e-07  9.3550237e-07  3.1602033e-07  1.4874315e-07
  -4.068527e-05 -3.8090116e-06              0  5.9493541e-07  4.8045821e-06  4.6911096e-06 -3.2808816e-05  9.4502707e-06  1.0876703e-05  5.7657123e-06  1.1064177e-05  1.6959767e-07  3.1602033e-07  3.1247352e-06  1.3982537e-07
 -1.9158059e-05 -1.5673045e-06              0  1.9704226e-07  1.8659473e-06  1.8382326e-06 -4.8654825e-05  4.1682283e-06  4.6039325e-06  3.0601063e-06  5.2701755e-06  1.7429096e-07  1.4874315e-07  1.3982537e-07  4.7307705e-07


# ext. ||   Name    ||   type  ||     Value     ||  Error +/- 

   0   ||Natural mortality || limited ||    0.02708783030417 ||0.0008334113209755
   1   ||Targeted q || limited ||      1.210817528482 ||0.0494076760511
   2   ||Nontargeted q || limited ||                   2 ||22.06548931833
   3   ||     sigma || limited ||      1.501808713227 ||0.07691297359075
   4   ||  Biomass1 || limited ||      17.50421206886 ||0.7541886776289
   5   ||  Biomass2 || limited ||      17.06672935361 ||0.7260906893407
   6   ||  vm_sigma || limited ||      56.42020994985 ||3.662096350937
   7   ||Recruit year 1 || limited ||      4.280261351575 ||0.223329704545
   8   ||Recruit year 2 || limited ||      5.612265794512 ||0.2815155368692
   9   ||Recruit year 3 || limited ||      1.966511520702 ||0.107006839057
  10   ||Recruit year 4 || limited ||      6.662422032097 ||0.3303444882399
  11   ||Mean Rec dist 1 || limited ||        1.0418378043 ||0.009512359230887
  12   ||Mean Rec dist 2 || limited ||     0.8451818511016 ||0.006814762010198
  13   ||Mean Rec dist 3 || limited ||      0.231687639317 ||0.01249611197341
  14   ||Mean Rec dist 4 || limited ||     0.3544177738944 ||0.00486046692262





