# Minimum negative log likelihood

Minuit did successfully converge.
# of function calls: 1159
minimum function Value: 512.6091154329
minimum edm: 2.148330478746e-05
minimum internal state vector: LAVector parameters:
    0.06820474619144
     -1.278050782891
     -1.287002217587
     -1.231831062701
     -1.456184139942
     -1.459944738191
    -0.0562290275862
     -1.078062653658
      -1.40602708461
     -1.304089592795
     -1.315629523707
    0.06078200101919
     0.1055720569066
    0.01942558134846
    0.08114122046143

minimum internal covariance matrix: LASymMatrix parameters:
    0.011381724  -0.0012288784              0  4.0508985e-06  0.00050824923  0.00048329398  -0.0056231709   0.0027599184  0.00093427508   0.0014613964   0.0013962053  8.4778112e-05  6.4451496e-05  7.5147006e-05  7.8549572e-05
  -0.0012288784  0.00015081047              0 -3.3316981e-06  -6.152131e-05 -5.8495863e-05  0.00050232885 -0.00031548562 -0.00010304887 -0.00016572085 -0.00016327536 -7.4889357e-06 -8.5945911e-06 -7.2095628e-06  -7.666592e-06
              0              0              2              0              0              0              0              0              0              0              0              0              0              0              0
  4.0508985e-06 -3.3316981e-06              0  0.00015404291 -3.6036988e-07 -3.1963429e-07 -5.1655563e-05  2.6098435e-06  3.9104072e-07  1.4743002e-07  2.2187168e-06  6.3679994e-07  8.8234936e-07   5.951883e-07 -1.0433963e-06
  0.00050824923  -6.152131e-05              0 -3.6036988e-07  3.0720743e-05  2.8695002e-05 -0.00021085024  0.00013035595  4.2356035e-05  6.8472141e-05  6.7593552e-05  2.7971869e-06   3.502806e-06  3.2588206e-06  3.3851361e-06
  0.00048329398 -5.8495863e-05              0 -3.1963429e-07  2.8695002e-05  2.6866623e-05 -0.00019953332   0.0001238452  4.0286772e-05  6.5082612e-05  6.4220148e-05  2.7055195e-06  3.3246126e-06  3.0672369e-06   3.208002e-06
  -0.0056231709  0.00050232885              0 -5.1655563e-05 -0.00021085024 -0.00019953332    0.011927244  -0.0012618277 -0.00044716411 -0.00067756812 -0.00062720915 -9.9579909e-05 -5.2168087e-05 -6.2303003e-05 -7.2673198e-05
   0.0027599184 -0.00031548562              0  2.6098435e-06  0.00013035595   0.0001238452  -0.0012618277   0.0006928231  0.00022828879  0.00036210862  0.00035065615  1.8606391e-05   1.768549e-05   1.732834e-05  1.8488919e-05
  0.00093427508 -0.00010304887              0  3.9104072e-07  4.2356035e-05  4.0286772e-05 -0.00044716411  0.00022828879  8.4345129e-05  0.00012058673  0.00011614103  6.7747136e-06  2.4279865e-06  6.1739056e-06  6.3087989e-06
   0.0014613964 -0.00016572085              0  1.4743002e-07  6.8472141e-05  6.5082612e-05 -0.00067756812  0.00036210862  0.00012058673  0.00019763751  0.00018501166  1.0109206e-05  8.4848611e-06  9.2055835e-06   9.929946e-06
   0.0013962053 -0.00016327536              0  2.2187168e-06  6.7593552e-05  6.4220148e-05 -0.00062720915  0.00035065615  0.00011614103  0.00018501166  0.00019492805  8.9529422e-06  8.7872114e-06  8.9152792e-06  1.0248553e-05
  8.4778112e-05 -7.4889357e-06              0  6.3679994e-07  2.7971869e-06  2.7055195e-06 -9.9579909e-05  1.8606391e-05  6.7747136e-06  1.0109206e-05  8.9529422e-06  1.9815543e-06  5.2545362e-07  5.3529601e-07  5.9565346e-07
  6.4451496e-05 -8.5945911e-06              0  8.8234936e-07   3.502806e-06  3.3246126e-06 -5.2168087e-05   1.768549e-05  2.4279865e-06  8.4848611e-06  8.7872114e-06  5.2545362e-07  2.1662728e-05  4.5041625e-07  3.8711108e-07
  7.5147006e-05 -7.2095628e-06              0   5.951883e-07  3.2588206e-06  3.0672369e-06 -6.2303003e-05   1.732834e-05  6.1739056e-06  9.2055835e-06  8.9152792e-06  5.3529601e-07  4.5041625e-07  2.3310704e-06  7.7282912e-07
  7.8549572e-05  -7.666592e-06              0 -1.0433963e-06  3.3851361e-06   3.208002e-06 -7.2673198e-05  1.8488919e-05  6.3087989e-06   9.929946e-06  1.0248553e-05  5.9565346e-07  3.8711108e-07  7.7282912e-07   6.415464e-06


# ext. ||   Name    ||   type  ||     Value     ||  Error +/- 

   0   ||Natural mortality || limited ||    0.04670379695891 ||0.001879776049573
   1   ||Targeted q || limited ||       2.12724147568 ||0.1252952477852
   2   ||Nontargeted q || limited ||                   2 ||22.06548931833
   3   ||     sigma || limited ||      2.845038407906 ||0.1459072425681
   4   ||  Biomass1 || limited ||      3.280395057677 ||0.2241038520129
   5   ||  Biomass2 || limited ||      3.068874195965 ||0.2027275139588
   6   ||  vm_sigma || limited ||      37.75255200568 ||3.080994642986
   7   ||Recruit year 1 || limited ||      5.957253912964 ||0.4401411744121
   8   ||Recruit year 2 || limited ||     0.6871207015589 ||0.05325345450726
   9   ||Recruit year 3 || limited ||      1.777618919575 ||0.130982141773
  10   ||Recruit year 4 || limited ||      1.628777760337 ||0.1245784031452
  11   ||Mean Rec dist 1 || limited ||     0.6074458190471 ||0.009935396125687
  12   ||Mean Rec dist 2 || limited ||      1.053760579879 ||0.03272774439081
  13   ||Mean Rec dist 3 || limited ||     0.1942435965393 ||0.01079395660165
  14   ||Mean Rec dist 4 || limited ||     0.8105221218566 ||0.0178512058486





