# Minimum negative log likelihood

Minuit did successfully converge.
# of function calls: 1093
minimum function Value: 666.8488326429
minimum edm: 4.111058943384e-06
minimum internal state vector: LAVector parameters:
    -0.7599754981632
     -1.117912209028
     -1.287002217587
     -1.077057498753
     -1.444320533332
     -1.449827043509
     -1.022630234927
    -0.9717888817575
     -1.003665965767
     -1.162818905691
     -1.047583402328
     0.0253057835019
    0.04320939410156
    0.03731435607014
     0.1052961905927

minimum internal covariance matrix: LASymMatrix parameters:
    0.037489302   -0.001994491              0  0.00016424425  0.00059869451  0.00055318543  -0.0019550759   0.0043100592   0.0041640453   0.0029275883   0.0038830581   0.0003536385  0.00036485395  0.00035737146  0.00032571471
   -0.001994491   0.0001210811              0 -1.2529187e-05 -3.5614895e-05 -3.2959879e-05  7.6458486e-05 -0.00023295632 -0.00022430601 -0.00015652958 -0.00021781666 -1.6119735e-05 -1.7031784e-05 -1.7453527e-05 -1.5542555e-05
              0              0              2              0              0              0              0              0              0              0              0              0              0              0              0
  0.00016424425 -1.2529187e-05              0  0.00035575282   4.431371e-06  3.6448709e-06 -1.2785631e-05  1.6488892e-05  2.3045243e-05  1.2937532e-05  1.5199733e-05  3.5827879e-06  2.5017825e-06   1.080191e-06 -2.1552089e-06
  0.00059869451 -3.5614895e-05              0   4.431371e-06   2.320203e-05  2.0184526e-05 -2.9175217e-05  7.0779273e-05  6.7071602e-05  4.7315959e-05  6.4677929e-05  4.5775897e-06  5.3293382e-06  5.4485387e-06  5.1229984e-06
  0.00055318543 -3.2959879e-05              0  3.6448709e-06  2.0184526e-05   1.772641e-05  -2.561244e-05  6.5183064e-05  6.1941055e-05  4.3706631e-05  5.9742483e-05   4.292927e-06  4.8836566e-06  5.0293844e-06  4.6888277e-06
  -0.0019550759  7.6458486e-05              0 -1.2785631e-05 -2.9175217e-05  -2.561244e-05  0.00029952957 -0.00021712073  -0.0002131824 -0.00015115884 -0.00018845963 -2.9154915e-05 -2.9781365e-05 -2.5834205e-05 -3.0060139e-05
   0.0043100592 -0.00023295632              0  1.6488892e-05  7.0779273e-05  6.5183064e-05 -0.00021712073   0.0005133343  0.00047871728   0.0003365926  0.00044789311  3.9433535e-05  4.1497696e-05  4.0618736e-05  3.7049405e-05
   0.0041640453 -0.00022430601              0  2.3045243e-05  6.7071602e-05  6.1941055e-05  -0.0002131824  0.00047871728  0.00047928173  0.00032450472  0.00043389215  3.9030014e-05  3.9538612e-05  3.9299264e-05  3.5449502e-05
   0.0029275883 -0.00015652958              0  1.2937532e-05  4.7315959e-05  4.3706631e-05 -0.00015115884   0.0003365926  0.00032450472  0.00024472205  0.00030260207  2.7361853e-05  2.8287825e-05   2.713981e-05  2.5352869e-05
   0.0038830581 -0.00021781666              0  1.5199733e-05  6.4677929e-05  5.9742483e-05 -0.00018845963  0.00044789311  0.00043389215  0.00030260207   0.0004489529  3.4812356e-05  3.6419556e-05  3.5953012e-05  3.5702994e-05
   0.0003536385 -1.6119735e-05              0  3.5827879e-06  4.5775897e-06   4.292927e-06 -2.9154915e-05  3.9433535e-05  3.9030014e-05  2.7361853e-05  3.4812356e-05  5.6737372e-06  4.1549941e-06  3.6901822e-06  3.6102828e-06
  0.00036485395 -1.7031784e-05              0  2.5017825e-06  5.3293382e-06  4.8836566e-06 -2.9781365e-05  4.1497696e-05  3.9538612e-05  2.8287825e-05  3.6419556e-05  4.1549941e-06  6.1715468e-06  4.0124873e-06  3.8189305e-06
  0.00035737146 -1.7453527e-05              0   1.080191e-06  5.4485387e-06  5.0293844e-06 -2.5834205e-05  4.0618736e-05  3.9299264e-05   2.713981e-05  3.5953012e-05  3.6901822e-06  4.0124873e-06  7.9804201e-06  3.8130601e-06
  0.00032571471 -1.5542555e-05              0 -2.1552089e-06  5.1229984e-06  4.6888277e-06 -3.0060139e-05  3.7049405e-05  3.5449502e-05  2.5352869e-05  3.5702994e-05  3.6102828e-06  3.8189305e-06  3.8130601e-06  8.1369489e-06


# ext. ||   Name    ||   type  ||     Value     ||  Error +/- 

   0   ||Natural mortality || limited ||    0.02777740787275 ||0.002473266593639
   1   ||Targeted q || limited ||      5.040556637537 ||0.1702264848138
   2   ||Nontargeted q || limited ||                   2 ||22.06548931833
   3   ||     sigma || limited ||      5.971644677184 ||0.3160259189695
   4   ||  Biomass1 || limited ||      3.993703673379 ||0.2148157488252
   5   ||  Biomass2 || limited ||       3.65393277324 ||0.1796305243753
   6   ||  vm_sigma || limited ||      5.861660810067 ||0.2550872406434
   7   ||Recruit year 1 || limited ||      8.714347130198 ||0.451581279392
   8   ||Recruit year 2 || limited ||      7.836914443183 ||0.4157544328583
   9   ||Recruit year 3 || limited ||      4.113331366243 ||0.2194118620403
  10   ||Recruit year 4 || limited ||      6.698417847437 ||0.3742616661273
  11   ||Mean Rec dist 1 || limited ||     0.2530308269081 ||0.01683760567691
  12   ||Mean Rec dist 2 || limited ||     0.4319594966097 ||0.0175499644823
  13   ||Mean Rec dist 3 || limited ||     0.3730569749622 ||0.01996159195859
  14   ||Mean Rec dist 4 || limited ||      1.051017235688 ||0.02005873151009





