# Minimum negative log likelihood

Minuit did successfully converge.
# of function calls: 697
minimum function Value: 721.8587224063
minimum edm: 6.497137776603e-06
minimum internal state vector: LAVector parameters:
     -1.013960560047
     -1.114796343003
     -1.287002217587
     -1.005451829667
     -1.399054204408
     -1.404065549882
     0.1793567894301
     -0.384411262211
    -0.9395638284511
     -1.002536070012
     -1.230299370583
    -0.9353284251282

minimum internal covariance matrix: LASymMatrix parameters:
   0.0056655449  -0.0018115071              0  -2.635647e-05  0.00072694574  0.00068857862   3.445201e-05 -0.00011199915    0.002933603   0.0019269719   0.0013290209   0.0027963645
  -0.0018115071  0.00059860446              0  7.7347993e-06 -0.00023989992 -0.00022714988 -4.7019398e-06 -8.8282728e-05 -0.00094149625 -0.00061535505 -0.00042372734 -0.00090528531
              0              0              2              0              0              0              0              0              0              0              0              0
  -2.635647e-05  7.7347993e-06              0  0.00045481234 -6.3324629e-06 -6.2435227e-06  1.5456525e-07  5.8090023e-05 -1.2278596e-05 -9.3789599e-06 -4.2463151e-07  -1.236651e-05
  0.00072694574 -0.00023989992              0 -6.3324629e-06  0.00012358526  0.00011476936  1.8693489e-06 -3.4410558e-06  0.00037921074  0.00024669296  0.00016886646  0.00036375965
  0.00068857862 -0.00022714988              0 -6.2435227e-06  0.00011476936  0.00010684423  1.8716792e-06  2.9811654e-07  0.00035882061  0.00023368584  0.00015996326  0.00034452872
   3.445201e-05 -4.7019398e-06              0  1.5456525e-07  1.8693489e-06  1.8716792e-06  8.6791668e-06 -9.3960159e-05  1.6128358e-05  1.1545865e-05  7.8923333e-06  1.4434214e-05
 -0.00011199915 -8.8282728e-05              0  5.8090023e-05 -3.4410558e-06  2.9811654e-07 -9.3960159e-05   0.0045419818 -3.2906553e-05 -3.5437631e-05  -3.549539e-05 -7.3335773e-07
    0.002933603 -0.00094149625              0 -1.2278596e-05  0.00037921074  0.00035882061  1.6128358e-05 -3.2906553e-05   0.0015454549  0.00099645325  0.00068771383   0.0014491834
   0.0019269719 -0.00061535505              0 -9.3789599e-06  0.00024669296  0.00023368584  1.1545865e-05 -3.5437631e-05  0.00099645325  0.00068065539  0.00045004395  0.00095046459
   0.0013290209 -0.00042372734              0 -4.2463151e-07  0.00016886646  0.00015996326  7.8923333e-06  -3.549539e-05  0.00068771383  0.00045004395  0.00033808383  0.00065419107
   0.0027963645 -0.00090528531              0  -1.236651e-05  0.00036375965  0.00034452872  1.4434214e-05 -7.3335773e-07   0.0014491834  0.00095046459  0.00065419107   0.0014199628


# ext. ||   Name    ||   type  ||     Value     ||  Error +/- 

   0   ||Natural mortality || limited ||    0.02266025044112 ||0.00421734564538
   1   ||Targeted q || limited ||      5.108943802759 ||0.3809004756045
   2   ||Nontargeted q || limited ||                   2 ||22.06548931833
   3   ||     sigma || limited ||      7.779794945046 ||0.4039073687398
   4   ||  Biomass1 || limited ||      7.355732459458 ||0.671697385042
   5   ||  Biomass2 || limited ||      6.933703052793 ||0.6064966678413
   6   ||   vm_mean || limited ||     0.5604498179806 ||0.006439474436191
   7   ||  vm_sigma || limited ||      25.00015028942 ||1.766390327498
   8   ||Recruit year 1 || limited ||       9.64399776189 ||0.820047505266
   9   ||Recruit year 2 || limited ||      7.867288103008 ||0.4963262880488
  10   ||Recruit year 3 || limited ||       2.88027191215 ||0.217070204396
  11   ||Recruit year 4 || limited ||      9.769320989897 ||0.7906040016753





