# Minimum negative log likelihood

Minuit did successfully converge.
# of function calls: 1142
minimum function Value: 441.2420915515
minimum edm: 1.323791986718e-05
minimum internal state vector: LAVector parameters:
     0.8044540965704
     -1.162937626186
     -1.287002217587
     -1.285665017133
     -1.388923653123
      -1.39830161778
    -0.2815145891789
     -1.331239981354
     -1.106629111883
     -1.300016163048
     -1.155311138523
    0.02035691691471
    0.04049077163212
    0.05662917388933
    0.08778510546921

minimum internal covariance matrix: LASymMatrix parameters:
   0.0077064975 -0.00052857256              0 -6.0070744e-05    0.000247147  0.00022784059  -0.0010058397  0.00039579986  0.00079402978  0.00046587322  0.00072133044  3.2300396e-05  2.5786359e-05  3.0464004e-05  2.8791083e-05
 -0.00052857256  4.3907558e-05              0  2.7097796e-06 -2.0604017e-05 -1.8886626e-05  4.2338039e-05 -2.8939817e-05 -5.8569569e-05 -3.4105486e-05  -5.581958e-05 -1.7537289e-06 -1.1622432e-06 -1.5282401e-06 -1.6992843e-06
              0              0              2              0              0              0              0              0              0              0              0              0              0              0              0
 -6.0070744e-05  2.7097796e-06              0   0.0001092506  -2.015088e-06  -1.810178e-06  1.4255629e-05 -3.3251155e-06 -4.3598793e-06 -2.9776186e-06  -3.223438e-06 -6.8877698e-07 -5.9146346e-07 -1.4775389e-06  -3.635213e-07
    0.000247147 -2.0604017e-05              0  -2.015088e-06  1.1509424e-05   1.036415e-05 -2.0096552e-05  1.3741865e-05  2.7386253e-05  1.5926399e-05  2.6047154e-05  7.1148976e-07  5.5210281e-07  7.1769014e-07  7.8961404e-07
  0.00022784059 -1.8886626e-05              0  -1.810178e-06   1.036415e-05  9.3646539e-06 -1.8820315e-05  1.2602474e-05   2.519252e-05  1.4652976e-05  2.3930877e-05  6.9174755e-07  5.1740644e-07  6.7530112e-07  7.3322921e-07
  -0.0010058397  4.2338039e-05              0  1.4255629e-05 -2.0096552e-05 -1.8820315e-05   0.0010113812  -4.823357e-05 -8.9920444e-05 -5.2536556e-05 -7.2936459e-05 -1.0949726e-05 -1.2372947e-05 -1.3710041e-05 -1.2676996e-05
  0.00039579986 -2.8939817e-05              0 -3.3251155e-06  1.3741865e-05  1.2602474e-05  -4.823357e-05  2.4245881e-05  4.1649629e-05  2.4519575e-05  3.8428132e-05  1.6401473e-06  1.2505667e-06  1.6400135e-06  1.4944206e-06
  0.00079402978 -5.8569569e-05              0 -4.3598793e-06  2.7386253e-05   2.519252e-05 -8.9920444e-05  4.1649629e-05  8.7292625e-05   4.903584e-05  7.7822718e-05  3.0744932e-06   2.346271e-06  2.8771959e-06  2.8407718e-06
  0.00046587322 -3.4105486e-05              0 -2.9776186e-06  1.5926399e-05  1.4652976e-05 -5.2536556e-05  2.4519575e-05   4.903584e-05  3.1901094e-05  4.5523953e-05  1.8062305e-06  1.3640855e-06  1.6063757e-06  1.6636477e-06
  0.00072133044  -5.581958e-05              0  -3.223438e-06  2.6047154e-05  2.3930877e-05 -7.2936459e-05  3.8428132e-05  7.7822718e-05  4.5523953e-05  7.8627622e-05  2.5754603e-06  1.8709428e-06  2.2138499e-06  2.6904966e-06
  3.2300396e-05 -1.7537289e-06              0 -6.8877698e-07  7.1148976e-07  6.9174755e-07 -1.0949726e-05  1.6401473e-06  3.0744932e-06  1.8062305e-06  2.5754603e-06  1.1884784e-06  2.4475651e-07  4.6809766e-07  2.7600127e-07
  2.5786359e-05 -1.1622432e-06              0 -5.9146346e-07  5.5210281e-07  5.1740644e-07 -1.2372947e-05  1.2505667e-06   2.346271e-06  1.3640855e-06  1.8709428e-06  2.4475651e-07  3.6393413e-07  2.9186433e-07  2.0807914e-07
  3.0464004e-05 -1.5282401e-06              0 -1.4775389e-06  7.1769014e-07  6.7530112e-07 -1.3710041e-05  1.6400135e-06  2.8771959e-06  1.6063757e-06  2.2138499e-06  4.6809766e-07  2.9186433e-07  1.1897171e-06  3.1309615e-07
  2.8791083e-05 -1.6992843e-06              0  -3.635213e-07  7.8961404e-07  7.3322921e-07 -1.2676996e-05  1.4944206e-06  2.8407718e-06  1.6636477e-06  2.6904966e-06  2.7600127e-07  2.0807914e-07  3.1309615e-07  5.8330164e-07


# ext. ||   Name    ||   type  ||     Value     ||  Error +/- 

   0   ||Natural mortality || limited ||    0.06301130409525 ||0.001075533539224
   1   ||Targeted q || limited ||      4.101386924893 ||0.09292329238884
   2   ||Nontargeted q || limited ||                   2 ||22.06548931833
   3   ||     sigma || limited ||      2.018763715285 ||0.1039458546665
   4   ||  Biomass1 || limited ||      8.246648054041 ||0.216946151584
   5   ||  Biomass2 || limited ||      7.420180155887 ||0.1857036651855
   6   ||  vm_sigma || limited ||      28.88820149756 ||0.8640107568596
   7   ||Recruit year 1 || limited ||      1.437690361263 ||0.04130242574138
   8   ||Recruit year 2 || limited ||      5.299736201504 ||0.1478642621432
   9   ||Recruit year 3 || limited ||      1.831692368158 ||0.05340842921372
  10   ||Recruit year 4 || limited ||      4.263545114737 ||0.1265272067004
  11   ||Mean Rec dist 1 || limited ||     0.2035551094565 ||0.007707093247354
  12   ||Mean Rec dist 2 || limited ||     0.4047970841826 ||0.00426226324188
  13   ||Mean Rec dist 3 || limited ||     0.5659891173849 ||0.007700343181555
  14   ||Mean Rec dist 4 || limited ||     0.8767240027926 ||0.005379675015855





