"","x"
"Week1.1956",1111.56385283254
"Week2.1956",2313.62107798184
"Week3.1956",3494.57864797743
"Week4.1956",4647.2127607286
"Week5.1956",6307.08219287583
"Week6.1956",7667.96119736943
"Week7.1956",9187.18845776952
"Week8.1956",10844.8531220645
"Week9.1956",12615.544352413
"Week10.1956",14721.5956236174
"Week11.1956",17019.6635041278
"Week12.1956",19178.0231904091
"Week13.1956",23396.3346030346
"Week14.1956",27432.2460355295
"Week15.1956",32036.179619702
"Week16.1956",36081.5649238086
"Week17.1956",39968.989620695
"Week18.1956",46496.5569502893
"Week19.1956",52066.9263758934
"Week20.1956",54464.1939949869
"Week21.1956",58372.7851844467
"Week22.1956",63165.6949028533
"Week23.1956",67925.9597621354
"Week24.1956",73055.3658714347
"Week25.1956",82391.5293822497
"Week26.1956",88688.1665686699
"Week27.1956",84101.5084360339
"Week28.1956",81940.7048064453
"Week29.1956",79365.1031824447
"Week30.1956",80973.7771863386
"Week31.1956",84298.7010761587
"Week32.1956",85251.0346551874
"Week33.1956",82307.1132821009
"Week34.1956",76848.329226027
"Week35.1956",71655.0565071921
"Week36.1956",64643.2507162381
"Week37.1956",59261.4813759655
"Week38.1956",54804.7713137338
"Week39.1956",55834.0806637485
"Week40.1956",50909.6912432784
"Week41.1956",48784.3031606111
"Week42.1956",50085.8194132449
"Week43.1956",47845.2654600569
"Week44.1956",43197.4028671204
"Week45.1956",40628.4057185243
"Week46.1956",40702.7562749591
"Week47.1956",40969.9594572193
"Week48.1956",36101.9479373741
"Week49.1956",36315.9609580032
"Week50.1956",36729.3185740907
"Week51.1956",35174.5540044113
"Week52.1956",32444.3072732149
"Week1.1957",30910.7732463681
"Week2.1957",30759.6769877966
"Week3.1957",31563.2960271842
"Week4.1957",30527.7413043571
"Week5.1957",27148.8254089794
"Week6.1957",25040.3864362191
"Week7.1957",26843.9947539868
"Week8.1957",28972.5895411067
"Week9.1957",28555.0425783214
"Week10.1957",28275.2083742281
"Week11.1957",28360.5962369094
"Week12.1957",30341.5798877191
"Week13.1957",32859.5561846501
"Week14.1957",33083.5171376273
"Week15.1957",35436.4153016209
"Week16.1957",36509.9981928152
"Week17.1957",38044.3108731281
"Week18.1957",40931.6747160618
"Week19.1957",46266.9310359734
"Week20.1957",50005.43398037
"Week21.1957",54808.8691590417
"Week22.1957",58776.1687946877
"Week23.1957",64051.3368677601
"Week24.1957",72790.1686412681
"Week25.1957",76383.46185823
"Week26.1957",78122.3163357777
"Week27.1957",86545.4386302021
"Week28.1957",84067.025654155
"Week29.1957",85465.5301667423
"Week30.1957",88204.2220999068
"Week31.1957",90065.4004178306
"Week32.1957",93772.3771469134
"Week33.1957",94103.2743163244
"Week34.1957",96253.7433318179
"Week35.1957",91755.4319754008
"Week36.1957",94994.9686150512
"Week37.1957",86761.4476722913
"Week38.1957",84782.4663408595
"Week39.1957",85597.4679713489
"Week40.1957",81420.2711217215
"Week41.1957",75839.5877613977
"Week42.1957",66491.9073917601
"Week43.1957",61076.5757249104
"Week44.1957",52998.2971230222
"Week45.1957",49038.9456678205
"Week46.1957",47026.6061994786
"Week47.1957",44054.055076555
"Week48.1957",42063.6700156613
"Week49.1957",40289.6527012379
"Week50.1957",36925.2836497184
"Week51.1957",36629.6624264935
"Week52.1957",33849.989596478
"Week1.1958",30973.2564966562
"Week2.1958",28170.8167414675
"Week3.1958",25434.565676176
"Week4.1958",25610.4327819008
"Week5.1958",24433.6219504039
"Week6.1958",25723.5474599023
"Week7.1958",26165.5516684659
"Week8.1958",27799.3803361759
"Week9.1958",26615.300276209
"Week10.1958",29088.4082611393
"Week11.1958",32501.9706758108
"Week12.1958",32989.2828014784
"Week13.1958",32804.5433399341
"Week14.1958",33845.4545793082
"Week15.1958",37472.6138274899
"Week16.1958",41561.6249394351
"Week17.1958",45287.9732756505
"Week18.1958",49613.2757129768
"Week19.1958",55521.4939542336
"Week20.1958",62868.7991020583
"Week21.1958",68009.4583994763
"Week22.1958",68618.5766411866
"Week23.1958",74038.2355289568
"Week24.1958",79358.9794928419
"Week25.1958",83878.1260115878
"Week26.1958",86940.7688959529
"Week27.1958",86929.564712893
"Week28.1958",84018.9286720135
"Week29.1958",87397.4046811748
"Week30.1958",89855.1628193542
"Week31.1958",93502.0614770859
"Week32.1958",89673.2031244226
"Week33.1958",90221.5992741175
"Week34.1958",93613.0651521601
"Week35.1958",86854.7974687403
"Week36.1958",81604.0277788399
"Week37.1958",74036.2686571479
"Week38.1958",70600.3236510389
"Week39.1958",65755.1538328237
"Week40.1958",62038.9343155865
"Week41.1958",59786.1648886502
"Week42.1958",53925.761354594
"Week43.1958",51089.9925006187
"Week44.1958",48894.6369401462
"Week45.1958",49846.292714926
"Week46.1958",50121.5621117689
"Week47.1958",47050.5469317741
"Week48.1958",43675.5549717555
"Week49.1958",41821.52593083
"Week50.1958",38019.2232212882
"Week51.1958",38133.303211015
"Week52.1958",34195.8434117162
"Week1.1959",34608.1854033747
"Week2.1959",33751.3475807231
"Week3.1959",31380.4508175311
"Week4.1959",30376.0188558376
"Week5.1959",31285.3294496335
"Week6.1959",28358.6424686065
"Week7.1959",28592.5583909955
"Week8.1959",28439.4292566592
"Week9.1959",28480.3892056103
"Week10.1959",27985.3875538778
"Week11.1959",28214.2874549605
"Week12.1959",28194.2881039367
"Week13.1959",30399.6482098209
"Week14.1959",35343.3287196907
"Week15.1959",36664.2699858966
"Week16.1959",42490.6556319124
"Week17.1959",48685.0285836715
"Week18.1959",52898.6393516864
"Week19.1959",59702.1219734031
"Week20.1959",64629.6950036763
"Week21.1959",71569.5299161835
"Week22.1959",76152.3933948823
"Week23.1959",81664.5918702422
"Week24.1959",80835.5335282402
"Week25.1959",80859.5977869722
"Week26.1959",81833.6768290383
"Week27.1959",88815.9242606194
"Week28.1959",96200.9297988214
"Week29.1959",95474.3656200908
"Week30.1959",93514.5357881521
"Week31.1959",91339.8566251096
"Week32.1959",89802.751535003
"Week33.1959",83552.5956962979
"Week34.1959",78681.5593076564
"Week35.1959",74493.7700373427
"Week36.1959",74603.6255012463
"Week37.1959",76816.5574871838
"Week38.1959",76129.1343393442
"Week39.1959",66881.8307549365
"Week40.1959",64051.332754801
"Week41.1959",64452.3668422271
"Week42.1959",57473.1111539821
"Week43.1959",54639.881496574
"Week44.1959",50145.1459466452
"Week45.1959",49226.3729623307
"Week46.1959",44611.8797342956
"Week47.1959",45127.4751344915
"Week48.1959",44496.5983816539
"Week49.1959",40524.6067109574
"Week50.1959",39975.8000990478
"Week51.1959",36171.709775596
"Week52.1959",33770.7194748848
"Week1.1960",30835.4127516483
"Week2.1960",30959.0182914607
"Week3.1960",29708.3299961257
"Week4.1960",30909.1860781768
"Week5.1960",29321.4478072961
"Week6.1960",30725.704732732
"Week7.1960",31009.4252983419
"Week8.1960",31232.5592444716
"Week9.1960",30444.7278736244
"Week10.1960",32885.8694630969
"Week11.1960",33024.7016878023
"Week12.1960",33574.0424675668
"Week13.1960",33817.4969659489
"Week14.1960",33286.72211557
"Week15.1960",34620.8506460007
"Week16.1960",39244.5543250233
"Week17.1960",44790.0575935854
"Week18.1960",51501.0664350314
"Week19.1960",56379.5985232519
"Week20.1960",62092.8192395588
"Week21.1960",66766.071448416
"Week22.1960",74259.0844279404
"Week23.1960",81925.8223665293
"Week24.1960",85615.9288539053
"Week25.1960",91742.1572044227
"Week26.1960",92945.4503598215
"Week27.1960",90374.6207374319
"Week28.1960",92194.9692141765
"Week29.1960",91508.2682267729
"Week30.1960",86412.3042962318
"Week31.1960",83105.0179446785
"Week32.1960",81743.6574627481
"Week33.1960",83795.9744957932
"Week34.1960",86241.9659519427
"Week35.1960",89338.031975605
"Week36.1960",91745.2764817957
"Week37.1960",84091.1814035481
"Week38.1960",80999.5314856228
"Week39.1960",81507.8999287674
"Week40.1960",80810.6213667401
"Week41.1960",76948.7883255573
"Week42.1960",72369.4549256086
"Week43.1960",71484.0507358978
"Week44.1960",65153.6839645538
"Week45.1960",61294.2583174148
"Week46.1960",60583.5610142971
"Week47.1960",60041.020504485
"Week48.1960",54376.8863324092
"Week49.1960",45928.1710404537
"Week50.1960",42007.6916289705
"Week51.1960",41108.4892677887
"Week52.1960",40186.300642821
"Week1.1961",35237.9261599533
"Week2.1961",34420.6756852945
"Week3.1961",34560.1006319539
"Week4.1961",33055.7665811569
"Week5.1961",30998.9130221134
"Week6.1961",29384.5456291462
"Week7.1961",30829.3977579545
"Week8.1961",28686.7173634549
"Week9.1961",30404.353157826
"Week10.1961",29422.9171700905
"Week11.1961",30813.6697182071
"Week12.1961",30957.0698892094
"Week13.1961",34282.2295731056
"Week14.1961",36820.592421416
"Week15.1961",36914.3779258569
"Week16.1961",42001.8846334917
"Week17.1961",45113.617362229
"Week18.1961",51533.3765832652
"Week19.1961",52370.6346733426
"Week20.1961",57836.8142728052
"Week21.1961",59841.5576450355
"Week22.1961",66345.2275753508
"Week23.1961",70145.8566468848
"Week24.1961",76781.5619130858
"Week25.1961",84651.7643330766
"Week26.1961",90207.7770914298
"Week27.1961",96507.4975162165
"Week28.1961",95767.3218831543
"Week29.1961",102325.493516707
"Week30.1961",105243.85394717
"Week31.1961",106319.081682601
"Week32.1961",103387.827674799
"Week33.1961",104634.460653108
"Week34.1961",100183.224033102
"Week35.1961",101362.052531622
"Week36.1961",99311.8877315182
"Week37.1961",102021.223001985
"Week38.1961",93515.2793256245
"Week39.1961",82437.5006235574
"Week40.1961",77195.766702603
"Week41.1961",74727.269024423
"Week42.1961",69851.3579861458
"Week43.1961",61714.6676775623
"Week44.1961",58809.7642923626
"Week45.1961",55732.1291903745
"Week46.1961",52986.4260446866
"Week47.1961",50199.2609788258
"Week48.1961",42973.0025660892
"Week49.1961",39587.637104781
"Week50.1961",37040.5987132937
"Week51.1961",36253.2301196242
"Week52.1961",33642.3940151219
"Week1.1962",32202.6406847475
"Week2.1962",29373.6885418418
"Week3.1962",28131.3798505932
"Week4.1962",27860.1506471783
"Week5.1962",26598.7244866376
"Week6.1962",26769.4191302273
"Week7.1962",27940.655794162
"Week8.1962",28974.397819908
"Week9.1962",29826.7851932982
"Week10.1962",28368.609954921
"Week11.1962",31787.4470946861
"Week12.1962",33371.89960338
"Week13.1962",33690.8164121927
"Week14.1962",37732.1697962777
"Week15.1962",42322.2540435634
"Week16.1962",47682.8971211462
"Week17.1962",53913.688905653
"Week18.1962",57703.0478313059
"Week19.1962",59949.1880211563
"Week20.1962",66327.3895344574
"Week21.1962",65939.3060610702
"Week22.1962",74167.8877571697
"Week23.1962",79030.4568022706
"Week24.1962",81432.0512578901
"Week25.1962",88670.3062093018
"Week26.1962",82638.8504901512
"Week27.1962",82105.2993992231
"Week28.1962",74571.3424052961
"Week29.1962",80385.5525409768
"Week30.1962",80795.8105264632
"Week31.1962",80501.5061250827
"Week32.1962",86086.3711359732
"Week33.1962",83406.4739810944
"Week34.1962",74396.662278278
"Week35.1962",72104.3871602887
"Week36.1962",71105.525553058
"Week37.1962",72519.0423171075
"Week38.1962",65080.271033363
"Week39.1962",59956.5995462495
"Week40.1962",53540.0924038925
"Week41.1962",54602.4975709077
"Week42.1962",51153.0522550825
"Week43.1962",49172.7624439837
"Week44.1962",47212.3384343846
"Week45.1962",44324.8226672388
"Week46.1962",40861.7528570409
"Week47.1962",39381.2425054492
"Week48.1962",36715.492897877
"Week49.1962",32831.3370395524
"Week50.1962",30371.8889132825
"Week51.1962",28212.7924552576
"Week52.1962",25689.3927777067
"Week1.1963",23162.4415281537
"Week2.1963",21895.5488948729
"Week3.1963",21401.5028582212
"Week4.1963",21577.1413268563
"Week5.1963",21448.7377193267
"Week6.1963",22415.4474238719
"Week7.1963",23013.7649439383
"Week8.1963",22768.0368436163
"Week9.1963",23400.9550411956
"Week10.1963",22687.771109867
"Week11.1963",24785.4444746218
"Week12.1963",28576.1978154037
"Week13.1963",29212.7082616414
"Week14.1963",31619.7405275826
"Week15.1963",36925.3289352065
"Week16.1963",41778.4645001483
"Week17.1963",45231.4768153384
"Week18.1963",51295.6683843206
"Week19.1963",59458.8956466522
"Week20.1963",63428.3847444915
"Week21.1963",71966.9981708117
"Week22.1963",76438.8426999504
"Week23.1963",85270.0738640834
"Week24.1963",90398.9816222606
"Week25.1963",95179.979563921
"Week26.1963",101266.19486033
"Week27.1963",96932.4774181585
"Week28.1963",93159.5691264268
"Week29.1963",97973.3098388881
"Week30.1963",90157.7992952443
"Week31.1963",84748.0574605357
"Week32.1963",78446.3685647261
"Week33.1963",75534.3912891528
"Week34.1963",71455.4579778967
"Week35.1963",70651.3218392946
"Week36.1963",72873.4454742985
"Week37.1963",69607.7768000778
"Week38.1963",65236.3984351753
"Week39.1963",60922.2167032513
"Week40.1963",52207.271817545
"Week41.1963",46380.4360630658
"Week42.1963",43116.0614808185
"Week43.1963",39680.9513682133
"Week44.1963",35036.1152795514
"Week45.1963",33674.5436437098
"Week46.1963",32401.2193647585
"Week47.1963",32308.9915262354
"Week48.1963",31163.5926347171
"Week49.1963",29869.489099928
"Week50.1963",28153.1829690379
"Week51.1963",28503.4075545674
"Week52.1963",29177.5474300026
"Week1.1964",28028.967323979
"Week2.1964",26717.0028716334
"Week3.1964",27309.059303517
"Week4.1964",25089.2664854485
"Week5.1964",26084.9706433308
"Week6.1964",26111.9480741867
"Week7.1964",27511.6084466146
"Week8.1964",28841.4835461136
"Week9.1964",30540.2672307301
"Week10.1964",29131.3026791133
"Week11.1964",28859.0387295252
"Week12.1964",32697.9159385131
"Week13.1964",33639.5223655379
"Week14.1964",38426.7121309933
"Week15.1964",41907.1601100013
"Week16.1964",45413.1528199012
"Week17.1964",51500.4921381933
"Week18.1964",57864.4788312879
"Week19.1964",62516.4719034376
"Week20.1964",67000.8427557413
"Week21.1964",70559.0665225569
"Week22.1964",72990.0900100439
"Week23.1964",74185.7220568133
"Week24.1964",80688.6889677077
"Week25.1964",79504.7479767915
"Week26.1964",81603.2292916976
"Week27.1964",85265.4171459128
"Week28.1964",83679.0093199276
"Week29.1964",86068.2753908994
"Week30.1964",90655.6698576563
"Week31.1964",94460.6296520719
"Week32.1964",88764.7643053089
"Week33.1964",87476.7187215803
"Week34.1964",89076.4109324207
"Week35.1964",88459.7061084508
"Week36.1964",85945.5430300759
"Week37.1964",84250.1591936754
"Week38.1964",83343.4637718047
"Week39.1964",76072.5149405879
"Week40.1964",73872.4195825922
"Week41.1964",65206.2302913676
"Week42.1964",60583.7339651865
"Week43.1964",56325.7977155877
"Week44.1964",51820.3254387903
"Week45.1964",52686.9199120522
"Week46.1964",50690.9954130038
"Week47.1964",47116.693004476
"Week48.1964",40359.9011953783
"Week49.1964",38482.3104723508
"Week50.1964",36436.4529897941
"Week51.1964",35618.8198394144
"Week52.1964",34993.3608198441
"Week1.1965",33983.3620642422
"Week2.1965",32013.9444584233
"Week3.1965",28310.1023193001
"Week4.1965",28790.5905419483
"Week5.1965",27050.5498583133
"Week6.1965",27714.3870375379
"Week7.1965",26795.6597049411
"Week8.1965",28250.8229739081
"Week9.1965",28378.4129434105
"Week10.1965",29547.8216396649
"Week11.1965",30011.5164411808
"Week12.1965",30006.1228464029
"Week13.1965",30686.8294183605
"Week14.1965",32123.2771668012
"Week15.1965",35955.9674706738
"Week16.1965",37288.2171371138
"Week17.1965",43661.4638570263
"Week18.1965",48203.4342184482
"Week19.1965",50499.0657601629
"Week20.1965",54862.7470624736
"Week21.1965",56063.9379884322
"Week22.1965",61130.2901973886
"Week23.1965",63487.604302933
"Week24.1965",68089.5759225937
"Week25.1965",71988.1769562376
"Week26.1965",76717.9944806164
"Week27.1965",76404.5870973461
"Week28.1965",83752.5535424869
"Week29.1965",87125.5693207604
"Week30.1965",92501.6037396641
"Week31.1965",90285.3733700063
"Week32.1965",88785.4006150899
"Week33.1965",89276.0720020195
"Week34.1965",86238.8675016622
"Week35.1965",84673.7864338176
"Week36.1965",85349.5091119767
"Week37.1965",81530.8842965922
"Week38.1965",74418.8204398096
"Week39.1965",75133.0510366719
"Week40.1965",68689.3609756239
"Week41.1965",62499.9316982982
"Week42.1965",59699.1405789831
"Week43.1965",53226.870995286
"Week44.1965",51069.8458678481
"Week45.1965",49692.3357982336
"Week46.1965",46122.5681728361
"Week47.1965",43898.9987543459
"Week48.1965",43362.4708925539
"Week49.1965",40637.0273278742
"Week50.1965",38164.6263851305
"Week51.1965",38056.871951565
"Week52.1965",36989.0232628047
"Week1.1966",36544.0215789781
"Week2.1966",36405.6933613218
"Week3.1966",36725.4204382535
"Week4.1966",32551.0519013785
"Week5.1966",31573.6440874327
"Week6.1966",28393.91391918
"Week7.1966",29297.5094793408
"Week8.1966",31012.4593066913
"Week9.1966",29261.146208742
"Week10.1966",29893.6560653487
"Week11.1966",31703.2937866562
"Week12.1966",30128.5478237216
"Week13.1966",32175.0997825897
"Week14.1966",36728.5534414317
"Week15.1966",41345.805545904
"Week16.1966",47024.5096804853
"Week17.1966",51264.6166110351
"Week18.1966",57357.1817560682
"Week19.1966",62134.2136617797
"Week20.1966",63022.8913875524
"Week21.1966",63905.9469703619
"Week22.1966",69744.3796853775
"Week23.1966",75197.2134072225
"Week24.1966",80661.9463105025
"Week25.1966",89370.7176113342
"Week26.1966",94986.3098102573
"Week27.1966",91821.5413092302
"Week28.1966",95339.0182527382
"Week29.1966",102338.940783785
"Week30.1966",96223.8013366475
"Week31.1966",89282.8429242042
"Week32.1966",92660.9306597448
"Week33.1966",97112.7364652655
"Week34.1966",91721.136559894
"Week35.1966",90633.7810111406
"Week36.1966",91847.3469894628
"Week37.1966",93289.4360475837
"Week38.1966",91222.1943757951
"Week39.1966",85270.8305782275
"Week40.1966",79070.4714375089
"Week41.1966",72767.9004500071
"Week42.1966",72305.7650356328
"Week43.1966",64931.2459323753
"Week44.1966",63636.8987795011
"Week45.1966",57105.5420404494
"Week46.1966",53752.5670916942
"Week47.1966",53179.3583005442
"Week48.1966",47272.5066786103
"Week49.1966",47025.9586245316
"Week50.1966",42074.6255780163
"Week51.1966",39285.1735058821
"Week52.1966",38094.7184400864
"Week1.1967",36475.9033111223
"Week2.1967",36367.1652396486
"Week3.1967",34351.1189677018
"Week4.1967",32702.6716765777
"Week5.1967",31089.0520606755
"Week6.1967",32498.51185624
"Week7.1967",33199.0227919657
"Week8.1967",33208.8472620731
"Week9.1967",32927.1731154533
"Week10.1967",33730.4395817312
"Week11.1967",32997.3209016069
"Week12.1967",34422.6926272456
"Week13.1967",36264.7331338471
"Week14.1967",37745.2264742505
"Week15.1967",41064.6043945803
"Week16.1967",44432.6723661859
"Week17.1967",44881.3529470191
"Week18.1967",46054.1100583273
"Week19.1967",47865.5849648524
"Week20.1967",50958.4627800229
"Week21.1967",51767.3675318973
"Week22.1967",59736.0655371014
"Week23.1967",64321.8059151364
"Week24.1967",71346.8134185753
"Week25.1967",76143.3946431862
"Week26.1967",84692.4320918889
"Week27.1967",88263.5904297049
"Week28.1967",92647.9551774397
"Week29.1967",95327.8526845827
"Week30.1967",98063.2327062706
"Week31.1967",101453.2612301
"Week32.1967",89887.9760423809
"Week33.1967",94928.9517503682
"Week34.1967",97613.8127679857
"Week35.1967",100837.5894448
"Week36.1967",91659.4453346325
"Week37.1967",86840.8196213383
"Week38.1967",82900.749199983
"Week39.1967",74548.2786729369
"Week40.1967",69509.3382534784
"Week41.1967",69563.62950826
"Week42.1967",65434.4996632401
"Week43.1967",62206.5822024321
"Week44.1967",51505.9068314617
"Week45.1967",46139.9119990563
"Week46.1967",46281.2957709503
"Week47.1967",46803.4511812988
"Week48.1967",46109.3924124005
"Week49.1967",43316.1579134002
"Week50.1967",41163.2655209799
"Week51.1967",39557.2986758115
"Week52.1967",36713.478570466
"Week1.1968",36721.8549252092
"Week2.1968",35355.814548459
"Week3.1968",32500.9459034287
"Week4.1968",33389.5728439009
"Week5.1968",33739.5565725057
"Week6.1968",32034.3279202657
"Week7.1968",33226.7844083866
"Week8.1968",32859.1834260638
"Week9.1968",30456.2016597818
"Week10.1968",30369.104297898
"Week11.1968",28597.1832235866
"Week12.1968",29731.2123034904
"Week13.1968",33917.4915486227
"Week14.1968",36236.246022426
"Week15.1968",41844.670735782
"Week16.1968",43061.4394001262
"Week17.1968",44670.3005989371
"Week18.1968",48750.127012661
"Week19.1968",55031.3618325415
"Week20.1968",59080.1931391217
"Week21.1968",64324.0996315667
"Week22.1968",70137.0543189171
"Week23.1968",75587.5250330853
"Week24.1968",76792.1457026189
"Week25.1968",80481.0090161262
"Week26.1968",83949.0780245472
"Week27.1968",89241.3894797354
"Week28.1968",90062.1320276654
"Week29.1968",87147.0684077057
"Week30.1968",81885.3180745531
"Week31.1968",84433.840887556
"Week32.1968",88755.807500186
"Week33.1968",92201.1167641363
"Week34.1968",93358.0763157511
"Week35.1968",81731.1043266289
"Week36.1968",77660.2297043099
"Week37.1968",75961.239341165
"Week38.1968",74160.9869320443
"Week39.1968",71662.7370738643
"Week40.1968",73141.9214068719
"Week41.1968",67086.0498762331
"Week42.1968",64050.3395041542
"Week43.1968",63259.6330819053
"Week44.1968",55097.0639860664
"Week45.1968",48180.28680676
"Week46.1968",46244.2182170532
"Week47.1968",46719.5597878634
"Week48.1968",46960.728465212
"Week49.1968",43491.3874171349
"Week50.1968",42835.0644978626
"Week51.1968",42920.3256797018
"Week52.1968",39266.9801629655
"Week1.1969",39895.870340778
"Week2.1969",38033.5165900787
"Week3.1969",34896.0616042419
"Week4.1969",34648.7874323881
"Week5.1969",33424.1033380355
"Week6.1969",31080.142890563
"Week7.1969",30688.5247824813
"Week8.1969",30062.631883021
"Week9.1969",31635.2204917496
"Week10.1969",31177.7108689019
"Week11.1969",32646.9063261877
"Week12.1969",34499.5209607627
"Week13.1969",33147.5595477184
"Week14.1969",38087.5339298322
"Week15.1969",40048.3410502884
"Week16.1969",45521.8876402302
"Week17.1969",43978.9977607394
"Week18.1969",50492.1585558505
"Week19.1969",53864.7232639356
"Week20.1969",58242.1297072973
"Week21.1969",63482.736474871
"Week22.1969",65989.8421210855
"Week23.1969",69990.5697250964
"Week24.1969",72496.4264655123
"Week25.1969",74140.7427331306
"Week26.1969",76589.2522786359
"Week27.1969",83160.3749353101
"Week28.1969",86052.5222393354
"Week29.1969",88834.4222091278
"Week30.1969",90237.1833406913
"Week31.1969",92943.0178661352
"Week32.1969",91495.6634717637
"Week33.1969",88019.1108691512
"Week34.1969",92019.8996441541
"Week35.1969",92391.4285868796
"Week36.1969",87023.0939998179
"Week37.1969",88082.659086428
"Week38.1969",86426.4830925242
"Week39.1969",82826.5104657472
"Week40.1969",75880.1982692798
"Week41.1969",69050.7307193467
"Week42.1969",63125.6308058387
"Week43.1969",55031.9525011107
"Week44.1969",51560.3276996252
"Week45.1969",49365.0489328174
"Week46.1969",45625.2977198998
"Week47.1969",42539.002777386
"Week48.1969",39263.7789865115
"Week49.1969",39053.6398742102
"Week50.1969",36594.9213869186
"Week51.1969",33112.8288516138
"Week52.1969",31183.8553790778
"Week1.1970",28745.2457197275
"Week2.1970",27850.1667435429
"Week3.1970",25488.3371873943
"Week4.1970",26186.4297503959
"Week5.1970",27600.2895898975
"Week6.1970",27467.0644557881
"Week7.1970",25175.1840083008
"Week8.1970",25199.3610477013
"Week9.1970",25950.4596516567
"Week10.1970",26210.9286403465
"Week11.1970",28047.5821177675
"Week12.1970",31451.4659038048
"Week13.1970",34612.586170728
"Week14.1970",37504.2558687557
"Week15.1970",42500.0563512348
"Week16.1970",48611.6925110385
"Week17.1970",53123.9388148614
"Week18.1970",56332.4611879401
"Week19.1970",61831.6058569415
"Week20.1970",63736.384976181
"Week21.1970",69782.9906884157
"Week22.1970",74116.1774433934
"Week23.1970",74557.8494211424
"Week24.1970",83277.7751961312
"Week25.1970",88485.7586521535
"Week26.1970",86191.3675950634
"Week27.1970",88537.3658409827
"Week28.1970",89231.0646143052
"Week29.1970",90149.295307495
"Week30.1970",88034.0164544747
"Week31.1970",84528.7659010873
"Week32.1970",80207.0398135203
"Week33.1970",77127.9146213131
"Week34.1970",67986.8409138913
"Week35.1970",63152.9390613957
"Week36.1970",63623.8635133449
"Week37.1970",58880.8472679946
"Week38.1970",57092.4287525495
"Week39.1970",59117.2973417902
"Week40.1970",56731.0542466993
"Week41.1970",56202.5980158872
"Week42.1970",56269.2097072892
"Week43.1970",54599.9632814987
"Week44.1970",48476.34029271
"Week45.1970",44708.2822747236
"Week46.1970",43499.0101790892
"Week47.1970",38950.1690983407
"Week48.1970",35165.7009832574
"Week49.1970",34935.7163497814
"Week50.1970",35447.3597422292
"Week51.1970",32234.0822439978
"Week52.1970",32797.2343968932
"Week1.1971",30435.9742945618
"Week2.1971",29682.9378611137
"Week3.1971",28890.9874029854
"Week4.1971",30072.4171172415
"Week5.1971",30742.8889465856
"Week6.1971",28816.8170875561
"Week7.1971",28542.4413378233
"Week8.1971",27492.5111113889
"Week9.1971",29666.1813923522
"Week10.1971",30609.5754190797
"Week11.1971",31512.7843139719
"Week12.1971",30632.7620526419
"Week13.1971",31280.47990225
"Week14.1971",34543.204205748
"Week15.1971",40168.9932709111
"Week16.1971",46038.1223716057
"Week17.1971",48745.7755837311
"Week18.1971",49257.672221811
"Week19.1971",56407.0816407204
"Week20.1971",62094.5382242352
"Week21.1971",69853.6369962786
"Week22.1971",79385.5389386363
"Week23.1971",78835.1375356013
"Week24.1971",81562.1577127006
"Week25.1971",81425.8157806123
"Week26.1971",83783.4614767198
"Week27.1971",86456.3674800469
"Week28.1971",83530.7418504725
"Week29.1971",83967.9245769086
"Week30.1971",87135.4068901659
"Week31.1971",92756.7813806292
"Week32.1971",93699.146491575
"Week33.1971",96403.7197098881
"Week34.1971",91653.609906512
"Week35.1971",81386.9356010169
"Week36.1971",79295.8545064268
"Week37.1971",75650.4727938095
"Week38.1971",76859.2575317048
"Week39.1971",74228.9243855312
"Week40.1971",72053.7055717589
"Week41.1971",63617.0666184967
"Week42.1971",61662.5610136625
"Week43.1971",59028.5372044576
"Week44.1971",57581.8010779939
"Week45.1971",54485.5530019092
"Week46.1971",53536.7581912787
"Week47.1971",54048.9545949419
"Week48.1971",50658.734639925
"Week49.1971",47936.8045711747
"Week50.1971",47661.4682139784
"Week51.1971",44100.4754248316
"Week52.1971",41648.615146812
"Week1.1972",38557.4602370973
"Week2.1972",36317.6285916354
"Week3.1972",33789.8428115198
"Week4.1972",34828.9101038172
"Week5.1972",35809.424887886
"Week6.1972",33761.6786757829
"Week7.1972",35208.1409170732
"Week8.1972",36663.5305769903
"Week9.1972",34082.8766047155
"Week10.1972",36254.1813324288
"Week11.1972",36898.3282098342
"Week12.1972",38184.8684574623
"Week13.1972",39091.1532716993
"Week14.1972",39006.659923136
"Week15.1972",42352.0209154995
"Week16.1972",46299.0393232013
"Week17.1972",51007.8527318547
"Week18.1972",53588.1466711258
"Week19.1972",56788.7962797729
"Week20.1972",59799.0180488226
"Week21.1972",65748.5272981707
"Week22.1972",67052.7584931857
"Week23.1972",69270.2547549309
"Week24.1972",78331.7899532256
"Week25.1972",84618.1612523066
"Week26.1972",85824.741312271
"Week27.1972",86988.3483512068
"Week28.1972",84219.034202027
"Week29.1972",89249.1090149426
"Week30.1972",91741.2984380846
"Week31.1972",94523.7072350802
"Week32.1972",94433.9619579497
"Week33.1972",91005.8600059957
"Week34.1972",86397.1543266177
"Week35.1972",84970.1080090027
"Week36.1972",82401.0673926312
"Week37.1972",81805.6203517577
"Week38.1972",73827.7104740162
"Week39.1972",72053.3743404031
"Week40.1972",73368.0970169045
"Week41.1972",71293.7016104783
"Week42.1972",70708.7570426184
"Week43.1972",63497.9748989686
"Week44.1972",57516.0892289358
"Week45.1972",54966.712847962
"Week46.1972",50090.8595815226
"Week47.1972",50560.5359710798
"Week48.1972",45750.7109932207
"Week49.1972",40167.2257383912
"Week50.1972",38164.5042745554
"Week51.1972",35533.2826385435
"Week52.1972",33195.7823506474
"Week1.1973",33764.8376478253
"Week2.1973",34260.4031287453
"Week3.1973",35209.9583852739
"Week4.1973",33830.0591061024
"Week5.1973",34705.6284421009
"Week6.1973",34232.6296595287
"Week7.1973",31317.0876849632
"Week8.1973",28254.2528782259
"Week9.1973",28824.0277018638
"Week10.1973",29069.9932847942
"Week11.1973",29019.5815091607
"Week12.1973",29000.5296510645
"Week13.1973",30039.7380637201
"Week14.1973",31313.3100813808
"Week15.1973",33055.2498294402
"Week16.1973",36575.7845217092
"Week17.1973",41195.5627784833
"Week18.1973",45415.7978279033
"Week19.1973",53017.9785386918
"Week20.1973",61120.194682001
"Week21.1973",64688.2887514624
"Week22.1973",71239.4672265156
"Week23.1973",74621.5799192292
"Week24.1973",78154.1671448728
"Week25.1973",79097.2698150256
"Week26.1973",81209.7680041166
"Week27.1973",88962.0703307565
"Week28.1973",93595.4732848231
"Week29.1973",91825.4950175953
"Week30.1973",85918.228256609
"Week31.1973",89141.994200215
"Week32.1973",91644.1709668552
"Week33.1973",90245.6072665132
"Week34.1973",86050.3273079899
"Week35.1973",86109.881241167
"Week36.1973",86377.6614555904
"Week37.1973",86733.5315646176
"Week38.1973",87113.9860837581
"Week39.1973",86952.6926709149
"Week40.1973",81372.6596943262
"Week41.1973",81796.5006409117
"Week42.1973",79688.327052555
"Week43.1973",72741.1219783844
"Week44.1973",66305.8316023458
"Week45.1973",55803.5466275603
"Week46.1973",51258.5459002
"Week47.1973",50310.9903685401
"Week48.1973",48568.9711992424
"Week49.1973",45390.2720520779
"Week50.1973",45335.79429737
"Week51.1973",45497.3249270953
"Week52.1973",42215.5184019631
"Week1.1974",42442.8649554495
"Week2.1974",41700.4113266051
"Week3.1974",39345.0739709035
"Week4.1974",39959.1493988427
"Week5.1974",38474.3058633577
"Week6.1974",35725.734598793
"Week7.1974",34263.894396738
"Week8.1974",34656.0627357109
"Week9.1974",36231.1739966779
"Week10.1974",33589.3450011534
"Week11.1974",31275.1148912659
"Week12.1974",33276.0182258534
"Week13.1974",37143.8869248741
"Week14.1974",37744.6331663962
"Week15.1974",39296.9987650733
"Week16.1974",40165.3767326508
"Week17.1974",45264.0399751494
"Week18.1974",49453.2897443794
"Week19.1974",54085.7029239189
"Week20.1974",55154.6846221877
"Week21.1974",64065.1518573557
"Week22.1974",68977.615838407
"Week23.1974",78218.0364337493
"Week24.1974",87715.3023302028
"Week25.1974",88721.3206604183
"Week26.1974",88733.0666506748
"Week27.1974",97244.3935082974
"Week28.1974",96507.2084183039
"Week29.1974",92461.1567270494
"Week30.1974",93147.7265119932
"Week31.1974",96658.4486961827
"Week32.1974",91277.4537648828
"Week33.1974",88887.0849223415
"Week34.1974",81235.989332939
"Week35.1974",75827.567115338
"Week36.1974",78881.6137125423
"Week37.1974",74139.1828299715
"Week38.1974",65249.9177945562
"Week39.1974",63810.4744798042
"Week40.1974",57433.9774247446
"Week41.1974",56798.4146911002
"Week42.1974",54860.0495263866
"Week43.1974",48856.216711639
"Week44.1974",47816.3444545032
"Week45.1974",44450.1475007561
"Week46.1974",41238.0268725027
"Week47.1974",38543.852140208
"Week48.1974",35194.958092286
"Week49.1974",30119.4550918651
"Week50.1974",30869.8400693452
"Week51.1974",30365.7870441328
"Week52.1974",28747.3888610904
"Week1.1975",28188.7534345157
"Week2.1975",27491.6151067718
"Week3.1975",26771.1904025345
"Week4.1975",27577.8012829004
"Week5.1975",26087.9690916846
"Week6.1975",25096.1722923221
"Week7.1975",25637.3096889014
"Week8.1975",26684.6133291433
"Week9.1975",26526.8286495223
"Week10.1975",25921.9125694779
"Week11.1975",26837.8944545185
"Week12.1975",30439.5163573198
"Week13.1975",31895.3228421424
"Week14.1975",34175.5064840587
"Week15.1975",39611.7084955688
"Week16.1975",42526.8474439946
"Week17.1975",45737.2544369742
"Week18.1975",52624.3644044108
"Week19.1975",58903.9380035534
"Week20.1975",61028.8502295666
"Week21.1975",68333.0366132831
"Week22.1975",71609.0612816328
"Week23.1975",79577.1387608324
"Week24.1975",89056.1803501313
"Week25.1975",89491.9156705667
"Week26.1975",95890.4808805025
"Week27.1975",104509.092709797
"Week28.1975",98123.7458802627
"Week29.1975",91541.6837396876
"Week30.1975",87198.1856688021
"Week31.1975",89799.7994952829
"Week32.1975",93994.1306128673
"Week33.1975",85039.4196515745
"Week34.1975",78123.7947833383
"Week35.1975",78009.9929573189
"Week36.1975",76176.8600070248
"Week37.1975",74454.2364228094
"Week38.1975",69181.0145835532
"Week39.1975",64239.0284774349
"Week40.1975",60929.6440543553
"Week41.1975",60500.2541448948
"Week42.1975",57485.5839222748
"Week43.1975",49932.4913888821
"Week44.1975",48091.9613877068
"Week45.1975",42015.9844724114
"Week46.1975",40242.2762652174
"Week47.1975",36807.856528834
"Week48.1975",35361.5648169814
"Week49.1975",35787.9206662096
"Week50.1975",33659.0485117634
"Week51.1975",31396.7822671311
"Week52.1975",28522.3043312725
"Week1.1976",28090.4057607961
"Week2.1976",26188.9118097701
"Week3.1976",27147.2084570494
"Week4.1976",25974.2803727822
"Week5.1976",25398.4033759029
"Week6.1976",26270.3161321313
"Week7.1976",27233.0798490344
"Week8.1976",27496.9789502199
"Week9.1976",27200.0891089944
"Week10.1976",28910.0655048057
"Week11.1976",28325.7856356731
"Week12.1976",29265.440875884
"Week13.1976",33531.7579649356
"Week14.1976",35484.5004182777
"Week15.1976",38650.0712324321
"Week16.1976",41458.3031662905
"Week17.1976",47543.9617412235
"Week18.1976",52619.9220947911
"Week19.1976",52818.3007393252
"Week20.1976",58831.4841779971
"Week21.1976",67880.9422638236
"Week22.1976",76210.0030619433
"Week23.1976",81101.4029386358
"Week24.1976",81370.447205547
"Week25.1976",81275.9158246724
"Week26.1976",88206.1759109239
"Week27.1976",86241.0204615546
"Week28.1976",91711.6563960694
"Week29.1976",93865.1323941589
"Week30.1976",100067.23139503
"Week31.1976",101562.604451765
"Week32.1976",106227.840365647
"Week33.1976",103582.402893075
"Week34.1976",101507.387663289
"Week35.1976",98108.8330973858
"Week36.1976",94242.4993020985
"Week37.1976",95615.8333274539
"Week38.1976",86585.47311257
"Week39.1976",83050.2941129474
"Week40.1976",78428.0516752405
"Week41.1976",77931.7512324016
"Week42.1976",72334.70901067
"Week43.1976",65779.3579141857
"Week44.1976",61455.5312685613
"Week45.1976",61802.0467865856
"Week46.1976",55991.4191989657
"Week47.1976",55516.8276636222
"Week48.1976",54683.7712852857
"Week49.1976",53635.912129326
"Week50.1976",53426.3645161998
"Week51.1976",50502.4402945207
"Week52.1976",50361.6813902172
"Week1.1977",48943.3270026026
"Week2.1977",48807.6961123093
"Week3.1977",44347.4415203629
"Week4.1977",45143.796350472
"Week5.1977",43531.7829501108
"Week6.1977",43916.933252975
"Week7.1977",45358.155348404
"Week8.1977",45869.5325579455
"Week9.1977",46540.110378525
"Week10.1977",45731.7667494426
"Week11.1977",46565.8834786288
"Week12.1977",47616.1559800922
"Week13.1977",50911.5340957886
"Week14.1977",50058.333801333
"Week15.1977",51813.099889066
"Week16.1977",56654.4847916655
"Week17.1977",62520.2359313223
"Week18.1977",67848.5537434428
"Week19.1977",65586.4890724812
"Week20.1977",67555.5460806642
"Week21.1977",69589.4735781618
"Week22.1977",73994.9968703259
"Week23.1977",81708.519915072
"Week24.1977",77213.6265329216
"Week25.1977",77904.8903369064
"Week26.1977",85627.6364500776
"Week27.1977",86299.3249762391
"Week28.1977",92765.1177775108
"Week29.1977",98651.4385252912
"Week30.1977",103144.486995021
"Week31.1977",101402.422187098
"Week32.1977",93664.7648412066
"Week33.1977",91404.9322076297
"Week34.1977",89672.400777796
"Week35.1977",87508.0705971041
"Week36.1977",79895.5785717028
"Week37.1977",76736.3484355491
"Week38.1977",78732.7997718553
"Week39.1977",71682.3842172046
"Week40.1977",67733.0268805586
"Week41.1977",64303.5248594789
"Week42.1977",59386.2002815442
"Week43.1977",59714.9398629307
"Week44.1977",58526.0003077242
"Week45.1977",58484.4411982069
"Week46.1977",55745.0340730463
"Week47.1977",52564.3002463321
"Week48.1977",51874.4451320419
"Week49.1977",48678.6444278158
"Week50.1977",47092.5216578843
"Week51.1977",41412.833607817
"Week52.1977",39048.0780617846
"Week1.1978",34938.4971909652
"Week2.1978",32676.1799590827
"Week3.1978",29901.0294081163
"Week4.1978",27963.5539314353
"Week5.1978",28876.5113458727
"Week6.1978",30080.1566822873
"Week7.1978",29346.000985479
"Week8.1978",31273.3212394216
"Week9.1978",32811.412996997
"Week10.1978",30245.4819288364
"Week11.1978",31952.4650720527
"Week12.1978",35748.141649206
"Week13.1978",35749.5669506011
"Week14.1978",40887.1648520425
"Week15.1978",44739.7084848184
"Week16.1978",45037.6622995747
"Week17.1978",51566.1899824977
"Week18.1978",57611.4320227062
"Week19.1978",62268.9431831999
"Week20.1978",66501.9070034862
"Week21.1978",70719.3440733023
"Week22.1978",76549.9508694504
"Week23.1978",83144.205016855
"Week24.1978",86308.9184134443
"Week25.1978",84069.111782781
"Week26.1978",81081.3090565309
"Week27.1978",89560.1061067105
"Week28.1978",94181.4785995991
"Week29.1978",89184.0109218122
"Week30.1978",82141.9430912543
"Week31.1978",82631.8611168395
"Week32.1978",80422.5491310615
"Week33.1978",79955.4603455145
"Week34.1978",77735.9656346126
"Week35.1978",70265.7878984536
"Week36.1978",67332.6606063348
"Week37.1978",68531.9404717271
"Week38.1978",69644.4456136026
"Week39.1978",61165.522942314
"Week40.1978",62700.6633889188
"Week41.1978",60342.7721487213
"Week42.1978",51491.5164436198
"Week43.1978",51068.7069471441
"Week44.1978",45452.5046860526
"Week45.1978",42836.4057941403
"Week46.1978",38280.1484552364
"Week47.1978",38805.9813469974
"Week48.1978",34508.5031914283
"Week49.1978",34672.888726453
"Week50.1978",31336.8973913905
"Week51.1978",28818.5312818144
"Week52.1978",27929.8231672119
"Week1.1979",26862.5943416875
"Week2.1979",27656.9808533517
"Week3.1979",26930.0153954902
"Week4.1979",26414.229487072
"Week5.1979",27341.9122707029
"Week6.1979",27532.2772253556
"Week7.1979",26526.6623804852
"Week8.1979",28261.2776930922
"Week9.1979",28281.9201606212
"Week10.1979",28677.7721162587
"Week11.1979",28054.519485988
"Week12.1979",31403.1985152483
"Week13.1979",33652.2817913938
"Week14.1979",34128.1735558384
"Week15.1979",37772.7184150045
"Week16.1979",39754.5399882625
"Week17.1979",44026.060895484
"Week18.1979",47875.5011806365
"Week19.1979",54715.6995742242
"Week20.1979",63457.67601283
"Week21.1979",68116.3485605775
"Week22.1979",71637.8285507881
"Week23.1979",80186.5919961168
"Week24.1979",83257.0432568107
"Week25.1979",90317.9381706024
"Week26.1979",91375.0596071007
"Week27.1979",87046.308085599
"Week28.1979",89782.0635086003
"Week29.1979",89038.5540505785
"Week30.1979",91443.8585518072
"Week31.1979",90894.0297487678
"Week32.1979",94007.1099962828
"Week33.1979",91849.9435628671
"Week34.1979",90828.0614322194
"Week35.1979",88975.4188636756
"Week36.1979",84994.9924115129
"Week37.1979",83323.5182439145
"Week38.1979",84287.8444281882
"Week39.1979",75827.7536646738
"Week40.1979",68687.9777099403
"Week41.1979",69743.6049991607
"Week42.1979",67524.1554667326
"Week43.1979",64984.833262289
"Week44.1979",64343.2063893118
"Week45.1979",56478.1260722239
"Week46.1979",55212.331699614
"Week47.1979",54793.863884253
"Week48.1979",50148.6244397159
"Week49.1979",46601.6887425837
"Week50.1979",43924.5914756522
"Week51.1979",37292.8872168417
"Week52.1979",37652.4015855326
"Week1.1980",36370.3854991186
"Week2.1980",35771.6084273849
"Week3.1980",32322.452232691
"Week4.1980",31407.3391073064
"Week5.1980",30434.7641110131
"Week6.1980",29412.7530509602
"Week7.1980",28499.3596776528
"Week8.1980",30316.6077952315
"Week9.1980",31087.3445699661
"Week10.1980",30451.6203770864
"Week11.1980",33479.9801975723
"Week12.1980",35111.6093960954
"Week13.1980",39049.6562200134
"Week14.1980",41735.0850602406
"Week15.1980",46255.0310863098
"Week16.1980",48404.8007853827
"Week17.1980",49330.2220873504
"Week18.1980",50900.4534086313
"Week19.1980",52616.6805863534
"Week20.1980",54706.5617134825
"Week21.1980",63720.5023857916
"Week22.1980",63891.450670636
"Week23.1980",71433.2652989591
"Week24.1980",75547.9969928904
"Week25.1980",78176.4232075705
"Week26.1980",77520.1612194468
"Week27.1980",76622.7326999194
"Week28.1980",77387.0631497745
"Week29.1980",79968.0799594255
"Week30.1980",79644.0873571391
"Week31.1980",78950.5042776115
"Week32.1980",82610.3570538177
"Week33.1980",80602.3054880738
"Week34.1980",76818.097971604
"Week35.1980",72679.3869652695
"Week36.1980",74285.3632769057
"Week37.1980",71491.1670979444
"Week38.1980",67229.7889163319
"Week39.1980",58942.1105493021
"Week40.1980",57803.0128809907
"Week41.1980",50647.4688225308
"Week42.1980",50700.753170613
"Week43.1980",50813.2788342729
"Week44.1980",48720.0031702967
"Week45.1980",46380.4785375069
"Week46.1980",46101.4356664757
"Week47.1980",43259.9271355966
"Week48.1980",43586.7684384947
"Week49.1980",40103.7714456263
"Week50.1980",39098.6994836865
"Week51.1980",38155.7319626985
"Week52.1980",36450.9803744053
"Week1.1981",32685.6612431978
"Week2.1981",33249.2612344053
"Week3.1981",33806.0631157408
"Week4.1981",34038.5097451409
"Week5.1981",32558.0170115332
"Week6.1981",30001.8647798649
"Week7.1981",28345.9121250851
"Week8.1981",29173.9755692102
"Week9.1981",28337.9468677341
"Week10.1981",29977.4476139709
"Week11.1981",29715.2015188325
"Week12.1981",31108.9933556217
"Week13.1981",33417.7325977196
"Week14.1981",35723.580514514
"Week15.1981",38558.0341962583
"Week16.1981",40341.7678704383
"Week17.1981",42732.1168597346
"Week18.1981",48111.14460821
"Week19.1981",51409.084370135
"Week20.1981",57336.8043207744
"Week21.1981",65039.2137042807
"Week22.1981",67867.8268327789
"Week23.1981",76671.8647508337
"Week24.1981",82885.4999117347
"Week25.1981",87156.2581599369
"Week26.1981",92379.1715962045
"Week27.1981",100291.058714854
"Week28.1981",101155.471521845
"Week29.1981",102071.905112031
"Week30.1981",98862.5643832266
"Week31.1981",103893.746605092
"Week32.1981",109255.416321159
"Week33.1981",112980.830057251
"Week34.1981",115680.692569949
"Week35.1981",105718.41731508
"Week36.1981",100559.708539772
"Week37.1981",103225.924843142
"Week38.1981",92882.3421440495
"Week39.1981",90318.818789854
"Week40.1981",90589.3167693892
"Week41.1981",83811.7503185229
"Week42.1981",75565.6994983603
"Week43.1981",72872.9027076203
"Week44.1981",68517.6433049188
"Week45.1981",68547.1517793842
"Week46.1981",66515.3127483427
"Week47.1981",61892.3362575656
"Week48.1981",57751.4839813484
"Week49.1981",56179.0536354155
"Week50.1981",55366.8457529211
"Week51.1981",54830.689007721
"Week52.1981",48768.4074981507
"Week1.1982",46322.7724239774
"Week2.1982",40003.7146755511
"Week3.1982",39326.51526283
"Week4.1982",38488.0755451943
"Week5.1982",36642.2332843642
"Week6.1982",35883.9532932045
"Week7.1982",36324.6073377595
"Week8.1982",35152.9220370073
"Week9.1982",36071.770425932
"Week10.1982",33818.3050452747
"Week11.1982",36124.1804990414
"Week12.1982",39766.7446960899
"Week13.1982",40490.7577696714
"Week14.1982",39956.9247223232
"Week15.1982",44133.6241836844
"Week16.1982",44115.3936597305
"Week17.1982",50273.009511431
"Week18.1982",55028.6147398149
"Week19.1982",59959.6159905489
"Week20.1982",62715.7995941343
"Week21.1982",68449.4755669479
"Week22.1982",76302.7671481805
"Week23.1982",78248.5475377179
"Week24.1982",85632.1507953964
"Week25.1982",90722.8575756852
"Week26.1982",97053.8143533679
"Week27.1982",94282.7462784534
"Week28.1982",92864.6852781928
"Week29.1982",98774.7531551249
"Week30.1982",98515.2003927127
"Week31.1982",94060.1524350893
"Week32.1982",91083.4856176027
"Week33.1982",87035.268163208
"Week34.1982",83985.4420981612
"Week35.1982",79001.4389135844
"Week36.1982",79344.4518823051
"Week37.1982",78302.7727375677
"Week38.1982",73960.212099186
"Week39.1982",66457.8657706283
"Week40.1982",66992.0698785171
"Week41.1982",68046.4792945449
"Week42.1982",63179.8663346139
"Week43.1982",59072.7713194423
"Week44.1982",58851.4132654297
"Week45.1982",51154.7043860847
"Week46.1982",48188.9879496401
"Week47.1982",48820.0278670623
"Week48.1982",46010.8652539792
"Week49.1982",43978.2512782782
"Week50.1982",39299.3854886917
"Week51.1982",39636.241832251
"Week52.1982",39724.2515326827
"Week1.1983",35795.0101954996
"Week2.1983",34082.2609348656
"Week3.1983",30430.9984047637
"Week4.1983",28459.5837151168
"Week5.1983",28368.4243330313
"Week6.1983",29244.7629164174
"Week7.1983",29102.1873443353
"Week8.1983",30628.939982618
"Week9.1983",28959.1895146523
"Week10.1983",28297.6583597361
"Week11.1983",27673.6691981422
"Week12.1983",31104.5982478463
"Week13.1983",34552.8396835163
"Week14.1983",37736.2078120045
"Week15.1983",41309.3574576819
"Week16.1983",46907.7839650996
"Week17.1983",49659.6651767439
"Week18.1983",56170.1763646257
"Week19.1983",58382.9299386202
"Week20.1983",65391.9622855359
"Week21.1983",69643.3008576811
"Week22.1983",74596.8791138441
"Week23.1983",83359.1457220689
"Week24.1983",87371.6034244455
"Week25.1983",90765.8893683753
"Week26.1983",99520.811685453
"Week27.1983",95214.6830121326
"Week28.1983",91467.7565310305
"Week29.1983",98517.6021410349
"Week30.1983",93162.9298519769
"Week31.1983",90793.0227348296
"Week32.1983",90025.5204805716
"Week33.1983",88696.636023159
"Week34.1983",89862.5337012168
"Week35.1983",91025.7702740228
"Week36.1983",88303.4218709381
"Week37.1983",87215.5916088529
"Week38.1983",82350.1000464584
"Week39.1983",82425.0697243224
"Week40.1983",78392.2566151054
"Week41.1983",74141.7561572622
"Week42.1983",73144.9758999033
"Week43.1983",68475.4062697388
"Week44.1983",58389.444257879
"Week45.1983",56433.1553343397
"Week46.1983",48622.5076498461
"Week47.1983",45403.9699705601
"Week48.1983",42806.1010082919
"Week49.1983",38241.754394441
"Week50.1983",35153.3519772144
"Week51.1983",35023.2808832667
"Week52.1983",33681.4113721255
"Week1.1984",32639.8989590003
"Week2.1984",30065.7452768611
"Week3.1984",29331.99013129
"Week4.1984",29665.661736547
"Week5.1984",29665.7316352669
"Week6.1984",28309.5295962326
"Week7.1984",25484.506489309
"Week8.1984",27135.893760027
"Week9.1984",28166.5555779813
"Week10.1984",30318.3362551968
"Week11.1984",31231.214419606
"Week12.1984",34679.6006309189
"Week13.1984",34842.7515877671
"Week14.1984",35506.9032320753
"Week15.1984",38066.1700646826
"Week16.1984",41816.0538075112
"Week17.1984",46275.6451253208
"Week18.1984",50548.1216217598
"Week19.1984",57930.8759697093
"Week20.1984",65905.3887469331
"Week21.1984",66933.4073862709
"Week22.1984",71894.0456756413
"Week23.1984",74495.8404827374
"Week24.1984",75246.2820769566
"Week25.1984",82518.4646329045
"Week26.1984",79968.2535136159
"Week27.1984",78256.0886860081
"Week28.1984",80466.9472253375
"Week29.1984",82556.336083356
"Week30.1984",86978.2015012028
"Week31.1984",77796.7548553373
"Week32.1984",76108.9251249877
"Week33.1984",79171.7906407205
"Week34.1984",79360.755070211
"Week35.1984",78614.4403512522
"Week36.1984",73530.4682096573
"Week37.1984",71219.561404581
"Week38.1984",68856.8018035101
"Week39.1984",67975.2026397961
"Week40.1984",58457.568675503
"Week41.1984",54052.1270333849
"Week42.1984",50156.5534127346
"Week43.1984",47679.9488400211
"Week44.1984",47439.1138879074
"Week45.1984",45879.0166852505
"Week46.1984",44887.0696651405
"Week47.1984",43342.4566752732
"Week48.1984",41545.7802932099
"Week49.1984",40657.9006876301
"Week50.1984",40672.6439569665
"Week51.1984",39171.7414793006
"Week52.1984",39790.5866310766
"Week1.1985",39615.1687483235
"Week2.1985",39721.452982481
"Week3.1985",36689.902680952
"Week4.1985",34230.8806344601
"Week5.1985",32485.5004798861
"Week6.1985",28961.6353730623
"Week7.1985",29065.6905235356
"Week8.1985",28507.9406276935
"Week9.1985",27741.0372469101
"Week10.1985",29007.3465803837
"Week11.1985",28103.5629412173
"Week12.1985",29429.6521780114
"Week13.1985",31783.9978876902
"Week14.1985",32874.1892630295
"Week15.1985",34430.65578815
"Week16.1985",37735.2076502063
"Week17.1985",44105.9864618919
"Week18.1985",44951.3638448587
"Week19.1985",50371.1614739247
"Week20.1985",57532.5216404266
"Week21.1985",65343.2796917232
"Week22.1985",73184.3853245751
"Week23.1985",75589.8751432416
"Week24.1985",78137.1714146716
"Week25.1985",76214.3537881806
"Week26.1985",79703.0050182563
"Week27.1985",83877.5277827745
"Week28.1985",84091.3857851004
"Week29.1985",83787.9201620927
"Week30.1985",90425.342701067
"Week31.1985",88540.8297434463
"Week32.1985",88041.380012402
"Week33.1985",81460.2545895397
"Week34.1985",77633.8231032963
"Week35.1985",75506.8105148276
"Week36.1985",76918.8063670889
"Week37.1985",76310.144034139
"Week38.1985",71478.5275294605
"Week39.1985",69350.7782918125
"Week40.1985",68650.8849357275
"Week41.1985",67503.461429261
"Week42.1985",64756.9815071144
"Week43.1985",55720.8413187308
"Week44.1985",52533.0261250121
"Week45.1985",51578.5731782068
"Week46.1985",48634.2484368646
"Week47.1985",46142.9692748768
"Week48.1985",44973.8666662891
"Week49.1985",44936.1302917722
"Week50.1985",40870.3576718955
"Week51.1985",39798.8538827836
"Week52.1985",36754.5880118609
"Week1.1986",31420.3323866572
"Week2.1986",31826.3679318088
"Week3.1986",30834.5827664589
"Week4.1986",30002.2497061979
"Week5.1986",29065.1139811261
"Week6.1986",29796.549684828
"Week7.1986",27566.7515090222
"Week8.1986",28053.824314068
"Week9.1986",28167.0032508896
"Week10.1986",28672.7876713575
"Week11.1986",31420.2932534467
"Week12.1986",34660.2342900305
"Week13.1986",38595.6771594864
"Week14.1986",39498.9035895144
"Week15.1986",45021.6680185633
"Week16.1986",46211.9581303502
"Week17.1986",51615.4596200969
"Week18.1986",55620.4981229017
"Week19.1986",61152.0497038049
"Week20.1986",66952.2408625011
"Week21.1986",70214.8336386504
"Week22.1986",74455.110270246
"Week23.1986",77408.0155954129
"Week24.1986",78711.2286626527
"Week25.1986",82786.3089657806
"Week26.1986",80384.5875504588
"Week27.1986",76698.8353786308
"Week28.1986",83989.8185210934
"Week29.1986",85030.7475042962
"Week30.1986",84241.9094090045
"Week31.1986",89153.7087794754
"Week32.1986",84383.3949830912
"Week33.1986",87377.8313404322
"Week34.1986",89796.9534341283
"Week35.1986",93373.0245114285
"Week36.1986",89383.7602698597
"Week37.1986",89951.0990123113
"Week38.1986",81992.2645720147
"Week39.1986",70261.9306457744
"Week40.1986",70446.3237831669
"Week41.1986",62184.4745072514
"Week42.1986",57852.4241232002
"Week43.1986",56459.4217419313
"Week44.1986",57248.4916552407
"Week45.1986",57871.6361624262
"Week46.1986",54376.8592827768
"Week47.1986",52104.5852387134
"Week48.1986",49819.481595016
"Week49.1986",49731.6882931423
"Week50.1986",45817.9463450561
"Week51.1986",43089.368631962
"Week52.1986",43813.2844923934
"Week1.1987",41125.0465090743
"Week2.1987",38627.6594488429
"Week3.1987",37065.9656205324
"Week4.1987",35514.8464251957
"Week5.1987",35260.8621584846
"Week6.1987",31893.2745687773
"Week7.1987",30548.7732417043
"Week8.1987",30505.194014768
"Week9.1987",30218.9012379287
"Week10.1987",30565.3456213458
"Week11.1987",30691.4554001317
"Week12.1987",30674.4074924721
"Week13.1987",30744.4638722133
"Week14.1987",34726.3304468905
"Week15.1987",39991.4205907764
"Week16.1987",40739.9664155872
"Week17.1987",46255.3955734567
"Week18.1987",50305.183643331
"Week19.1987",53087.6411233852
"Week20.1987",55284.1278639241
"Week21.1987",59477.7609198202
"Week22.1987",65142.5698095561
"Week23.1987",74765.3233506384
"Week24.1987",77935.5534477942
"Week25.1987",79980.9056580818
"Week26.1987",83456.662821111
"Week27.1987",83888.4259842269
"Week28.1987",86758.8618362211
"Week29.1987",87174.1783941661
"Week30.1987",85450.0016764425
"Week31.1987",88442.4037871911
"Week32.1987",91952.2095383304
"Week33.1987",88384.4528723497
"Week34.1987",85326.1605199366
"Week35.1987",80436.5444244531
"Week36.1987",79784.4705758814
"Week37.1987",82341.7556211071
"Week38.1987",82218.3542180128
"Week39.1987",76842.6180319006
"Week40.1987",73214.6332105511
"Week41.1987",63113.0781934042
"Week42.1987",60218.7741339663
"Week43.1987",53565.0289555242
"Week44.1987",52436.4943387401
"Week45.1987",52603.6173051496
"Week46.1987",52504.4345067376
"Week47.1987",48185.8269633007
"Week48.1987",44826.0622038475
"Week49.1987",45008.263740673
"Week50.1987",45524.5111376818
"Week51.1987",45954.0859618722
"Week52.1987",41959.085551568
"Week1.1988",39696.561812742
"Week2.1988",38883.5674759336
"Week3.1988",34491.4209171337
"Week4.1988",35524.0241791555
"Week5.1988",33172.1795958053
"Week6.1988",32055.7750868129
"Week7.1988",30649.9992601381
"Week8.1988",30719.8068840489
"Week9.1988",31233.561182796
"Week10.1988",33748.2048072017
"Week11.1988",33633.2507437416
"Week12.1988",36060.446751428
"Week13.1988",37788.5521515702
"Week14.1988",41110.7786645311
"Week15.1988",44537.5472922122
"Week16.1988",49273.4745970567
"Week17.1988",53226.9772093401
"Week18.1988",56929.469726849
"Week19.1988",62586.9720989621
"Week20.1988",65065.3414989976
"Week21.1988",66918.0349867453
"Week22.1988",72459.4985807466
"Week23.1988",74856.9276876584
"Week24.1988",74553.5221012905
"Week25.1988",77804.0623950452
"Week26.1988",84816.4534756214
"Week27.1988",82036.1565537282
"Week28.1988",85562.99592196
"Week29.1988",90961.0580047474
"Week30.1988",91800.7269788504
"Week31.1988",88384.5941246547
"Week32.1988",90722.9341461032
"Week33.1988",90266.1774260772
"Week34.1988",87418.1538048366
"Week35.1988",80920.8964629115
"Week36.1988",78723.1563319013
"Week37.1988",79682.3273541729
"Week38.1988",74632.6340278633
"Week39.1988",66554.9589112988
"Week40.1988",64715.1973665451
"Week41.1988",56987.4379399075
"Week42.1988",52791.6344082344
"Week43.1988",49254.1695130948
"Week44.1988",43301.9976155228
"Week45.1988",42137.2028534439
"Week46.1988",41638.4239561268
"Week47.1988",42024.1149473357
"Week48.1988",39316.3489904575
"Week49.1988",37677.1315010225
"Week50.1988",35485.0513383519
"Week51.1988",31344.142406284
"Week52.1988",31865.8567930269
"Week1.1989",29985.9828189702
"Week2.1989",28105.0606748851
"Week3.1989",26236.8794733419
"Week4.1989",26167.3128774339
"Week5.1989",26588.7502128619
"Week6.1989",26908.2308225294
"Week7.1989",26340.9458876919
"Week8.1989",26047.2848581265
"Week9.1989",26361.0143139865
"Week10.1989",29032.5949002397
"Week11.1989",30716.037464936
"Week12.1989",33434.692446873
"Week13.1989",35500.7181782426
"Week14.1989",40046.1698206356
"Week15.1989",43183.6860974172
"Week16.1989",46464.3562804609
"Week17.1989",48408.6508805454
"Week18.1989",55020.1951553343
"Week19.1989",57504.3850937568
"Week20.1989",64642.1141828966
"Week21.1989",69504.1136841112
"Week22.1989",72052.0990671231
"Week23.1989",75350.0853826672
"Week24.1989",78281.1873046074
"Week25.1989",79789.5586646536
"Week26.1989",83699.0429523525
"Week27.1989",90090.9424436046
"Week28.1989",97847.9135820077
"Week29.1989",91659.8785922
"Week30.1989",92079.5217704516
"Week31.1989",92332.0793249419
"Week32.1989",90848.6260713321
"Week33.1989",83543.2481863729
"Week34.1989",86288.3619717661
"Week35.1989",81680.8454391205
"Week36.1989",77160.9117921882
"Week37.1989",72261.3657236096
"Week38.1989",67635.2826144985
"Week39.1989",65657.2196092013
"Week40.1989",56879.3348821293
"Week41.1989",57165.3085499714
"Week42.1989",56162.067818055
"Week43.1989",51830.6132673999
"Week44.1989",50072.2050501164
"Week45.1989",49581.6971767077
"Week46.1989",47292.1347059263
"Week47.1989",46521.0398366058
"Week48.1989",45757.6428988648
"Week49.1989",43661.2614652783
"Week50.1989",41299.186378703
"Week51.1989",39606.3435148239
"Week52.1989",39889.9719118885
"Week1.1990",36113.2927756721
"Week2.1990",36234.5615788276
"Week3.1990",33853.1868289595
"Week4.1990",34789.0303257759
"Week5.1990",32199.8632257555
"Week6.1990",32245.6252901324
"Week7.1990",32405.3163676812
"Week8.1990",32797.2579213399
"Week9.1990",31978.9233753568
"Week10.1990",33950.5069144511
"Week11.1990",33142.1684856562
"Week12.1990",33573.9915222504
"Week13.1990",37290.5665130473
"Week14.1990",39376.936591979
"Week15.1990",39974.0500766202
"Week16.1990",45217.3419216888
"Week17.1990",51698.0536408641
"Week18.1990",55892.5705057232
"Week19.1990",60057.3844312301
"Week20.1990",67280.6416218666
"Week21.1990",71426.6627227758
"Week22.1990",70601.6479348859
"Week23.1990",72404.9499900531
"Week24.1990",80167.0273582554
"Week25.1990",82419.6751094214
"Week26.1990",83959.0119745171
"Week27.1990",92191.6422785943
"Week28.1990",97249.7755064894
"Week29.1990",103840.310650494
"Week30.1990",103122.628964795
"Week31.1990",95074.1451894142
"Week32.1990",88618.8381974973
"Week33.1990",79758.6652409315
"Week34.1990",79047.266391755
"Week35.1990",72645.823826203
"Week36.1990",69078.4019004726
"Week37.1990",65423.8108991595
"Week38.1990",66932.2407604279
"Week39.1990",64040.5099310721
"Week40.1990",65792.6388076557
"Week41.1990",61902.781661059
"Week42.1990",59248.6746252255
"Week43.1990",52124.0514044196
"Week44.1990",48057.8147103701
"Week45.1990",44435.4048449175
"Week46.1990",42282.1484529562
"Week47.1990",38815.8854732492
"Week48.1990",35296.661225748
"Week49.1990",32850.477613472
"Week50.1990",30763.2068808287
"Week51.1990",28714.9289595968
"Week52.1990",29428.8754661175
"Week1.1991",29746.6643398133
"Week2.1991",28117.7953976989
"Week3.1991",28994.000431877
"Week4.1991",29498.6662910486
"Week5.1991",28633.6889211828
"Week6.1991",28482.1610468121
"Week7.1991",28539.8279970768
"Week8.1991",28734.0429747043
"Week9.1991",31231.1978151656
"Week10.1991",32012.7319347832
"Week11.1991",34321.3327820778
"Week12.1991",37034.3459636797
"Week13.1991",36007.9085795288
"Week14.1991",39481.0082043445
"Week15.1991",43970.119182238
"Week16.1991",46203.6792797528
"Week17.1991",48033.8269387372
"Week18.1991",47970.2283216205
"Week19.1991",48038.3115300783
"Week20.1991",53896.8418046299
"Week21.1991",61989.2356030409
"Week22.1991",69420.6228918246
"Week23.1991",72915.598068423
"Week24.1991",79373.7793431271
"Week25.1991",82886.6558794677
"Week26.1991",89799.5947059111
"Week27.1991",90262.0389908626
"Week28.1991",96036.9735445396
"Week29.1991",94591.4915611765
"Week30.1991",89709.486691943
"Week31.1991",80982.7143414092
"Week32.1991",80881.0770942375
"Week33.1991",80292.2918263234
"Week34.1991",83590.8119050022
"Week35.1991",82208.1621371741
"Week36.1991",75463.0660635946
"Week37.1991",70401.873050159
"Week38.1991",67752.7732605935
"Week39.1991",62661.2661323931
"Week40.1991",61533.7417902605
"Week41.1991",53575.7934655962
"Week42.1991",50252.7138221379
"Week43.1991",47727.146713157
"Week44.1991",47656.6550881977
"Week45.1991",44460.8808896898
"Week46.1991",44593.3821524972
"Week47.1991",41234.677281034
"Week48.1991",38308.470980913
"Week49.1991",33575.9636361258
"Week50.1991",30404.8320315797
"Week51.1991",26965.3844034465
"Week52.1991",24702.5764871762
"Week1.1992",23537.6289566059
"Week2.1992",20782.957803416
"Week3.1992",20206.7349263156
"Week4.1992",20344.4082095678
"Week5.1992",21133.4813341476
"Week6.1992",20003.7745774205
"Week7.1992",20376.109197727
"Week8.1992",21089.0301537991
"Week9.1992",22231.6748322329
"Week10.1992",23701.772024332
"Week11.1992",24508.2925876275
"Week12.1992",26729.4410571519
"Week13.1992",29540.7554715362
"Week14.1992",32987.3458432823
"Week15.1992",35672.8092112357
"Week16.1992",42194.6917536335
"Week17.1992",44143.2067513345
"Week18.1992",50523.0107714865
"Week19.1992",56942.8968947473
"Week20.1992",61024.2120880755
"Week21.1992",66328.613376452
"Week22.1992",67820.9132012473
"Week23.1992",71097.2426817746
"Week24.1992",78609.9879860314
"Week25.1992",85591.1199784387
"Week26.1992",84618.6553662328
"Week27.1992",84576.007757973
"Week28.1992",85161.1995119283
"Week29.1992",80412.9888917439
"Week30.1992",81319.8661717044
"Week31.1992",85424.9349156569
"Week32.1992",80430.6711184839
"Week33.1992",81364.0806991903
"Week34.1992",78639.1961839867
"Week35.1992",70280.8446407774
"Week36.1992",67962.3811882646
"Week37.1992",66732.6789626364
"Week38.1992",65575.1082650846
"Week39.1992",60676.9183460812
"Week40.1992",58407.8901955181
"Week41.1992",59881.893759731
"Week42.1992",59486.2648147855
"Week43.1992",60213.2477138424
"Week44.1992",58036.153199988
"Week45.1992",57889.2653396297
"Week46.1992",54510.9099553263
"Week47.1992",54493.8344579088
"Week48.1992",51627.7326503943
"Week49.1992",50065.7134273862
"Week50.1992",46259.1218607816
"Week51.1992",43098.3901893006
"Week52.1992",41980.4564568748
"Week1.1993",40378.6981083142
"Week2.1993",36967.8035324772
"Week3.1993",35655.1553690041
"Week4.1993",36423.0963918129
"Week5.1993",34204.2316940232
"Week6.1993",35255.5654684004
"Week7.1993",34166.1976397537
"Week8.1993",31326.500099863
"Week9.1993",31439.2437784808
"Week10.1993",31258.1006505745
"Week11.1993",32723.7780437118
"Week12.1993",34017.5765181514
"Week13.1993",36375.4571758175
"Week14.1993",37787.7148925241
"Week15.1993",40140.7701784045
"Week16.1993",43994.2970667691
"Week17.1993",48241.077668144
"Week18.1993",51144.7679063872
"Week19.1993",52309.3685340578
"Week20.1993",58531.5209213374
"Week21.1993",67387.4130108796
"Week22.1993",67278.2795228468
"Week23.1993",69349.7494034401
"Week24.1993",71311.6518519254
"Week25.1993",78950.4505814367
"Week26.1993",81560.9035441738
"Week27.1993",86220.6267857875
"Week28.1993",86393.4273257148
"Week29.1993",83689.504335917
"Week30.1993",81083.3972336125
"Week31.1993",80381.9632251618
"Week32.1993",84133.6962247612
"Week33.1993",77865.6038998797
"Week34.1993",76414.8434135672
"Week35.1993",76571.1409422272
"Week36.1993",79875.5479429782
"Week37.1993",71378.0534544985
"Week38.1993",71846.1837036209
"Week39.1993",66264.6594749449
"Week40.1993",62832.3128506268
"Week41.1993",63532.3753221164
"Week42.1993",59666.7286687505
"Week43.1993",58763.4218276903
"Week44.1993",55037.5544581723
"Week45.1993",55008.4861702568
"Week46.1993",53936.9802305485
"Week47.1993",48827.9638453514
"Week48.1993",43575.6615268706
"Week49.1993",41111.9471991097
"Week50.1993",36469.5733931118
"Week51.1993",36086.4229156101
"Week52.1993",35666.7256416528
"Week1.1994",34726.5624844308
"Week2.1994",35188.0323816837
"Week3.1994",32738.9318551131
"Week4.1994",31940.3153866368
"Week5.1994",31782.6195603953
"Week6.1994",32662.8638284465
"Week7.1994",34190.5981758343
"Week8.1994",35775.3755467857
"Week9.1994",36017.9085750372
"Week10.1994",38059.7459759335
"Week11.1994",40335.2571875449
"Week12.1994",39899.1096584893
"Week13.1994",41833.4635388236
"Week14.1994",44277.2596144911
"Week15.1994",44124.1747275708
"Week16.1994",50236.0960213924
"Week17.1994",51658.3253629675
"Week18.1994",58522.5048541917
"Week19.1994",61734.9458669822
"Week20.1994",65676.7355681399
"Week21.1994",73002.8508973234
"Week22.1994",76445.4046242754
"Week23.1994",83788.3929007301
"Week24.1994",86572.5675055433
"Week25.1994",82503.2828407693
"Week26.1994",86230.3728731142
"Week27.1994",92942.066029316
"Week28.1994",96852.1769420488
"Week29.1994",97961.6308624791
"Week30.1994",94801.9692328167
"Week31.1994",88845.3115212947
"Week32.1994",88200.0835720207
"Week33.1994",82619.7911097646
"Week34.1994",85992.8833265728
"Week35.1994",82161.7980940063
"Week36.1994",75464.6879167849
"Week37.1994",72797.215626828
"Week38.1994",69152.0598350207
"Week39.1994",69369.3988205868
"Week40.1994",65938.1026329052
"Week41.1994",64954.5526428398
"Week42.1994",62187.0046541076
"Week43.1994",60375.3999470831
"Week44.1994",52783.0912465461
"Week45.1994",46360.591152658
"Week46.1994",44462.7919532768
"Week47.1994",42326.6173491238
"Week48.1994",41579.0041865099
"Week49.1994",39508.1223692595
"Week50.1994",38751.6131104742
"Week51.1994",36691.3931435373
"Week52.1994",35998.8768603606
"Week1.1995",35735.9321771548
"Week2.1995",32317.8286565515
"Week3.1995",32697.1647201358
"Week4.1995",33374.0917407262
"Week5.1995",30250.7924055507
"Week6.1995",30363.4249896259
"Week7.1995",28926.2586009653
"Week8.1995",30102.9090840942
"Week9.1995",30308.5963185344
"Week10.1995",29718.1836201988
"Week11.1995",29735.8922378176
"Week12.1995",31481.0418692489
"Week13.1995",34089.0720418905
"Week14.1995",36856.5960467985
"Week15.1995",39914.8315930746
"Week16.1995",41029.3696072369
"Week17.1995",43869.2239066043
"Week18.1995",51337.9989043864
"Week19.1995",59534.7646500689
"Week20.1995",65215.2527082271
"Week21.1995",72984.1501398582
"Week22.1995",76588.5728952151
"Week23.1995",85174.9773365521
"Week24.1995",84783.952452505
"Week25.1995",85849.5425933724
"Week26.1995",84742.2923002837
"Week27.1995",86492.2751381212
"Week28.1995",87751.8777520035
"Week29.1995",84619.7766317639
"Week30.1995",91233.1859883717
"Week31.1995",97434.4755172521
"Week32.1995",93386.6448939542
"Week33.1995",96059.5900239628
"Week34.1995",93806.3560202206
"Week35.1995",87047.2299812916
"Week36.1995",81749.9465152244
"Week37.1995",76713.0505135075
"Week38.1995",70551.0964194156
"Week39.1995",65112.2615519357
"Week40.1995",66682.552538534
"Week41.1995",67224.862121668
"Week42.1995",59443.5566751877
"Week43.1995",55838.7258478356
"Week44.1995",54995.6908478649
"Week45.1995",51205.773035005
"Week46.1995",46938.8372926086
"Week47.1995",45770.7336440825
"Week48.1995",44327.0813865048
"Week49.1995",39293.8913835674
"Week50.1995",36857.4223932831
"Week51.1995",36946.6803742927
"Week52.1995",37569.0713775472
"Week1.1996",35020.4466466468
"Week2.1996",31411.5942039252
"Week3.1996",30717.6932116237
"Week4.1996",31539.3357543168
"Week5.1996",31763.0775549331
"Week6.1996",33343.6976548989
"Week7.1996",34185.7513461945
"Week8.1996",36170.434903542
"Week9.1996",36212.8517589377
"Week10.1996",36980.9475929207
"Week11.1996",37838.2215179435
"Week12.1996",40751.9448432723
"Week13.1996",43869.5008317904
"Week14.1996",42725.8719097768
"Week15.1996",48165.3166686155
"Week16.1996",48606.1517936978
"Week17.1996",46964.2166116389
"Week18.1996",47491.8356093304
"Week19.1996",50468.1463172282
"Week20.1996",58938.4998525088
"Week21.1996",63452.8832114771
"Week22.1996",64556.4663221518
"Week23.1996",70310.5142533851
"Week24.1996",72985.8491315606
"Week25.1996",74660.2414159074
"Week26.1996",78707.7666549717
"Week27.1996",82343.3877322486
"Week28.1996",84395.6447957049
"Week29.1996",84180.7687208591
"Week30.1996",83500.2248544665
"Week31.1996",88020.5811484393
"Week32.1996",92821.2366456995
"Week33.1996",95775.6524402606
"Week34.1996",88983.6261349912
"Week35.1996",92320.517999541
"Week36.1996",88295.6738713652
"Week37.1996",85568.1742745382
"Week38.1996",82337.3066933922
"Week39.1996",78959.9005890229
"Week40.1996",73267.1455492317
"Week41.1996",69034.830084613
"Week42.1996",67502.7216809345
"Week43.1996",63653.2008381929
"Week44.1996",59676.4242318051
"Week45.1996",57166.9023817341
"Week46.1996",56928.5417750578
"Week47.1996",54514.4550253839
"Week48.1996",53716.2911768174
"Week49.1996",50814.0140758621
"Week50.1996",50569.2505875028
"Week51.1996",46439.2875550299
"Week52.1996",41105.6750508277
"Week1.1997",39529.2824337111
"Week2.1997",35155.5947648226
"Week3.1997",33257.7592045803
"Week4.1997",29821.3707134019
"Week5.1997",30360.653510868
"Week6.1997",30029.7005792768
"Week7.1997",31483.6319947854
"Week8.1997",33542.8225040138
"Week9.1997",32765.7870476177
"Week10.1997",32486.0284303693
"Week11.1997",32959.625492679
"Week12.1997",34902.8054890483
"Week13.1997",38484.0732213559
"Week14.1997",42295.6891897736
"Week15.1997",45403.8422961844
"Week16.1997",47639.9084727037
"Week17.1997",51176.6030951663
"Week18.1997",55455.4941111629
"Week19.1997",58669.8599623124
"Week20.1997",65811.371490902
"Week21.1997",70848.0150923987
"Week22.1997",79319.1265684953
"Week23.1997",75162.594452966
"Week24.1997",72039.0028253745
"Week25.1997",69475.875930356
"Week26.1997",71817.5278082334
"Week27.1997",72786.0175429031
"Week28.1997",78009.4887777812
"Week29.1997",77944.407869462
"Week30.1997",82341.6733510451
"Week31.1997",82451.1443046147
"Week32.1997",80218.8513565366
"Week33.1997",78338.1071741174
"Week34.1997",75700.3329551623
"Week35.1997",78815.7889646372
"Week36.1997",77920.7076695961
"Week37.1997",70149.3852629736
"Week38.1997",65628.1576486636
"Week39.1997",65177.4575783935
"Week40.1997",58826.9392980605
"Week41.1997",54843.4308429954
"Week42.1997",53461.8885750284
"Week43.1997",51849.6424072248
"Week44.1997",45873.4095135689
"Week45.1997",44230.1688368886
"Week46.1997",44345.5546679375
"Week47.1997",39630.6522787879
"Week48.1997",37764.2266768741
"Week49.1997",34797.6992187848
"Week50.1997",32779.2981160801
"Week51.1997",33207.3015165702
"Week52.1997",31764.9742109468
"Week1.1998",31805.991561104
"Week2.1998",29724.4364338731
"Week3.1998",28746.3657119696
"Week4.1998",29796.3249283738
"Week5.1998",28805.9836978181
"Week6.1998",28335.9653655163
"Week7.1998",25388.8328623527
"Week8.1998",24078.032607831
"Week9.1998",25739.0635890281
"Week10.1998",27117.5604483221
"Week11.1998",26999.1719449161
"Week12.1998",30520.6181797248
"Week13.1998",34777.1130002927
"Week14.1998",37535.2336251066
"Week15.1998",40730.3879867551
"Week16.1998",46788.1614487599
"Week17.1998",53770.1292693978
"Week18.1998",56945.8417406061
"Week19.1998",61258.5544567092
"Week20.1998",69131.6260527346
"Week21.1998",69746.6924430379
"Week22.1998",70070.933548128
"Week23.1998",78484.5779946085
"Week24.1998",78186.934783533
"Week25.1998",83183.7933048753
"Week26.1998",90391.1424971988
"Week27.1998",93454.7628080997
"Week28.1998",90677.9886032864
"Week29.1998",96713.7573715759
"Week30.1998",101255.667816646
"Week31.1998",104860.188595476
"Week32.1998",107453.849971339
"Week33.1998",109605.843496194
"Week34.1998",112779.885895452
"Week35.1998",95213.3368524196
"Week36.1998",98176.7127464318
"Week37.1998",93514.8220109423
"Week38.1998",93612.6207687539
"Week39.1998",88013.4211055325
"Week40.1998",88010.8229889073
"Week41.1998",81757.2681169143
"Week42.1998",74054.1236668312
"Week43.1998",70280.2091905983
"Week44.1998",68034.6799778033
"Week45.1998",65181.2689696713
"Week46.1998",59003.5945892262
"Week47.1998",56249.9768072646
"Week48.1998",55366.8043446574
"Week49.1998",54130.9862828573
"Week50.1998",52659.7747281642
"Week51.1998",52389.8122830771
"Week52.1998",52824.2114671237
"Week1.1999",47879.0096587704
"Week2.1999",45186.2378194521
"Week3.1999",38408.4315238225
"Week4.1999",38123.9751906921
"Week5.1999",36654.4104517174
"Week6.1999",34435.5862716464
"Week7.1999",34303.9100815233
"Week8.1999",33433.2757455552
"Week9.1999",34865.2077953054
"Week10.1999",33590.6525684708
"Week11.1999",36541.8673053692
"Week12.1999",36922.1615089079
"Week13.1999",38403.3274024618
"Week14.1999",41823.4511085788
"Week15.1999",43366.5452590563
"Week16.1999",48740.2630573069
"Week17.1999",55563.5095699774
"Week18.1999",56665.5346136657
"Week19.1999",60996.2519542039
"Week20.1999",66975.7294019254
"Week21.1999",72968.377590709
"Week22.1999",77813.8917091058
"Week23.1999",80944.2524383811
"Week24.1999",84718.12653097
"Week25.1999",93733.9669849465
"Week26.1999",93858.8225025623
"Week27.1999",92331.8435549005
"Week28.1999",92064.5440365539
"Week29.1999",97727.3296170324
"Week30.1999",97524.5485631673
"Week31.1999",99775.2960240538
"Week32.1999",98992.1845302845
"Week33.1999",100157.616655574
"Week34.1999",98368.6325640542
"Week35.1999",92728.4614700407
"Week36.1999",87879.2789622235
"Week37.1999",87980.8282790173
"Week38.1999",76873.7169297823
"Week39.1999",72806.5317960623
"Week40.1999",73486.964911287
"Week41.1999",69595.8445038156
"Week42.1999",69544.0361508348
"Week43.1999",64715.027319582
"Week44.1999",61445.1321007678
"Week45.1999",56045.3099776619
"Week46.1999",49076.0833268827
"Week47.1999",49535.5907839975
"Week48.1999",49117.6666487657
"Week49.1999",42353.106456011
"Week50.1999",41523.4638331489
"Week51.1999",41984.350386036
"Week52.1999",39704.1210530289
"Week1.2000",35398.2830802094
"Week2.2000",33872.7232099178
"Week3.2000",34021.092053102
"Week4.2000",31770.1530815502
"Week5.2000",31363.8132959767
"Week6.2000",27746.7204628518
"Week7.2000",27130.008658097
"Week8.2000",28472.6477984795
"Week9.2000",28164.6518293207
"Week10.2000",28608.6811669466
"Week11.2000",29385.2288764965
"Week12.2000",32301.2220475386
"Week13.2000",34675.8744074331
"Week14.2000",39278.312631536
"Week15.2000",44878.2348006129
"Week16.2000",47631.8472646218
"Week17.2000",54753.9780630531
"Week18.2000",57181.3329975385
"Week19.2000",60354.5498611548
"Week20.2000",67214.5459756846
"Week21.2000",70862.2193294579
"Week22.2000",79010.4636449879
"Week23.2000",75956.0806763692
"Week24.2000",78423.8834909992
"Week25.2000",84675.5070096674
"Week26.2000",84848.0860427755
"Week27.2000",90036.3305917189
"Week28.2000",91283.5054792947
"Week29.2000",88131.9740741676
"Week30.2000",86825.1351873088
"Week31.2000",82729.8143599271
"Week32.2000",82672.7034483355
"Week33.2000",85557.2920247446
"Week34.2000",83273.9499582845
"Week35.2000",85626.9000236047
"Week36.2000",80467.4911002554
"Week37.2000",76896.464132296
"Week38.2000",76875.1623359949
"Week39.2000",78733.4843006416
"Week40.2000",73508.435665364
"Week41.2000",65121.480633073
"Week42.2000",64390.7585079567
"Week43.2000",59378.038471263
"Week44.2000",53092.4387246351
"Week45.2000",47821.1101220988
"Week46.2000",44241.5339733603
"Week47.2000",39641.2309469711
"Week48.2000",39727.4359145031
"Week49.2000",37744.2885108518
"Week50.2000",36046.3065051876
"Week51.2000",34884.8359821397
"Week52.2000",35321.602184498
"Week1.2001",35040.7610540794
"Week2.2001",34447.922113334
"Week3.2001",33606.8494414111
"Week4.2001",30770.4974569093
"Week5.2001",32348.0212228983
"Week6.2001",29857.9143418387
"Week7.2001",32126.855939087
"Week8.2001",34229.6290788052
"Week9.2001",34640.8763912607
"Week10.2001",33270.1706613164
"Week11.2001",35147.3892204516
"Week12.2001",36633.5678942731
"Week13.2001",41743.3572849978
"Week14.2001",42785.9046658213
"Week15.2001",49384.785362818
"Week16.2001",52701.2240349036
"Week17.2001",59607.6352673991
"Week18.2001",62894.7279227663
"Week19.2001",71818.6590582807
"Week20.2001",73676.9685442069
"Week21.2001",82795.9866335778
"Week22.2001",85313.3758384495
"Week23.2001",96393.2710661475
"Week24.2001",107802.049411544
"Week25.2001",116734.231614881
"Week26.2001",123919.248578309
"Week27.2001",133497.78647231
"Week28.2001",139713.710314107
"Week29.2001",143245.703710669
"Week30.2001",142602.558924062
"Week31.2001",147186.471083366
"Week32.2001",146663.222118036
"Week33.2001",144897.359135437
"Week34.2001",143451.837245494
"Week35.2001",137206.93673034
"Week36.2001",136126.640139298
"Week37.2001",132210.151896263
"Week38.2001",119984.460543646
"Week39.2001",113686.202660213
"Week40.2001",102238.258541001
"Week41.2001",93331.801334521
"Week42.2001",85385.2889592774
"Week43.2001",77604.6339004892
"Week44.2001",77122.7057209482
"Week45.2001",67911.4909800054
"Week46.2001",60550.9041483361
"Week47.2001",56925.4179453004
"Week48.2001",49282.7462565365
"Week49.2001",45823.0446486128
"Week50.2001",45846.9370948438
"Week51.2001",38117.1615684755
"Week52.2001",38449.1661202586
"Week1.2002",39752.4285626484
"Week2.2002",44983.3599581719
"Week3.2002",51936.8929312709
"Week4.2002",55931.5142106701
"Week5.2002",61074.8955280393
"Week6.2002",71136.4679682217
"Week7.2002",77110.6565793523
"Week8.2002",83059.2420002647
"Week9.2002",92362.6910367803
"Week10.2002",98756.0042518027
"Week11.2002",105214.530716645
"Week12.2002",111718.52928248
"Week13.2002",126825.687444263
"Week14.2002",140796.890956351
"Week15.2002",165953.922259398
"Week16.2002",190637.744832279
"Week17.2002",217400.135168255
"Week18.2002",246257.252767294
"Week19.2002",262059.771824846
"Week20.2002",271572.148105718
"Week21.2002",304668.346690617
"Week22.2002",337257.965085291
"Week23.2002",357056.858131209
"Week24.2002",408970.981588901
"Week25.2002",438662.517652237
"Week26.2002",429897.25557291
"Week27.2002",465756.155658963
"Week28.2002",492455.357862076
"Week29.2002",485399.403229845
"Week30.2002",512212.516472192
"Week31.2002",502234.378820655
"Week32.2002",528295.003222472
"Week33.2002",540695.679366306
"Week34.2002",543787.354383608
"Week35.2002",517085.19124901
"Week36.2002",497486.063249138
"Week37.2002",483040.079601626
"Week38.2002",457728.911494023
"Week39.2002",464090.886774754
"Week40.2002",439024.598277896
"Week41.2002",434964.267587254
"Week42.2002",410583.51463885
"Week43.2002",413325.137735172
"Week44.2002",365071.471808281
"Week45.2002",318627.18382663
"Week46.2002",318610.195442037
"Week47.2002",300906.292511878
"Week48.2002",300685.714836272
"Week49.2002",301809.019355062
"Week50.2002",254298.992238313
"Week51.2002",233205.449238012
"Week52.2002",234373.134907333
"Week1.2003",220412.064847094
"Week2.2003",183679.415226336
"Week3.2003",167141.736722996
"Week4.2003",167283.952481027
"Week5.2003",142256.041729874
"Week6.2003",133321.838064303
"Week7.2003",126995.888114878
"Week8.2003",118811.97983172
"Week9.2003",112693.660991866
"Week10.2003",105332.466619116
"Week11.2003",102870.915842292
"Week12.2003",94049.4897860777
"Week13.2003",88419.769931927
"Week14.2003",93244.8220491545
"Week15.2003",93988.902953513
"Week16.2003",98337.2969255426
"Week17.2003",96148.4738286504
"Week18.2003",96578.0176270042
"Week19.2003",96767.2427570992
"Week20.2003",103793.911413016
"Week21.2003",104475.766388027
"Week22.2003",110698.989186037
"Week23.2003",109636.544595421
"Week24.2003",107914.686319165
"Week25.2003",116130.534113005
"Week26.2003",125657.97732238
"Week27.2003",130107.152927769
"Week28.2003",134199.665833485
"Week29.2003",130042.772844578
"Week30.2003",125583.672937278
"Week31.2003",130578.17421982
"Week32.2003",139277.131487797
"Week33.2003",139919.597058545
"Week34.2003",135640.437224924
"Week35.2003",130407.906116315
"Week36.2003",134448.121392631
"Week37.2003",122605.7632697
"Week38.2003",114413.384126115
"Week39.2003",108458.568283785
"Week40.2003",107398.502205587
"Week41.2003",109415.701004629
"Week42.2003",104722.194420139
"Week43.2003",96202.7833134275
"Week44.2003",85967.133720502
"Week45.2003",87204.1940933747
"Week46.2003",88503.5595287359
"Week47.2003",81450.4802313845
"Week48.2003",71128.2391416633
"Week49.2003",67999.0081918298
"Week50.2003",64283.6239502544
"Week51.2003",54895.4428534839
"Week52.2003",51438.2103718907
"Week1.2004",49811.8872371984
"Week2.2004",49540.7806126383
"Week3.2004",53284.9806241826
"Week4.2004",54763.5067127163
"Week5.2004",57536.6378619229
"Week6.2004",60965.3383365974
"Week7.2004",66639.0936577173
"Week8.2004",72232.0300211741
"Week9.2004",78838.0234369617
"Week10.2004",82743.9214125012
"Week11.2004",88109.5084720486
"Week12.2004",96840.3923030175
"Week13.2004",106344.268036954
"Week14.2004",119470.629773332
"Week15.2004",129074.294924627
"Week16.2004",134854.313749966
"Week17.2004",158017.974719036
"Week18.2004",174654.686172243
"Week19.2004",200770.310785844
"Week20.2004",213196.229193945
"Week21.2004",230018.106140039
"Week22.2004",251338.950123579
"Week23.2004",279635.892482304
"Week24.2004",286783.816213292
"Week25.2004",312985.487067271
"Week26.2004",312252.609552321
"Week27.2004",301811.25012885
"Week28.2004",285829.48837261
"Week29.2004",298607.033693988
"Week30.2004",316502.188602495
"Week31.2004",339732.733113548
"Week32.2004",351403.623006753
"Week33.2004",344141.056302521
"Week34.2004",347474.217141493
"Week35.2004",333747.470923084
"Week36.2004",319747.116878306
"Week37.2004",297097.378839715
"Week38.2004",301205.046489618
"Week39.2004",287359.200249098
"Week40.2004",268006.007091697
"Week41.2004",252001.784662637
"Week42.2004",230098.273682704
"Week43.2004",227203.371499884
"Week44.2004",229791.042409761
"Week45.2004",223690.565916274
"Week46.2004",212372.70063403
"Week47.2004",203346.981108524
"Week48.2004",187199.71848934
"Week49.2004",166136.336320038
"Week50.2004",158270.99919353
"Week51.2004",142887.06856494
"Week52.2004",133689.46484076
"Week1.2005",125271.033137053
"Week2.2005",115888.97517253
"Week3.2005",109660.826578169
"Week4.2005",100388.971687744
"Week5.2005",101413.029798854
"Week6.2005",98769.0850758781
"Week7.2005",99576.5577622288
"Week8.2005",106544.145374978
"Week9.2005",114472.603412221
"Week10.2005",117608.465033231
"Week11.2005",119855.77640525
"Week12.2005",137703.541773211
"Week13.2005",147398.124133139
"Week14.2005",165064.40192653
"Week15.2005",171763.190107827
"Week16.2005",179198.002654642
"Week17.2005",198048.686392028
"Week18.2005",223801.612227206
"Week19.2005",234260.094858989
"Week20.2005",259239.992633425
"Week21.2005",294522.217817767
"Week22.2005",313251.265372527
"Week23.2005",333203.365736067
"Week24.2005",361918.118525008
"Week25.2005",390306.744108274
"Week26.2005",393582.887329749
"Week27.2005",422814.151287125
"Week28.2005",457908.031953406
"Week29.2005",460572.964818578
"Week30.2005",443057.535977702
"Week31.2005",431828.762985711
"Week32.2005",404013.852521139
"Week33.2005",387995.397472259
"Week34.2005",384934.32331235
"Week35.2005",401203.380283526
"Week36.2005",408476.561839471
"Week37.2005",390845.521520312
"Week38.2005",356448.434233344
"Week39.2005",347049.964204057
"Week40.2005",349026.889335486
"Week41.2005",322485.140831791
"Week42.2005",289453.037969019
"Week43.2005",294703.130744085
"Week44.2005",273908.141306237
"Week45.2005",254406.911835727
"Week46.2005",253459.145184048
"Week47.2005",246745.483478261
"Week48.2005",225620.996423042
"Week49.2005",224315.610290552
"Week50.2005",226000.92592206
"Week51.2005",225512.622215179
"Week52.2005",211492.488756732
"Week1.2006",214478.218936669
"Week2.2006",192334.389236694
"Week3.2006",175644.169622511
"Week4.2006",180217.548197106
"Week5.2006",175795.849652788
"Week6.2006",172380.080577215
"Week7.2006",174763.022835243
"Week8.2006",163834.862390626
"Week9.2006",172290.353707012
"Week10.2006",188117.448165241
"Week11.2006",205690.83337962
"Week12.2006",217195.278250836
"Week13.2006",212840.342633874
"Week14.2006",247274.320239801
"Week15.2006",277500.635677133
"Week16.2006",288519.104779822
"Week17.2006",324114.813150874
"Week18.2006",337194.66187283
"Week19.2006",379334.469991666
"Week20.2006",437617.024252027
"Week21.2006",446869.431761862
"Week22.2006",469660.108439063
"Week23.2006",517128.098951359
"Week24.2006",575433.999681966
"Week25.2006",636080.158460963
"Week26.2006",633561.754174006
"Week27.2006",642918.382454203
"Week28.2006",659799.169249707
"Week29.2006",663546.20551235
"Week30.2006",688878.122381228
"Week31.2006",677325.350405454
"Week32.2006",692063.557837787
"Week33.2006",705629.219454368
"Week34.2006",721556.125406448
"Week35.2006",659424.936239481
"Week36.2006",656462.240693732
"Week37.2006",645551.638085479
"Week38.2006",619168.791219688
"Week39.2006",579350.214794285
"Week40.2006",536759.94064485
"Week41.2006",542615.733633421
"Week42.2006",509938.297583707
"Week43.2006",476378.493459624
"Week44.2006",425316.862764133
"Week45.2006",419175.973439891
"Week46.2006",408867.978333625
"Week47.2006",405425.868086255
"Week48.2006",392489.281341391
"Week49.2006",380652.064519143
"Week50.2006",347221.919330353
"Week51.2006",328938.007484403
"Week52.2006",299893.154712926
"Week1.2007",272068.002284502
"Week2.2007",263581.876864061
"Week3.2007",248853.573832244
"Week4.2007",207178.930408266
"Week5.2007",195706.535682341
"Week6.2007",172883.138597829
"Week7.2007",157326.088026702
"Week8.2007",148425.992249987
"Week9.2007",146483.126425764
"Week10.2007",138192.149199846
"Week11.2007",136415.745020835
"Week12.2007",127745.431862483
"Week13.2007",121077.456909493
"Week14.2007",118193.790883873
"Week15.2007",125692.817569971
"Week16.2007",127237.128360686
"Week17.2007",120372.47663756
"Week18.2007",129931.167648983
"Week19.2007",141275.308189186
"Week20.2007",145659.062336552
"Week21.2007",144018.227432054
"Week22.2007",159065.928352967
"Week23.2007",171588.560883669
"Week24.2007",170793.369451338
"Week25.2007",162506.936132738
"Week26.2007",171485.673688263
"Week27.2007",185467.431255847
"Week28.2007",173745.423496384
"Week29.2007",178555.7619015
"Week30.2007",175718.701953777
"Week31.2007",159909.601447044
"Week32.2007",167835.738604942
"Week33.2007",158971.266084506
"Week34.2007",154172.394010302
"Week35.2007",155019.064825718
"Week36.2007",157071.515662263
"Week37.2007",150381.333122908
"Week38.2007",132962.365792937
"Week39.2007",122084.102762437
"Week40.2007",118262.688119255
"Week41.2007",119989.652306139
"Week42.2007",116091.583644235
"Week43.2007",104205.578453013
"Week44.2007",103858.71979363
"Week45.2007",100307.662283287
"Week46.2007",96218.6692979102
"Week47.2007",89164.9536098041
"Week48.2007",88643.5907819484
"Week49.2007",87741.1340655126
"Week50.2007",85736.9315676574
"Week51.2007",80215.0813058958
"Week52.2007",75602.3308632678
"Week1.2008",76022.3450599489
"Week2.2008",82912.9753451545
"Week3.2008",86512.7441643008
"Week4.2008",98830.6787388665
"Week5.2008",106747.966450071
"Week6.2008",119864.799808849
"Week7.2008",133700.799908037
"Week8.2008",136351.645800643
"Week9.2008",148666.369243229
"Week10.2008",167275.855720589
"Week11.2008",171299.301621663
"Week12.2008",198864.304978521
"Week13.2008",211726.779007145
"Week14.2008",249898.89197769
"Week15.2008",297521.40299263
"Week16.2008",320126.631514223
"Week17.2008",342449.482569482
"Week18.2008",405384.918428091
"Week19.2008",474216.989430495
"Week20.2008",514833.002921374
"Week21.2008",553119.125702976
"Week22.2008",587842.097298891
"Week23.2008",617079.109724622
"Week24.2008",686684.312667973
"Week25.2008",731993.272418958
"Week26.2008",758877.955277116
"Week27.2008",763697.843235684
"Week28.2008",749965.713207686
"Week29.2008",813527.375068265
"Week30.2008",806451.035366296
"Week31.2008",816260.080194748
"Week32.2008",862550.95620609
"Week33.2008",893123.456247595
"Week34.2008",877205.583715794
"Week35.2008",837804.325289923
"Week36.2008",863092.850353282
"Week37.2008",872924.010082509
"Week38.2008",803180.535312505
"Week39.2008",771541.119985607
"Week40.2008",678831.563671685
"Week41.2008",613874.900574883
"Week42.2008",571867.842391329
"Week43.2008",564642.763287787
"Week44.2008",522485.755027897
"Week45.2008",467419.032826329
"Week46.2008",450043.082421369
"Week47.2008",393506.302506008
"Week48.2008",346628.987945655
"Week49.2008",328834.27602271
"Week50.2008",335265.673881234
"Week51.2008",333038.966368151
"Week52.2008",322118.949986985
"Week1.2009",323282.713763495
"Week2.2009",323043.434203496
"Week3.2009",291158.688650507
"Week4.2009",268869.857322994
"Week5.2009",251850.387721019
"Week6.2009",247020.064980554
"Week7.2009",224367.376336673
"Week8.2009",206363.083647491
"Week9.2009",214550.976997257
"Week10.2009",226732.375908215
"Week11.2009",230781.893992652
"Week12.2009",243488.369666756
"Week13.2009",239337.62517666
"Week14.2009",238354.236636621
"Week15.2009",254579.635619117
"Week16.2009",246685.232054521
"Week17.2009",249396.793086018
"Week18.2009",271259.070784774
"Week19.2009",280847.92401142
"Week20.2009",309297.462567449
"Week21.2009",325926.64808328
"Week22.2009",362351.805880512
"Week23.2009",368123.066155895
"Week24.2009",413794.557815231
"Week25.2009",426444.805043484
"Week26.2009",404379.420621684
"Week27.2009",417010.141334757
"Week28.2009",442616.260721975
"Week29.2009",415791.881788771
"Week30.2009",394975.70256648
"Week31.2009",400259.830640622
"Week32.2009",395237.053061587
"Week33.2009",412900.294310117
"Week34.2009",404402.940109023
"Week35.2009",416562.955194057
"Week36.2009",419155.40753298
"Week37.2009",387167.555358548
"Week38.2009",372675.424205277
"Week39.2009",378535.279264847
"Week40.2009",357237.079872081
"Week41.2009",322254.618107903
"Week42.2009",308494.379563249
"Week43.2009",277924.633038394
"Week44.2009",274890.904116269
"Week45.2009",273225.692224592
"Week46.2009",267463.228872292
"Week47.2009",231091.015277723
"Week48.2009",226635.182375495
"Week49.2009",225940.404711351
"Week50.2009",216778.990879857
"Week51.2009",214327.7667833
"Week52.2009",213366.269234157
"Week1.2010",192225.762351093
"Week2.2010",184996.917223822
"Week3.2010",169017.089166788
"Week4.2010",165282.828049015
"Week5.2010",151019.181431985
"Week6.2010",136591.535846834
"Week7.2010",121503.401946407
"Week8.2010",111997.798450294
"Week9.2010",100883.742119032
"Week10.2010",102621.580149277
"Week11.2010",99091.8016590132
"Week12.2010",102116.680488768
"Week13.2010",97683.4058882971
"Week14.2010",98723.5592964696
"Week15.2010",96691.7526767844
"Week16.2010",95921.3718737288
"Week17.2010",89981.1168233606
"Week18.2010",88270.1797438404
"Week19.2010",87773.3779606387
"Week20.2010",95285.676159377
"Week21.2010",98679.5590528451
"Week22.2010",98514.5536858249
"Week23.2010",96919.2773804333
"Week24.2010",103800.6460808
"Week25.2010",110251.712438397
"Week26.2010",104845.682911346
"Week27.2010",101974.630831511
"Week28.2010",105061.578128655
"Week29.2010",108346.222766136
"Week30.2010",104859.364370974
"Week31.2010",105497.892141536
"Week32.2010",109933.03730556
"Week33.2010",105218.612629441
"Week34.2010",109725.440993592
"Week35.2010",99404.4407566124
"Week36.2010",90201.2604933276
"Week37.2010",87549.380375336
"Week38.2010",86259.466619269
"Week39.2010",80708.85177739
"Week40.2010",73728.311223108
"Week41.2010",69562.3420898789
"Week42.2010",64103.1628062682
"Week43.2010",56550.8143023343
"Week44.2010",54393.0199547959
"Week45.2010",51490.9479887173
"Week46.2010",49691.481099753
"Week47.2010",46812.0351643134
"Week48.2010",47474.2134172675
"Week49.2010",45046.8040619493
"Week50.2010",39759.49106385
"Week51.2010",39203.3258474018
"Week52.2010",34160.0006718353
