# Minimum negative log likelihood

Minuit did successfully converge.
# of function calls: 1073
minimum function Value: 517.4329198379
minimum edm: 1.682193221425e-05
minimum internal state vector: LAVector parameters:
    -0.6780889490016
     -1.178748319328
     -1.287002217587
     -1.227859119689
     -1.353066616621
     -1.360277974831
    -0.3061045056531
     -1.300121488913
     -1.246484318498
     -1.121327063571
    -0.9742425135285
     0.0571521138993
    0.03939080070146
    0.09304226277548
      0.116064108086

minimum internal covariance matrix: LASymMatrix parameters:
    0.012183187  -0.0007525663              0 -8.0885141e-05  0.00044767524  0.00042258519  -0.0028728024  0.00087373191   0.0010006252   0.0013780654   0.0018047811  8.2093625e-05  7.7100462e-05  6.7360365e-05  6.3001452e-05
  -0.0007525663   5.145213e-05              0  7.9751733e-06 -3.0822712e-05  -2.897165e-05  0.00014101736 -5.4912307e-05 -6.2637635e-05 -8.6528861e-05 -0.00011681562 -4.5743655e-06 -4.0493967e-06 -3.5358788e-06 -3.5408841e-06
              0              0              2              0              0              0              0              0              0              0              0              0              0              0              0
 -8.0885141e-05  7.9751733e-06              0  0.00014668972 -6.5871808e-06 -5.9646072e-06  3.8930302e-05 -6.1443825e-06 -6.2529451e-06 -8.6632882e-06 -1.7253833e-05  1.2304225e-07  5.9935445e-07 -4.4561508e-07 -4.9123462e-07
  0.00044767524 -3.0822712e-05              0 -6.5871808e-06  2.1907968e-05  2.0265502e-05 -8.3996866e-05  3.3209461e-05  3.7271023e-05  5.1506332e-05  6.9846641e-05  2.4182296e-06  2.3763039e-06  2.0791687e-06  2.1227564e-06
  0.00042258519  -2.897165e-05              0 -5.9646072e-06  2.0265502e-05  1.8792006e-05 -7.9806361e-05   3.122267e-05  3.5163375e-05  4.8588826e-05  6.5787531e-05  2.3557805e-06  2.2594327e-06  1.9758869e-06  2.0072578e-06
  -0.0028728024  0.00014101736              0  3.8930302e-05 -8.3996866e-05 -7.9806361e-05    0.003071171 -0.00019613281 -0.00022896234 -0.00031058947 -0.00040678083 -2.8983516e-05 -3.8629142e-05 -3.5171913e-05 -3.4971752e-05
  0.00087373191 -5.4912307e-05              0 -6.1443825e-06  3.3209461e-05   3.122267e-05 -0.00019613281  6.7235259e-05  7.1802004e-05  9.9168473e-05  0.00013039051  5.1350083e-06  5.3379646e-06  4.6391789e-06  4.4021946e-06
   0.0010006252 -6.2637635e-05              0 -6.2529451e-06  3.7271023e-05  3.5163375e-05 -0.00022896234  7.1802004e-05  8.5900757e-05  0.00011348485  0.00014911386  6.6193593e-06  6.1293687e-06  5.4591621e-06  5.1212413e-06
   0.0013780654 -8.6528861e-05              0 -8.6632882e-06  5.1506332e-05  4.8588826e-05 -0.00031058947  9.9168473e-05  0.00011348485  0.00015986663  0.00020541504  9.1782448e-06  8.5738073e-06  7.3090674e-06  7.0291797e-06
   0.0018047811 -0.00011681562              0 -1.7253833e-05  6.9846641e-05  6.5787531e-05 -0.00040678083  0.00013039051  0.00014911386  0.00020541504  0.00028284646  1.1569074e-05  1.0848657e-05  9.5104108e-06   9.575015e-06
  8.2093625e-05 -4.5743655e-06              0  1.2304225e-07  2.4182296e-06  2.3557805e-06 -2.8983516e-05  5.1350083e-06  6.6193593e-06  9.1782448e-06  1.1569074e-05  3.1995253e-06  6.4280656e-07  5.7665884e-07  4.8732799e-07
  7.7100462e-05 -4.0493967e-06              0  5.9935445e-07  2.3763039e-06  2.2594327e-06 -3.8629142e-05  5.3379646e-06  6.1293687e-06  8.5738073e-06  1.0848657e-05  6.4280656e-07   1.672548e-06  6.2635093e-07  6.2195098e-07
  6.7360365e-05 -3.5358788e-06              0 -4.4561508e-07  2.0791687e-06  1.9758869e-06 -3.5171913e-05  4.6391789e-06  5.4591621e-06  7.3090674e-06  9.5104108e-06  5.7665884e-07  6.2635093e-07  1.2091995e-06  5.2627134e-07
  6.3001452e-05 -3.5408841e-06              0 -4.9123462e-07  2.1227564e-06  2.0072578e-06 -3.4971752e-05  4.4021946e-06  5.1212413e-06  7.0291797e-06   9.575015e-06  4.8732799e-07  6.2195098e-07  5.2627134e-07  1.1016871e-06


# ext. ||   Name    ||   type  ||     Value     ||  Error +/- 

   0   ||Natural mortality || limited ||    0.02931735261024 ||0.001518012363291
   1   ||Targeted q || limited ||      3.793575399982 ||0.09689719756063
   2   ||Nontargeted q || limited ||                   2 ||22.06548931833
   3   ||     sigma || limited ||      2.911446018836 ||0.1439852234023
   4   ||  Biomass1 || limited ||      11.80481079693 ||0.3574671523875
   5   ||  Biomass2 || limited ||      11.03863613124 ||0.32027147879
   6   ||  vm_sigma || limited ||      27.94678982616 ||1.494196783515
   7   ||Recruit year 1 || limited ||      1.830284130972 ||0.07750673989253
   8   ||Recruit year 2 || limited ||      2.616230155123 ||0.1044071071453
   9   ||Recruit year 3 || limited ||      4.975612002765 ||0.1942057406864
  10   ||Recruit year 4 || limited ||         8.645307706 ||0.3340061621865
  11   ||Mean Rec dist 1 || limited ||      0.571210057112 ||0.01262751796284
  12   ||Mean Rec dist 2 || limited ||     0.3938061479971 ||0.009137706721473
  13   ||Mean Rec dist 3 || limited ||     0.9290807852094 ||0.007741968749484
  14   ||Mean Rec dist 4 || limited ||      1.158037026514 ||0.007371949321013





