# Minimum negative log likelihood

Minuit did successfully converge.
# of function calls: 1354
minimum function Value: 493.972935464
minimum edm: 5.440575055123e-05
minimum internal state vector: LAVector parameters:
      2.773547990984
     -1.025035494294
     -1.287002217587
     -1.246865266443
     -1.453449548793
     -1.462054238608
    -0.4535400721405
     -1.139824897634
     -1.246895846684
     -1.298697304536
     -1.144120936509
    0.06815949642256
    0.08049425062124
     0.1009431115602
    0.09071217813425

minimum internal covariance matrix: LASymMatrix parameters:
    0.013403432  0.00092991308              0 -5.0676149e-05 -0.00023687528 -0.00021262721   0.0019180782  -0.0011578499 -0.00083360087 -0.00073913592  -0.0011554272 -4.5360866e-05 -5.9671312e-05 -8.4855853e-05 -5.5239438e-05
  0.00092991308  7.6257355e-05              0 -6.3602085e-06 -1.8095081e-05  -1.620379e-05  0.00010925743 -8.1670745e-05 -5.9458224e-05 -5.1157024e-05 -8.6469471e-05 -2.2577176e-06 -3.4883667e-06 -4.8973264e-06 -3.2193887e-06
              0              0              2              0              0              0              0              0              0              0              0              0              0              0              0
 -5.0676149e-05 -6.3602085e-06              0  0.00016699857  2.5308095e-06  2.4254205e-06 -6.0782428e-05 -1.9956845e-06  1.3978574e-06  3.1950613e-06 -9.3342273e-07 -3.1891207e-07 -7.2676164e-07  3.0339368e-06  2.3111756e-06
 -0.00023687528 -1.8095081e-05              0  2.5308095e-06  6.8189168e-06  5.8816717e-06 -3.0630754e-05  2.0864481e-05  1.5366714e-05   1.336647e-05  2.1178492e-05   5.826754e-07   8.466614e-07  1.4188834e-06  1.0555973e-06
 -0.00021262721  -1.620379e-05              0  2.4254205e-06  5.8816717e-06  5.1205191e-06 -2.7785492e-05  1.8668682e-05  1.3741364e-05  1.2025857e-05  1.8941943e-05  5.4061085e-07  7.4983424e-07   1.304732e-06  9.6603061e-07
   0.0019180782  0.00010925743              0 -6.0782428e-05 -3.0630754e-05 -2.7785492e-05  0.00094843629 -0.00015978815 -0.00010976089 -0.00010523633  -0.0001342687 -1.5462117e-05 -1.5019913e-05 -2.5949736e-05 -1.9808178e-05
  -0.0011578499 -8.1670745e-05              0 -1.9956845e-06  2.0864481e-05  1.8668682e-05 -0.00015978815  0.00010536347  7.2230938e-05  6.4521211e-05  0.00010142201  3.9335162e-06  5.2872179e-06  6.9081583e-06  4.5953224e-06
 -0.00083360087 -5.9458224e-05              0  1.3978574e-06  1.5366714e-05  1.3741364e-05 -0.00010976089  7.2230938e-05  5.7211241e-05  4.6258488e-05  7.3118068e-05  2.8623388e-06  3.4610539e-06   4.907494e-06  3.1412735e-06
 -0.00073913592 -5.1157024e-05              0  3.1950613e-06   1.336647e-05  1.2025857e-05 -0.00010523633  6.4521211e-05  4.6258488e-05  4.5538472e-05  6.3489817e-05  2.6721844e-06  3.1334998e-06  4.7080342e-06  3.2586561e-06
  -0.0011554272 -8.6469471e-05              0 -9.3342273e-07  2.1178492e-05  1.8941943e-05  -0.0001342687  0.00010142201  7.3118068e-05  6.3489817e-05  0.00011170548  3.1840954e-06  5.0212205e-06  5.8710857e-06  4.5882394e-06
 -4.5360866e-05 -2.2577176e-06              0 -3.1891207e-07   5.826754e-07  5.4061085e-07 -1.5462117e-05  3.9335162e-06  2.8623388e-06  2.6721844e-06  3.1840954e-06  7.0868025e-07  3.2206057e-07  4.7124831e-07  2.9840949e-07
 -5.9671312e-05 -3.4883667e-06              0 -7.2676164e-07   8.466614e-07  7.4983424e-07 -1.5019913e-05  5.2872179e-06  3.4610539e-06  3.1334998e-06  5.0212205e-06  3.2206057e-07  9.4863176e-07  4.1483364e-07  3.4483494e-07
 -8.4855853e-05 -4.8973264e-06              0  3.0339368e-06  1.4188834e-06   1.304732e-06 -2.5949736e-05  6.9081583e-06   4.907494e-06  4.7080342e-06  5.8710857e-06  4.7124831e-07  4.1483364e-07  1.8642497e-06  6.1519604e-07
 -5.5239438e-05 -3.2193887e-06              0  2.3111756e-06  1.0555973e-06  9.6603061e-07 -1.9808178e-05  4.5953224e-06  3.1412735e-06  3.2586561e-06  4.5882394e-06  2.9840949e-07  3.4483494e-07  6.1519604e-07  1.1091703e-06


# ext. ||   Name    ||   type  ||     Value     ||  Error +/- 

   0   ||Natural mortality || limited ||    0.05399479318285 ||0.00190741266777
   1   ||Targeted q || limited ||      7.263369300783 ||0.1602573029912
   2   ||Nontargeted q || limited ||                   2 ||22.06548931833
   3   ||     sigma || limited ||      2.600424661843 ||0.1454239746971
   4   ||  Biomass1 || limited ||      3.438617968132 ||0.1080902300107
   5   ||  Biomass2 || limited ||      2.953298523755 ||0.08682668872162
   6   ||  vm_sigma || limited ||      22.47470108967 ||0.7829274123893
   7   ||Recruit year 1 || limited ||      4.581524781762 ||0.1515908506343
   8   ||Recruit year 2 || limited ||      2.609678012367 ||0.08510230011023
   9   ||Recruit year 3 || limited ||      1.849371123556 ||0.06411413805291
  10   ||Recruit year 4 || limited ||      4.492218911633 ||0.1546265621654
  11   ||Mean Rec dist 1 || limited ||     0.6810673372542 ||0.005938825356449
  12   ||Mean Rec dist 2 || limited ||     0.8040735405078 ||0.006864759228635
  13   ||Mean Rec dist 3 || limited ||      1.007717720396 ||0.009605513435993
  14   ||Mean Rec dist 4 || limited ||     0.9058782210416 ||0.007416427958363





