# Minimum negative log likelihood

Minuit did successfully converge.
# of function calls: 875
minimum function Value: 463.5746316167
minimum edm: 6.565889817843e-05
minimum internal state vector: LAVector parameters:
   -0.05097583296743
     -1.004442822277
     -1.287002217587
      -1.26987255379
     -1.585008315758
     -1.551244325012
    -0.8918458127201
    -0.0155409798005
    -0.9470347385798
     -1.017640673959
     -1.182805843827
     -1.073843907551

minimum internal covariance matrix: LASymMatrix parameters:
   0.0032339888 -0.00030527493              0  6.0361278e-05 -3.2802207e-06  8.6312939e-06   3.467181e-06 -0.00012725648  0.00035416063  0.00031835054  0.00022047454  0.00027758214
 -0.00030527493  3.0708693e-05              0 -6.0410579e-06  2.7390754e-07 -9.6410165e-07  3.0469097e-07 -3.0379972e-07 -3.3408634e-05 -2.9950796e-05 -2.0752733e-05 -2.6603396e-05
              0              0              2              0              0              0              0              0              0              0              0              0
  6.0361278e-05 -6.0410579e-06              0   0.0001140148 -1.5176411e-06  8.6082151e-07   4.168798e-07 -1.7137239e-05  5.3399106e-06  5.9464263e-06  4.0390419e-06  4.2030931e-06
 -3.2802207e-06  2.7390754e-07              0 -1.5176411e-06  4.1597023e-06 -5.1393073e-07  9.4780021e-08  6.8614049e-06 -1.3647105e-06  -1.394433e-07   -1.20157e-07 -2.9580225e-07
  8.6312939e-06 -9.6410165e-07              0  8.6082151e-07 -5.1393073e-07  2.3454734e-06  1.6967146e-07  3.7274937e-06 -4.4821855e-07  8.3521351e-07  5.3366041e-07  6.5159056e-07
   3.467181e-06  3.0469097e-07              0   4.168798e-07  9.4780021e-08  1.6967146e-07   7.912784e-07 -9.8844879e-06  2.2925523e-07  3.5576997e-07   2.381138e-07  1.7474243e-08
 -0.00012725648 -3.0379972e-07              0 -1.7137239e-05  6.8614049e-06  3.7274937e-06 -9.8844879e-06  0.00047103373 -2.0889726e-05 -1.2648276e-05 -8.5341205e-06 -6.8406138e-06
  0.00035416063 -3.3408634e-05              0  5.3399106e-06 -1.3647105e-06 -4.4821855e-07  2.2925523e-07 -2.0889726e-05  4.3078282e-05  3.4636211e-05  2.3997695e-05  3.0185118e-05
  0.00031835054 -2.9950796e-05              0  5.9464263e-06  -1.394433e-07  8.3521351e-07  3.5576997e-07 -1.2648276e-05  3.4636211e-05  3.4107969e-05  2.1559495e-05  2.7117218e-05
  0.00022047454 -2.0752733e-05              0  4.0390419e-06   -1.20157e-07  5.3366041e-07   2.381138e-07 -8.5341205e-06  2.3997695e-05  2.1559495e-05  1.7810198e-05  1.8810633e-05
  0.00027758214 -2.6603396e-05              0  4.2030931e-06 -2.9580225e-07  6.5159056e-07  1.7474243e-08 -6.8406138e-06  3.0185118e-05  2.7117218e-05  1.8810633e-05  2.6822242e-05


# ext. ||   Name    ||   type  ||     Value     ||  Error +/- 

   0   ||Natural mortality || limited ||     0.0474523120625 ||0.002007440618601
   1   ||Targeted q || limited ||      7.806843035691 ||0.1051239392127
   2   ||Nontargeted q || limited ||                   2 ||22.06548931833
   3   ||     sigma || limited ||      2.246845602304 ||0.1118957230109
   4   ||  Biomass1 || limited ||    0.05049430765719 ||0.01024769576102
   5   ||  Biomass2 || limited ||    0.09556714891235 ||0.01058604495902
   6   ||   vm_mean || limited ||     -2.444888561808 ||0.001240917708119
   7   ||  vm_sigma || limited ||      39.37889360112 ||0.6137564555036
   8   ||Recruit year 1 || limited ||      9.424703995153 ||0.1355254460146
   9   ||Recruit year 2 || limited ||      7.465711325156 ||0.1084694863739
  10   ||Recruit year 3 || limited ||      3.726069007215 ||0.05644363404289
  11   ||Recruit year 4 || limited ||      6.057416583148 ||0.08728663761339





