# Minimum negative log likelihood

Minuit did successfully converge.
# of function calls: 1570
minimum function Value: 706.6266858623
minimum edm: 7.894726616562e-06
minimum internal state vector: LAVector parameters:
      4.346437095682
    -0.9794065163949
     -1.287002217587
     -1.026300764612
     -1.454789292381
     -1.453784728364
      0.618325365723
    0.02531987349815
     -1.069987311228
     -1.066460859771
     -1.085488611519
     -1.152398334847

minimum internal covariance matrix: LASymMatrix parameters:
     0.59780141    0.016018296              0  0.00045782197  -0.0035960106  -0.0033092594 -0.00057869678    0.010239022    -0.01301967   -0.013198053   -0.016105903   -0.012968761
    0.016018296  0.00044352405              0  1.1639819e-05 -9.9606435e-05 -9.1390018e-05 -1.0703588e-05  0.00013508583 -0.00034837529 -0.00035346367 -0.00043332072 -0.00035120198
              0              0              2              0              0              0              0              0              0              0              0              0
  0.00045782197  1.1639819e-05              0  0.00040727422 -1.7635303e-05 -1.5937767e-05  -4.036198e-06 -1.9865677e-05 -5.3332213e-06 -2.7664639e-06 -1.0933633e-05 -1.0978113e-05
  -0.0035960106 -9.9606435e-05              0 -1.7635303e-05  4.9274625e-05  4.3865769e-05  3.8628677e-06 -3.8988298e-05  7.7496518e-05  8.0811661e-05  9.6552115e-05  8.0950861e-05
  -0.0033092594 -9.1390018e-05              0 -1.5937767e-05  4.3865769e-05  3.9204512e-05   3.639664e-06  -3.816857e-05  7.1381326e-05  7.4370862e-05  8.8926815e-05   7.437571e-05
 -0.00057869678 -1.0703588e-05              0  -4.036198e-06  3.8628677e-06   3.639664e-06   7.598689e-06 -0.00016602881   1.310824e-05  1.2838057e-05  1.4893518e-05  1.2136918e-05
    0.010239022  0.00013508583              0 -1.9865677e-05 -3.8988298e-05  -3.816857e-05 -0.00016602881    0.010146749 -0.00024175641 -0.00021882372 -0.00026300067 -0.00020931416
    -0.01301967 -0.00034837529              0 -5.3332213e-06  7.7496518e-05  7.1381326e-05   1.310824e-05 -0.00024175641  0.00030312473  0.00028789379  0.00035040322  0.00028118799
   -0.013198053 -0.00035346367              0 -2.7664639e-06  8.0811661e-05  7.4370862e-05  1.2838057e-05 -0.00021882372  0.00028789379  0.00031134544  0.00035584521  0.00028510054
   -0.016105903 -0.00043332072              0 -1.0933633e-05  9.6552115e-05  8.8926815e-05  1.4893518e-05 -0.00026300067  0.00035040322  0.00035584521  0.00045401868  0.00034978525
   -0.012968761 -0.00035120198              0 -1.0978113e-05  8.0950861e-05   7.437571e-05  1.2136918e-05 -0.00020931416  0.00028118799  0.00028510054  0.00034978525  0.00031281993


# ext. ||   Name    ||   type  ||     Value     ||  Error +/- 

   0   ||Natural mortality || limited ||    0.02165541091387 ||0.004650883001481
   1   ||Targeted q || limited ||      8.491667974891 ||0.4151015522549
   2   ||Nontargeted q || limited ||                   2 ||22.06548931833
   3   ||     sigma || limited ||      7.230565416864 ||0.3695747644099
   4   ||  Biomass1 || limited ||      3.360636620103 ||0.2872596838659
   5   ||  Biomass2 || limited ||      3.419024843889 ||0.258439583191
   6   ||   vm_mean || limited ||      1.821091404467 ||0.004989784428688
   7   ||  vm_sigma || limited ||      41.01317406835 ||2.845748420121
   8   ||Recruit year 1 || limited ||      6.149665371198 ||0.2955119031423
   9   ||Recruit year 2 || limited ||      6.234588120913 ||0.3014197004777
  10   ||Recruit year 3 || limited ||      5.782850267609 ||0.3513707118166
  11   ||Recruit year 4 || limited ||       4.32251851137 ||0.2540336447848





