# Minimum negative log likelihood

Minuit did successfully converge.
# of function calls: 2437
minimum function Value: 598.0893506083
minimum edm: 3.012189166432e-05
minimum internal state vector: LAVector parameters:
    -0.9158342888251
     -1.328937890351
     -1.287002217587
     -1.153488803581
     -1.436516652771
     -1.439424507956
    -0.3704189573291
    -0.9947333924502
      -1.40037302267
     -1.206268693003
      -1.12845284416
    0.05775442822619
    0.04195150418587
    0.07063933972449
     0.0793781745885

minimum internal covariance matrix: LASymMatrix parameters:
    0.054939301  -0.0039165262              0 -8.2711677e-05   0.0022300657   0.0021631373   -0.013741222    0.012539756   0.0048378222   0.0077901553   0.0093857716  0.00033190121  0.00069205467  0.00033906931  0.00031217773
  -0.0039165262   0.0003003799              0    5.93177e-06 -0.00017058104 -0.00016533709  0.00082796109 -0.00092558261 -0.00033118605 -0.00057307746  -0.0006998433 -2.1007187e-05  -5.444813e-05 -2.2549691e-05 -2.2557777e-05
              0              0              2              0              0              0              0              0              0              0              0              0              0              0              0
 -8.2711677e-05    5.93177e-06              0  0.00022627852 -4.5933158e-06 -4.3560247e-06  0.00010217027 -2.0055518e-05 -8.8009229e-06 -1.3567796e-05 -1.5697617e-05 -8.7549234e-07 -2.4519165e-06   7.286094e-07 -2.8918959e-06
   0.0022300657 -0.00017058104              0 -4.5933158e-06  0.00010927517  0.00010486903 -0.00050123729  0.00052814355  0.00018877723   0.0003258689  0.00039830541  1.1607501e-05  3.1471666e-05   1.327975e-05  1.2838453e-05
   0.0021631373 -0.00016533709              0 -4.3560247e-06  0.00010486903   0.0001007553 -0.00048146777  0.00051182424  0.00018324351  0.00031599482  0.00038612633  1.1340927e-05  3.0429888e-05  1.2830201e-05  1.2437184e-05
   -0.013741222  0.00082796109              0  0.00010217027 -0.00050123729 -0.00048146777    0.018592307  -0.0029250932  -0.0012571457  -0.0018002893  -0.0021780946 -0.00018397626  -6.851065e-05 -0.00016462118 -0.00014440998
    0.012539756 -0.00092558261              0 -2.0055518e-05  0.00052814355  0.00051182424  -0.0029250932   0.0029213548   0.0010783281    0.001804519   0.0021890128  7.1460931e-05    0.000170199  7.5199794e-05  7.1555338e-05
   0.0048378222 -0.00033118605              0 -8.8009229e-06  0.00018877723  0.00018324351  -0.0012571457   0.0010783281  0.00046530597  0.00067288711   0.0008066962  2.9608444e-05  3.8629473e-05  3.2241803e-05  2.7319732e-05
   0.0077901553 -0.00057307746              0 -1.3567796e-05   0.0003258689  0.00031599482  -0.0018002893    0.001804519  0.00067288711   0.0011305895   0.0013549258   4.453799e-05  0.00010024705  4.5609943e-05  4.5487641e-05
   0.0093857716  -0.0006998433              0 -1.5697617e-05  0.00039830541  0.00038612633  -0.0021780946   0.0021890128   0.0008066962   0.0013549258   0.0016871293  5.3045526e-05  0.00012660068  5.5183929e-05  5.7699413e-05
  0.00033190121 -2.1007187e-05              0 -8.7549234e-07  1.1607501e-05  1.1340927e-05 -0.00018397626  7.1460931e-05  2.9608444e-05   4.453799e-05  5.3045526e-05  5.0548818e-06  3.8464749e-06  2.5085293e-06   1.962852e-06
  0.00069205467  -5.444813e-05              0 -2.4519165e-06  3.1471666e-05  3.0429888e-05  -6.851065e-05    0.000170199  3.8629473e-05  0.00010024705  0.00012660068  3.8464749e-06  0.00014010495  5.0278664e-06   2.956991e-06
  0.00033906931 -2.2549691e-05              0   7.286094e-07   1.327975e-05  1.2830201e-05 -0.00016462118  7.5199794e-05  3.2241803e-05  4.5609943e-05  5.5183929e-05  2.5085293e-06  5.0278664e-06  1.0151308e-05  2.2505526e-06
  0.00031217773 -2.2557777e-05              0 -2.8918959e-06  1.2838453e-05  1.2437184e-05 -0.00014440998  7.1555338e-05  2.7319732e-05  4.5487641e-05  5.7699413e-05   1.962852e-06   2.956991e-06  2.2505526e-06  8.9671482e-06


# ext. ||   Name    ||   type  ||     Value     ||  Error +/- 

   0   ||Natural mortality || limited ||    0.02517322368871 ||0.00251238277883
   1   ||Targeted q || limited ||      1.455272875682 ||0.1467568823349
   2   ||Nontargeted q || limited ||                   2 ||22.06548931833
   3   ||     sigma || limited ||      4.290824257294 ||0.215548811233
   4   ||  Biomass1 || limited ||      4.500988490437 ||0.4947845903887
   5   ||  Biomass2 || limited ||      4.308436895969 ||0.464876503419
   6   ||  vm_sigma || limited ||      25.52044077933 ||3.589474932443
   7   ||Recruit year 1 || limited ||      8.078504679808 ||1.040582436353
   8   ||Recruit year 2 || limited ||     0.7342744141252 ||0.1293268528269
   9   ||Recruit year 3 || limited ||       3.29505807495 ||0.4237331308035
  10   ||Recruit year 4 || limited ||      4.821968855632 ||0.6214810420868
  11   ||Mean Rec dist 1 || limited ||     0.5772232621926 ||0.01587141354932
  12   ||Mean Rec dist 2 || limited ||     0.4193919999259 ||0.08362274146822
  13   ||Mean Rec dist 3 || limited ||       0.70580606981 ||0.02247300691763
  14   ||Mean Rec dist 4 || limited ||     0.7929484192773 ||0.0211077620655





