# Minimum negative log likelihood

Minuit did successfully converge.
# of function calls: 1502
minimum function Value: 468.8925224502
minimum edm: 1.263360956677e-05
minimum internal state vector: LAVector parameters:
      3.293245496774
    -0.9769013381488
     -1.287002217587
     -1.265936678439
     -1.490848344486
     -1.496984757076
     -1.124673125499
     -1.268139038187
     -1.073647258978
     -1.265535042051
     -1.013797720102
     0.1110900909617
     0.0783588826619
     0.0493869964183
    0.05190372744864

minimum internal covariance matrix: LASymMatrix parameters:
   0.0090804152  0.00049894566              0  -7.225057e-05 -7.2376997e-05 -6.3963819e-05  0.00027300197 -0.00049122134 -0.00082062639 -0.00046685358  -0.0008751447 -9.2466678e-05 -0.00010290912 -0.00010596729 -9.6593023e-05
  0.00049894566  3.3695229e-05              0 -3.3961322e-06  -4.711346e-06  -4.149385e-06  1.0890011e-05 -2.7648056e-05 -4.6057168e-05 -2.6187998e-05 -5.0510894e-05 -3.9117591e-06 -4.6831913e-06 -5.1876006e-06  -4.724217e-06
              0              0              2              0              0              0              0              0              0              0              0              0              0              0              0
  -7.225057e-05 -3.3961322e-06              0  0.00011064859  1.0297955e-08  4.1674954e-08 -3.3226244e-06  4.0021398e-06  6.4130728e-06  3.3671364e-06  7.5603811e-06  9.3021651e-07  1.0389794e-06   8.774721e-07  8.3148113e-07
 -7.2376997e-05  -4.711346e-06              0  1.0297955e-08  2.1411758e-06  1.7377325e-06 -1.6428794e-06  3.8531197e-06  6.6236156e-06  3.7720079e-06  7.1133485e-06  6.1713277e-07  7.1311574e-07  7.5863076e-07  7.0687906e-07
 -6.3963819e-05  -4.149385e-06              0  4.1674954e-08  1.7377325e-06  1.4334487e-06 -1.4368554e-06  3.4123582e-06  5.8535891e-06  3.3286684e-06  6.2935752e-06  5.5523944e-07  6.2777257e-07  6.7022832e-07  6.2361195e-07
  0.00027300197  1.0890011e-05              0 -3.3226244e-06 -1.6428794e-06 -1.4368554e-06  1.8656491e-05 -1.4441685e-05 -2.4031149e-05 -1.3564802e-05 -2.5008074e-05 -4.1209965e-06 -4.3429129e-06 -3.9449956e-06 -3.9416347e-06
 -0.00049122134 -2.7648056e-05              0  4.0021398e-06  3.8531197e-06  3.4123582e-06 -1.4441685e-05  2.9350125e-05   4.447821e-05  2.5450427e-05  4.7498926e-05  4.7339143e-06   5.473009e-06   5.653606e-06  5.1562286e-06
 -0.00082062639 -4.6057168e-05              0  6.4130728e-06  6.6236156e-06  5.8535891e-06 -2.4031149e-05   4.447821e-05  7.6864631e-05  4.2155061e-05  7.9338313e-05  8.1059351e-06  9.0423693e-06  9.4934831e-06  8.6105283e-06
 -0.00046685358 -2.6187998e-05              0  3.3671364e-06  3.7720079e-06  3.3286684e-06 -1.3564802e-05  2.5450427e-05  4.2155061e-05  2.6728201e-05  4.4959479e-05  4.6233592e-06  5.1968301e-06   5.357379e-06  4.9484498e-06
  -0.0008751447 -5.0510894e-05              0  7.5603811e-06  7.1133485e-06  6.2935752e-06 -2.5008074e-05  4.7498926e-05  7.9338313e-05  4.4959479e-05  8.9003865e-05  8.4600737e-06  9.5691409e-06  9.9559345e-06  9.2501918e-06
 -9.2466678e-05 -3.9117591e-06              0  9.3021651e-07  6.1713277e-07  5.5523944e-07 -4.1209965e-06  4.7339143e-06  8.1059351e-06  4.6233592e-06  8.4600737e-06  2.4404142e-06   1.306477e-06  1.2385856e-06  1.1425127e-06
 -0.00010290912 -4.6831913e-06              0  1.0389794e-06  7.1311574e-07  6.2777257e-07 -4.3429129e-06   5.473009e-06  9.0423693e-06  5.1968301e-06  9.5691409e-06   1.306477e-06  1.7254435e-06   1.337272e-06  1.2495641e-06
 -0.00010596729 -5.1876006e-06              0   8.774721e-07  7.5863076e-07  6.7022832e-07 -3.9449956e-06   5.653606e-06  9.4934831e-06   5.357379e-06  9.9559345e-06  1.2385856e-06   1.337272e-06  2.1685843e-06  1.2195955e-06
 -9.6593023e-05  -4.724217e-06              0  8.3148113e-07  7.0687906e-07  6.2361195e-07 -3.9416347e-06  5.1562286e-06  8.6105283e-06  4.9484498e-06  9.2501918e-06  1.1425127e-06  1.2495641e-06  1.2195955e-06  1.4109763e-06


# ext. ||   Name    ||   type  ||     Value     ||  Error +/- 

   0   ||Natural mortality || limited ||    0.04122319472144 ||0.001663933034794
   1   ||Targeted q || limited ||      8.561631917706 ||0.1148445786528
   2   ||Nontargeted q || limited ||                   2 ||22.06548931833
   3   ||     sigma || limited ||      2.305545509318 ||0.1116286670734
   4   ||  Biomass1 || limited ||      1.597069034057 ||0.0413167215943
   5   ||  Biomass2 || limited ||      1.361418686811 ||0.03121591405431
   6   ||  vm_sigma || limited ||      3.915886851672 ||0.05271156523632
   7   ||Recruit year 1 || limited ||      2.282381005657 ||0.05708420186775
   8   ||Recruit year 2 || limited ||      6.062104562787 ||0.1478152081991
   9   ||Recruit year 3 || limited ||      2.321345943094 ||0.05492893884083
  10   ||Recruit year 4 || limited ||      7.566964671371 ||0.1763086083438
  11   ||Mean Rec dist 1 || limited ||      1.108617379566 ||0.01097820499003
  12   ||Mean Rec dist 2 || limited ||     0.7827871852487 ||0.009259779291615
  13   ||Mean Rec dist 3 || limited ||     0.4936692243176 ||0.01040023668339
  14   ||Mean Rec dist 4 || limited ||     0.5188042584058 ||0.008388021831198





