# Minimum negative log likelihood

Minuit did successfully converge.
# of function calls: 1289
minimum function Value: 603.6168658997
minimum edm: 8.058787379917e-05
minimum internal state vector: LAVector parameters:
       3.55798912023
     -1.000788183326
     -1.287002217587
     -1.147804742585
     -1.480090783989
     -1.486018698867
      1.002078209857
     -0.029743592874
     -1.128800273131
    -0.9464070837335
     -1.058826555785
     -1.140692249783

minimum internal covariance matrix: LASymMatrix parameters:
     0.15729646    0.010781699              0 -0.00023751279  -0.0017286277  -0.0016696216 -0.00042716762   0.0047188602  -0.0093207591   -0.012226237   -0.010778299  -0.0087188069
    0.010781699  0.00074587071              0 -1.5242204e-05 -0.00011944596 -0.00011529656 -2.5946778e-05  0.00027982185 -0.00063968199 -0.00083810535 -0.00073949675  -0.0006000684
              0              0              2              0              0              0              0              0              0              0              0              0
 -0.00023751279 -1.5242204e-05              0  0.00023471088  5.8596737e-07  7.1393385e-07  1.5677775e-06  -2.242787e-06  1.7038988e-05  1.7997275e-05  1.2770609e-05  1.5918927e-05
  -0.0017286277 -0.00011944596              0  5.8596737e-07  2.4363023e-05  2.2533771e-05  4.1854641e-06 -4.3416528e-05  0.00010238254  0.00013451454  0.00011836325   9.588204e-05
  -0.0016696216 -0.00011529656              0  7.1393385e-07  2.2533771e-05  2.1055887e-05  4.0736302e-06 -4.2506228e-05  9.8841298e-05  0.00012989323  0.00011438455  9.2705251e-05
 -0.00042716762 -2.5946778e-05              0  1.5677775e-06  4.1854641e-06  4.0736302e-06  7.8791168e-06 -9.9575605e-05  2.4619833e-05  3.4231043e-05  2.8463801e-05   2.522815e-05
   0.0047188602  0.00027982185              0  -2.242787e-06 -4.3416528e-05 -4.2506228e-05 -9.9575605e-05    0.002515671 -0.00026745825 -0.00037428755 -0.00032874963 -0.00026205534
  -0.0093207591 -0.00063968199              0  1.7038988e-05  0.00010238254  9.8841298e-05  2.4619833e-05 -0.00026745825  0.00056125424  0.00072362808  0.00063848413  0.00051709736
   -0.012226237 -0.00083810535              0  1.7997275e-05  0.00013451454  0.00012989323  3.4231043e-05 -0.00037428755  0.00072362808  0.00096113828   0.0008366273  0.00067883818
   -0.010778299 -0.00073949675              0  1.2770609e-05  0.00011836325  0.00011438455  2.8463801e-05 -0.00032874963  0.00063848413   0.0008366273  0.00074874537  0.00059599132
  -0.0087188069  -0.0006000684              0  1.5918927e-05   9.588204e-05  9.2705251e-05   2.522815e-05 -0.00026205534  0.00051709736  0.00067883818  0.00059599132  0.00051523918


# ext. ||   Name    ||   type  ||     Value     ||  Error +/- 

   0   ||Natural mortality || limited ||    0.03488831334375 ||0.006328274747056
   1   ||Targeted q || limited ||      7.905170967124 ||0.521030374617
   2   ||Nontargeted q || limited ||                   2 ||22.06548931833
   3   ||     sigma || limited ||      4.406749673877 ||0.2223391429764
   4   ||  Biomass1 || limited ||      2.055464017231 ||0.1580730547469
   5   ||  Biomass2 || limited ||       1.79573562981 ||0.1373731700635
   6   ||   vm_mean || limited ||      2.647080926519 ||0.003358159462634
   7   ||  vm_sigma || limited ||      38.81094657089 ||1.417696612209
   8   ||Recruit year 1 || limited ||      4.814536329018 ||0.3582247285492
   9   ||Recruit year 2 || limited ||      9.443040579211 ||0.6406634101926
  10   ||Recruit year 3 || limited ||      6.420298018289 ||0.4738653102006
  11   ||Recruit year 4 || limited ||      4.563426707567 ||0.3345780061361





