# Minimum negative log likelihood

Minuit did successfully converge.
# of function calls: 1123
minimum function Value: 227.8701703804
minimum edm: 4.518439584879e-06
minimum internal state vector: LAVector parameters:
    -0.7524722496254
     -1.112740145109
     -1.287002217587
      -1.40045056586
     -1.466167621552
     -1.470692692891
    0.09407285894688
    -0.8584030263886
     -1.178302806105
     -1.000112189596
    -0.9783316759284
     -1.078791514993

minimum internal covariance matrix: LASymMatrix parameters:
  7.5122298e-05  -2.987545e-05              0  4.8084383e-06   6.771979e-06  6.4641055e-06 -1.8545722e-08 -3.9990033e-06  2.3878455e-05  3.8932747e-05   3.862524e-05  3.5142639e-05
  -2.987545e-05  1.2501672e-05              0 -1.7602416e-06 -2.8491182e-06 -2.7136681e-06  2.4037334e-07  3.7489644e-07 -9.6830489e-06 -1.5754538e-05 -1.5567844e-05 -1.4192374e-05
              0              0              2              0              0              0              0              0              0              0              0              0
  4.8084383e-06 -1.7602416e-06              0   3.753326e-05  5.5967854e-07  4.9783393e-07 -5.3970137e-08 -3.3316945e-07  1.6945588e-06  2.6713259e-06  2.5869611e-06  2.2430029e-06
   6.771979e-06 -2.8491182e-06              0  5.5967854e-07  9.1448961e-07  8.3677003e-07 -6.1257201e-08 -1.9747178e-07  2.2572045e-06  3.5951284e-06  3.5545217e-06  3.1953711e-06
  6.4641055e-06 -2.7136681e-06              0  4.9783393e-07  8.3677003e-07  7.7146312e-07 -5.5038455e-08 -1.9387879e-07  2.1388044e-06  3.4268167e-06  3.3821674e-06   3.058914e-06
 -1.8545722e-08  2.4037334e-07              0 -5.3970137e-08 -6.1257201e-08 -5.5038455e-08   1.729602e-07 -7.0493613e-07 -7.6263132e-08 -1.1671136e-07 -9.3085018e-08 -9.4342226e-08
 -3.9990033e-06  3.7489644e-07              0 -3.3316945e-07 -1.9747178e-07 -1.9387879e-07 -7.0493613e-07  8.5778213e-06 -1.0205891e-06 -1.6258483e-06 -1.5732035e-06 -1.5109916e-06
  2.3878455e-05 -9.6830489e-06              0  1.6945588e-06  2.2572045e-06  2.1388044e-06 -7.6263132e-08 -1.0205891e-06  7.9556255e-06  1.2482761e-05  1.2380216e-05  1.1193168e-05
  3.8932747e-05 -1.5754538e-05              0  2.6713259e-06  3.5951284e-06  3.4268167e-06 -1.1671136e-07 -1.6258483e-06  1.2482761e-05  2.0630479e-05   2.011624e-05  1.8355272e-05
   3.862524e-05 -1.5567844e-05              0  2.5869611e-06  3.5545217e-06  3.3821674e-06 -9.3085018e-08 -1.5732035e-06  1.2380216e-05   2.011624e-05  2.0240625e-05  1.8083656e-05
  3.5142639e-05 -1.4192374e-05              0  2.2430029e-06  3.1953711e-06   3.058914e-06 -9.4342226e-08 -1.5109916e-06  1.1193168e-05  1.8355272e-05  1.8083656e-05  1.6970818e-05


# ext. ||   Name    ||   type  ||     Value     ||  Error +/- 

   0   ||Natural mortality || limited ||    0.04748316110708 ||0.0006710914423103
   1   ||Targeted q || limited ||      5.154312069604 ||0.05527932839641
   2   ||Nontargeted q || limited ||                   2 ||22.06548931833
   3   ||     sigma || limited ||     0.7236894325087 ||0.0367189894292
   4   ||  Biomass1 || limited ||      2.734295725179 ||0.03531039208246
   5   ||  Biomass2 || limited ||      2.503093095905 ||0.03103393445039
   6   ||   vm_mean || limited ||     0.2951028906111 ||0.0009197788780946
   7   ||  vm_sigma || limited ||      9.728891537983 ||0.05414656991975
   8   ||Recruit year 1 || limited ||      3.811710901702 ||0.03813928303039
   9   ||Recruit year 2 || limited ||      7.932627867509 ||0.08674139728369
  10   ||Recruit year 3 || limited ||      8.530801782791 ||0.08881245872386
  11   ||Recruit year 4 || limited ||      5.940028450805 ||0.06879653747357





