# Minimum negative log likelihood

Minuit did successfully converge.
# of function calls: 799
minimum function Value: 348.9091361014
minimum edm: 7.194596733198e-06
minimum internal state vector: LAVector parameters:
     0.8494157127869
     -1.177987893502
     -1.287002217587
     -1.342710383292
     -1.527347702059
     -1.528789768926
     -0.260611793512
    0.07628866164949
     -1.426491542079
    -0.9956718254242
     -1.485408872546
    -0.9076838282999

minimum internal covariance matrix: LASymMatrix parameters:
    0.024049525  -0.0018978433              0 -8.4446654e-05  0.00021427196  0.00019941059  4.1750807e-05 -0.00087598055  0.00068225437   0.0028845064  0.00037698018   0.0035814794
  -0.0018978433  0.00015282403              0  6.7869914e-06 -1.7176271e-05    -1.5985e-05 -2.7091281e-06  5.7223544e-05 -5.4319504e-05 -0.00022986599 -2.9506241e-05 -0.00028560625
              0              0              2              0              0              0              0              0              0              0              0              0
 -8.4446654e-05  6.7869914e-06              0  6.2352219e-05  -4.715489e-07 -4.6915408e-07 -1.3182945e-07  6.1611989e-07 -2.5026789e-06 -1.0619586e-05   -1.24571e-06 -1.2948999e-05
  0.00021427196 -1.7176271e-05              0  -4.715489e-07  3.1774951e-06  2.8317774e-06  3.1586702e-07  -7.172676e-06  6.3606071e-06  2.5878651e-05  3.3569113e-06  3.2142208e-05
  0.00019941059    -1.5985e-05              0 -4.6915408e-07  2.8317774e-06  2.5409246e-06  2.9617846e-07 -6.6092466e-06  5.8707683e-06  2.4086078e-05  3.1177533e-06  2.9919366e-05
  4.1750807e-05 -2.7091281e-06              0 -1.3182945e-07  3.1586702e-07  2.9617846e-07   4.996023e-07 -1.0154778e-05  1.0869491e-06  4.5731128e-06  6.8450486e-07  5.6449556e-06
 -0.00087598055  5.7223544e-05              0  6.1611989e-07  -7.172676e-06 -6.6092466e-06 -1.0154778e-05  0.00057360975 -2.2748528e-05 -9.6017203e-05 -1.4212459e-05 -0.00011878921
  0.00068225437 -5.4319504e-05              0 -2.5026789e-06  6.3606071e-06  5.8707683e-06  1.0869491e-06 -2.2748528e-05  2.0678101e-05  8.2227343e-05  1.0665769e-05  0.00010212619
   0.0028845064 -0.00022986599              0 -1.0619586e-05  2.5878651e-05  2.4086078e-05  4.5731128e-06 -9.6017203e-05  8.2227343e-05  0.00034879395  4.4961347e-05  0.00043185391
  0.00037698018 -2.9506241e-05              0   -1.24571e-06  3.3569113e-06  3.1177533e-06  6.8450486e-07 -1.4212459e-05  1.0665769e-05  4.4961347e-05  7.3722733e-06  5.5904887e-05
   0.0035814794 -0.00028560625              0 -1.2948999e-05  3.2142208e-05  2.9919366e-05  5.6449556e-06 -0.00011878921  0.00010212619  0.00043185391  5.5904887e-05  0.00053762418


# ext. ||   Name    ||   type  ||     Value     ||  Error +/- 

   0   ||Natural mortality || limited ||    0.06377236643022 ||0.001806878972881
   1   ||Targeted q || limited ||      3.808116002786 ||0.1673014080274
   2   ||Nontargeted q || limited ||                   2 ||22.06548931833
   3   ||     sigma || limited ||       1.29495134843 ||0.06312554068339
   4   ||  Biomass1 || limited ||     0.4718715082718 ||0.02737390259069
   5   ||  Biomass2 || limited ||     0.4410728623201 ||0.02366683424912
   6   ||   vm_mean || limited ||    -0.8094996292817 ||0.001517150692331
   7   ||  vm_sigma || limited ||      43.04904924019 ||0.6754015445592
   8   ||Recruit year 1 || limited ||     0.5296420264157 ||0.02311737701726
   9   ||Recruit year 2 || limited ||       8.05296623594 ||0.3591152397041
  10   ||Recruit year 3 || limited ||      0.192146496239 ||0.008186122096654
  11   ||Recruit year 4 || limited ||      10.60493626443 ||0.5045577522218





