# Minimum negative log likelihood

Minuit did successfully converge.
# of function calls: 616
minimum function Value: 372.4286852104
minimum edm: 1.049563141748e-05
minimum internal state vector: LAVector parameters:
     -1.081421435704
     -1.287002217587
     -1.329371339904
     -1.546949965814
     -1.547917724005
    -0.5835527179454
    -0.9416971001481
      -1.26851392143
    -0.9823951598815
     -1.175500754704
     -1.082357444944

minimum internal covariance matrix: LASymMatrix parameters:
  2.8011119e-06              0 -5.3443342e-07  -1.506996e-07 -1.6965015e-07  1.4689941e-06 -4.3363724e-06 -1.4543955e-07 -8.0335734e-07 -1.5542911e-07 -4.9911669e-07
              0              2              0              0              0              0              0              0              0              0              0
 -5.3443342e-07              0  5.3041024e-05  3.0127866e-07  6.0806118e-07 -9.4026853e-07  2.5890257e-06 -4.7860453e-07 -5.8697538e-07 -6.5790409e-07 -5.1852436e-07
  -1.506996e-07              0  3.0127866e-07  1.1287277e-06  6.9292321e-07 -1.5539221e-07  3.4204287e-07  2.9920326e-07  9.8547145e-09  3.8142341e-08  1.1647941e-08
 -1.6965015e-07              0  6.0806118e-07  6.9292321e-07  4.9250473e-07 -1.0742861e-07  3.9915107e-07  1.2001042e-07  3.5787444e-08  5.0604102e-08  3.4463674e-08
  1.4689941e-06              0 -9.4026853e-07 -1.5539221e-07 -1.0742861e-07  1.0238838e-06 -2.3242316e-06 -1.0780046e-07  -3.955571e-07 -7.9850173e-08 -2.5885275e-07
 -4.3363724e-06              0  2.5890257e-06  3.4204287e-07  3.9915107e-07 -2.3242316e-06  1.2351845e-05  1.2005104e-07  1.1085407e-06  6.6602804e-08  6.4587345e-07
 -1.4543955e-07              0 -4.7860453e-07  2.9920326e-07  1.2001042e-07 -1.0780046e-07  1.2005104e-07  7.5400925e-07  2.4898698e-08  6.1515093e-08  4.7138441e-08
 -8.0335734e-07              0 -5.8697538e-07  9.8547145e-09  3.5787444e-08  -3.955571e-07  1.1085407e-06  2.4898698e-08  9.0535842e-07   -1.55346e-08  1.4402586e-07
 -1.5542911e-07              0 -6.5790409e-07  3.8142341e-08  5.0604102e-08 -7.9850173e-08  6.6602804e-08  6.1515093e-08   -1.55346e-08  7.4707133e-07  3.5547643e-08
 -4.9911669e-07              0 -5.1852436e-07  1.1647941e-08  3.4463674e-08 -2.5885275e-07  6.4587345e-07  4.7138441e-08  1.4402586e-07  3.5547643e-08  7.7785264e-07


# ext. ||   Name    ||   type  ||     Value     ||  Error +/- 

   0   ||Targeted q || limited ||      5.868656068215 ||0.0278154817742
   1   ||Nontargeted q || limited ||                   2 ||22.06548931833
   2   ||     sigma || limited ||      1.450086717658 ||0.0615622014481
   3   ||  Biomass1 || limited ||     0.1421554964298 ||0.00895633887299
   4   ||  Biomass2 || limited ||     0.1308519085995 ||0.005676123079862
   5   ||   vm_mean || limited ||     -1.730993009646 ||0.001875823286988
   6   ||  vm_sigma || limited ||      7.658589625902 ||0.05849112887021
   7   ||Recruit year 1 || limited ||      2.276798074796 ||0.009138576939846
   8   ||Recruit year 2 || limited ||      8.417701891738 ||0.01866979991895
   9   ||Recruit year 3 || limited ||      3.865475139636 ||0.01176642841848
  10   ||Recruit year 4 || limited ||      5.856091044183 ||0.01463061360899





