# Minimum negative log likelihood

Minuit did successfully converge.
# of function calls: 996
minimum function Value: 473.6845805685
minimum edm: 4.234070133734e-05
minimum internal state vector: LAVector parameters:
     0.3654498865122
     -1.171769391181
     -1.287002217587
     -1.262344845172
     -1.495571645931
     -1.499336444901
     -0.432103834679
     -1.216483777824
     -1.138319689325
     -1.176040683354
     -1.174757381302
    0.04780088547217
    0.05220922190306
     0.1143924272926
    0.04866459189455

minimum internal covariance matrix: LASymMatrix parameters:
   0.0056442312 -0.00045016379              0 -6.5315318e-06  8.6962981e-05  8.0689846e-05  -0.0010559739  0.00058760101  0.00072025444  0.00063982569  0.00063304048  3.7608863e-05  3.5581567e-05   3.051812e-05  3.2285228e-05
 -0.00045016379  4.2078622e-05              0  7.7110132e-07 -8.0847671e-06  -7.499955e-06  5.7569072e-05 -4.9397201e-05 -6.0304211e-05 -5.3921174e-05  -5.487062e-05 -2.2698138e-06 -2.3459612e-06  -2.003642e-06 -2.4496517e-06
              0              0              2              0              0              0              0              0              0              0              0              0              0              0              0
 -6.5315318e-06  7.7110132e-07              0  0.00012459694 -1.0337808e-06 -8.0311692e-07  1.8084605e-06 -3.9278827e-07 -8.9366112e-07 -1.5125464e-06 -2.3257301e-06  -1.372381e-07 -1.3550223e-07  3.1641988e-07 -3.3030307e-07
  8.6962981e-05 -8.0847671e-06              0 -1.0337808e-06  3.9315236e-06  3.4106402e-06 -1.3169187e-05  9.5746939e-06  1.1616761e-05  1.0342011e-05  1.0606458e-05  4.2988087e-07  4.6270415e-07  3.8024946e-07  4.8042358e-07
  8.0689846e-05  -7.499955e-06              0 -8.0311692e-07  3.4106402e-06  2.9865108e-06 -1.2027621e-05  8.8822771e-06  1.0789503e-05  9.6115077e-06  9.8313038e-06  4.0117467e-07  4.2899057e-07  3.6393234e-07  4.5195588e-07
  -0.0010559739  5.7569072e-05              0  1.8084605e-06 -1.3169187e-05 -1.2027621e-05   0.0011109369 -9.8839044e-05 -0.00012115211 -9.6205509e-05 -0.00010453206 -1.8094115e-05 -1.6144711e-05 -1.7520731e-05 -1.5974223e-05
  0.00058760101 -4.9397201e-05              0 -3.9278827e-07  9.5746939e-06  8.8822771e-06 -9.8839044e-05   6.599873e-05  7.6254084e-05  6.7881207e-05  6.7837537e-05  3.5481386e-06  3.5363153e-06  3.1143386e-06  3.4153147e-06
  0.00072025444 -6.0304211e-05              0 -8.9366112e-07  1.1616761e-05  1.0789503e-05 -0.00012115211  7.6254084e-05  9.6923241e-05  8.3263649e-05  8.2905325e-05  4.4176987e-06  4.2645221e-06  3.7375618e-06  4.1461944e-06
  0.00063982569 -5.3921174e-05              0 -1.5125464e-06  1.0342011e-05  9.6115077e-06 -9.6205509e-05  6.7881207e-05  8.3263649e-05  7.8448395e-05  7.3869807e-05  3.7785164e-06  3.6991388e-06  2.8568552e-06  3.6489366e-06
  0.00063304048  -5.487062e-05              0 -2.3257301e-06  1.0606458e-05  9.8313038e-06 -0.00010453206  6.7837537e-05  8.2905325e-05  7.3869807e-05   8.065767e-05   3.685505e-06  3.7857289e-06  3.1015271e-06  3.9383181e-06
  3.7608863e-05 -2.2698138e-06              0  -1.372381e-07  4.2988087e-07  4.0117467e-07 -1.8094115e-05  3.5481386e-06  4.4176987e-06  3.7785164e-06   3.685505e-06  9.3311313e-07  3.3299248e-07  3.3712628e-07  3.0685047e-07
  3.5581567e-05 -2.3459612e-06              0 -1.3550223e-07  4.6270415e-07  4.2899057e-07 -1.6144711e-05  3.5363153e-06  4.2645221e-06  3.6991388e-06  3.7857289e-06  3.3299248e-07  7.3410876e-07  3.1002309e-07  2.8101011e-07
   3.051812e-05  -2.003642e-06              0  3.1641988e-07  3.8024946e-07  3.6393234e-07 -1.7520731e-05  3.1143386e-06  3.7375618e-06  2.8568552e-06  3.1015271e-06  3.3712628e-07  3.1002309e-07  1.1796443e-06  3.7448294e-07
  3.2285228e-05 -2.4496517e-06              0 -3.3030307e-07  4.8042358e-07  4.5195588e-07 -1.5974223e-05  3.4153147e-06  4.1461944e-06  3.6489366e-06  3.9383181e-06  3.0685047e-07  2.8101011e-07  3.7448294e-07  8.6652449e-07


# ext. ||   Name    ||   type  ||     Value     ||  Error +/- 

   0   ||Natural mortality || limited ||    0.05393423770052 ||0.001239803410716
   1   ||Targeted q || limited ||      3.928025649606 ||0.08910452310971
   2   ||Nontargeted q || limited ||                   2 ||22.06548931833
   3   ||     sigma || limited ||      2.359759160141 ||0.1198070664954
   4   ||  Biomass1 || limited ||      1.414021164383 ||0.05268487951765
   5   ||  Biomass2 || limited ||      1.276085512278 ||0.04362440828387
   6   ||  vm_sigma || limited ||       23.2494217061 ||0.8559953032299
   7   ||Recruit year 1 || limited ||       3.11542849638 ||0.09964109234783
   8   ||Recruit year 2 || limited ||      4.613013392348 ||0.1458683740103
   9   ||Recruit year 3 || limited ||      3.855087092295 ||0.1204177312401
  10   ||Recruit year 4 || limited ||      3.879799403518 ||0.1224775467423
  11   ||Mean Rec dist 1 || limited ||     0.4778268398148 ||0.006822691968306
  12   ||Mean Rec dist 2 || limited ||     0.5218550646114 ||0.006050245675363
  13   ||Mean Rec dist 3 || limited ||      1.141431076931 ||0.007629793283439
  14   ||Mean Rec dist 4 || limited ||     0.4864538590975 ||0.006574472761053





