# Minimum negative log likelihood

Minuit did successfully converge.
# of function calls: 737
minimum function Value: 707.8128282524
minimum edm: 2.126630900765e-05
minimum internal state vector: LAVector parameters:
     0.3868677444381
     -1.100760542472
     -1.287002217587
     -1.024713501293
     -1.489357961571
     -1.493468036571
     0.6418825206778
    -0.3970556389595
     -1.003708030145
    -0.9532345322849
     -1.109544393787
     -1.012788796169

minimum internal covariance matrix: LASymMatrix parameters:
     0.36129065   -0.027666006              0  -0.0011624306   0.0044465254   0.0042493494  0.00029437063  -0.0029731611    0.034691143    0.036940637    0.030248861    0.034905147
   -0.027666006   0.0021463836              0  8.9332204e-05 -0.00034479309 -0.00032933746  -1.359835e-05  0.00012691926  -0.0026677019  -0.0028408769  -0.0023238689  -0.0026931954
              0              0              2              0              0              0              0              0              0              0              0              0
  -0.0011624306  8.9332204e-05              0  0.00041032026 -1.0298577e-05 -1.0361279e-05  9.2649242e-07 -6.2435934e-05 -0.00011280802 -0.00012778044 -9.2682703e-05 -0.00011608479
   0.0044465254 -0.00034479309              0 -1.0298577e-05  7.4269848e-05  6.8275862e-05  2.6576839e-06 -3.3984031e-05   0.0004283126  0.00045608894   0.0003739359  0.00043200034
   0.0042493494 -0.00032933746              0 -1.0361279e-05  6.8275862e-05  6.3240918e-05  2.5583445e-06 -3.1119029e-05  0.00040922764  0.00043576691  0.00035725121  0.00041277809
  0.00029437063  -1.359835e-05              0  9.2649242e-07  2.6576839e-06  2.5583445e-06  1.0559933e-05 -8.6551246e-05  2.5497811e-05  2.5071756e-05  1.9874219e-05   2.408523e-05
  -0.0029731611  0.00012691926              0 -6.2435934e-05 -3.3984031e-05 -3.1119029e-05 -8.6551246e-05   0.0024652638  -0.0002297555 -0.00023930162 -0.00021586964 -0.00024140433
    0.034691143  -0.0026677019              0 -0.00011280802   0.0004283126  0.00040922764  2.5497811e-05  -0.0002297555   0.0033797177   0.0035441544   0.0029021291   0.0033550146
    0.036940637  -0.0028408769              0 -0.00012778044  0.00045608894  0.00043576691  2.5071756e-05 -0.00023930162   0.0035441544   0.0038253279   0.0030880605    0.003577134
    0.030248861  -0.0023238689              0 -9.2682703e-05   0.0003739359  0.00035725121  1.9874219e-05 -0.00021586964   0.0029021291   0.0030880605   0.0025767872   0.0029304139
    0.034905147  -0.0026931954              0 -0.00011608479  0.00043200034  0.00041277809   2.408523e-05 -0.00024140433   0.0033550146    0.003577134   0.0029304139    0.003442406


# ext. ||   Name    ||   type  ||     Value     ||  Error +/- 

   0   ||Natural mortality || limited ||     0.0544322375824 ||0.009546713474222
   1   ||Targeted q || limited ||      5.422395930239 ||0.7417383901675
   2   ||Nontargeted q || limited ||                   2 ||22.06548931833
   3   ||     sigma || limited ||      7.271728338092 ||0.3719259972083
   4   ||  Biomass1 || limited ||      1.657135656522 ||0.2478605863063
   5   ||  Biomass2 || limited ||      1.494171340973 ||0.2171987391718
   6   ||   vm_mean || limited ||      1.880885169175 ||0.005782043984354
   7   ||  vm_sigma || limited ||      24.53250446689 ||1.294818353886
   8   ||Recruit year 1 || limited ||      7.835784715076 ||1.103692283178
   9   ||Recruit year 2 || limited ||       9.24444050423 ||1.265676733086
  10   ||Recruit year 3 || limited ||      5.234677371313 ||0.7985194140849
  11   ||Recruit year 4 || limited ||      7.593651520422 ||1.097947417067





