# Minimum negative log likelihood

Minuit did successfully converge.
# of function calls: 1236
minimum function Value: 654.0265583448
minimum edm: 2.854520927419e-05
minimum internal state vector: LAVector parameters:
   -0.02332169640696
     -1.035286823401
     -1.287002217587
     -1.092300484897
     -1.514594702953
     -1.518401846737
      0.437418939328
    -0.9505289089772
     -1.155689360473
     -1.246805126281
     -1.059986035108
     0.0219974973525
    0.09224201210144
    0.02226964922966
     0.0965842768615

minimum internal covariance matrix: LASymMatrix parameters:
    0.011145875 -0.00096458894              0  3.5536886e-05  0.00010973461  9.7828521e-05  -0.0045211563   0.0014568021   0.0010615516  0.00074583961   0.0013805799  3.1181385e-05  3.6981445e-05   3.325575e-05  3.7489846e-05
 -0.00096458894   9.951365e-05              0 -7.1547246e-06 -1.1363573e-05 -1.0106172e-05  0.00029466156  -0.0001304613 -9.4466408e-05 -6.6801776e-05  -0.0001284295 -1.7823165e-06  -2.220407e-06 -2.0384972e-06  -2.772617e-06
              0              0              2              0              0              0              0              0              0              0              0              0              0              0              0
  3.5536886e-05 -7.1547246e-06              0  0.00031998575  3.9439064e-06  3.3452337e-06 -0.00026639233  8.5348377e-06  3.5628531e-06  6.1345387e-06  4.4446783e-06  5.7666597e-07  7.4912208e-07 -7.7302405e-08  8.4906062e-07
  0.00010973461 -1.1363573e-05              0  3.9439064e-06  1.0242287e-05  8.3537835e-06 -5.3188581e-05  1.5003523e-05  1.0578016e-05  7.9051291e-06  1.4496433e-05  2.7530881e-07  2.8861854e-07  2.7969424e-07  3.1714426e-07
  9.7828521e-05 -1.0106172e-05              0  3.3452337e-06  8.3537835e-06  6.9097791e-06 -4.6314387e-05  1.3368316e-05  9.4135924e-06  7.0341225e-06  1.2898737e-05  2.4570334e-07  2.6039684e-07  2.4321843e-07  2.8605348e-07
  -0.0045211563  0.00029466156              0 -0.00026639233 -5.3188581e-05 -4.6314387e-05    0.015201948 -0.00058865756 -0.00040135643 -0.00032497249 -0.00048227519 -5.3700083e-05 -5.6246159e-05 -4.7119718e-05 -5.8870716e-05
   0.0014568021  -0.0001304613              0  8.5348377e-06  1.5003523e-05  1.3368316e-05 -0.00058865756   0.0002082665  0.00013932369  9.8731148e-05  0.00018177257  3.9212562e-06  4.6480348e-06  4.0753025e-06  4.8717397e-06
   0.0010615516 -9.4466408e-05              0  3.5628531e-06  1.0578016e-05  9.4135924e-06 -0.00040135643  0.00013932369  0.00011682733  7.1388511e-05  0.00013284884  2.7459372e-06  3.0495313e-06  3.0341412e-06  3.3925348e-06
  0.00074583961 -6.6801776e-05              0  6.1345387e-06  7.9051291e-06  7.0341225e-06 -0.00032497249  9.8731148e-05  7.1388511e-05  6.6418562e-05  9.2884043e-05  2.0774964e-06  2.4201232e-06  2.1005685e-06  2.5840674e-06
   0.0013805799  -0.0001284295              0  4.4446783e-06  1.4496433e-05  1.2898737e-05 -0.00048227519  0.00018177257  0.00013284884  9.2884043e-05  0.00020158895   3.248501e-06  3.8749421e-06  3.6661416e-06  4.6242208e-06
  3.1181385e-05 -1.7823165e-06              0  5.7666597e-07  2.7530881e-07  2.4570334e-07 -5.3700083e-05  3.9212562e-06  2.7459372e-06  2.0774964e-06   3.248501e-06  5.0007315e-07   2.689517e-07  2.0161367e-07  2.4201673e-07
  3.6981445e-05  -2.220407e-06              0  7.4912208e-07  2.8861854e-07  2.6039684e-07 -5.6246159e-05  4.6480348e-06  3.0495313e-06  2.4201232e-06  3.8749421e-06   2.689517e-07  1.3997768e-06  2.4844804e-07  2.6218137e-07
   3.325575e-05 -2.0384972e-06              0 -7.7302405e-08  2.7969424e-07  2.4321843e-07 -4.7119718e-05  4.0753025e-06  3.0341412e-06  2.1005685e-06  3.6661416e-06  2.0161367e-07  2.4844804e-07  1.2476536e-06  2.3957361e-07
  3.7489846e-05  -2.772617e-06              0  8.4906062e-07  3.1714426e-07  2.8605348e-07 -5.8870716e-05  4.8717397e-06  3.3925348e-06  2.5840674e-06  4.6242208e-06  2.4201673e-07  2.6218137e-07  2.3957361e-07  1.0519365e-06


# ext. ||   Name    ||   type  ||     Value     ||  Error +/- 

   0   ||Natural mortality || limited ||    0.04441701044133 ||0.001864062724815
   1   ||Targeted q || limited ||      6.999562405715 ||0.1799702290588
   2   ||Nontargeted q || limited ||                   2 ||22.06548931833
   3   ||     sigma || limited ||      5.615574600176 ||0.2911964066104
   4   ||  Biomass1 || limited ||     0.7894478004857 ||0.06355845430103
   5   ||  Biomass2 || limited ||     0.6861383990547 ||0.04867137915895
   6   ||  vm_sigma || limited ||      56.94440139643 ||3.154962588635
   7   ||Recruit year 1 || limited ||      9.322916194814 ||0.2965369350073
   8   ||Recruit year 2 || limited ||      4.255915990164 ||0.1540971765439
   9   ||Recruit year 3 || limited ||      2.611121726888 ||0.09171964207945
  10   ||Recruit year 4 || limited ||      6.391928982563 ||0.2453825647259
  11   ||Mean Rec dist 1 || limited ||     0.2199572333432 ||0.004999155751648
  12   ||Mean Rec dist 2 || limited ||     0.9211125951471 ||0.008330366466485
  13   ||Mean Rec dist 3 || limited ||     0.2226780855044 ||0.007896311489187
  14   ||Mean Rec dist 4 || limited ||     0.9643418211948 ||0.007218565434812





