# Minimum negative log likelihood

Minuit did successfully converge.
# of function calls: 1849
minimum function Value: 489.1793620611
minimum edm: 1.477906664245e-05
minimum internal state vector: LAVector parameters:
     0.1782999173312
     -1.314156315221
     -1.287002217587
     -1.250549670786
     -1.420789546425
     -1.423269260877
     -1.330873306337
    -0.8819387229729
    -0.9063209243343
     -1.088711813556
    -0.9869962931836
    0.09424835970362
     0.1029738845736
    0.02986360496172
    0.09061403004198

minimum internal covariance matrix: LASymMatrix parameters:
     0.09026286  -0.0086534051              0  2.6731104e-05   0.0050601959   0.0049729574  0.00034691644    0.030501865    0.029897601    0.021103971    0.025675119   0.0018189069   0.0021656254   0.0028600307    0.002022648
  -0.0086534051  0.00092508852              0 -5.1855678e-06 -0.00053472588 -0.00052659563  -9.240815e-05  -0.0031051738  -0.0030290993  -0.0021222235  -0.0026181115 -0.00015574414 -0.00019913552 -0.00030216624 -0.00018214109
              0              0              2              0              0              0              0              0              0              0              0              0              0              0              0
  2.6731104e-05 -5.1855678e-06              0  0.00012707711  1.5742876e-06  1.7682448e-06  2.8947271e-06  1.4917711e-05   1.264897e-05  9.9764988e-06  1.0416261e-05   1.339999e-07  6.8385848e-07  1.6090668e-06  4.7304299e-07
   0.0050601959 -0.00053472588              0  1.5742876e-06  0.00031451641  0.00030887115  4.9593834e-05   0.0018048176   0.0017614679   0.0012343852   0.0015210304  9.1121079e-05   0.0001169214  0.00017494415  0.00010720793
   0.0049729574 -0.00052659563              0  1.7682448e-06  0.00030887115  0.00030351211  4.9760926e-05   0.0017754745    0.001732954   0.0012143607    0.001496566  8.9710265e-05  0.00011475128  0.00017230984  0.00010515276
  0.00034691644  -9.240815e-05              0  2.8947271e-06  4.9593834e-05  4.9760926e-05  4.5873629e-05  0.00022927556  0.00021578343  0.00014413142  0.00019465344 -5.6581337e-06  7.0443433e-07  2.9673606e-05 -2.9937811e-06
    0.030501865  -0.0031051738              0  1.4917711e-05   0.0018048176   0.0017754745  0.00022927556    0.010659102    0.010411584   0.0073198396   0.0089740649  0.00057780149  0.00071654186   0.0010193685  0.00066071602
    0.029897601  -0.0030290993              0   1.264897e-05   0.0017614679    0.001732954  0.00021578343    0.010411584    0.010188391   0.0071581977   0.0087723966  0.00057025445  0.00070140475  0.00099719188  0.00065015963
    0.021103971  -0.0021222235              0  9.9764988e-06   0.0012343852   0.0012143607  0.00014413142   0.0073198396   0.0071581977    0.005045404   0.0061659363  0.00040572547  0.00049550171  0.00069532664  0.00046064982
    0.025675119  -0.0026181115              0  1.0416261e-05   0.0015210304    0.001496566  0.00019465344   0.0089740649   0.0087723966   0.0061659363   0.0075739743  0.00048652752  0.00060212624  0.00085733125  0.00056104657
   0.0018189069 -0.00015574414              0   1.339999e-07  9.1121079e-05  8.9710265e-05 -5.6581337e-06  0.00057780149  0.00057025445  0.00040572547  0.00048652752  4.5770715e-05  4.6075143e-05  5.2470709e-05  4.3765961e-05
   0.0021656254 -0.00019913552              0  6.8385848e-07   0.0001169214  0.00011475128  7.0443433e-07  0.00071654186  0.00070140475  0.00049550171  0.00060212624  4.6075143e-05  6.0825855e-05  6.7470652e-05  5.1099913e-05
   0.0028600307 -0.00030216624              0  1.6090668e-06  0.00017494415  0.00017230984  2.9673606e-05   0.0010193685  0.00099719188  0.00069532664  0.00085733125  5.2470709e-05  6.7470652e-05  0.00011046406  6.1175269e-05
    0.002022648 -0.00018214109              0  4.7304299e-07  0.00010720793  0.00010515276 -2.9937811e-06  0.00066071602  0.00065015963  0.00046064982  0.00056104657  4.3765961e-05  5.1099913e-05  6.1175269e-05  5.8556369e-05


# ext. ||   Name    ||   type  ||     Value     ||  Error +/- 

   0   ||Natural mortality || limited ||    0.04943391749744 ||0.005187614763993
   1   ||Targeted q || limited ||      1.637584542358 ||0.2729352479601
   2   ||Nontargeted q || limited ||                   2 ||22.06548931833
   3   ||     sigma || limited ||      2.542110026231 ||0.1254641747792
   4   ||  Biomass1 || limited ||      5.614967666248 ||0.937014242393
   5   ||  Biomass2 || limited ||      5.431197577467 ||0.9053723846791
   6   ||  vm_sigma || limited ||      1.146734869601 ||0.04552152436124
   7   ||Recruit year 1 || limited ||      11.41022540252 ||2.317970998507
   8   ||Recruit year 2 || limited ||      10.64691697515 ||2.198526263055
   9   ||Recruit year 3 || limited ||      5.707909572609 ||1.163712691945
  10   ||Recruit year 4 || limited ||      8.290466561147 ||1.694756917152
  11   ||Mean Rec dist 1 || limited ||     0.9410889083994 ||0.0476261488624
  12   ||Mean Rec dist 2 || limited ||      1.027919983605 ||0.05485551343757
  13   ||Mean Rec dist 3 || limited ||     0.2985916625879 ||0.07428443328029
  14   ||Mean Rec dist 4 || limited ||     0.9049007711446 ||0.05388706519941





