# Minimum negative log likelihood

Minuit did successfully converge.
# of function calls: 720
minimum function Value: 657.99147291
minimum edm: 9.134154785141e-05
minimum internal state vector: LAVector parameters:
    -0.2867778213849
     -1.038876683198
     -1.287002217587
      -1.08764421058
     -1.536700427628
     -1.538119860881
    -0.4075724630242
    -0.5202107195707
     -1.140072831462
    -0.9391814389057
      -1.07504562421
    -0.9673024255305

minimum internal covariance matrix: LASymMatrix parameters:
     0.05997176  -0.0044088096              0  0.00020637161  0.00029761125  0.00027344503  0.00021777278   -0.001768144     0.00412064   0.0058264867   0.0048241268   0.0057035458
  -0.0044088096  0.00033451717              0 -1.6961897e-05  -2.250082e-05 -2.0754225e-05 -1.1912614e-05  8.6090104e-05 -0.00030456209 -0.00043006094 -0.00035593641 -0.00042210778
              0              0              2              0              0              0              0              0              0              0              0              0
  0.00020637161 -1.6961897e-05              0  0.00029850057   9.004765e-07  8.9847346e-07  1.9067351e-07 -3.6998129e-06  1.4815988e-05   2.002463e-05  1.7367095e-05   1.922616e-05
  0.00029761125  -2.250082e-05              0   9.004765e-07  1.5033581e-05  1.1980609e-05  7.9017004e-07 -9.8816588e-06  2.1641439e-05  2.9266446e-05  2.4430791e-05  2.8444117e-05
  0.00027344503 -2.0754225e-05              0  8.9847346e-07  1.1980609e-05  9.9005304e-06  6.8501674e-07 -5.9876361e-06  1.9326463e-05  2.6862965e-05  2.2459043e-05  2.6046474e-05
  0.00021777278 -1.1912614e-05              0  1.9067351e-07  7.9017004e-07  6.8501674e-07  5.7737186e-06 -4.8971573e-05  1.4346723e-05  2.0482557e-05  1.6903684e-05  1.9831418e-05
   -0.001768144  8.6090104e-05              0 -3.6998129e-06 -9.8816588e-06 -5.9876361e-06 -4.8971573e-05   0.0010426395 -0.00011477053 -0.00016467598 -0.00013727796 -0.00015902005
     0.00412064 -0.00030456209              0  1.4815988e-05  2.1641439e-05  1.9326463e-05  1.4346723e-05 -0.00011477053  0.00029857421  0.00040044736  0.00033152619   0.0003925751
   0.0058264867 -0.00043006094              0   2.002463e-05  2.9266446e-05  2.6862965e-05  2.0482557e-05 -0.00016467598  0.00040044736  0.00058148252  0.00046936988  0.00055469803
   0.0048241268 -0.00035593641              0  1.7367095e-05  2.4430791e-05  2.2459043e-05  1.6903684e-05 -0.00013727796  0.00033152619  0.00046936988  0.00040339917  0.00045885117
   0.0057035458 -0.00042210778              0   1.922616e-05  2.8444117e-05  2.6046474e-05  1.9831418e-05 -0.00015902005   0.0003925751  0.00055469803  0.00045885117  0.00055812865


# ext. ||   Name    ||   type  ||     Value     ||  Error +/- 

   0   ||Natural mortality || limited ||    0.03792842217287 ||0.004131587689767
   1   ||Targeted q || limited ||      6.908248123299 ||0.3279605950389
   2   ||Nontargeted q || limited ||                   2 ||22.06548931833
   3   ||     sigma || limited ||      5.723253147601 ||0.2837726610839
   4   ||  Biomass1 || limited ||     0.2906044303279 ||0.04673084978427
   5   ||  Biomass2 || limited ||     0.2669141050677 ||0.03634474857472
   6   ||   vm_mean || limited ||     -1.245270185371 ||0.004900560124778
   7   ||  vm_sigma || limited ||      20.11822879966 ||0.792402348664
   8   ||Recruit year 1 || limited ||       4.57634793333 ||0.2550426793403
   9   ||Recruit year 2 || limited ||      9.655282756321 ||0.5033164830391
  10   ||Recruit year 3 || limited ||      6.028805337968 ||0.3377461655094
  11   ||Recruit year 4 || limited ||      8.841227973975 ||0.4739600538028





