# Minimum negative log likelihood

Minuit did successfully converge.
# of function calls: 1257
minimum function Value: 489.8563516414
minimum edm: 1.744944274091e-05
minimum internal state vector: LAVector parameters:
    -0.7668310996563
     -1.029578398408
     -1.287002217587
     -1.250049984286
     -1.463362172997
     -1.428948293874
      -1.16969065456
     -0.704457843373
     -1.066427608111
     -1.087401083225
     -1.137594891872
     -1.281506476372

minimum internal covariance matrix: LASymMatrix parameters:
   0.0014762729 -0.00048253909              0  1.2685776e-05  0.00010836403  0.00012547785  3.1009213e-05 -9.2440772e-05  0.00043564136  0.00048146566  0.00036153016  0.00027874256
 -0.00048253909  0.00016373327              0 -7.6734158e-06 -3.6852238e-05 -4.2993581e-05 -5.1204206e-06  1.0985851e-05 -0.00015014039  -0.0001570737 -0.00011901345 -9.1232382e-05
              0              0              2              0              0              0              0              0              0              0              0              0
  1.2685776e-05 -7.6734158e-06              0  0.00014075122  1.2406016e-06  1.9314313e-06  -1.780188e-06  1.7111614e-05  1.4680071e-06  5.1231667e-06  5.9470304e-06  1.1052881e-06
  0.00010836403 -3.6852238e-05              0  1.2406016e-06  1.4140705e-05  1.2928713e-05  1.3673566e-06 -8.3204023e-06  3.0555883e-05  3.5714097e-05  2.6249723e-05  2.0527129e-05
  0.00012547785 -4.2993581e-05              0  1.9314313e-06  1.2928713e-05  1.3388078e-05  1.2126492e-07 -1.0166828e-06  3.7639107e-05  4.1126293e-05  3.0670767e-05  2.3733812e-05
  3.1009213e-05 -5.1204206e-06              0  -1.780188e-06  1.3673566e-06  1.2126492e-07  1.2791636e-05 -3.1115654e-05   1.270804e-05  8.4552619e-06  7.6374832e-06  6.2800756e-06
 -9.2440772e-05  1.0985851e-05              0  1.7111614e-05 -8.3204023e-06 -1.0166828e-06 -3.1115654e-05   0.0001749467 -5.7766447e-06 -2.9630917e-05 -1.8386066e-05 -1.6109767e-05
  0.00043564136 -0.00015014039              0  1.4680071e-06  3.0555883e-05  3.7639107e-05   1.270804e-05 -5.7766447e-06  0.00021141261  0.00012993632  0.00010905894  8.5551435e-05
  0.00048146566  -0.0001570737              0  5.1231667e-06  3.5714097e-05  4.1126293e-05  8.4552619e-06 -2.9630917e-05  0.00012993632  0.00016296498  0.00011688505   9.036622e-05
  0.00036153016 -0.00011901345              0  5.9470304e-06  2.6249723e-05  3.0670767e-05  7.6374832e-06 -1.8386066e-05  0.00010905894  0.00011688505  9.3655199e-05  6.6868875e-05
  0.00027874256 -9.1232382e-05              0  1.1052881e-06  2.0527129e-05  2.3733812e-05  6.2800756e-06 -1.6109767e-05  8.5551435e-05   9.036622e-05  6.6868875e-05  5.8345434e-05


# ext. ||   Name    ||   type  ||     Value     ||  Error +/- 

   0   ||Natural mortality || limited ||    0.04592148603005 ||0.002934315690733
   1   ||Targeted q || limited ||      7.145906772067 ||0.2330648331181
   2   ||Nontargeted q || limited ||                   2 ||22.06548931833
   3   ||     sigma || limited ||      2.549981033334 ||0.1322407888856
   4   ||  Biomass1 || limited ||      2.882750001231 ||0.1425596522079
   5   ||  Biomass2 || limited ||      5.021787407722 ||0.1828856290037
   6   ||   vm_mean || limited ||     -2.892244011254 ||0.003102043417531
   7   ||  vm_sigma || limited ||      14.09599094776 ||0.2850492247942
   8   ||Recruit year 1 || limited ||      6.235391467686 ||0.2483965706593
   9   ||Recruit year 2 || limited ||      5.738329083627 ||0.2097528144244
  10   ||Recruit year 3 || limited ||      4.628212675853 ||0.143613241066
  11   ||Recruit year 4 || limited ||      2.087457097498 ||0.07703206198897





