# Minimum negative log likelihood

Minuit did successfully converge.
# of function calls: 1129
minimum function Value: 511.4316320042
minimum edm: 1.441378114024e-05
minimum internal state vector: LAVector parameters:
    -0.9744497581665
    -0.9676922174684
     -1.287002217587
     -1.232794442478
     -1.548979693814
     -1.549520596695
    0.05140156125423
    -0.2170966640646
     -1.126716326034
     -1.306542321298
    -0.9500355774773
     -1.169738362319

minimum internal covariance matrix: LASymMatrix parameters:
   0.0035809402 -0.00085582208              0   6.078156e-06  4.0318925e-05  3.5581345e-05  2.8188396e-05 -0.00031684893  0.00068206276  0.00039566916    0.001035288  0.00066670521
 -0.00085582208  0.00020778024              0 -7.1359772e-07 -9.7347809e-06 -8.5788185e-06 -5.7548969e-06  5.8364927e-05 -0.00016278636 -9.4544588e-05 -0.00024709495 -0.00015977018
              0              0              2              0              0              0              0              0              0              0              0              0
   6.078156e-06 -7.1359772e-07              0  0.00015199785 -6.1541259e-07 -4.6259218e-07  1.1608149e-06 -2.4490162e-05 -1.1576003e-06  2.3678804e-06  2.5693961e-06  1.8651032e-06
  4.0318925e-05 -9.7347809e-06              0 -6.1541259e-07  4.0868553e-06  3.3681117e-06  2.8190038e-07 -3.2843474e-06   7.691192e-06  4.3283312e-06  1.1794441e-05  7.6346848e-06
  3.5581345e-05 -8.5788185e-06              0 -4.6259218e-07  3.3681117e-06  2.8028087e-06  2.4975768e-07 -2.6474797e-06  6.7830169e-06  3.8402069e-06  1.0386958e-05  6.7121999e-06
  2.8188396e-05 -5.7548969e-06              0  1.1608149e-06  2.8190038e-07  2.4975768e-07  1.4482826e-06 -2.0008955e-05  5.2037269e-06  3.2089693e-06  8.1980151e-06  5.3064877e-06
 -0.00031684893  5.8364927e-05              0 -2.4490162e-05 -3.2843474e-06 -2.6474797e-06 -2.0008955e-05  0.00063717054 -5.7943262e-05 -3.6034666e-05  -9.201963e-05 -6.1230707e-05
  0.00068206276 -0.00016278636              0 -1.1576003e-06   7.691192e-06  6.7830169e-06  5.2037269e-06 -5.7943262e-05  0.00013364191  7.4932958e-05  0.00019743849  0.00012668499
  0.00039566916 -9.4544588e-05              0  2.3678804e-06  4.3283312e-06  3.8402069e-06  3.2089693e-06 -3.6034666e-05  7.4932958e-05  4.6789058e-05  0.00011431654   7.375202e-05
    0.001035288 -0.00024709495              0  2.5693961e-06  1.1794441e-05  1.0386958e-05  8.1980151e-06  -9.201963e-05  0.00019743849  0.00011431654  0.00030262642  0.00019253951
  0.00066670521 -0.00015977018              0  1.8651032e-06  7.6346848e-06  6.7121999e-06  5.3064877e-06 -6.1230707e-05  0.00012668499   7.375202e-05  0.00019253951  0.00012762318


# ext. ||   Name    ||   type  ||     Value     ||  Error +/- 

   0   ||Natural mortality || limited ||    0.02589105228838 ||0.003563611811237
   1   ||Targeted q || limited ||      8.821053524936 ||0.2890594125045
   2   ||Nontargeted q || limited ||                   2 ||22.06548931833
   3   ||     sigma || limited ||      2.829043554176 ||0.1445394117389
   4   ||  Biomass1 || limited ||     0.1189866490804 ||0.01559203363161
   5   ||  Biomass2 || limited ||     0.1131599041752 ||0.01259225003503
   6   ||   vm_mean || limited ||     0.1614116671245 ||0.002669853872767
   7   ||  vm_sigma || limited ||      31.38479373127 ||0.6971537581282
   8   ||Recruit year 1 || limited ||      4.859199817603 ||0.175577934254
   9   ||Recruit year 2 || limited ||      1.745445678236 ||0.06315930118763
  10   ||Recruit year 3 || limited ||      9.337257226422 ||0.3576999464503
  11   ||Recruit year 4 || limited ||      3.977178850399 ||0.1559097511431





