# Minimum negative log likelihood

Minuit did successfully converge.
# of function calls: 1053
minimum function Value: 571.0978920918
minimum edm: 4.982462569625e-05
minimum internal state vector: LAVector parameters:
     0.3532885725869
     -1.221018770778
     -1.287002217587
     -1.180069593797
     -1.389911300196
     -1.396985168926
      2.308956865265
     -1.433435200678
      -1.22981298101
     -1.215883804012
     -1.330881054979
    0.08456109135157
      0.046158411189
      0.085499648616
    0.09544002805368

minimum internal covariance matrix: LASymMatrix parameters:
    0.023888751  -0.0021387824              0 -0.00012196822   0.0011414946   0.0010762487     0.02644333   0.0012299724    0.002904569   0.0030224222   0.0020047233  0.00013327422  0.00010821292  9.0454778e-05  0.00010185088
  -0.0021387824  0.00021549998              0  1.2976352e-05  -0.0001158398 -0.00010873753  -0.0019780598 -0.00011307942 -0.00027180258 -0.00028261663 -0.00019190822 -1.1287306e-05  -8.315962e-06 -6.7417024e-06 -9.1102101e-06
              0              0              2              0              0              0              0              0              0              0              0              0              0              0              0
 -0.00012196822  1.2976352e-05              0  0.00019547062 -9.9291568e-06 -8.9969751e-06  7.5808985e-06 -7.2317337e-06 -1.5854397e-05 -1.5242341e-05 -1.3086695e-05 -1.2798552e-06 -3.6721054e-07 -5.0645575e-07 -3.1352591e-07
   0.0011414946  -0.0001158398              0 -9.9291568e-06  6.9076175e-05  6.4145371e-05   0.0010502022  6.1781742e-05  0.00014569738  0.00015144036  0.00010317052  5.2040153e-06  4.3765307e-06  3.5904895e-06  4.8831297e-06
   0.0010762487 -0.00010873753              0 -8.9969751e-06  6.4145371e-05  5.9676447e-05  0.00099692159  5.7950294e-05  0.00013711397  0.00014253724  9.6999395e-05  5.0901592e-06  4.1580108e-06  3.4065979e-06  4.6012636e-06
     0.02644333  -0.0019780598              0  7.5808985e-06   0.0010502022  0.00099692159     0.17930287   0.0013922525   0.0029776347   0.0031139892   0.0020931607  0.00013843956  0.00031997842  0.00028746676  0.00029125789
   0.0012299724 -0.00011307942              0 -7.2317337e-06  6.1781742e-05  5.7950294e-05   0.0013922525  7.6013752e-05  0.00015059175  0.00015705274  0.00010560995  2.9972124e-06   5.604335e-06  4.6029945e-06  5.4757391e-06
    0.002904569 -0.00027180258              0 -1.5854397e-05  0.00014569738  0.00013711397   0.0029776347  0.00015059175  0.00036869825  0.00037441356   0.0002503325  1.5810477e-05   1.231334e-05  1.0307688e-05  1.2329746e-05
   0.0030224222 -0.00028261663              0 -1.5242341e-05  0.00015144036  0.00014253724   0.0031139892  0.00015705274  0.00037441356  0.00039788866  0.00025984726  1.6259299e-05  1.2960328e-05  1.0478461e-05  1.2945934e-05
   0.0020047233 -0.00019190822              0 -1.3086695e-05  0.00010317052  9.6999395e-05   0.0020931607  0.00010560995   0.0002503325  0.00025984726  0.00019400271  1.0276524e-05  8.4976253e-06  6.9072978e-06   9.766729e-06
  0.00013327422 -1.1287306e-05              0 -1.2798552e-06  5.2040153e-06  5.0901592e-06  0.00013843956  2.9972124e-06  1.5810477e-05  1.6259299e-05  1.0276524e-05  2.5993394e-05  2.8212608e-07  7.9108019e-07  4.4857787e-07
  0.00010821292  -8.315962e-06              0 -3.6721054e-07  4.3765307e-06  4.1580108e-06  0.00031997842   5.604335e-06   1.231334e-05  1.2960328e-05  8.4976253e-06  2.8212608e-07  1.8073674e-06  7.1616975e-07   6.811698e-07
  9.0454778e-05 -6.7417024e-06              0 -5.0645575e-07  3.5904895e-06  3.4065979e-06  0.00028746676  4.6029945e-06  1.0307688e-05  1.0478461e-05  6.9072978e-06  7.9108019e-07  7.1616975e-07  2.0538375e-06  5.3889872e-07
  0.00010185088 -9.1102101e-06              0 -3.1352591e-07  4.8831297e-06  4.6012636e-06  0.00029125789  5.4757391e-06  1.2329746e-05  1.2945934e-05   9.766729e-06  4.4857787e-07   6.811698e-07  5.3889872e-07  5.5747776e-06


# ext. ||   Name    ||   type  ||     Value     ||  Error +/- 

   0   ||Natural mortality || limited ||    0.05364962857678 ||0.002558413672003
   1   ||Targeted q || limited ||      3.027551741995 ||0.177856926339
   2   ||Nontargeted q || limited ||                   2 ||22.06548931833
   3   ||     sigma || limited ||      3.768373991308 ||0.188258496546
   4   ||  Biomass1 || limited ||      8.157569217156 ||0.5286258171247
   5   ||  Biomass2 || limited ||      7.533584966971 ||0.472327329695
   6   ||  vm_sigma || limited ||      69.58843556043 ||7.939503497368
   7   ||Recruit year 1 || limited ||     0.4809136685938 ||0.04220386004976
   8   ||Recruit year 2 || limited ||      2.888398299007 ||0.226995998275
   9   ||Recruit year 3 || limited ||      3.125843810971 ||0.2450434998953
  10   ||Recruit year 4 || limited ||      1.441951216689 ||0.1170016656384
  11   ||Mean Rec dist 1 || limited ||     0.8446035059373 ||0.03592203858367
  12   ||Mean Rec dist 2 || limited ||      0.461420220915 ||0.009496101446767
  13   ||Mean Rec dist 3 || limited ||     0.8539551690627 ||0.01009668120495
  14   ||Mean Rec dist 4 || limited ||     0.9529520335707 ||0.01661948691582





