# Minimum negative log likelihood

Minuit did successfully converge.
# of function calls: 1169
minimum function Value: 378.9416702388
minimum edm: 1.992099523649e-06
minimum internal state vector: LAVector parameters:
   -0.02806954211166
     -1.221013155891
     -1.287002217587
     -1.325548635978
     -1.353747811352
     -1.358969769256
     0.6248072321032
    -0.7648333067553
    -0.9587294616144
    -0.9803486645648
     -1.089689098133
     -1.155032817632

minimum internal covariance matrix: LASymMatrix parameters:
   0.0044074184 -0.00050738599              0  4.0768495e-05  0.00030607632  0.00029604793  -2.841074e-06 -8.3525155e-06   0.0010153561  0.00082041844  0.00069615347  0.00059318975
 -0.00050738599  6.0174326e-05              0 -4.2622216e-06 -3.6318735e-05 -3.5084443e-05  1.1547889e-06 -6.4947459e-06 -0.00011841422 -9.5456661e-05 -8.1042481e-05 -6.9462594e-05
              0              0              2              0              0              0              0              0              0              0              0              0
  4.0768495e-05 -4.2622216e-06              0  5.8582586e-05  1.8832828e-06  1.7960444e-06  4.5638784e-07 -4.2308618e-06  9.6721795e-06  7.7923712e-06  6.5727448e-06  6.3723954e-06
  0.00030607632 -3.6318735e-05              0  1.8832828e-06  2.3008812e-05  2.2099682e-05 -7.4208033e-07     3.9328e-06  7.1554071e-05  5.7632609e-05  4.8959544e-05  4.2004819e-05
  0.00029604793 -3.5084443e-05              0  1.7960444e-06  2.2099682e-05  2.1247747e-05 -6.9060136e-07  3.6789834e-06  6.9158889e-05  5.5719786e-05  4.7332488e-05  4.0591774e-05
  -2.841074e-06  1.1547889e-06              0  4.5638784e-07 -7.4208033e-07 -6.9060136e-07  1.3735062e-06     -6.408e-06 -1.4048488e-06 -1.0438138e-06 -8.8284675e-07 -6.2759134e-07
 -8.3525155e-06 -6.4947459e-06              0 -4.2308618e-06     3.9328e-06  3.6789834e-06     -6.408e-06  0.00011206457  4.5445878e-06  2.4944335e-06  3.2402063e-06  2.7087273e-06
   0.0010153561 -0.00011841422              0  9.6721795e-06  7.1554071e-05  6.9158889e-05 -1.4048488e-06  4.5445878e-06  0.00023665864  0.00018976735  0.00016115719  0.00013759026
  0.00082041844 -9.5456661e-05              0  7.7923712e-06  5.7632609e-05  5.5719786e-05 -1.0438138e-06  2.4944335e-06  0.00018976735  0.00015452626  0.00013006613  0.00011111686
  0.00069615347 -8.1042481e-05              0  6.5727448e-06  4.8959544e-05  4.7332488e-05 -8.8284675e-07  3.2402063e-06  0.00016115719  0.00013006613  0.00011176148  9.4140708e-05
  0.00059318975 -6.9462594e-05              0  6.3723954e-06  4.2004819e-05  4.0591774e-05 -6.2759134e-07  2.7087273e-06  0.00013759026  0.00011111686  9.4140708e-05  8.3111393e-05


# ext. ||   Name    ||   type  ||     Value     ||  Error +/- 

   0   ||Natural mortality || limited ||    0.04429835359345 ||0.00117269890256
   1   ||Targeted q || limited ||      3.027647950695 ||0.09398641696705
   2   ||Nontargeted q || limited ||                   2 ||22.06548931833
   3   ||     sigma || limited ||      1.496139188021 ||0.065702179829
   4   ||  Biomass1 || limited ||       11.7313504439 ||0.3652101032649
   5   ||  Biomass2 || limited ||      11.17574028684 ||0.3426402540991
   6   ||   vm_mean || limited ||      1.837646142344 ||0.002111599885528
   7   ||  vm_sigma || limited ||      12.30417663331 ||0.2160253301592
   8   ||Recruit year 1 || limited ||      9.085980904008 ||0.3124638881045
   9   ||Recruit year 2 || limited ||      8.474576756103 ||0.244654972433
  10   ||Recruit year 3 || limited ||      5.685278213576 ||0.172945933123
  11   ||Recruit year 4 || limited ||      4.269163311755 ||0.1301668360436





