# Minimum negative log likelihood

WARNING: Minuit did not converge.

# of function calls: 96
minimum function Value: 697.876177412
minimum edm: 10533.17350008
minimum internal state vector: LAVector parameters:
     0.1040865280543
     -1.153879259145
     -1.287002217587
     -1.878698467741
     -1.401647987726
     -1.407739754555
     0.6076740239059
    0.09733883997831
     -1.015608149073
     -1.197764010246
     -1.219297610978
     -1.073977052899

minimum internal covariance matrix: LASymMatrix parameters:
      1.0018405 -1.4680356e-06              0   4.164864e-05  3.2914319e-08 -3.2563336e-08  7.0786291e-07 -9.9382186e-06  4.6902607e-07  5.2231339e-07   3.682576e-07 -1.2272678e-06
 -1.4680356e-06      1.0001168              0 -4.4857248e-06  1.2109647e-08  -1.198055e-08   2.602765e-07 -3.6551699e-06  1.7229809e-07  1.9209133e-07  1.3537599e-07 -4.5123025e-07
              0              0      3.0000931              0              0              0              0              0              0              0              0              0
   4.164864e-05 -4.4857248e-06              0       1.000002  2.8020068e-06 -2.7721417e-06  6.0196932e-05 -0.00084553795  3.9821123e-05  4.4434085e-05  3.1304596e-05 -0.00010435592
  3.2914319e-08  1.2109647e-08              0  2.8020068e-06      1.0000934  2.0769504e-09 -4.5105531e-08  6.3353296e-07 -2.9842674e-08 -3.3293249e-08 -2.3457403e-08  7.8194669e-08
 -3.2563336e-08  -1.198055e-08              0 -2.7721417e-06  2.0769504e-09      1.0000933  4.4624753e-08 -6.2678015e-07  2.9524582e-08  3.2938377e-08  2.3207371e-08 -7.7361194e-08
  7.0786291e-07   2.602765e-07              0  6.0196932e-05 -4.5105531e-08  4.4624753e-08      1.0001061  1.3611905e-05  -6.411911e-07 -7.1532908e-07 -5.0399896e-07   1.680068e-06
 -9.9382186e-06 -3.6551699e-06              0 -0.00084553795  6.3353296e-07 -6.2678015e-07  1.3611905e-05      1.0221872  9.0058948e-06  1.0047205e-05  7.0789531e-06 -2.3597514e-05
  4.6902607e-07  1.7229809e-07              0  3.9821123e-05 -2.9842674e-08  2.9524582e-08  -6.411911e-07  9.0058948e-06      1.0001442  -4.732753e-07  -3.334553e-07  1.1115649e-06
  5.2231339e-07  1.9209133e-07              0  4.4434085e-05 -3.3293249e-08  3.2938377e-08 -7.1532908e-07  1.0047205e-05  -4.732753e-07      1.0001441 -3.7201119e-07  1.2400901e-06
   3.682576e-07  1.3537599e-07              0  3.1304596e-05 -2.3457403e-08  2.3207371e-08 -5.0399896e-07  7.0789531e-06  -3.334553e-07 -3.7201119e-07      1.0001448  8.7372947e-07
 -1.2272678e-06 -4.5123025e-07              0 -0.00010435592  7.8194669e-08 -7.7361194e-08   1.680068e-06 -2.3597514e-05  1.1115649e-06  1.2400901e-06  8.7372947e-07      1.0001839


# ext. ||   Name    ||   type  ||     Value     ||  Error +/- 

   0   ||Natural mortality || limited ||    0.04759746710429 ||0.01616531721514
   1   ||Targeted q || limited ||      4.282915149885 ||13.15394935235
   2   ||Nontargeted q || limited ||                   2 ||59.27488497045
   3   ||     sigma || limited ||      2.351427808819 ||11.42402451244
   4   ||  Biomass1 || limited ||      7.135752273073 ||118.1774347164
   5   ||  Biomass2 || limited ||      6.632147560879 ||118.2981811444
   6   ||   vm_mean || limited ||      1.793721952267 ||1.675603735216
   7   ||  vm_sigma || limited ||       43.8878594461 ||26.0974687258
   8   ||Recruit year 1 || limited ||      7.519185694699 ||17.12059555571
   9   ||Recruit year 2 || limited ||       3.44832970853 ||11.83723444418
  10   ||Recruit year 3 || limited ||      3.066806704423 ||11.25524689603
  11   ||Recruit year 4 || limited ||       6.05424344576 ||15.48150970356



WARNING: FunctionMinimum is invalid: 
	 Edm is above max


