# Minimum negative log likelihood

Minuit did successfully converge.
# of function calls: 1433
minimum function Value: 546.7363372997
minimum edm: 6.333591829552e-07
minimum internal state vector: LAVector parameters:
    -0.3653313038399
     -0.999359436087
     -1.287002217587
      -1.20254610301
     -1.426659136969
     -1.436395410666
    0.02632238108135
     -1.298901924247
    -0.9741800469021
     -1.344694476068
     -1.049982608475
    0.05906906273176
    0.03322758572618
     0.0819284883008
    0.04893178590081

minimum internal covariance matrix: LASymMatrix parameters:
   0.0049535109 -0.00040558751              0 -5.4961074e-05  0.00012607068  0.00010918925 -0.00087743834  0.00026755703  0.00058631986  0.00022636704   0.0005127113  1.5899626e-05  1.3814319e-05   1.512935e-05  1.3638551e-05
 -0.00040558751  3.9816074e-05              0  8.4522697e-06 -1.2513891e-05 -1.0749852e-05   4.606095e-05 -2.2378021e-05 -4.9607157e-05 -1.8843787e-05 -4.4850786e-05 -8.4316478e-07 -6.8957511e-07 -8.0186875e-07 -7.3425284e-07
              0              0              2              0              0              0              0              0              0              0              0              0              0              0              0
 -5.4961074e-05  8.4522697e-06              0  0.00017505321 -6.9988541e-06 -5.7975861e-06 -5.8879693e-05 -3.7048242e-06 -1.0448317e-05 -3.4326501e-06 -7.0700415e-06  1.9925812e-07  3.2947986e-07  4.0309384e-07  6.3645229e-07
  0.00012607068 -1.2513891e-05              0 -6.9988541e-06  7.3628015e-06  6.1043103e-06 -1.4588343e-05  7.0775393e-06  1.6023278e-05  5.8865805e-06   1.408484e-05  1.6564299e-07  1.8648271e-07  1.9429365e-07   1.492501e-07
  0.00010918925 -1.0749852e-05              0 -5.7975861e-06  6.1043103e-06  5.1031675e-06 -1.2753711e-05   6.105425e-06  1.3815389e-05  5.0902707e-06    1.21606e-05  1.5803875e-07  1.6618992e-07  1.7594324e-07  1.3784676e-07
 -0.00087743834   4.606095e-05              0 -5.8879693e-05 -1.4588343e-05 -1.2753711e-05   0.0014903359 -4.3496203e-05  -9.599795e-05 -3.6486554e-05 -8.0368563e-05   -1.06502e-05 -1.0954818e-05 -9.8868647e-06 -1.1272188e-05
  0.00026755703 -2.2378021e-05              0 -3.7048242e-06  7.0775393e-06   6.105425e-06 -4.3496203e-05  1.9555981e-05   3.176283e-05  1.2433034e-05  2.7695686e-05  7.2984787e-07  7.0840887e-07  7.5810718e-07  6.8317379e-07
  0.00058631986 -4.9607157e-05              0 -1.0448317e-05  1.6023278e-05  1.3815389e-05  -9.599795e-05   3.176283e-05  7.5551403e-05  2.6842113e-05  6.1257781e-05  1.7641885e-06  1.5141036e-06  1.6651864e-06   1.471305e-06
  0.00022636704 -1.8843787e-05              0 -3.4326501e-06  5.8865805e-06  5.0902707e-06 -3.6486554e-05  1.2433034e-05  2.6842113e-05   1.569815e-05  2.3322598e-05  7.0752218e-07  6.0561981e-07  5.0576802e-07   5.713211e-07
   0.0005127113 -4.4850786e-05              0 -7.0700415e-06   1.408484e-05    1.21606e-05 -8.0368563e-05  2.7695686e-05  6.1257781e-05  2.3322598e-05  6.1467971e-05  1.4804092e-06  1.2434585e-06  1.4008325e-06  1.3493961e-06
  1.5899626e-05 -8.4316478e-07              0  1.9925812e-07  1.6564299e-07  1.5803875e-07   -1.06502e-05  7.2984787e-07  1.7641885e-06  7.0752218e-07  1.4804092e-06  8.2316892e-07   1.076435e-07  1.1268729e-07  1.1334884e-07
  1.3814319e-05 -6.8957511e-07              0  3.2947986e-07  1.8648271e-07  1.6618992e-07 -1.0954818e-05  7.0840887e-07  1.5141036e-06  6.0561981e-07  1.2434585e-06   1.076435e-07  2.1121543e-07  1.0113231e-07  1.0228014e-07
   1.512935e-05 -8.0186875e-07              0  4.0309384e-07  1.9429365e-07  1.7594324e-07 -9.8868647e-06  7.5810718e-07  1.6651864e-06  5.0576802e-07  1.4008325e-06  1.1268729e-07  1.0113231e-07    1.37218e-06  1.0954819e-07
  1.3638551e-05 -7.3425284e-07              0  6.3645229e-07   1.492501e-07  1.3784676e-07 -1.1272188e-05  6.8317379e-07   1.471305e-06   5.713211e-07  1.3493961e-06  1.1334884e-07  1.0228014e-07  1.0954819e-07  2.8622038e-07


# ext. ||   Name    ||   type  ||     Value     ||  Error +/- 

   0   ||Natural mortality || limited ||    0.03606853115824 ||0.001161586867388
   1   ||Targeted q || limited ||      7.943764298237 ||0.12065701043
   2   ||Nontargeted q || limited ||                   2 ||22.06548931833
   3   ||     sigma || limited ||      3.352066794793 ||0.1683900112202
   4   ||  Biomass1 || limited ||      5.184896459594 ||0.1377994580668
   5   ||  Biomass2 || limited ||      4.509107866861 ||0.1070209212499
   6   ||  vm_sigma || limited ||       41.0532605016 ||1.091383121132
   7   ||Recruit year 1 || limited ||       1.84662279017 ||0.04198427909468
   8   ||Recruit year 2 || limited ||      8.647062282727 ||0.1726425412914
   9   ||Recruit year 3 || limited ||      1.282488464681 ||0.03140022076811
  10   ||Recruit year 4 || limited ||      6.638608475682 ||0.1379120002949
  11   ||Mean Rec dist 1 || limited ||     0.5903471854614 ||0.006404295383994
  12   ||Mean Rec dist 2 || limited ||     0.3322147178668 ||0.00324794020376
  13   ||Mean Rec dist 3 || limited ||     0.8183686460245 ||0.008255270578097
  14   ||Mean Rec dist 4 || limited ||      0.489122618487 ||0.003778462707849





