# Minimum negative log likelihood

Minuit did successfully converge.
# of function calls: 1244
minimum function Value: 484.9570395138
minimum edm: 2.063024764888e-05
minimum internal state vector: LAVector parameters:
     0.5000611147155
     -1.291967858777
     -1.287002217587
     -1.253824899104
     -1.404386563327
     -1.409875778023
      2.893406892305
    -0.9360084390571
         -1.05471818
     -1.180959532019
     -1.265360120459
     0.1164516306895
    0.07267584214413
     0.0934001579641
    0.07017241948967

minimum internal covariance matrix: LASymMatrix parameters:
    0.011723541  -0.0011139651              0 -6.3752685e-05  0.00068727078  0.00065564319   0.0063707849   0.0033222295   0.0027591776   0.0020482864   0.0015651429  5.1067741e-05  6.2702937e-05  5.4981259e-05  6.0801958e-05
  -0.0011139651  0.00011385342              0  6.3729123e-06 -6.9770472e-05  -6.655943e-05 -0.00052205454 -0.00032697348 -0.00027133588 -0.00020131442 -0.00015606132 -4.3130258e-06 -5.6224656e-06 -4.5529509e-06 -5.7309787e-06
              0              0              2              0              0              0              0              0              0              0              0              0              0              0              0
 -6.3752685e-05  6.3729123e-06              0  0.00013836112 -3.3683243e-06 -3.2170358e-06 -3.8526543e-05 -1.8136637e-05  -1.700226e-05 -1.1510572e-05 -9.8536459e-06  9.0951228e-08 -6.2494046e-07  -9.942111e-07 -1.0421023e-06
  0.00068727078 -6.9770472e-05              0 -3.3683243e-06  4.7624143e-05  4.4920041e-05  0.00034253918  0.00020186798   0.0001669022  0.00012395183  9.5984159e-05  2.5748631e-06  3.4729029e-06  3.2976937e-06  3.6627343e-06
  0.00065564319  -6.655943e-05              0 -3.2170358e-06  4.4920041e-05  4.2441326e-05  0.00032446117  0.00019247112  0.00015922924  0.00011823551   9.155926e-05  2.4859588e-06  3.3194272e-06  3.0827391e-06  3.4703828e-06
   0.0063707849 -0.00052205454              0 -3.8526543e-05  0.00034253918  0.00032446117    0.017215874   0.0016721532    0.001379464   0.0010283571  0.00078046893  6.7088138e-05  6.5648777e-05  7.7448836e-05    6.13942e-05
   0.0033222295 -0.00032697348              0 -1.8136637e-05  0.00020186798  0.00019247112   0.0016721532  0.00096522036   0.0007945926  0.00059008475  0.00045431986  1.3142073e-05  1.7369535e-05  1.5071378e-05  1.7029108e-05
   0.0027591776 -0.00027133588              0  -1.700226e-05   0.0001669022  0.00015922924    0.001379464   0.0007945926  0.00066759943  0.00048990294  0.00037706688  1.1162686e-05  1.4077819e-05  1.2376107e-05  1.4197431e-05
   0.0020482864 -0.00020131442              0 -1.1510572e-05  0.00012395183  0.00011823551   0.0010283571  0.00059008475  0.00048990294  0.00037029922  0.00027924685    8.37052e-06  1.0620716e-05  8.7587623e-06  1.0635379e-05
   0.0015651429 -0.00015606132              0 -9.8536459e-06  9.5984159e-05   9.155926e-05  0.00078046893  0.00045431986  0.00037706688  0.00027924685  0.00023043045  6.1626337e-06  8.0871084e-06  6.9113548e-06   8.850846e-06
  5.1067741e-05 -4.3130258e-06              0  9.0951228e-08  2.5748631e-06  2.4859588e-06  6.7088138e-05  1.3142073e-05  1.1162686e-05    8.37052e-06  6.1626337e-06  9.7115742e-07  4.0039272e-07  1.5858136e-07  2.6473024e-07
  6.2702937e-05 -5.6224656e-06              0 -6.2494046e-07  3.4729029e-06  3.3194272e-06  6.5648777e-05  1.7369535e-05  1.4077819e-05  1.0620716e-05  8.0871084e-06  4.0039272e-07   1.082058e-06  3.9257914e-07  3.5873774e-07
  5.4981259e-05 -4.5529509e-06              0  -9.942111e-07  3.2976937e-06  3.0827391e-06  7.7448836e-05  1.5071378e-05  1.2376107e-05  8.7587623e-06  6.9113548e-06  1.5858136e-07  3.9257914e-07  2.1262104e-06  4.6845133e-07
  6.0801958e-05 -5.7309787e-06              0 -1.0421023e-06  3.6627343e-06  3.4703828e-06    6.13942e-05  1.7029108e-05  1.4197431e-05  1.0635379e-05   8.850846e-06  2.6473024e-07  3.5873774e-07  4.6845133e-07  2.3336921e-06


# ext. ||   Name    ||   type  ||     Value     ||  Error +/- 

   0   ||Natural mortality || limited ||    0.05698697927294 ||0.001678044691332
   1   ||Targeted q || limited ||      1.931073090025 ||0.1038290753654
   2   ||Nontargeted q || limited ||                   2 ||22.06548931833
   3   ||     sigma || limited ||      2.490812455415 ||0.1296224765668
   4   ||  Biomass1 || limited ||      6.907090866413 ||0.4041470275384
   5   ||  Biomass2 || limited ||      6.459897538112 ||0.3690485080161
   6   ||  vm_sigma || limited ||      49.82620576239 ||3.59224389005
   7   ||Recruit year 1 || limited ||       9.74915105818 ||0.6512526513566
   8   ||Recruit year 2 || limited ||      6.521289220058 ||0.4507219080396
   9   ||Recruit year 3 || limited ||      3.761070041742 ||0.2585240650622
  10   ||Recruit year 4 || limited ||      2.323974977409 ||0.1613689265742
  11   ||Mean Rec dist 1 || limited ||       1.16188609344 ||0.006921151777196
  12   ||Mean Rec dist 2 || limited ||     0.7261188275969 ||0.007336050190567
  13   ||Mean Rec dist 3 || limited ||     0.9326441974418 ||0.01026575708405
  14   ||Mean Rec dist 4 || limited ||     0.7011484353142 ||0.01077547812004





