# Minimum negative log likelihood

Minuit did successfully converge.
# of function calls: 1299
minimum function Value: 585.5760756299
minimum edm: 1.418625211593e-05
minimum internal state vector: LAVector parameters:
    -0.9215013902368
     -1.129420079427
     -1.287002217587
     -1.166038566359
     -1.347785690564
     -1.356645990382
    0.02608057138069
    -0.9982707323115
     -1.243367951486
      -1.05085770723
     -1.381433348432
     0.0238232224904
     0.1093972563363
    0.02964318200403
    0.03443993240496

minimum internal covariance matrix: LASymMatrix parameters:
    0.012773649 -0.00064218002              0  5.3094447e-05  0.00033861946  0.00031562924  -0.0022703711   0.0012358728     0.00072482   0.0011595823  0.00040173856  3.9699726e-05  2.6350537e-05   3.765878e-05  5.9058693e-05
 -0.00064218002   3.751644e-05              0 -5.3868219e-06 -1.9656858e-05 -1.8277916e-05  5.1631282e-05 -6.2610188e-05 -3.7340681e-05 -5.8977961e-05 -2.0794383e-05 -1.3408441e-06 -8.1439023e-07 -1.3297236e-06 -3.7461401e-06
              0              0              2              0              0              0              0              0              0              0              0              0              0              0              0
  5.3094447e-05 -5.3868219e-06              0  0.00024111781  3.5728306e-06  3.4533343e-06  0.00011537899  3.5593929e-06  2.6242106e-06  5.6306572e-06 -4.5290534e-06 -9.6433616e-07 -1.2579356e-06 -1.4790761e-06  9.9041151e-07
  0.00033861946 -1.9656858e-05              0  3.5728306e-06  1.5953374e-05  1.4305486e-05 -3.8994409e-05  3.3542181e-05   1.930887e-05   3.125227e-05  1.0768893e-05   6.846602e-07    5.20102e-07  7.7768599e-07   1.677221e-06
  0.00031562924 -1.8277916e-05              0  3.4533343e-06  1.4305486e-05  1.2902289e-05 -3.5018377e-05  3.1110086e-05  1.8054185e-05  2.9113994e-05   1.004023e-05  6.5208499e-07  4.6788478e-07  7.1976232e-07  1.6215089e-06
  -0.0022703711  5.1631282e-05              0  0.00011537899 -3.8994409e-05 -3.5018377e-05   0.0067930241 -0.00023517915  -9.635824e-05 -0.00018982902 -7.4969599e-05 -3.3923659e-05 -3.4463455e-05 -4.0036721e-05 -2.5869923e-06
   0.0012358728 -6.2610188e-05              0  3.5593929e-06  3.3542181e-05  3.1110086e-05 -0.00023517915  0.00012827167  6.9742988e-05  0.00011145703  3.8636612e-05  3.6181583e-06  2.7333827e-06  3.6371779e-06  5.8216004e-06
     0.00072482 -3.7340681e-05              0  2.6242106e-06   1.930887e-05  1.8054185e-05  -9.635824e-05  6.9742988e-05  4.9536918e-05  6.4857966e-05  2.2825541e-05  1.9986391e-06  7.6260166e-07  2.0931972e-06  3.3864822e-06
   0.0011595823 -5.8977961e-05              0  5.6306572e-06   3.125227e-05  2.9113994e-05 -0.00018982902  0.00011145703  6.4857966e-05  0.00011267951  3.6791098e-05  3.4907449e-06  2.3327663e-06  3.2297971e-06   5.302267e-06
  0.00040173856 -2.0794383e-05              0 -4.5290534e-06  1.0768893e-05   1.004023e-05 -7.4969599e-05  3.8636612e-05  2.2825541e-05  3.6791098e-05  2.8376955e-05  1.1268428e-06  7.9669773e-07   1.463916e-06  2.8347279e-06
  3.9699726e-05 -1.3408441e-06              0 -9.6433616e-07   6.846602e-07  6.5208499e-07 -3.3923659e-05  3.6181583e-06  1.9986391e-06  3.4907449e-06  1.1268428e-06  6.5213312e-07  2.1838954e-07  2.9363114e-07  5.2962061e-08
  2.6350537e-05 -8.1439023e-07              0 -1.2579356e-06    5.20102e-07  4.6788478e-07 -3.4463455e-05  2.7333827e-06  7.6260166e-07  2.3327663e-06  7.9669773e-07  2.1838954e-07   3.219882e-06  2.1206971e-07 -8.6725369e-08
   3.765878e-05 -1.3297236e-06              0 -1.4790761e-06  7.7768599e-07  7.1976232e-07 -4.0036721e-05  3.6371779e-06  2.0931972e-06  3.2297971e-06   1.463916e-06  2.9363114e-07  2.1206971e-07  6.9874902e-07  8.8895297e-08
  5.9058693e-05 -3.7461401e-06              0  9.9041151e-07   1.677221e-06  1.6215089e-06 -2.5869923e-06  5.8216004e-06  3.3864822e-06   5.302267e-06  2.8347279e-06  5.2962061e-08 -8.6725369e-08  8.8895297e-08  7.0927602e-06


# ext. ||   Name    ||   type  ||     Value     ||  Error +/- 

   0   ||Natural mortality || limited ||    0.02508724261371 ||0.001206719108959
   1   ||Targeted q || limited ||      4.791769574401 ||0.09250807974612
   2   ||Nontargeted q || limited ||                   2 ||22.06548931833
   3   ||     sigma || limited ||      4.040109143437 ||0.2161883792238
   4   ||  Biomass1 || limited ||      12.38199120834 ||0.3123204618005
   5   ||  Biomass2 || limited ||      11.42134246352 ||0.2698870928287
   6   ||  vm_sigma || limited ||       41.0435915544 ||2.329043215438
   7   ||Recruit year 1 || limited ||      7.982432686954 ||0.2169084864901
   8   ||Recruit year 2 || limited ||      2.666107789878 ||0.08002074593207
   9   ||Recruit year 3 || limited ||      6.616855410295 ||0.186438266347
  10   ||Recruit year 4 || limited ||     0.9036934684799 ||0.03544784982248
  11   ||Mean Rec dist 1 || limited ||     0.2382096909218 ||0.005708603183636
  12   ||Mean Rec dist 2 || limited ||      1.091791801922 ||0.01261249184333
  13   ||Mean Rec dist 3 || limited ||     0.2963884086065 ||0.005908193944731
  14   ||Mean Rec dist 4 || limited ||     0.3443312455674 ||0.01882065674162





