# Minimum negative log likelihood

Minuit did successfully converge.
# of function calls: 1660
minimum function Value: 504.6152839195
minimum edm: 1.741880347938e-05
minimum internal state vector: LAVector parameters:
   -0.04126123411833
     -1.340208175457
     -1.287002217587
     -1.238366790283
     -1.459875838886
     -1.461165827118
    -0.7642845685329
     0.1976392131255
     -1.239635530205
     -1.062948982671
     -1.179397553583
    -0.8391269065866

minimum internal covariance matrix: LASymMatrix parameters:
    0.040737465  -0.0075147439              0 -4.1811972e-05   0.0036964483   0.0036119065  0.00019902814  -0.0062446131    0.011520357    0.017467529    0.012789614    0.025398082
  -0.0075147439   0.0014019153              0  1.1602306e-05 -0.00069128293 -0.00067475632 -3.2668049e-05  0.00098188094  -0.0021464912   -0.003247186  -0.0023754288  -0.0047227739
              0              0              2              0              0              0              0              0              0              0              0              0
 -4.1811972e-05  1.1602306e-05              0  0.00014912523 -7.7548311e-06 -6.7703008e-06   2.870128e-06  -8.089625e-05 -2.2362518e-05 -2.3662114e-05 -1.7726149e-05 -3.5487257e-05
   0.0036964483 -0.00069128293              0 -7.7548311e-06  0.00036383958  0.00034830522  1.6141025e-05 -0.00054919787   0.0011078961   0.0016004021   0.0011703362   0.0023271239
   0.0036119065 -0.00067475632              0 -6.7703008e-06  0.00034830522  0.00033613099  1.5903221e-05 -0.00050620168   0.0010590901   0.0015625454   0.0011429058   0.0022722916
  0.00019902814 -3.2668049e-05              0   2.870128e-06  1.6141025e-05  1.5903221e-05  8.3710816e-06 -0.00018481234  5.0699887e-05  7.9072236e-05  5.8305684e-05   0.0001144378
  -0.0062446131  0.00098188094              0  -8.089625e-05 -0.00054919787 -0.00050620168 -0.00018481234    0.016714319  -0.0018292492  -0.0024115584  -0.0017804809  -0.0034959615
    0.011520357  -0.0021464912              0 -2.2362518e-05   0.0011078961   0.0010590901  5.0699887e-05  -0.0018292492   0.0034777907   0.0049749074   0.0036373822   0.0072332629
    0.017467529   -0.003247186              0 -2.3662114e-05   0.0016004021   0.0015625454  7.9072236e-05  -0.0024115584   0.0049749074    0.007536327    0.005508985    0.010950762
    0.012789614  -0.0023754288              0 -1.7726149e-05   0.0011703362   0.0011429058  5.8305684e-05  -0.0017804809   0.0036373822    0.005508985    0.004038457   0.0080132317
    0.025398082  -0.0047227739              0 -3.5487257e-05   0.0023271239   0.0022722916   0.0001144378  -0.0034959615   0.0072332629    0.010950762   0.0080132317     0.01593231


# ext. ||   Name    ||   type  ||     Value     ||  Error +/- 

   0   ||Natural mortality || limited ||    0.04396876181719 ||0.003552850016119
   1   ||Targeted q || limited ||      1.323392933936 ||0.3025148204578
   2   ||Nontargeted q || limited ||                   2 ||22.06548931833
   3   ||     sigma || limited ||      2.737386107093 ||0.1408951877626
   4   ||  Biomass1 || limited ||      3.072686358026 ||0.7464791320098
   5   ||  Biomass2 || limited ||      3.001703389615 ||0.7091828289421
   6   ||   vm_mean || limited ||     -2.174047215532 ||0.00463968980458
   7   ||  vm_sigma || limited ||      47.85460386279 ||3.580477746525
   8   ||Recruit year 1 || limited ||      2.726450417857 ||0.6776557462609
   9   ||Recruit year 2 || limited ||      6.319700849966 ||1.491490886611
  10   ||Recruit year 3 || limited ||      3.790803989931 ||0.8567358477976
  11   ||Recruit year 4 || limited ||      12.80571635888 ||2.977309068337





