# Minimum negative log likelihood

Minuit did successfully converge.
# of function calls: 1284
minimum function Value: 604.1112080897
minimum edm: 5.423522106858e-06
minimum internal state vector: LAVector parameters:
     -0.697763220371
    -0.9523791336567
     -1.287002217587
     -1.147290271311
     -1.463440322741
     -1.463591368641
     0.8055878336582
     -1.018537187676
    -0.9510811945108
     -1.497913837744
     -1.015291505822
     -1.078028270022

minimum internal covariance matrix: LASymMatrix parameters:
   0.0051465406  -0.0016011595              0  0.00010411182  0.00029532065  0.00028072003  8.2046724e-05 -0.00013458677    0.001743665  0.00023909481   0.0014521729   0.0012745336
  -0.0016011595  0.00051547683              0  -3.294014e-05 -9.5987836e-05 -9.0553451e-05 -1.7421798e-05  3.6158318e-05 -0.00054441002 -7.6055341e-05 -0.00045559223 -0.00040121248
              0              0              2              0              0              0              0              0              0              0              0              0
  0.00010411182  -3.294014e-05              0  0.00027598919  9.5735993e-06  8.5943644e-06  3.7611748e-06 -1.7405244e-06  3.2592731e-05  1.1242348e-05  3.6313825e-05  2.8753562e-05
  0.00029532065 -9.5987836e-05              0  9.5735993e-06  2.6666716e-05  2.3865877e-05  3.1302667e-06 -5.0264339e-06  0.00010050178  1.5503562e-05  8.5293763e-05  7.4995507e-05
  0.00028072003 -9.0553451e-05              0  8.5943644e-06  2.3865877e-05  2.1582948e-05   3.332341e-06 -5.3512157e-06  9.5525819e-05   1.446372e-05  8.0734539e-05  7.0988201e-05
  8.2046724e-05 -1.7421798e-05              0  3.7611748e-06  3.1302667e-06   3.332341e-06   1.080369e-05 -7.0972581e-06  2.7371855e-05  3.2064767e-06  2.0707473e-05  1.9777288e-05
 -0.00013458677  3.6158318e-05              0 -1.7405244e-06 -5.0264339e-06 -5.3512157e-06 -7.0972581e-06  3.4362043e-05 -4.8289187e-05  1.2260361e-06 -3.5012578e-05 -3.5902845e-05
    0.001743665 -0.00054441002              0  3.2592731e-05  0.00010050178  9.5525819e-05  2.7371855e-05 -4.8289187e-05  0.00060331577  8.0422366e-05  0.00049205452  0.00043292062
  0.00023909481 -7.6055341e-05              0  1.1242348e-05  1.5503562e-05   1.446372e-05  3.2064767e-06  1.2260361e-06  8.0422366e-05  3.0929976e-05  6.7771886e-05  5.7969027e-05
   0.0014521729 -0.00045559223              0  3.6313825e-05  8.5293763e-05  8.0734539e-05  2.0707473e-05 -3.5012578e-05  0.00049205452  6.7771886e-05  0.00042441479  0.00036087906
   0.0012745336 -0.00040121248              0  2.8753562e-05  7.4995507e-05  7.0988201e-05  1.9777288e-05 -3.5902845e-05  0.00043292062  5.7969027e-05  0.00036087906   0.0003364827


# ext. ||   Name    ||   type  ||     Value     ||  Error +/- 

   0   ||Natural mortality || limited ||    0.05362420594928 ||0.00582821930651
   1   ||Targeted q || limited ||      9.260144838897 ||0.4653490729275
   2   ||Nontargeted q || limited ||                   2 ||22.06548931833
   3   ||     sigma || limited ||      4.417314978206 ||0.2413736457864
   4   ||  Biomass1 || limited ||      2.878561614394 ||0.195627812346
   5   ||  Biomass2 || limited ||      2.870475008424 ||0.1757487644592
   6   ||   vm_mean || limited ||      2.265835853213 ||0.005057755467958
   7   ||  vm_sigma || limited ||      5.947264695546 ||0.08697930153893
   8   ||Recruit year 1 || limited ||       9.30687312989 ||0.50430253077
   9   ||Recruit year 2 || limited ||     0.1427243839254 ||0.01431656698166
  10   ||Recruit year 3 || limited ||      7.527532173822 ||0.3840685701001
  11   ||Recruit year 4 || limited ||      5.958067092792 ||0.3067629436809





