# Minimum negative log likelihood

Minuit did successfully converge.
# of function calls: 706
minimum function Value: 637.696004412
minimum edm: 2.344621479182e-05
minimum internal state vector: LAVector parameters:
     0.4070918716231
     -1.016922205064
     -1.287002217587
     -1.111093482823
      -1.55777553701
      -1.55775869925
    -0.7066545958706
    -0.6863511627862
     -1.283704676122
      -1.33754393107
    -0.9492010725361
     -1.227389602285

minimum internal covariance matrix: LASymMatrix parameters:
      0.3286756   -0.023378064              0  0.00012951504  0.00064530356  0.00052976805  7.9276142e-06  0.00071817228    0.013478565    0.010323451    0.028156026     0.01315688
   -0.023378064   0.0016908214              0  -1.004728e-05 -4.6655012e-05 -3.8508883e-05  1.3294513e-05 -0.00012430605 -0.00096194495 -0.00073726481  -0.0020105049 -0.00093888878
              0              0              2              0              0              0              0              0              0              0              0              0
  0.00012951504  -1.004728e-05              0   0.0002642474  3.7924686e-07  4.5038403e-07 -6.7442794e-08  1.9213486e-06  5.0455397e-06  4.1384709e-06  1.1125596e-05  5.0479785e-06
  0.00064530356 -4.6655012e-05              0  3.7924686e-07  2.8236942e-05  1.5315928e-05 -1.2880183e-06 -5.5150901e-07  3.2476556e-05  2.0417803e-05  5.5484609e-05  2.6017806e-05
  0.00052976805 -3.8508883e-05              0  4.5038403e-07  1.5315928e-05  1.0831721e-05  -7.061408e-07   7.378704e-06  2.2872649e-05  1.6764398e-05  4.5650732e-05  2.1355732e-05
  7.9276142e-06  1.3294513e-05              0 -6.7442794e-08 -1.2880183e-06  -7.061408e-07  1.5145158e-05 -6.6255024e-05 -1.9632728e-06 -1.3307225e-06 -2.9446782e-06 -1.1479677e-06
  0.00071817228 -0.00012430605              0  1.9213486e-06 -5.5150901e-07   7.378704e-06 -6.6255024e-05  0.00067230246  3.0963895e-05  3.1582188e-05   7.999717e-05  3.6067097e-05
    0.013478565 -0.00096194495              0  5.0455397e-06  3.2476556e-05  2.2872649e-05 -1.9632728e-06  3.0963895e-05  0.00056961863  0.00042367558   0.0011553323   0.0005398332
    0.010323451 -0.00073726481              0  4.1384709e-06  2.0417803e-05  1.6764398e-05 -1.3307225e-06  3.1582188e-05  0.00042367558  0.00033783057  0.00088524051  0.00041358875
    0.028156026  -0.0020105049              0  1.1125596e-05  5.5484609e-05  4.5650732e-05 -2.9446782e-06   7.999717e-05   0.0011553323  0.00088524051    0.002428341   0.0011279027
     0.01315688 -0.00093888878              0  5.0479785e-06  2.6017806e-05  2.1355732e-05 -1.1479677e-06  3.6067097e-05   0.0005398332  0.00041358875   0.0011279027  0.00053993395


# ext. ||   Name    ||   type  ||     Value     ||  Error +/- 

   0   ||Natural mortality || limited ||    0.05489851352734 ||0.009053594366678
   1   ||Targeted q || limited ||      7.475341225617 ||0.7645694243226
   2   ||Nontargeted q || limited ||                   2 ||22.06548931833
   3   ||     sigma || limited ||      5.190781009085 ||0.2549895804072
   4   ||  Biomass1 || limited ||    0.04238464282597 ||0.02446176954762
   5   ||  Biomass2 || limited ||    0.04249433106385 ||0.01517014078167
   6   ||   vm_mean || limited ||     -2.039814436858 ||0.00657494771069
   7   ||  vm_sigma || limited ||      14.65206486425 ||0.5672748768719
   8   ||Recruit year 1 || limited ||      2.056221824666 ||0.2389028131092
   9   ||Recruit year 2 || limited ||      1.363875927137 ||0.1501860788128
  10   ||Recruit year 3 || limited ||       9.36153862022 ||1.014261046173
  11   ||Recruit year 4 || limited ||      2.929053146346 ||0.2765676701522





