# Minimum negative log likelihood

Minuit did successfully converge.
# of function calls: 1151
minimum function Value: 534.7148894759
minimum edm: 1.218510918552e-05
minimum internal state vector: LAVector parameters:
      2.243454180464
    -0.9670120016156
     -1.287002217587
     -1.213154812557
     -1.471310044006
     -1.479092395814
     0.4374735193805
     -1.010170074244
     -0.914611906247
     -1.239000186537
     -1.276455551338
    -0.9359947572714

minimum internal covariance matrix: LASymMatrix parameters:
     0.11037966   0.0046493701              0   0.0002905614 -0.00073663018 -0.00069845184 -0.00030093306  0.00048685706  -0.0053487849  -0.0022694574  -0.0022792904  -0.0056816998
   0.0046493701  0.00021537436              0  9.4373182e-06 -3.4346155e-05 -3.2378039e-05 -5.3742715e-06   5.522915e-06 -0.00022951781 -9.7390914e-05 -9.7648353e-05 -0.00024704082
              0              0              2              0              0              0              0              0              0              0              0              0
   0.0002905614  9.4373182e-06              0  0.00017058765  -1.759108e-06  -1.670076e-06 -3.3719308e-06  6.1689219e-06 -1.4881231e-05 -5.4393224e-06 -6.1483616e-06  -1.784177e-05
 -0.00073663018 -3.4346155e-05              0  -1.759108e-06  8.9781801e-06  7.9227049e-06  4.8342764e-07   -1.71046e-07  3.6451371e-05  1.5465508e-05  1.5150678e-05  3.9206715e-05
 -0.00069845184 -3.2378039e-05              0  -1.670076e-06  7.9227049e-06  7.0827794e-06  5.5313773e-07 -3.0462691e-07   3.451161e-05  1.4640677e-05  1.4369287e-05  3.7098404e-05
 -0.00030093306 -5.3742715e-06              0 -3.3719308e-06  4.8342764e-07  5.5313773e-07  5.4956867e-06 -1.0090337e-05  1.3270263e-05  5.5309099e-06  5.9915053e-06  1.3469684e-05
  0.00048685706   5.522915e-06              0  6.1689219e-06   -1.71046e-07 -3.0462691e-07 -1.0090337e-05  3.3413184e-05  -2.058142e-05  -8.501801e-06 -9.6303098e-06 -2.1315105e-05
  -0.0053487849 -0.00022951781              0 -1.4881231e-05  3.6451371e-05   3.451161e-05  1.3270263e-05  -2.058142e-05  0.00026564137  0.00011038524    0.000110941  0.00027747562
  -0.0022694574 -9.7390914e-05              0 -5.4393224e-06  1.5465508e-05  1.4640677e-05  5.5309099e-06  -8.501801e-06  0.00011038524  5.1748211e-05  4.7123875e-05  0.00011743453
  -0.0022792904 -9.7648353e-05              0 -6.1483616e-06  1.5150678e-05  1.4369287e-05  5.9915053e-06 -9.6303098e-06    0.000110941  4.7123875e-05  5.2502773e-05  0.00011811176
  -0.0056816998 -0.00024704082              0  -1.784177e-05  3.9206715e-05  3.7098404e-05  1.3469684e-05 -2.1315105e-05  0.00027747562  0.00011743453  0.00011811176   0.0003031227


# ext. ||   Name    ||   type  ||     Value     ||  Error +/- 

   0   ||Natural mortality || limited ||    0.06455421023527 ||0.003625786177284
   1   ||Targeted q || limited ||       8.84035402882 ||0.2945848133305
   2   ||Nontargeted q || limited ||                   2 ||22.06548931833
   3   ||     sigma || limited ||      3.163747313487 ||0.1616488076354
   4   ||  Biomass1 || limited ||      2.472339936677 ||0.1052192978832
   5   ||  Biomass2 || limited ||      2.100929786526 ||0.0861659505344
   6   ||   vm_mean || limited ||       1.33094286083 ||0.004717261107305
   7   ||  vm_sigma || limited ||       6.12403193394 ||0.08693158085147
   8   ||Recruit year 1 || limited ||      10.39266806529 ||0.3515195635069
   9   ||Recruit year 2 || limited ||      2.736787739452 ||0.08283822240701
  10   ||Recruit year 3 || limited ||      2.160105105497 ||0.07431253193151
  11   ||Recruit year 4 || limited ||      9.749556690936 ||0.3649871116009





