# Minimum negative log likelihood

Minuit did successfully converge.
# of function calls: 816
minimum function Value: 651.7125285612
minimum edm: 1.317189337129e-05
minimum internal state vector: LAVector parameters:
    -0.3653624566672
     -1.278096372883
     -1.287002217587
     -1.095063889788
     -1.496870858161
     -1.499629866793
    -0.4210190979477
    -0.9672882331895
      -1.00158782447
     -0.939163580709
    -0.9512500309266
     -1.018122465203

minimum internal covariance matrix: LASymMatrix parameters:
     0.07428361  -0.0096518824              0 -5.7111599e-05   0.0023620515   0.0023207329 -7.6438531e-06 -5.6625341e-05    0.019538402    0.022365151     0.02058109    0.017931791
  -0.0096518824   0.0012933377              0   1.009399e-05  -0.0003148054 -0.00031077559  2.1459529e-05 -0.00013751348   -0.002575036  -0.0029489844  -0.0027098858  -0.0023623707
              0              0              2              0              0              0              0              0              0              0              0              0
 -5.7111599e-05   1.009399e-05              0   0.0002971162 -5.8321072e-06  -5.396733e-06  3.0769742e-06  5.1642885e-06 -1.8844657e-05 -2.1229878e-05 -1.9245743e-05 -1.5898204e-05
   0.0023620515  -0.0003148054              0 -5.8321072e-06  0.00011182723  0.00010188426 -6.5028471e-06  1.7263087e-05  0.00064585148  0.00072019352  0.00066250649  0.00057785151
   0.0023207329 -0.00031077559              0  -5.396733e-06  0.00010188426  9.5271639e-05 -5.8431658e-06  2.8818931e-05  0.00062842024  0.00070924704  0.00065202323  0.00056850795
 -7.6438531e-06  2.1459529e-05              0  3.0769742e-06 -6.5028471e-06 -5.8431658e-06  2.8803209e-05  -9.743901e-05 -2.3480643e-05 -2.4031152e-05 -2.0747324e-05 -1.9561666e-05
 -5.6625341e-05 -0.00013751348              0  5.1642885e-06  1.7263087e-05  2.8818931e-05  -9.743901e-05   0.0010477428  0.00010183676  0.00014091577  0.00011839705  9.9878619e-05
    0.019538402   -0.002575036              0 -1.8844657e-05  0.00064585148  0.00062842024 -2.3480643e-05  0.00010183676   0.0052127037   0.0059218606   0.0054481526   0.0047485988
    0.022365151  -0.0029489844              0 -2.1229878e-05  0.00072019352  0.00070924704 -2.4031152e-05  0.00014091577   0.0059218606   0.0068021417   0.0062350942   0.0054354812
     0.02058109  -0.0027098858              0 -1.9245743e-05  0.00066250649  0.00065202323 -2.0747324e-05  0.00011839705   0.0054481526   0.0062350942   0.0057550741   0.0049973039
    0.017931791  -0.0023623707              0 -1.5898204e-05  0.00057785151  0.00056850795 -1.9561666e-05  9.9878619e-05   0.0047485988   0.0054354812   0.0049973039   0.0043772261


# ext. ||   Name    ||   type  ||     Value     ||  Error +/- 

   0   ||Natural mortality || limited ||    0.03606780373981 ||0.004472228641949
   1   ||Targeted q || limited ||      2.126583702786 ||0.3668324696337
   2   ||Nontargeted q || limited ||                   2 ||22.06548931833
   3   ||     sigma || limited ||      5.552124424351 ||0.2791021016298
   4   ||  Biomass1 || limited ||      1.365621634206 ||0.2761361032566
   5   ||  Biomass2 || limited ||      1.265631955185 ||0.2453816515668
   6   ||   vm_mean || limited ||     -1.283939915035 ||0.01088101554073
   7   ||  vm_sigma || limited ||      7.066922805259 ||0.5195425732445
   8   ||Recruit year 1 || limited ||      7.892820193265 ||1.37504023383
   9   ||Recruit year 2 || limited ||      9.655809927629 ||1.720604668597
  10   ||Recruit year 3 || limited ||      9.301971162999 ||1.556521097214
  11   ||Recruit year 4 || limited ||      7.453061477252 ||1.227390886557





