# Minimum negative log likelihood

Minuit did successfully converge.
# of function calls: 1680
minimum function Value: 294.0873468081
minimum edm: 5.175573349139e-06
minimum internal state vector: LAVector parameters:
    -0.5940402741662
    -0.9878102417827
     -1.287002217587
     -1.370958752911
     -1.420920100173
     -1.430158104014
     0.9566807393891
      3.135547277726
     -1.364778447794
     -1.242407610486
      -0.94421303611
    -0.9573337816425

minimum internal covariance matrix: LASymMatrix parameters:
  0.00049248184 -0.00019926904              0  1.6153522e-06  5.4048604e-05  4.9464159e-05  1.4487919e-06  2.2015022e-05  7.0421244e-05  0.00011311704  0.00021564619  0.00020176985
 -0.00019926904  8.1722741e-05              0 -2.7680241e-07 -2.2248831e-05 -2.0333281e-05  -3.036244e-07 -5.0403293e-06 -2.8561119e-05 -4.5917294e-05 -8.7645373e-05 -8.2190513e-05
              0              0              2              0              0              0              0              0              0              0              0              0
  1.6153522e-06 -2.7680241e-07              0  5.2481042e-05  -2.884017e-07 -2.3793677e-07  1.3614712e-07  2.7469834e-06  3.0655374e-07  2.8955944e-07  2.3536028e-07  7.2952415e-07
  5.4048604e-05 -2.2248831e-05              0  -2.884017e-07  6.5346431e-06  5.9067786e-06  8.5296999e-08  1.2968749e-06  7.6866854e-06  1.2441544e-05  2.3876673e-05  2.2346775e-05
  4.9464159e-05 -2.0333281e-05              0 -2.3793677e-07  5.9067786e-06   5.352458e-06  8.1564004e-08  1.2390321e-06  7.0379417e-06   1.138467e-05  2.1835541e-05  2.0432187e-05
  1.4487919e-06  -3.036244e-07              0  1.3614712e-07  8.5296999e-08  8.1564004e-08  2.8110647e-07   3.604443e-06  1.9136223e-07  2.9199428e-07  5.2710331e-07  6.3347415e-07
  2.2015022e-05 -5.0403293e-06              0  2.7469834e-06  1.2968749e-06  1.2390321e-06   3.604443e-06     0.00010352  3.0936082e-06  4.5327774e-06  7.9111536e-06  9.7916294e-06
  7.0421244e-05 -2.8561119e-05              0  3.0655374e-07  7.6866854e-06  7.0379417e-06  1.9136223e-07  3.0936082e-06  1.0646754e-05  1.6196931e-05  3.0805049e-05  2.8916966e-05
  0.00011311704 -4.5917294e-05              0  2.8955944e-07  1.2441544e-05   1.138467e-05  2.9199428e-07  4.5327774e-06  1.6196931e-05  2.6530266e-05  4.9563253e-05  4.6420005e-05
  0.00021564619 -8.7645373e-05              0  2.3536028e-07  2.3876673e-05  2.1835541e-05  5.2710331e-07  7.9111536e-06  3.0805049e-05  4.9563253e-05  9.5183473e-05  8.8504482e-05
  0.00020176985 -8.2190513e-05              0  7.2952415e-07  2.2346775e-05  2.0432187e-05  6.3347415e-07  9.7916294e-06  2.8916966e-05  4.6420005e-05  8.8504482e-05  8.4167393e-05


# ext. ||   Name    ||   type  ||     Value     ||  Error +/- 

   0   ||Natural mortality || limited ||     0.0660429448534 ||0.001950489323219
   1   ||Targeted q || limited ||      8.258876147943 ||0.1759527313215
   2   ||Nontargeted q || limited ||                   2 ||22.06548931833
   3   ||     sigma || limited ||      0.995058299961 ||0.05084368593644
   4   ||  Biomass1 || limited ||      5.605216587739 ||0.1349495129436
   5   ||  Biomass2 || limited ||      4.936632523751 ||0.114657432715
   6   ||   vm_mean || limited ||      2.567571515236 ||0.000678688698823
   7   ||  vm_sigma || limited ||      40.24231053897 ||0.2877663471099
   8   ||Recruit year 1 || limited ||      1.067230735031 ||0.02359653333692
   9   ||Recruit year 2 || limited ||      2.681570792429 ||0.05872671832248
  10   ||Recruit year 3 || limited ||      9.507263960349 ||0.2022406463762
  11   ||Recruit year 4 || limited ||      9.126111852782 ||0.1867145965374





