# Minimum negative log likelihood

Minuit did successfully converge.
# of function calls: 684
minimum function Value: 512.6654108657
minimum edm: 3.463369507991e-05
minimum internal state vector: LAVector parameters:
    0.02094991560815
     -1.259144681819
     -1.287002217587
     -1.231786232631
     -1.497461366873
     -1.499657778037
    -0.8906478664686
    0.05483677907507
     -1.161477780618
     -1.095425539084
     -1.050314858704
     -1.083926439708

minimum internal covariance matrix: LASymMatrix parameters:
     0.01027071  -0.0014373278              0 -9.6467792e-05  0.00028795848  0.00031502238  1.7746579e-05  0.00047934358   0.0018508502   0.0019639596   0.0023432683   0.0023358575
  -0.0014373278  0.00020955206              0  1.5941228e-05 -4.3402211e-05 -4.6572529e-05  9.1472199e-07 -0.00015736019 -0.00026667618 -0.00028070552 -0.00033459254 -0.00033343482
              0              0              2              0              0              0              0              0              0              0              0              0
 -9.6467792e-05  1.5941228e-05              0  0.00014452045 -8.7142701e-06 -7.2746151e-06 -5.3244437e-07 -8.4795856e-05 -2.0940565e-05 -1.8492346e-05 -2.3756282e-05 -2.3000263e-05
  0.00028795848 -4.3402211e-05              0 -8.7142701e-06   2.134785e-05  1.6222944e-05   5.689124e-08  7.0494621e-06  7.3056387e-05  5.7280286e-05  6.8185142e-05  6.7962136e-05
  0.00031502238 -4.6572529e-05              0 -7.2746151e-06  1.6222944e-05  1.5659261e-05  1.9144091e-07   4.818428e-05  6.0313377e-05  6.1866675e-05  7.3863283e-05  7.3559988e-05
  1.7746579e-05  9.1472199e-07              0 -5.3244437e-07   5.689124e-08  1.9144091e-07  5.8623807e-06 -6.7900781e-05  3.7350453e-07  9.5857721e-07  1.5356414e-06  1.3150856e-06
  0.00047934358 -0.00015736019              0 -8.4795856e-05  7.0494621e-06   4.818428e-05 -6.7900781e-05   0.0050770448 -6.5497884e-05  0.00015286479  0.00017837232  0.00017283685
   0.0018508502 -0.00026667618              0 -2.0940565e-05  7.3056387e-05  6.0313377e-05  3.7350453e-07 -6.5497884e-05  0.00041470342  0.00035978511  0.00042866376   0.0004275665
   0.0019639596 -0.00028070552              0 -1.8492346e-05  5.7280286e-05  6.1866675e-05  9.5857721e-07  0.00015286479  0.00035978511  0.00038489227  0.00045247362  0.00045139972
   0.0023432683 -0.00033459254              0 -2.3756282e-05  6.8185142e-05  7.3863283e-05  1.5356414e-06  0.00017837232  0.00042866376  0.00045247362  0.00054529629  0.00053826835
   0.0023358575 -0.00033343482              0 -2.3000263e-05  6.7962136e-05  7.3559988e-05  1.3150856e-06  0.00017283685   0.0004275665  0.00045139972  0.00053826835  0.00054182489


# ext. ||   Name    ||   type  ||     Value     ||  Error +/- 

   0   ||Natural mortality || limited ||    0.04552370957898 ||0.001789609012734
   1   ||Targeted q || limited ||      2.408578869974 ||0.1569313246416
   2   ||Nontargeted q || limited ||                   2 ||22.06548931833
   3   ||     sigma || limited ||      2.845783780782 ||0.141343616609
   4   ||  Biomass1 || limited ||      1.343901630937 ||0.1196886653006
   5   ||  Biomass2 || limited ||      1.264639815367 ||0.09944402892748
   6   ||   vm_mean || limited ||     -2.442523443698 ||0.003382665895188
   7   ||  vm_sigma || limited ||      42.19284460255 ||2.011444234098
   8   ||Recruit year 1 || limited ||      4.139974776222 ||0.2865043818375
   9   ||Recruit year 2 || limited ||      5.553291364441 ||0.3174080479809
  10   ||Recruit year 3 || limited ||      6.630345540731 ||0.4105109474589
  11   ||Recruit year 4 || limited ||      5.819336708082 ||0.3849807522722





