# Minimum negative log likelihood

Minuit did successfully converge.
# of function calls: 1516
minimum function Value: 404.868680082
minimum edm: 6.710190897667e-05
minimum internal state vector: LAVector parameters:
     -0.397134178333
     -1.044918393837
     -1.287002217587
      -1.30967268819
     -1.458011990916
     -1.464647368614
    -0.1434311760533
      -1.30024733955
     -1.123395558775
     -1.090551454437
     -1.220184797228
    0.04690767164084
    0.08633142642332
    0.04240071558923
    0.08192067971448

minimum internal covariance matrix: LASymMatrix parameters:
   0.0018075938 -0.00012528216              0 -8.5168208e-06  2.7056171e-05  2.4389554e-05  -0.0004401947  0.00010245316  0.00017897314  0.00018051118  0.00013957929  1.0850451e-05  7.6805836e-06  8.5831955e-06  8.8002919e-06
 -0.00012528216  1.0732327e-05              0 -1.2923729e-06  -2.080223e-06 -1.8573118e-06  2.1777681e-05  -7.440005e-06 -1.2811978e-05  -1.258151e-05 -1.0559163e-05 -1.0152541e-06 -1.7085858e-07 -4.1274615e-07 -6.1026171e-07
              0              0              2              0              0              0              0              0              0              0              0              0              0              0              0
 -8.5168208e-06 -1.2923729e-06              0  9.0764292e-05 -8.0290906e-07  -6.679996e-07  4.7294905e-05 -2.0481991e-06 -1.2401962e-06 -1.4143282e-06   4.451172e-07  1.6441161e-07 -1.3146254e-06 -3.6454486e-07  1.7187033e-07
  2.7056171e-05  -2.080223e-06              0 -8.0290906e-07  1.4689564e-06  1.2317998e-06 -7.3313115e-06  1.6740049e-06   2.724758e-06   2.731895e-06   2.055192e-06  2.4791089e-08  1.8828725e-07   1.198648e-07  9.6388811e-08
  2.4389554e-05 -1.8573118e-06              0  -6.679996e-07  1.2317998e-06  1.0437386e-06 -6.5782266e-06  1.5045695e-06  2.4299384e-06  2.4750392e-06  1.8430325e-06  2.4921842e-08  1.7012738e-07  1.1066107e-07  8.5828009e-08
  -0.0004401947  2.1777681e-05              0  4.7294905e-05 -7.3313115e-06 -6.5782266e-06  0.00062961545 -2.9718571e-05 -4.0552349e-05 -4.4155962e-05 -2.8425205e-05 -5.0956606e-06 -6.9629477e-06  -5.519517e-06 -4.5681927e-06
  0.00010245316  -7.440005e-06              0 -2.0481991e-06  1.6740049e-06  1.5045695e-06 -2.9718571e-05  7.6791278e-06  9.9183874e-06  1.0444243e-05  7.7306668e-06  6.6654576e-07  4.6796623e-07  4.7987712e-07  4.5540868e-07
  0.00017897314 -1.2811978e-05              0 -1.2401962e-06   2.724758e-06  2.4299384e-06 -4.0552349e-05  9.9183874e-06  1.9910706e-05  1.7551372e-05  1.4277127e-05  1.3263405e-06  5.9782454e-07  7.5782883e-07  9.2203961e-07
  0.00018051118  -1.258151e-05              0 -1.4143282e-06   2.731895e-06  2.4750392e-06 -4.4155962e-05  1.0444243e-05  1.7551372e-05  1.9480226e-05  1.3798844e-05   9.729255e-07  8.1227417e-07  8.5722058e-07  8.2696573e-07
  0.00013957929 -1.0559163e-05              0   4.451172e-07   2.055192e-06  1.8430325e-06 -2.8425205e-05  7.7306668e-06  1.4277127e-05  1.3798844e-05  1.3363194e-05  1.0400301e-06  3.5148431e-07   5.678455e-07  8.0890623e-07
  1.0850451e-05 -1.0152541e-06              0  1.6441161e-07  2.4791089e-08  2.4921842e-08 -5.0956606e-06  6.6654576e-07  1.3263405e-06   9.729255e-07  1.0400301e-06  5.5163209e-07 -7.5434432e-08   3.021951e-08  1.2169006e-07
  7.6805836e-06 -1.7085858e-07              0 -1.3146254e-06  1.8828725e-07  1.7012738e-07 -6.9629477e-06  4.6796623e-07  5.9782454e-07  8.1227417e-07  3.5148431e-07 -7.5434432e-08  2.7575202e-07  9.1510547e-08  2.6201893e-08
  8.5831955e-06 -4.1274615e-07              0 -3.6454486e-07   1.198648e-07  1.1066107e-07  -5.519517e-06  4.7987712e-07  7.5782883e-07  8.5722058e-07   5.678455e-07   3.021951e-08  9.1510547e-08  1.3858033e-07  5.4613277e-08
  8.8002919e-06 -6.1026171e-07              0  1.7187033e-07  9.6388811e-08  8.5828009e-08 -4.5681927e-06  4.5540868e-07  9.2203961e-07  8.2696573e-07  8.0890623e-07  1.2169006e-07  2.6201893e-08  5.4613277e-08  2.5565605e-07


# ext. ||   Name    ||   type  ||     Value     ||  Error +/- 

   0   ||Natural mortality || limited ||     0.0353305712441 ||0.0006929828952114
   1   ||Targeted q || limited ||       6.75582116088 ||0.05814086540884
   2   ||Nontargeted q || limited ||                   2 ||22.06548931833
   3   ||     sigma || limited ||      1.694974875082 ||0.08695783575312
   4   ||  Biomass1 || limited ||      3.176707071486 ||0.04822664736512
   5   ||  Biomass2 || limited ||      2.814256348127 ||0.03826931575845
   6   ||  vm_sigma || limited ||      34.28297579099 ||0.7023794618068
   7   ||Recruit year 1 || limited ||      1.828602172461 ||0.02618195138804
   8   ||Recruit year 2 || limited ||      4.930776088446 ||0.0682439866843
   9   ||Recruit year 3 || limited ||      5.665343447516 ||0.07208525148869
  10   ||Recruit year 4 || limited ||      3.051553560973 ||0.04438720736147
  11   ||Mean Rec dist 1 || limited ||     0.4689047147639 ||0.005246042131287
  12   ||Mean Rec dist 2 || limited ||     0.8622422670212 ||0.003699337086788
  13   ||Mean Rec dist 3 || limited ||     0.4238801191732 ||0.002629936617387
  14   ||Mean Rec dist 4 || limited ||     0.8182908220567 ||0.003563314218034





