# Minimum negative log likelihood

Minuit did successfully converge.
# of function calls: 985
minimum function Value: 462.8849324211
minimum edm: 4.858285084389e-05
minimum internal state vector: LAVector parameters:
    -0.5789795291996
     -1.156468136193
     -1.287002217587
     -1.270341747459
     -1.382455558329
     -1.389475106275
    -0.6811140481272
       -1.2333437597
     -1.150137380764
     -1.205021957127
     -1.495924539229
    0.07647291727857
    0.05450088300037
    0.03632590559568
    0.05570183957025

minimum internal covariance matrix: LASymMatrix parameters:
   0.0067090182 -0.00043940047              0  6.9101611e-06  0.00021197873  0.00019874272 -0.00094248088  0.00058356123  0.00072627807  0.00062221328  0.00014339355  5.1415243e-05  5.4195289e-05  5.7977135e-05  7.9642433e-05
 -0.00043940047  3.2918366e-05              0  9.9147029e-08  -1.591892e-05 -1.4822009e-05  4.2764094e-05 -3.8978431e-05 -4.8793271e-05 -4.1424016e-05 -9.1474159e-06 -2.8278763e-06 -2.8392782e-06 -3.1879936e-06 -8.0715614e-06
              0              0              2              0              0              0              0              0              0              0              0              0              0              0              0
  6.9101611e-06  9.9147029e-08              0  0.00014108465  1.2288426e-06  1.0739289e-06 -5.0435244e-07  5.1619349e-07 -5.0747655e-07 -4.6226314e-07  4.5760579e-08  3.5370825e-07  4.7387127e-07 -2.0058388e-07  3.1187985e-06
  0.00021197873  -1.591892e-05              0  1.2288426e-06  9.9392315e-06  9.0549118e-06 -1.9717683e-05  1.9038699e-05  2.3621271e-05  1.9986235e-05    4.15684e-06  1.2015284e-06  1.2664271e-06  1.5644318e-06  3.3949803e-06
  0.00019874272 -1.4822009e-05              0  1.0739289e-06  9.0549118e-06  8.2777194e-06  -1.884239e-05  1.7777611e-05  2.2108837e-05  1.8729166e-05  3.9103863e-06  1.1681404e-06   1.215246e-06  1.4754718e-06  3.1314402e-06
 -0.00094248088  4.2764094e-05              0 -5.0435244e-07 -1.9717683e-05  -1.884239e-05  0.00065099401 -7.9880578e-05 -9.4985484e-05 -8.2066376e-05 -2.0689034e-05 -1.5328259e-05 -1.7520209e-05  -1.607099e-05 -1.2435206e-05
  0.00058356123 -3.8978431e-05              0  5.1619349e-07  1.9038699e-05  1.7777611e-05 -7.9880578e-05  5.3836997e-05   6.303542e-05  5.3992298e-05  1.2618894e-05  4.0902401e-06  4.6706563e-06   5.023423e-06  8.0425992e-06
  0.00072627807 -4.8793271e-05              0 -5.0747655e-07  2.3621271e-05  2.2108837e-05 -9.4985484e-05   6.303542e-05  8.1688504e-05   6.737183e-05  1.5187047e-05  5.3225691e-06  5.5274535e-06  6.1857777e-06  9.0778879e-06
  0.00062221328 -4.1424016e-05              0 -4.6226314e-07  1.9986235e-05  1.8729166e-05 -8.2066376e-05  5.3992298e-05   6.737183e-05  6.0671819e-05  1.2831102e-05  4.6654327e-06  4.7327945e-06  5.0976445e-06  7.7555071e-06
  0.00014339355 -9.1474159e-06              0  4.5760579e-08    4.15684e-06  3.9103863e-06 -2.0689034e-05  1.2618894e-05  1.5187047e-05  1.2831102e-05  1.1476982e-05  1.3092903e-06  1.2408473e-06  1.1589319e-06   1.561117e-06
  5.1415243e-05 -2.8278763e-06              0  3.5370825e-07  1.2015284e-06  1.1681404e-06 -1.5328259e-05  4.0902401e-06  5.3225691e-06  4.6654327e-06  1.3092903e-06  1.6131258e-06  5.9376383e-07  5.3700473e-07  8.7431806e-07
  5.4195289e-05 -2.8392782e-06              0  4.7387127e-07  1.2664271e-06   1.215246e-06 -1.7520209e-05  4.6706563e-06  5.5274535e-06  4.7327945e-06  1.2408473e-06  5.9376383e-07  1.1745781e-06  6.3932233e-07  4.5282786e-07
  5.7977135e-05 -3.1879936e-06              0 -2.0058388e-07  1.5644318e-06  1.4754718e-06  -1.607099e-05   5.023423e-06  6.1857777e-06  5.0976445e-06  1.1589319e-06  5.3700473e-07  6.3932233e-07  1.2347348e-06  6.3037611e-07
  7.9642433e-05 -8.0715614e-06              0  3.1187985e-06  3.3949803e-06  3.1314402e-06 -1.2435206e-05  8.0425992e-06  9.0778879e-06  7.7555071e-06   1.561117e-06  8.7431806e-07  4.5282786e-07  6.3037611e-07  5.0587023e-05


# ext. ||   Name    ||   type  ||     Value     ||  Error +/- 

   0   ||Natural mortality || limited ||    0.03132074835288 ||0.001211290338279
   1   ||Targeted q || limited ||      4.230650962496 ||0.08166196207092
   2   ||Nontargeted q || limited ||                   2 ||22.06548931833
   3   ||     sigma || limited ||       2.23989734777 ||0.1242838414861
   4   ||  Biomass1 || limited ||      8.841878072583 ||0.208691508181
   5   ||  Biomass2 || limited ||      8.196851699739 ||0.1834325197894
   6   ||  vm_sigma || limited ||      14.81445934657 ||0.5606009343084
   7   ||Recruit year 1 || limited ||      2.829660923701 ||0.08587935432539
   8   ||Recruit year 2 || limited ||      4.368561602065 ||0.1304771482468
   9   ||Recruit year 3 || limited ||      3.317315714714 ||0.09848917321926
  10   ||Recruit year 4 || limited ||     0.1500651502742 ||0.008958542840611
  11   ||Mean Rec dist 1 || limited ||     0.7639840210242 ||0.008954635828275
  12   ||Mean Rec dist 2 || limited ||     0.5447390592502 ||0.007652099073315
  13   ||Mean Rec dist 3 || limited ||     0.3631791701831 ||0.007852088725121
  14   ||Mean Rec dist 4 || limited ||     0.5567303973592 ||0.05021444202949





