# Minimum negative log likelihood

WARNING: Minuit did not converge.

# of function calls: 669
minimum function Value: 542.7146722133
minimum edm: 1.965277648259
minimum internal state vector: LAVector parameters:
    -0.2590677753469
     -1.173862949661
     -1.287002217587
     -1.198226758494
     -1.469149485098
     -1.472898862176
     0.2439917196775
     -1.510428552596
     -1.163596907278
     -1.516815097722
     -1.311143681196
     0.1044521377469
    0.07895080912161
     -0.679436826762
     0.1109182082772

minimum internal covariance matrix: LASymMatrix parameters:
      1.0043064 -5.2635831e-05              0 -0.00022583883  3.7839379e-06   3.625714e-06 -0.00087455699  6.2966051e-05  0.00011877603  1.1482794e-05  8.6948365e-05  -2.098147e-05  5.9370623e-06   0.0014649546  1.7555453e-05
 -5.2635831e-05      1.0031845              0 -1.5398804e-05  1.8545877e-07  8.3832626e-09  7.2731942e-05  -1.521914e-06 -7.2199631e-06  1.3687784e-06 -1.4193645e-05  4.2477617e-06   1.703213e-07  1.2709579e-05 -9.7557709e-07
              0              0      3.0031694              0              0              0              0              0              0              0              0              0              0              0              0
 -0.00022583883 -1.5398804e-05              0      1.0033348  2.1769172e-06  6.4631656e-07 -0.00054153511  4.2929265e-05 -2.0938655e-05 -4.8102259e-05  4.0686763e-05 -0.00014075241 -3.7207222e-06  0.00042712608  4.3542026e-06
  3.7839379e-06  1.8545877e-07              0  2.1769172e-06      1.0031695  1.1520185e-07 -1.2356079e-06 -8.3209946e-08  2.9005317e-07  8.5957013e-07 -2.7376435e-07 -2.6906125e-07   9.454456e-08 -1.6679751e-05  -6.601968e-08
   3.625714e-06  8.3832626e-09              0  6.4631656e-07  1.1520185e-07      1.0031695  3.1060721e-06 -4.0706057e-07  3.1312417e-07  8.0364831e-07 -2.5473242e-07  9.3323731e-07  7.0671502e-08 -1.2068613e-05 -8.9484207e-08
 -0.00087455699  7.2731942e-05              0 -0.00054153511 -1.2356079e-06  3.1060721e-06       1.028896 -0.00027177264 -9.6122698e-05  0.00014096856 -0.00033433114   0.0011670708 -0.00010462836  -0.0011929569  -0.0001627922
  6.2966051e-05  -1.521914e-06              0  4.2929265e-05 -8.3209946e-08 -4.0706057e-07 -0.00027177264      1.0031904  6.3312293e-06 -2.6249178e-10  1.3597774e-05 -4.7343404e-05  1.6829636e-06 -1.3481152e-05  3.1577063e-06
  0.00011877603 -7.2199631e-06              0 -2.0938655e-05  2.9005317e-07  3.1312417e-07 -9.6122698e-05  6.3312293e-06      1.0031859  3.9761392e-06  1.3306249e-05   1.830242e-06  5.0184229e-07   0.0001546355  1.9689674e-06
  1.1482794e-05  1.3687784e-06              0 -4.8102259e-05  8.5957013e-07  8.0364831e-07  0.00014096856 -2.6249178e-10  3.9761392e-06      1.0031754 -6.0047495e-06  1.7208516e-05 -1.3025058e-06  0.00026732392 -5.1603017e-07
  8.6948365e-05 -1.4193645e-05              0  4.0686763e-05 -2.7376435e-07 -2.5473242e-07 -0.00033433114  1.3597774e-05  1.3306249e-05 -6.0047495e-06      1.0032076 -4.4143194e-05  7.4946498e-07  5.6748933e-07  4.0661438e-06
  -2.098147e-05  4.2477617e-06              0 -0.00014075241 -2.6906125e-07  9.3323731e-07   0.0011670708 -4.7343404e-05   1.830242e-06  1.7208516e-05 -4.4143194e-05      1.0034564 -6.1727571e-06  5.9207178e-05 -1.0329495e-05
  5.9370623e-06   1.703213e-07              0 -3.7207222e-06   9.454456e-08  7.0671502e-08 -0.00010462836  1.6829636e-06  5.0184229e-07 -1.3025058e-06  7.4946498e-07 -6.1727571e-06      1.0031706  1.5841346e-05  7.9737034e-07
   0.0014649546  1.2709579e-05              0  0.00042712608 -1.6679751e-05 -1.2068613e-05  -0.0011929569 -1.3481152e-05   0.0001546355  0.00026732392  5.6748933e-07  5.9207178e-05  1.5841346e-05       1.000002  8.2621938e-06
  1.7555453e-05 -9.7557709e-07              0  4.3542026e-06  -6.601968e-08 -8.9484207e-08  -0.0001627922  3.1577063e-06  1.9689674e-06 -5.1603017e-07  4.0661438e-06 -1.0329495e-05  7.9737034e-07  8.2621938e-06       1.003173


# ext. ||   Name    ||   type  ||     Value     ||  Error +/- 

   0   ||Natural mortality || limited ||    0.03859551130616 ||0.01572687509894
   1   ||Targeted q || limited ||      3.887456979104 ||12.57374535592
   2   ||Nontargeted q || limited ||                   2 ||59.28757072741
   3   ||     sigma || limited ||      3.430246342557 ||11.84000660917
   4   ||  Biomass1 || limited ||      2.580796874941 ||119.6210018111
   5   ||  Biomass2 || limited ||      2.394065435087 ||119.6659059335
   6   ||  vm_sigma || limited ||      49.66350046236 ||25.5135285735
   7   ||Recruit year 1 || limited ||     0.1010699313946 ||12.00130017274
   8   ||Recruit year 2 || limited ||      4.097913054826 ||12.87973508165
   9   ||Recruit year 3 || limited ||     0.0828243557774 ||12.00551586445
  10   ||Recruit year 4 || limited ||      1.685871501397 ||11.62036542095
  11   ||Mean Rec dist 1 || limited ||      1.042623081909 ||6.470189923838
  12   ||Mean Rec dist 2 || limited ||     0.7886881491813 ||6.484617962077
  13   ||Mean Rec dist 3 || limited ||     -6.283550161805 ||5.053703480414
  14   ||Mean Rec dist 4 || limited ||      1.106909131478 ||6.464913873346



WARNING: FunctionMinimum is invalid: 
	 Edm is above max


