# Minimum negative log likelihood

Minuit did successfully converge.
# of function calls: 2121
minimum function Value: 572.094899321
minimum edm: 2.316692477741e-05
minimum internal state vector: LAVector parameters:
     -2.620106003083
     -1.324280445153
     -1.287002217587
     -1.179089164756
     -1.315514281624
     -1.321324353423
    -0.4690341509321
     -1.347853927962
     -1.103639545659
     -1.309164514506
     -1.169553734832
    0.04738323083416
    0.05233410405957
    0.04098386636034
    0.05409350935761

minimum internal covariance matrix: LASymMatrix parameters:
    0.025582725   0.0026416375              0 -1.8383105e-05  -0.0028198232  -0.0027315557   0.0074002278  -0.0035399868  -0.0065357607  -0.0038242221  -0.0054389228 -0.00040959328 -0.00023424493 -0.00036800484 -0.00022447984
   0.0026416375  0.00031056056              0  6.4624579e-06 -0.00032950798 -0.00031852582  0.00054875693 -0.00038128076 -0.00071883761 -0.00040841299 -0.00060840791 -4.4169155e-05 -2.0683949e-05 -4.1867327e-05 -2.1769888e-05
              0              0              2              0              0              0              0              0              0              0              0              0              0              0              0
 -1.8383105e-05  6.4624579e-06              0  0.00020347415 -6.6037218e-06 -6.1516419e-06  -2.445211e-06  1.3115907e-07 -5.7870082e-06 -2.3794054e-07 -5.5460846e-06 -1.7629132e-06  1.8535745e-07  7.5421831e-07  5.0388037e-07
  -0.0028198232 -0.00032950798              0 -6.6037218e-06  0.00036048792  0.00034752004 -0.00059266635   0.0004124723  0.00076534876  0.00043569155   0.0006469702  4.4453585e-05  2.2269398e-05  4.4020355e-05  2.3326229e-05
  -0.0027315557 -0.00031852582              0 -6.1516419e-06  0.00034752004  0.00033515902 -0.00057801558  0.00039814143  0.00074064654  0.00042174822  0.00062593932  4.3576646e-05  2.1636955e-05  4.2535353e-05  2.2603384e-05
   0.0074002278  0.00054875693              0  -2.445211e-06 -0.00059266635 -0.00057801558    0.011784862 -0.00092845408  -0.0016432378  -0.0010038653  -0.0013765881 -4.3618498e-05 -0.00016583751 -0.00010346886 -0.00013635964
  -0.0035399868 -0.00038128076              0  1.3115907e-07   0.0004124723  0.00039814143 -0.00092845408  0.00052534333  0.00092249182  0.00053441059  0.00077128449  4.2124326e-05  3.1395566e-05  5.3638955e-05  3.0474284e-05
  -0.0065357607 -0.00071883761              0 -5.7870082e-06  0.00076534876  0.00074064654  -0.0016432378  0.00092249182   0.0017300954  0.00099136289    0.001445232  0.00010455878   5.535787e-05  9.9546616e-05  5.5733762e-05
  -0.0038242221 -0.00040841299              0 -2.3794054e-07  0.00043569155  0.00042174822  -0.0010038653  0.00053441059  0.00099136289   0.0005904558  0.00082801166  6.3185745e-05  3.2888798e-05  5.2899605e-05  3.3780264e-05
  -0.0054389228 -0.00060840791              0 -5.5460846e-06   0.0006469702  0.00062593932  -0.0013765881  0.00077128449    0.001445232  0.00082801166    0.001241674  8.7578203e-05  4.6286675e-05  8.3143187e-05  4.8898454e-05
 -0.00040959328 -4.4169155e-05              0 -1.7629132e-06  4.4453585e-05  4.3576646e-05 -4.3618498e-05  4.2124326e-05  0.00010455878  6.3185745e-05  8.7578203e-05  6.2159347e-05  3.4752446e-06   5.527302e-06  3.1650045e-06
 -0.00023424493 -2.0683949e-05              0  1.8535745e-07  2.2269398e-05  2.1636955e-05 -0.00016583751  3.1395566e-05   5.535787e-05  3.2888798e-05  4.6286675e-05  3.4752446e-06    5.64274e-06  3.5136647e-06  2.5464502e-06
 -0.00036800484 -4.1867327e-05              0  7.5421831e-07  4.4020355e-05  4.2535353e-05 -0.00010346886  5.3638955e-05  9.9546616e-05  5.2899605e-05  8.3143187e-05   5.527302e-06  3.5136647e-06  2.6157184e-05   4.083297e-06
 -0.00022447984 -2.1769888e-05              0  5.0388037e-07  2.3326229e-05  2.2603384e-05 -0.00013635964  3.0474284e-05  5.5733762e-05  3.3780264e-05  4.8898454e-05  3.1650045e-06  2.5464502e-06   4.083297e-06  7.2302977e-06


# ext. ||   Name    ||   type  ||     Value     ||  Error +/- 

   0   ||Natural mortality || limited ||    0.03254575669733 ||0.002446420346944
   1   ||Targeted q || limited ||      1.511573810202 ||0.1520387160554
   2   ||Nontargeted q || limited ||                   2 ||22.06548931833
   3   ||     sigma || limited ||      3.787066541775 ||0.1925309066554
   4   ||  Biomass1 || limited ||      16.20394369925 ||1.695041019119
   5   ||  Biomass2 || limited ||      15.47853874471 ||1.597996781204
   6   ||  vm_sigma || limited ||      21.91972785759 ||2.736167309992
   7   ||Recruit year 1 || limited ||      1.247320897893 ||0.1791443920343
   8   ||Recruit year 2 || limited ||      5.366847380628 ||0.6621154171366
   9   ||Recruit year 3 || limited ||      1.711370622919 ||0.2221817758552
  10   ||Recruit year 4 || limited ||      3.980783134473 ||0.4864755498305
  11   ||Mean Rec dist 1 || limited ||     0.4736550225194 ||0.05568628681982
  12   ||Mean Rec dist 2 || limited ||     0.5231021804699 ||0.01677392945408
  13   ||Mean Rec dist 3 || limited ||     0.4097239404553 ||0.03613388923249
  14   ||Mean Rec dist 4 || limited ||      0.540671326441 ||0.01898572227043





