# Minimum negative log likelihood

Minuit did successfully converge.
# of function calls: 1338
minimum function Value: 398.3883741123
minimum edm: 1.168812947311e-05
minimum internal state vector: LAVector parameters:
     -0.838180418538
     -1.213888306825
     -1.287002217587
     -1.313746718078
     -1.400018412383
     -1.405204102496
    -0.1577385848836
     -1.086860869323
    -0.9539863086476
     -1.278635703735
      -1.12985459519
     0.1164810852489
    0.03552049412526
     0.1175245016493
    0.08702648513386

minimum internal covariance matrix: LASymMatrix parameters:
   0.0030482223 -0.00017474556              0 -3.5909179e-05  8.3227148e-05  7.9748743e-05 -0.00084806468  0.00035257791  0.00047283843  0.00021728652  0.00031718575  1.1097939e-05  1.6195922e-05  9.2700728e-06  1.2414794e-05
 -0.00017474556  1.1069546e-05              0  5.2026088e-07 -5.2653877e-06 -5.0434186e-06  3.9399623e-05 -2.0651281e-05 -2.7468272e-05 -1.2515691e-05 -1.9023116e-05 -5.3193487e-07 -8.5508994e-07 -4.9653952e-07 -5.9748154e-07
              0              0              2              0              0              0              0              0              0              0              0              0              0              0              0
 -3.5909179e-05  5.2026088e-07              0  0.00010440766 -1.3167086e-06 -1.0003044e-06 -5.2366761e-06 -4.1893862e-06 -6.0661757e-06 -1.4200702e-06 -3.1407648e-06 -1.8825769e-07  1.0484757e-07  -1.296046e-06 -1.1392793e-06
  8.3227148e-05 -5.2653877e-06              0 -1.3167086e-06  3.8675255e-06  3.5596048e-06 -1.8012969e-05  1.0042198e-05  1.3214113e-05   5.922737e-06  9.4607251e-06  2.4834112e-07  3.8969233e-07   3.738442e-07   4.408197e-07
  7.9748743e-05 -5.0434186e-06              0 -1.0003044e-06  3.5596048e-06  3.2929838e-06  -1.755434e-05  9.5833024e-06   1.263276e-05  5.6862103e-06  8.9972376e-06  2.4188701e-07  3.7924499e-07    3.34307e-07  3.9355291e-07
 -0.00084806468  3.9399623e-05              0 -5.2366761e-06 -1.8012969e-05  -1.755434e-05   0.0014212708 -9.1024018e-05 -0.00012630874 -5.9510262e-05 -8.2595915e-05 -9.5355356e-06 -1.0671926e-05 -5.7325111e-06 -8.6202574e-06
  0.00035257791 -2.0651281e-05              0 -4.1893862e-06  1.0042198e-05  9.5833024e-06 -9.1024018e-05  4.2275101e-05  5.4899344e-05  2.5169811e-05  3.7285733e-05  1.1481932e-06  1.8309491e-06  1.0812348e-06  1.4609138e-06
  0.00047283843 -2.7468272e-05              0 -6.0661757e-06  1.3214113e-05   1.263276e-05 -0.00012630874  5.4899344e-05  7.5008272e-05  3.3605142e-05   4.969888e-05  1.6809348e-06  2.4098081e-06  1.6543944e-06  1.9633002e-06
  0.00021728652 -1.2515691e-05              0 -1.4200702e-06   5.922737e-06  5.6862103e-06 -5.9510262e-05  2.5169811e-05  3.3605142e-05  1.6889977e-05  2.2715288e-05  7.8020549e-07   1.152526e-06  2.8970352e-07  8.6543135e-07
  0.00031718575 -1.9023116e-05              0 -3.1407648e-06  9.4607251e-06  8.9972376e-06 -8.2595915e-05  3.7285733e-05   4.969888e-05  2.2715288e-05  3.7706565e-05  1.1642077e-06  1.6389362e-06  1.0199995e-06  1.7031075e-06
  1.1097939e-05 -5.3193487e-07              0 -1.8825769e-07  2.4834112e-07  2.4188701e-07 -9.5355356e-06  1.1481932e-06  1.6809348e-06  7.8020549e-07  1.1642077e-06  4.8933334e-07  1.2085488e-07  1.5054415e-07  1.1766331e-07
  1.6195922e-05 -8.5508994e-07              0  1.0484757e-07  3.8969233e-07  3.7924499e-07 -1.0671926e-05  1.8309491e-06  2.4098081e-06   1.152526e-06  1.6389362e-06  1.2085488e-07  2.2890583e-07  7.7247293e-08  8.9339991e-08
  9.2700728e-06 -4.9653952e-07              0  -1.296046e-06   3.738442e-07    3.34307e-07 -5.7325111e-06  1.0812348e-06  1.6543944e-06  2.8970352e-07  1.0199995e-06  1.5054415e-07  7.7247293e-08  1.8959422e-06  1.6783268e-07
  1.2414794e-05 -5.9748154e-07              0 -1.1392793e-06   4.408197e-07  3.9355291e-07 -8.6202574e-06  1.4609138e-06  1.9633002e-06  8.6543135e-07  1.7031075e-06  1.1766331e-07  8.9339991e-08  1.6783268e-07  5.2083182e-07


# ext. ||   Name    ||   type  ||     Value     ||  Error +/- 

   0   ||Natural mortality || limited ||    0.02641431537635 ||0.0006525970177238
   1   ||Targeted q || limited ||      3.150921345283 ||0.0410975603652
   2   ||Nontargeted q || limited ||                   2 ||22.06548931833
   3   ||     sigma || limited ||      1.642787043167 ||0.091841961102
   4   ||  Biomass1 || limited ||      7.273570339204 ||0.1181653290812
   5   ||  Biomass2 || limited ||      6.839545926323 ||0.1057555144555
   6   ||  vm_sigma || limited ||      33.71716772508 ||1.052933733863
   7   ||Recruit year 1 || limited ||       5.75088853568 ||0.1069434001756
   8   ||Recruit year 2 || limited ||      9.222688432356 ||0.1771000644499
   9   ||Recruit year 3 || limited ||      2.128597901939 ||0.04184572425405
  10   ||Recruit year 4 || limited ||      4.792014679203 ||0.0926476195969
  11   ||Mean Rec dist 1 || limited ||      1.162178643622 ||0.00491286107697
  12   ||Mean Rec dist 2 || limited ||     0.3551302519597 ||0.003380954970511
  13   ||Mean Rec dist 3 || limited ||       1.17254146855 ||0.009669216972589
  14   ||Mean Rec dist 4 || limited ||     0.8691667596119 ||0.005083783761331





