# Minimum negative log likelihood

Minuit did successfully converge.
# of function calls: 1177
minimum function Value: 309.9993273513
minimum edm: 6.248997025237e-05
minimum internal state vector: LAVector parameters:
      0.838916519848
     -1.240116113697
     -1.287002217587
     -1.363148737517
     -1.431559778784
     -1.437319711539
    -0.7047694908519
    -0.9511323611111
     -1.067800288853
     -1.311017651804
     -1.213347761749
    0.07239665185161
    0.06770115480575
    0.02018960516351
    0.08703629989315

minimum internal covariance matrix: LASymMatrix parameters:
    0.004485914 -0.00029175323              0 -5.4063676e-05  0.00012727433  0.00011996044 -0.00035402037  0.00075707498  0.00062051229  0.00029122177  0.00043903477  2.5254754e-05  2.4937833e-05  3.0133743e-05  2.0834196e-05
 -0.00029175323  2.0841575e-05              0  6.5191217e-06 -9.1666592e-06 -8.6259835e-06  1.7306409e-05 -5.1536867e-05 -4.2121157e-05 -1.9471259e-05 -3.0083498e-05 -1.3897664e-06 -1.3899921e-06 -1.9679269e-06 -1.1263423e-06
              0              0              2              0              0              0              0              0              0              0              0              0              0              0              0
 -5.4063676e-05  6.5191217e-06              0  9.2991915e-05 -3.0977617e-06 -2.9556562e-06 -1.2733324e-05 -1.3808488e-05 -1.2376253e-05 -1.9366713e-06 -9.4752799e-06  4.4982705e-07  3.6931435e-07  -1.090137e-06  1.9425374e-07
  0.00012727433 -9.1666592e-06              0 -3.0977617e-06  4.8318362e-06  4.4655929e-06 -7.6226412e-06  2.2689808e-05  1.8393691e-05  8.5102615e-06  1.3018556e-05   5.662807e-07  5.7532643e-07  9.5567072e-07  4.2735626e-07
  0.00011996044 -8.6259835e-06              0 -2.9556562e-06  4.4655929e-06  4.1413663e-06 -7.1721821e-06  2.1340109e-05  1.7331551e-05  8.0140862e-06   1.227276e-05  5.3753636e-07  5.4733409e-07  9.1655477e-07  4.0216221e-07
 -0.00035402037  1.7306409e-05              0 -1.2733324e-05 -7.6226412e-06 -7.1721821e-06  0.00011735693 -5.1589858e-05 -4.1815926e-05  -2.199598e-05 -3.1305274e-05 -3.7795082e-06 -4.3594985e-06 -3.8653208e-06 -4.6445047e-06
  0.00075707498 -5.1536867e-05              0 -1.3808488e-05  2.2689808e-05  2.1340109e-05 -5.1589858e-05  0.00013251857  0.00010627258  4.9679385e-05  7.6244959e-05  3.9158839e-06   3.866657e-06  4.9689416e-06  3.1435436e-06
  0.00062051229 -4.2121157e-05              0 -1.2376253e-05  1.8393691e-05  1.7331551e-05 -4.1815926e-05  0.00010627258  8.9914412e-05  4.0630253e-05  6.1901524e-05  3.1797076e-06  3.1678774e-06  4.1699904e-06  2.7645017e-06
  0.00029122177 -1.9471259e-05              0 -1.9366713e-06  8.5102615e-06  8.0140862e-06  -2.199598e-05  4.9679385e-05  4.0630253e-05  2.0475752e-05  2.8542546e-05  1.6037687e-06  1.5422913e-06  1.8651863e-06  1.2570368e-06
  0.00043903477 -3.0083498e-05              0 -9.4752799e-06  1.3018556e-05   1.227276e-05 -3.1305274e-05  7.6244959e-05  6.1901524e-05  2.8542546e-05  4.8051428e-05  2.2251894e-06   2.499579e-06  3.0695053e-06  2.4769477e-06
  2.5254754e-05 -1.3897664e-06              0  4.4982705e-07   5.662807e-07  5.3753636e-07 -3.7795082e-06  3.9158839e-06  3.1797076e-06  1.6037687e-06  2.2251894e-06  2.9801851e-07  1.7269234e-07  1.0965197e-07  1.2288516e-07
  2.4937833e-05 -1.3899921e-06              0  3.6931435e-07  5.7532643e-07  5.4733409e-07 -4.3594985e-06   3.866657e-06  3.1678774e-06  1.5422913e-06   2.499579e-06  1.7269234e-07  3.8934101e-07  2.7453737e-07  3.1005817e-07
  3.0133743e-05 -1.9679269e-06              0  -1.090137e-06  9.5567072e-07  9.1655477e-07 -3.8653208e-06  4.9689416e-06  4.1699904e-06  1.8651863e-06  3.0695053e-06  1.0965197e-07  2.7453737e-07   1.047516e-06  2.3332764e-07
  2.0834196e-05 -1.1263423e-06              0  1.9425374e-07  4.2735626e-07  4.0216221e-07 -4.6445047e-06  3.1435436e-06  2.7645017e-06  1.2570368e-06  2.4769477e-06  1.2288516e-07  3.1005817e-07  2.3332764e-07  7.5392664e-07


# ext. ||   Name    ||   type  ||     Value     ||  Error +/- 

   0   ||Natural mortality || limited ||    0.06359798750773 ||0.0007909328116499
   1   ||Targeted q || limited ||      2.708914681447 ||0.05240632494743
   2   ||Nontargeted q || limited ||                   2 ||22.06548931833
   3   ||     sigma || limited ||      1.074070427738 ||0.07028710921338
   4   ||  Biomass1 || limited ||      4.838878953666 ||0.1078598988473
   5   ||  Biomass2 || limited ||       4.44739292045 ||0.09575060659428
   6   ||  vm_sigma || limited ||       14.0864937735 ||0.2334040420263
   7   ||Recruit year 1 || limited ||      9.305387445266 ||0.2363431731665
   8   ||Recruit year 2 || limited ||        6.2022682992 ||0.1615911060425
   9   ||Recruit year 3 || limited ||      1.687489593241 ||0.04109022323053
  10   ||Recruit year 4 || limited ||      3.170054901081 ||0.08574100517646
  11   ||Mean Rec dist 1 || limited ||     0.7233342662695 ||0.003850059930262
  12   ||Mean Rec dist 2 || limited ||     0.6764944922138 ||0.004402040363437
  13   ||Mean Rec dist 3 || limited ||     0.2018823357647 ||0.007235637249813
  14   ||Mean Rec dist 4 || limited ||     0.8692645357317 ||0.00611649293202





