# Minimum negative log likelihood

Minuit did successfully converge.
# of function calls: 1499
minimum function Value: 668.0386138903
minimum edm: 6.813984920659e-06
minimum internal state vector: LAVector parameters:
    -0.6935052638983
     -1.287102073693
     -1.287002217587
     -1.075590603212
     -1.456128137405
     -1.458751710196
     0.3383594071749
    -0.9878925698242
     -1.168257842972
      -1.40819121689
     -1.062687791136
     0.0766844680668
    0.04137257882057
    0.07963283271371
     0.0591866830151

minimum internal covariance matrix: LASymMatrix parameters:
    0.044328031  -0.0036726057              0 -3.2221545e-05   0.0015511267   0.0014959911   -0.025369396    0.010481582    0.007406751    0.003152348   0.0088015667  0.00021532692   0.0003247849  0.00022663907  0.00019505808
  -0.0036726057  0.00033510066              0 -1.2041852e-06  -0.0001402379 -0.00013514996   0.0017574449  -0.0009029447   -0.000625791 -0.00025898499  -0.0007730069 -1.4883899e-05 -2.6404946e-05 -2.4357215e-05 -1.4688675e-05
              0              0              2              0              0              0              0              0              0              0              0              0              0              0              0
 -3.2221545e-05 -1.2041852e-06              0  0.00030113834 -1.9260189e-07 -3.0528236e-08 -6.1169579e-05 -4.6268781e-06 -4.3844904e-06 -1.9571817e-06  5.4246529e-06 -7.5205819e-07  4.8902398e-07  2.7295585e-06  1.2787915e-06
   0.0015511267  -0.0001402379              0 -1.9260189e-07     7.8373e-05  7.3758417e-05 -0.00081355019  0.00038146339  0.00026335446  0.00010992945  0.00032630739  5.8420593e-06  1.1863674e-05  9.1565479e-06  6.2881378e-06
   0.0014959911 -0.00013514996              0 -3.0528236e-08  7.3758417e-05  6.9612389e-05 -0.00077780123  0.00036757696  0.00025400423  0.00010586973  0.00031441835  5.7496216e-06  1.1377695e-05    8.94307e-06  6.0660259e-06
   -0.025369396   0.0017574449              0 -6.1169579e-05 -0.00081355019 -0.00077780123    0.096087632  -0.0056169723  -0.0041673972  -0.0017875964  -0.0047719824 -0.00033571266 -0.00028489143 -0.00010075014 -0.00035480513
    0.010481582  -0.0009029447              0 -4.6268781e-06  0.00038146339  0.00036757696  -0.0056169723   0.0025373933    0.001763512  0.00074347691   0.0021323013  4.7195968e-05  7.8035248e-05  5.8408317e-05  4.4408831e-05
    0.007406751   -0.000625791              0 -4.3844904e-06  0.00026335446  0.00025400423  -0.0041673972    0.001763512   0.0012652229  0.00052203789    0.001489015  3.4546507e-05   5.185907e-05  4.5449161e-05  3.1928623e-05
    0.003152348 -0.00025898499              0 -1.9571817e-06  0.00010992945  0.00010586973  -0.0017875964  0.00074347691  0.00052203789  0.00025268791   0.0006209057  1.5368863e-05  2.2332619e-05  4.3368828e-06  1.4030665e-05
   0.0088015667  -0.0007730069              0  5.4246529e-06  0.00032630739  0.00031441835  -0.0047719824   0.0021323013    0.001489015   0.0006209057    0.001863077  3.9307591e-05  6.5272499e-05  5.2209481e-05  4.0424193e-05
  0.00021532692 -1.4883899e-05              0 -7.5205819e-07  5.8420593e-06  5.7496216e-06 -0.00033571266  4.7195968e-05  3.4546507e-05  1.5368863e-05  3.9307591e-05  4.2862742e-06  1.8578273e-06  7.7196601e-07  1.5775404e-06
   0.0003247849 -2.6404946e-05              0  4.8902398e-07  1.1863674e-05  1.1377695e-05 -0.00028489143  7.8035248e-05   5.185907e-05  2.2332619e-05  6.5272499e-05  1.8578273e-06  1.0099478e-05   8.654355e-07   1.683923e-06
  0.00022663907 -2.4357215e-05              0  2.7295585e-06  9.1565479e-06    8.94307e-06 -0.00010075014  5.8408317e-05  4.5449161e-05  4.3368828e-06  5.2209481e-05  7.7196601e-07   8.654355e-07  0.00010055246  8.5425093e-07
  0.00019505808 -1.4688675e-05              0  1.2787915e-06  6.2881378e-06  6.0660259e-06 -0.00035480513  4.4408831e-05  3.1928623e-05  1.4030665e-05  4.0424193e-05  1.5775404e-06   1.683923e-06  8.5425093e-07  4.4959069e-06


# ext. ||   Name    ||   type  ||     Value     ||  Error +/- 

   0   ||Natural mortality || limited ||    0.02901908282559 ||0.002851614241279
   1   ||Targeted q || limited ||       1.99860225382 ||0.1811506250344
   2   ||Nontargeted q || limited ||                   2 ||22.06548931833
   3   ||     sigma || limited ||      6.006451699881 ||0.2915514089651
   4   ||  Biomass1 || limited ||      3.283598101684 ||0.3581180429741
   5   ||  Biomass2 || limited ||      3.135217008847 ||0.3298205279039
   6   ||  vm_sigma || limited ||      53.27793272989 ||8.20427610672
   7   ||Recruit year 1 || limited ||      8.265784469856 ||0.9800131726522
   8   ||Recruit year 2 || limited ||      4.006125582902 ||0.4925655805854
   9   ||Recruit year 3 || limited ||     0.6694894218794 ||0.0909731730251
  10   ||Recruit year 4 || limited ||      6.326052543138 ||0.7422757223617
  11   ||Mean Rec dist 1 || limited ||     0.7660933289509 ||0.01459642947328
  12   ||Mean Rec dist 2 || limited ||     0.4136077699051 ||0.02245237632528
  13   ||Mean Rec dist 3 || limited ||      0.795486956132 ||0.07068043809037
  14   ||Mean Rec dist 4 || limited ||     0.5915213328286 ||0.01496691766972





