# Minimum negative log likelihood

Minuit did successfully converge.
# of function calls: 569
minimum function Value: 387.9792667462
minimum edm: 4.308556512875e-05
minimum internal state vector: LAVector parameters:
    -0.8014585818105
     -1.227534738523
     -1.287002217587
     -1.320156797754
     -1.505923111078
     -1.508895651563
    -0.2206704752906
    -0.4415488956191
     -1.109326733207
    -0.9862850047838
     -1.161769763393
     -1.171648874394

minimum internal covariance matrix: LASymMatrix parameters:
  6.7957637e-05 -2.7670589e-05              0 -1.3655326e-05  5.7420216e-06  4.7188745e-06 -7.7423835e-07 -2.1837159e-06  3.4960328e-05  4.3087834e-05  3.0228831e-05   2.879585e-05
 -2.7670589e-05   1.322072e-05              0   6.736989e-06 -3.0286944e-06 -2.5285415e-06  5.4570274e-07 -1.2040345e-05 -1.5121424e-05 -1.8679791e-05 -1.2924273e-05 -1.2460674e-05
              0              0              2              0              0              0              0              0              0              0              0              0
 -1.3655326e-05   6.736989e-06              0  6.9052839e-05 -4.2223417e-06 -3.2729021e-06  3.6967592e-07 -3.2693723e-05 -8.0768615e-06 -1.0077205e-05 -7.0671869e-06 -6.7046877e-06
  5.7420216e-06 -3.0286944e-06              0 -4.2223417e-06  4.5523229e-06  2.8479443e-06 -2.2405759e-07  4.7815503e-06  6.1815945e-06  4.0940812e-06  2.7666592e-06   2.692759e-06
  4.7188745e-06 -2.5285415e-06              0 -3.2729021e-06  2.8479443e-06  2.0443362e-06 -1.4504469e-07  5.1028924e-06  3.6795096e-06  3.3570507e-06  2.2539733e-06  2.1903003e-06
 -7.7423835e-07  5.4570274e-07              0  3.6967592e-07 -2.2405759e-07 -1.4504469e-07    8.97653e-08 -2.7879096e-06 -6.2635211e-07 -6.1394817e-07 -4.1536295e-07 -4.2340047e-07
 -2.1837159e-06 -1.2040345e-05              0 -3.2693723e-05  4.7815503e-06  5.1028924e-06 -2.7879096e-06  0.00028491883 -1.6712911e-06  4.6872991e-06  2.7084568e-06  3.1063501e-06
  3.4960328e-05 -1.5121424e-05              0 -8.0768615e-06  6.1815945e-06  3.6795096e-06 -6.2635211e-07 -1.6712911e-06  2.4512241e-05   2.270883e-05  1.5928868e-05  1.5238788e-05
  4.3087834e-05 -1.8679791e-05              0 -1.0077205e-05  4.0940812e-06  3.3570507e-06 -6.1394817e-07  4.6872991e-06   2.270883e-05  2.9309152e-05  1.9504325e-05  1.8700369e-05
  3.0228831e-05 -1.2924273e-05              0 -7.0671869e-06  2.7666592e-06  2.2539733e-06 -4.1536295e-07  2.7084568e-06  1.5928868e-05  1.9504325e-05  1.4964302e-05   1.295964e-05
   2.879585e-05 -1.2460674e-05              0 -6.7046877e-06   2.692759e-06  2.1903003e-06 -4.2340047e-07  3.1063501e-06  1.5238788e-05  1.8700369e-05   1.295964e-05  1.3803069e-05


# ext. ||   Name    ||   type  ||     Value     ||  Error +/- 

   0   ||Natural mortality || limited ||     0.0422442703201 ||0.0006082606883027
   1   ||Targeted q || limited ||      2.916902230977 ||0.04326580902861
   2   ||Nontargeted q || limited ||                   2 ||22.06548931833
   3   ||     sigma || limited ||      1.562299921839 ||0.0728678923346
   4   ||  Biomass1 || limited ||      1.051764586148 ||0.04890262060175
   5   ||  Biomass2 || limited ||     0.9576175651954 ||0.0312715274049
   6   ||   vm_mean || limited ||     -2.188838891066 ||0.002067179593435
   7   ||  vm_sigma || limited ||      22.90710089167 ||0.4316203357649
   8   ||Recruit year 1 || limited ||      5.239521652309 ||0.07793279029781
   9   ||Recruit year 2 || limited ||      8.310078208564 ||0.1056057255099
  10   ||Recruit year 3 || limited ||      4.134167084979 ||0.05438920835868
  11   ||Recruit year 4 || limited ||      3.939974118047 ||0.05104327487262





