# Minimum negative log likelihood

Minuit did successfully converge.
# of function calls: 1411
minimum function Value: 578.5471301435
minimum edm: 3.483754791621e-05
minimum internal state vector: LAVector parameters:
    -0.3818987037048
    -0.9549241362485
     -1.287002217587
     -1.172885529532
     -1.489082573069
     -1.494296680675
     -1.254946946139
     -1.051481056157
     -1.229322382457
     -1.327123411971
     -1.100234985218
    0.06969347575556
    0.04416507454339
    0.08263037820036
    0.03800096181932

minimum internal covariance matrix: LASymMatrix parameters:
    0.048203387  -0.0021520473              0  4.6995452e-05  0.00031699392  0.00026676818 -0.00058698004   0.0038020575   0.0023863347   0.0017758657   0.0032456945  0.00066703296  0.00065946724  0.00061504474  0.00066021534
  -0.0021520473  0.00012878926              0  7.4956055e-06 -1.7434173e-05 -1.5038897e-05  1.2872883e-05 -0.00017378412 -0.00010611348  -8.130007e-05 -0.00015083391 -2.4622067e-05 -2.6215291e-05 -2.4468167e-05 -2.6214426e-05
              0              0              2              0              0              0              0              0              0              0              0              0              0              0              0
  4.6995452e-05  7.4956055e-06              0  0.00026762282 -2.0722372e-06 -1.2753774e-06   -5.04951e-06 -1.6780487e-06 -7.4005344e-07  3.0368558e-07  9.8296967e-07  1.5854964e-06  4.2832778e-06  3.4260199e-06    1.73903e-06
  0.00031699392 -1.7434173e-05              0 -2.0722372e-06   8.774181e-06  6.8016112e-06 -3.2023826e-06  2.5257503e-05  1.6217648e-05  1.1435617e-05  2.1726136e-05  3.4894942e-06  4.2662546e-06  3.5767862e-06  4.1273542e-06
  0.00026676818 -1.5038897e-05              0 -1.2753774e-06  6.8016112e-06  5.4252912e-06 -2.2156151e-06  2.1272688e-05  1.3610704e-05   9.565564e-06  1.8263208e-05  2.9023062e-06  3.4913999e-06  2.9433492e-06  3.3288927e-06
 -0.00058698004  1.2872883e-05              0   -5.04951e-06 -3.2023826e-06 -2.2156151e-06  2.0578702e-05 -4.5807929e-05  -2.965117e-05  -2.002681e-05 -3.7460145e-05 -1.1071984e-05 -9.6429818e-06  -9.129554e-06 -1.0547589e-05
   0.0038020575 -0.00017378412              0 -1.6780487e-06  2.5257503e-05  2.1272688e-05 -4.5807929e-05   0.0003087026  0.00018773869  0.00013905957  0.00025564523  5.1586099e-05  5.1766769e-05  4.7949701e-05  5.1406261e-05
   0.0023863347 -0.00010611348              0 -7.4005344e-07  1.6217648e-05  1.3610704e-05  -2.965117e-05  0.00018773869  0.00012693653  8.7533704e-05  0.00016036794  3.2932716e-05  3.1753872e-05  3.0297479e-05  3.3466981e-05
   0.0017758657  -8.130007e-05              0  3.0368558e-07  1.1435617e-05   9.565564e-06  -2.002681e-05  0.00013905957  8.7533704e-05  7.3590615e-05  0.00012133855   2.463721e-05  2.4139444e-05  2.2627913e-05  2.4542851e-05
   0.0032456945 -0.00015083391              0  9.8296967e-07  2.1726136e-05  1.8263208e-05 -3.7460145e-05  0.00025564523  0.00016036794  0.00012133855  0.00023023656  4.4598788e-05  4.4128568e-05  4.1238053e-05  4.4952495e-05
  0.00066703296 -2.4622067e-05              0  1.5854964e-06  3.4894942e-06  2.9023062e-06 -1.1071984e-05  5.1586099e-05  3.2932716e-05   2.463721e-05  4.4598788e-05  1.1998896e-05  9.4955182e-06  8.9605449e-06  9.7065611e-06
  0.00065946724 -2.6215291e-05              0  4.2832778e-06  4.2662546e-06  3.4913999e-06 -9.6429818e-06  5.1766769e-05  3.1753872e-05  2.4139444e-05  4.4128568e-05  9.4955182e-06  1.3427433e-05  8.4401686e-06  9.5651959e-06
  0.00061504474 -2.4468167e-05              0  3.4260199e-06  3.5767862e-06  2.9433492e-06  -9.129554e-06  4.7949701e-05  3.0297479e-05  2.2627913e-05  4.1238053e-05  8.9605449e-06  8.4401686e-06  1.7834327e-05  8.7418229e-06
  0.00066021534 -2.6214426e-05              0    1.73903e-06  4.1273542e-06  3.3288927e-06 -1.0547589e-05  5.1406261e-05  3.3466981e-05  2.4542851e-05  4.4952495e-05  9.7065611e-06  9.5651959e-06  8.7418229e-06  1.1906314e-05


# ext. ||   Name    ||   type  ||     Value     ||  Error +/- 

   0   ||Natural mortality || limited ||    0.03568292353151 ||0.003587124843607
   1   ||Targeted q || limited ||       9.18650407353 ||0.2317770898067
   2   ||Nontargeted q || limited ||                   2 ||22.06548931833
   3   ||     sigma || limited ||      3.906372141527 ||0.2241150322634
   4   ||  Biomass1 || limited ||      1.668355756932 ||0.08548102683759
   5   ||  Biomass2 || limited ||      1.462335599198 ||0.06293642709962
   6   ||  vm_sigma || limited ||      1.979659912303 ||0.03985499400034
   7   ||Recruit year 1 || limited ||      6.601380564493 ||0.3082495080275
   8   ||Recruit year 2 || limited ||      2.896606299378 ||0.1333781546135
   9   ||Recruit year 3 || limited ||      1.486934116808 ||0.07316797452601
  10   ||Recruit year 4 || limited ||      5.443760377685 ||0.2431975237606
  11   ||Mean Rec dist 1 || limited ||     0.6963707048986 ||0.0244342854477
  12   ||Mean Rec dist 2 || limited ||     0.4415071821787 ||0.02588554488821
  13   ||Mean Rec dist 3 || limited ||     0.8253637996369 ||0.02975968971151
  14   ||Mean Rec dist 4 || limited ||     0.3799181645189 ||0.02438145355413





