# Minimum negative log likelihood

Minuit did successfully converge.
# of function calls: 747
minimum function Value: 395.4467588199
minimum edm: 1.826616486401e-05
minimum internal state vector: LAVector parameters:
     0.7807676824643
       -1.2015890563
     -1.287002217587
      -1.82601143034
      -1.43083000605
     -1.435910011126
     0.4107698926078
    -0.2112436674039
     -1.156016513602
    -0.9761044208388
    -0.9359844973574
     -1.184409521389

minimum internal covariance matrix: LASymMatrix parameters:
    0.032137845  -0.0027305183              0  1.4297844e-05   0.0010319721   0.0009823625 -7.9483252e-06  0.00020204027   0.0031414343   0.0041454323   0.0048109344   0.0028017326
  -0.0027305183  0.00023450146              0 -1.7326591e-06 -8.8590777e-05 -8.4317691e-05  1.2652859e-06 -2.9468809e-05 -0.00026830277 -0.00035412095   -0.000410975 -0.00023975128
              0              0      7.2303406              0              0              0              0              0              0              0              0              0
  1.4297844e-05 -1.7326591e-06              0  7.5053333e-05  1.1711804e-06  1.0404366e-06 -2.6576208e-07  2.5284044e-06  2.2301066e-06  2.0354656e-06  2.7074348e-06  1.0435508e-06
   0.0010319721 -8.8590777e-05              0  1.1711804e-06  3.4798412e-05  3.2977483e-05 -4.9404389e-07  1.1532645e-05  0.00010146533  0.00013387477   0.0001552533  9.0649527e-05
   0.0009823625 -8.4317691e-05              0  1.0404366e-06  3.2977483e-05  3.1275004e-05 -4.6442017e-07  1.0927644e-05  9.6563396e-05  0.00012742198   0.0001477847  8.6278127e-05
 -7.9483252e-06  1.2652859e-06              0 -2.6576208e-07 -4.9404389e-07 -4.6442017e-07  4.6365431e-07  -6.757441e-06 -1.0677759e-06  -1.424984e-06 -1.7069687e-06 -1.0816759e-06
  0.00020204027 -2.9468809e-05              0  2.5284044e-06  1.1532645e-05  1.0927644e-05  -6.757441e-06  0.00030757206  2.6335558e-05  3.4683922e-05  4.1040869e-05  2.4815785e-05
   0.0031414343 -0.00026830277              0  2.2301066e-06  0.00010146533  9.6563396e-05 -1.0677759e-06  2.6335558e-05  0.00030927369  0.00040642214  0.00047165139  0.00027475489
   0.0041454323 -0.00035412095              0  2.0354656e-06  0.00013387477  0.00012742198  -1.424984e-06  3.4683922e-05  0.00040642214  0.00053772777  0.00062242308  0.00036279845
   0.0048109344   -0.000410975              0  2.7074348e-06   0.0001552533   0.0001477847 -1.7069687e-06  4.1040869e-05  0.00047165139  0.00062242308  0.00072378602  0.00042094813
   0.0028017326 -0.00023975128              0  1.0435508e-06  9.0649527e-05  8.6278127e-05 -1.0816759e-06  2.4815785e-05  0.00027475489  0.00036279845  0.00042094813  0.00024751332


# ext. ||   Name    ||   type  ||     Value     ||  Error +/- 

   0   ||Natural mortality || limited ||    0.06259562419424 ||0.002245206899742
   1   ||Targeted q || limited ||        3.3693142074 ||0.1953788641817
   2   ||Nontargeted q || limited ||                   2 ||75.16881574462
   3   ||     sigma || limited ||      1.619549278964 ||0.07732479284444
   4   ||  Biomass1 || limited ||      4.889652320409 ||0.290963202913
   5   ||  Biomass2 || limited ||      4.541687194624 ||0.2658904282092
   6   ||   vm_mean || limited ||      1.254485995108 ||0.001386797619739
   7   ||  vm_sigma || limited ||      31.61356149853 ||0.4849969236447
   8   ||Recruit year 1 || limited ||      4.249322254675 ||0.2505327116648
   9   ||Recruit year 2 || limited ||      8.593084158697 ||0.4592593275387
  10   ||Recruit year 3 || limited ||      9.749860878188 ||0.563980669598
  11   ||Recruit year 4 || limited ||      3.695795674761 ||0.2095866331112





