# Minimum negative log likelihood

Minuit did successfully converge.
# of function calls: 1107
minimum function Value: 659.5515016357
minimum edm: 6.508960412157e-05
minimum internal state vector: LAVector parameters:
    -0.2617417104695
     -1.042776835709
     -1.287002217587
     -1.085812349346
     -1.440552412533
     -1.448642129141
    -0.5768773874249
     -1.394341904923
    -0.9600919939416
     -1.247567112813
     -1.020140961117
    0.05671053698987
     0.0964188892612
    0.06346411638087
     0.1037109386459

minimum internal covariance matrix: LASymMatrix parameters:
    0.040449013  -0.0025395716              0  0.00080993277  0.00066815347  0.00059874991  -0.0057589884   0.0015590465    0.005452321   0.0028793566    0.005040967  0.00030698287  0.00031958952  0.00032695945  0.00026317023
  -0.0025395716   0.0001766511              0 -4.4171344e-05 -4.5404838e-05 -4.0722719e-05  0.00032737352 -9.9570741e-05 -0.00034630809 -0.00018283945 -0.00032624887 -1.7290153e-05 -1.7474413e-05 -1.8915256e-05 -1.5475061e-05
              0              0              2              0              0              0              0              0              0              0              0              0              0              0              0
  0.00080993277 -4.4171344e-05              0  0.00035626223  9.9844488e-06   8.070081e-06  -0.0001540219  3.1008989e-05  0.00010567206  6.2266993e-05  0.00010953686  7.0624495e-06  1.2356219e-05   8.750987e-06  4.2310548e-06
  0.00066815347 -4.5404838e-05              0  9.9844488e-06  2.3725668e-05  2.0155879e-05 -9.2118734e-05  2.6287079e-05  8.9723592e-05  4.7596716e-05  8.5520917e-05  3.7068282e-06  4.8163155e-06  5.2213728e-06  4.8565406e-06
  0.00059874991 -4.0722719e-05              0   8.070081e-06  2.0155879e-05   1.729347e-05 -8.2555109e-05  2.3409666e-05   8.057972e-05  4.2451796e-05  7.6658135e-05  3.5834991e-06  4.2750575e-06  4.7194729e-06  4.3732817e-06
  -0.0057589884  0.00032737352              0  -0.0001540219 -9.2118734e-05 -8.2555109e-05   0.0019177401 -0.00021672774 -0.00076584068 -0.00040041968 -0.00072427638  -6.064062e-05 -7.2586777e-05 -7.0289485e-05 -6.4419394e-05
   0.0015590465 -9.9570741e-05              0  3.1008989e-05  2.6287079e-05  2.3409666e-05 -0.00021672774  7.6555294e-05  0.00021012675  0.00011356497  0.00019471202  9.6327757e-06  1.1723499e-05  1.2015721e-05  1.0149296e-05
    0.005452321 -0.00034630809              0  0.00010567206  8.9723592e-05   8.057972e-05 -0.00076584068  0.00021012675  0.00075159079  0.00038760414  0.00068217279   4.140005e-05  4.2306495e-05  4.4305404e-05  3.5017847e-05
   0.0028793566 -0.00018283945              0  6.2266993e-05  4.7596716e-05  4.2451796e-05 -0.00040041968  0.00011356497  0.00038760414  0.00022474903  0.00035901278  2.0074519e-05  2.2033614e-05  2.1484523e-05  1.8359958e-05
    0.005040967 -0.00032624887              0  0.00010953686  8.5520917e-05  7.6658135e-05 -0.00072427638  0.00019471202  0.00068217279  0.00035901278  0.00066633691   3.896439e-05  4.0056516e-05   4.137957e-05  3.4067954e-05
  0.00030698287 -1.7290153e-05              0  7.0624495e-06  3.7068282e-06  3.5834991e-06  -6.064062e-05  9.6327757e-06   4.140005e-05  2.0074519e-05   3.896439e-05  1.5486488e-05  3.1027971e-06  2.5035302e-06  2.2484205e-06
  0.00031958952 -1.7474413e-05              0  1.2356219e-05  4.8163155e-06  4.2750575e-06 -7.2586777e-05  1.1723499e-05  4.2306495e-05  2.2033614e-05  4.0056516e-05  3.1027971e-06  4.6508218e-06   3.331933e-06  2.5685878e-06
  0.00032695945 -1.8915256e-05              0   8.750987e-06  5.2213728e-06  4.7194729e-06 -7.0289485e-05  1.2015721e-05  4.4305404e-05  2.1484523e-05   4.137957e-05  2.5035302e-06   3.331933e-06  7.0803561e-06  2.5994239e-06
  0.00026317023 -1.5475061e-05              0  4.2310548e-06  4.8565406e-06  4.3732817e-06 -6.4419394e-05  1.0149296e-05  3.5017847e-05  1.8359958e-05  3.4067954e-05  2.2484205e-06  2.5685878e-06  2.5994239e-06  4.2488598e-06


# ext. ||   Name    ||   type  ||     Value     ||  Error +/- 

   0   ||Natural mortality || limited ||    0.03853091668376 ||0.003422666446566
   1   ||Targeted q || limited ||       6.80967044973 ||0.2367474165133
   2   ||Nontargeted q || limited ||                   2 ||22.06548931833
   3   ||     sigma || limited ||      5.765879057892 ||0.3110955901862
   4   ||  Biomass1 || limited ||      4.234877698603 ||0.2236620306605
   5   ||  Biomass2 || limited ||      3.725775649801 ||0.1791526546432
   6   ||  vm_sigma || limited ||      18.18439988712 ||1.037999307647
   7   ||Recruit year 1 || limited ||     0.7863088216634 ||0.05429663437461
   8   ||Recruit year 2 || limited ||      9.046879961694 ||0.5557335067454
   9   ||Recruit year 3 || limited ||      2.599007678999 ||0.1683348909427
  10   ||Recruit year 4 || limited ||      7.400171522307 ||0.4774634930099
  11   ||Mean Rec dist 1 || limited ||     0.5668014422628 ||0.02778191434499
  12   ||Mean Rec dist 2 || limited ||     0.9626956401254 ||0.0151784637253
  13   ||Mean Rec dist 3 || limited ||     0.6342152261867 ||0.0187774712759
  14   ||Mean Rec dist 4 || limited ||      1.035251201764 ||0.01449710302385





