# Minimum negative log likelihood

Minuit did successfully converge.
# of function calls: 1298
minimum function Value: 372.2800955644
minimum edm: 5.084355041672e-05
minimum internal state vector: LAVector parameters:
    -0.7250124496751
     -1.292951136636
     -1.287002217587
     -1.329461046202
      -1.45670597216
     -1.458074326689
     0.1788495617549
    -0.4685709803445
     -1.087058872704
    -0.9385144815288
     -1.032772246254
     -1.348669541523

minimum internal covariance matrix: LASymMatrix parameters:
    0.004359257 -0.00044228227              0 -1.0336045e-05  0.00018164066  0.00017704682 -1.2330283e-07 -0.00012628868  0.00076124029   0.0010927972  0.00088422839  0.00036415111
 -0.00044228227  4.6657792e-05              0  1.1889526e-06 -1.9075386e-05 -1.8589611e-05   7.372415e-07  9.0889934e-07 -7.8746333e-05 -0.00011299401 -9.0812933e-05  -3.688656e-05
              0              0              2              0              0              0              0              0              0              0              0              0
 -1.0336045e-05  1.1889526e-06              0   8.458467e-05  -8.146794e-07 -7.2195237e-07  7.1073943e-07  6.5425492e-08 -1.6405092e-06   -3.37605e-06 -2.5929082e-06 -5.5875745e-07
  0.00018164066 -1.9075386e-05              0  -8.146794e-07  9.9906215e-06  9.5608814e-06 -3.6504436e-07 -5.1546028e-07   3.249817e-05  4.6331469e-05  3.7254221e-05  1.5155986e-05
  0.00017704682 -1.8589611e-05              0 -7.2195237e-07  9.5608814e-06  9.1667367e-06 -3.4170305e-07 -3.1575772e-07  3.1634562e-05  4.5156302e-05  3.6306233e-05   1.477049e-05
 -1.2330283e-07   7.372415e-07              0  7.1073943e-07 -3.6504436e-07 -3.4170305e-07  1.2655709e-06 -8.4507828e-06 -5.5375581e-07 -9.0866571e-07 -5.4168381e-07   4.427959e-08
 -0.00012628868  9.0889934e-07              0  6.5425492e-08 -5.1546028e-07 -3.1575772e-07 -8.4507828e-06  0.00071420557 -1.1167868e-05 -1.8123781e-05 -1.8419614e-05 -1.2664065e-05
  0.00076124029 -7.8746333e-05              0 -1.6405092e-06   3.249817e-05  3.1634562e-05 -5.5375581e-07 -1.1167868e-05  0.00013550164  0.00019253067  0.00015539669  6.3561951e-05
   0.0010927972 -0.00011299401              0   -3.37605e-06  4.6331469e-05  4.5156302e-05 -9.0866571e-07 -1.8123781e-05  0.00019253067  0.00027794606  0.00022284812   9.123105e-05
  0.00088422839 -9.0812933e-05              0 -2.5929082e-06  3.7254221e-05  3.6306233e-05 -5.4168381e-07 -1.8419614e-05  0.00015539669  0.00022284812  0.00018152784  7.3452265e-05
  0.00036415111  -3.688656e-05              0 -5.5875745e-07  1.5155986e-05   1.477049e-05   4.427959e-08 -1.2664065e-05  6.3561951e-05   9.123105e-05  7.3452265e-05  3.4142727e-05


# ext. ||   Name    ||   type  ||     Value     ||  Error +/- 

   0   ||Natural mortality || limited ||    0.02842138097034 ||0.0008732933375466
   1   ||Targeted q || limited ||      1.917564973348 ||0.06623935095798
   2   ||Nontargeted q || limited ||                   2 ||22.06548931833
   3   ||     sigma || limited ||      1.449014534643 ||0.07771317045031
   4   ||  Biomass1 || limited ||      3.250623950753 ||0.1272205431927
   5   ||  Biomass2 || limited ||      3.173200235156 ||0.1204066963124
   6   ||   vm_mean || limited ||     0.5588818051597 ||0.002459205387982
   7   ||  vm_sigma || limited ||      21.93625561444 ||0.6743644045333
   8   ||Recruit year 1 || limited ||      5.746283648587 ||0.1913889757249
   9   ||Recruit year 2 || limited ||      9.674979971509 ||0.3483050034623
  10   ||Recruit year 3 || limited ||      7.073148731699 ||0.2440730556045
  11   ||Recruit year 4 || limited ||      1.238321403784 ||0.0455075142207





