# Minimum negative log likelihood

Minuit did successfully converge.
# of function calls: 1957
minimum function Value: 632.3958216653
minimum edm: 6.696310958517e-05
minimum internal state vector: LAVector parameters:
     -1.543082988887
     -1.077739018189
     -1.287002217587
     -1.117008504566
     -1.478374490565
     -1.455100854324
     -1.040062529457
    -0.8992692522104
     -1.123197980796
      -1.12391529128
     -1.280114836409
     -1.504070703915

minimum internal covariance matrix: LASymMatrix parameters:
     0.19616815  -0.0035020413              0  0.00027127756  0.00052734292  0.00071454908 -0.00027649608   0.0015761371   0.0042574778   0.0019594224   0.0022521849  0.00011272508
  -0.0035020413  7.2711345e-05              0 -4.8060692e-06 -1.3739914e-05 -1.6112381e-05  1.5124826e-05 -7.9668947e-05 -9.1568141e-05 -2.9868272e-05 -3.8139016e-05 -1.6844669e-06
              0              0              2              0              0              0              0              0              0              0              0              0
  0.00027127756 -4.8060692e-06              0  0.00027893136  3.7548257e-06  2.9335408e-06 -2.5306739e-06 -1.9012619e-06  7.8137228e-06  3.5899706e-06  2.4492707e-06    1.14341e-06
  0.00052734292 -1.3739914e-05              0  3.7548257e-06  2.4213944e-05  1.6590584e-05  3.3047776e-06 -1.2427733e-05  2.9542791e-05  2.8267276e-06   4.654884e-06 -2.7682215e-06
  0.00071454908 -1.6112381e-05              0  2.9335408e-06  1.6590584e-05  1.4164529e-05 -7.0243312e-06  1.1278575e-05 -5.4065932e-06  8.2917742e-06  6.7676558e-06 -2.7136801e-06
 -0.00027649608  1.5124826e-05              0 -2.5306739e-06  3.3047776e-06 -7.0243312e-06  6.3612785e-05 -0.00012743207  6.2043873e-05 -4.9719815e-06  5.7251429e-07    9.47655e-06
   0.0015761371 -7.9668947e-05              0 -1.9012619e-06 -1.2427733e-05  1.1278575e-05 -0.00012743207  0.00079702665 -6.1050559e-05  8.6427656e-06  2.7211255e-05  4.7655073e-05
   0.0042574778 -9.1568141e-05              0  7.8137228e-06  2.9542791e-05 -5.4065932e-06  6.2043873e-05 -6.1050559e-05   0.0008557069 -3.4627082e-05  4.8033494e-05  1.5405749e-05
   0.0019594224 -2.9868272e-05              0  3.5899706e-06  2.8267276e-06  8.2917742e-06 -4.9719815e-06  8.6427656e-06 -3.4627082e-05  3.8229997e-05  2.1311759e-05  1.0047958e-06
   0.0022521849 -3.8139016e-05              0  2.4492707e-06   4.654884e-06  6.7676558e-06  5.7251429e-07  2.7211255e-05  4.8033494e-05  2.1311759e-05  3.5748762e-05  9.2460166e-07
  0.00011272508 -1.6844669e-06              0    1.14341e-06 -2.7682215e-06 -2.7136801e-06    9.47655e-06  4.7655073e-05  1.5405749e-05  1.0047958e-06  9.2460166e-07  4.1611518e-05


# ext. ||   Name    ||   type  ||     Value     ||  Error +/- 

   0   ||Natural mortality || limited ||  5.759849576504e-05 ||0.007293571989844
   1   ||Targeted q || limited ||      5.955505568294 ||0.1426952335852
   2   ||Nontargeted q || limited ||                   2 ||22.06548931833
   3   ||     sigma || limited ||       5.06034627224 ||0.2588436538989
   4   ||  Biomass1 || limited ||      2.133929338356 ||0.1605620976852
   5   ||  Biomass2 || limited ||      3.342629542882 ||0.1536040329043
   6   ||   vm_mean || limited ||     -2.709422222397 ||0.008968050210553
   7   ||  vm_sigma || limited ||      8.685993019737 ||0.4967807208483
   8   ||Recruit year 1 || limited ||      4.935050385612 ||0.4475402492678
   9   ||Recruit year 2 || limited ||      4.919540873696 ||0.09446084508006
  10   ||Recruit year 3 || limited ||      2.107351278022 ||0.06057938243561
  11   ||Recruit year 4 || limited ||     0.1212553001751 ||0.01520502596839





