# Minimum negative log likelihood

Minuit did successfully converge.
# of function calls: 588
minimum function Value: 732.8701230535
minimum edm: 4.627418221479e-06
minimum internal state vector: LAVector parameters:
    -0.4610681948951
     -1.131619222671
     -1.287002217587
     -0.989836156222
     -1.519781789677
     -1.521331597075
     0.0359478820321
     0.2420124725856
      -1.22491078362
    -0.9781292494238
     -1.137481403392
     -1.027042055038

minimum internal covariance matrix: LASymMatrix parameters:
     0.12366918   -0.011847771              0  0.00018958415   0.0013592499   0.0012919477  -0.0002597265    0.005338776   0.0087070429    0.016893994   0.0095080437     0.01259902
   -0.011847771   0.0011693301              0 -1.7255715e-05 -0.00013376645 -0.00012722302  3.2801301e-05 -0.00087808522 -0.00084202791  -0.0016312895 -0.00091375553  -0.0012206007
              0              0              2              0              0              0              0              0              0              0              0              0
  0.00018958415 -1.7255715e-05              0  0.00045222143  6.9385452e-06  6.2711526e-06  5.4769302e-07 -6.7199637e-05  1.3352335e-05   1.406259e-05  1.9752556e-05  2.6945232e-05
   0.0013592499 -0.00013376645              0  6.9385452e-06  4.2174576e-05  3.6807431e-05 -3.8267822e-06  7.8451881e-05  9.8128815e-05  0.00018682535   0.0001047749  0.00013979534
   0.0012919477 -0.00012722302              0  6.2711526e-06  3.6807431e-05  3.2515471e-05 -3.6187555e-06  8.0576553e-05  9.2821093e-05  0.00017765706   9.947922e-05   0.0001328784
  -0.0002597265  3.2801301e-05              0  5.4769302e-07 -3.8267822e-06 -3.6187555e-06  7.1817158e-06 -0.00020485562 -1.9981437e-05  -3.843378e-05 -2.0683922e-05 -2.8712043e-05
    0.005338776 -0.00087808522              0 -6.7199637e-05  7.8451881e-05  8.0576553e-05 -0.00020485562    0.022514809  0.00046403181  0.00089958609  0.00043982161  0.00062749977
   0.0087070429 -0.00084202791              0  1.3352335e-05  9.8128815e-05  9.2821093e-05 -1.9981437e-05  0.00046403181  0.00064491619   0.0011916847   0.0006716144  0.00089079377
    0.016893994  -0.0016312895              0   1.406259e-05  0.00018682535  0.00017765706  -3.843378e-05  0.00089958609   0.0011916847   0.0023576205   0.0012893129   0.0017203514
   0.0095080437 -0.00091375553              0  1.9752556e-05   0.0001047749   9.947922e-05 -2.0683922e-05  0.00043982161   0.0006716144   0.0012893129  0.00076984942  0.00097453826
     0.01259902  -0.0012206007              0  2.6945232e-05  0.00013979534   0.0001328784 -2.8712043e-05  0.00062749977  0.00089079377   0.0017203514  0.00097453826   0.0013268343


# ext. ||   Name    ||   type  ||     Value     ||  Error +/- 

   0   ||Natural mortality || limited ||    0.03387737469486 ||0.005510284802857
   1   ||Targeted q || limited ||      4.744906965995 ||0.5140072062871
   2   ||Nontargeted q || limited ||                   2 ||22.06548931833
   3   ||     sigma || limited ||      8.203196602013 ||0.412619305327
   4   ||  Biomass1 || limited ||      0.650479659125 ||0.1170804559272
   5   ||  Biomass2 || limited ||     0.6115651602408 ||0.09968214637904
   6   ||   vm_mean || limited ||      0.112909280597 ||0.005949329936373
   7   ||  vm_sigma || limited ||      49.58665756354 ||4.11257759125
   8   ||Recruit year 1 || limited ||      2.970924083136 ||0.3043532093746
   9   ||Recruit year 2 || limited ||      8.536453889295 ||0.958616423969
  10   ||Recruit year 3 || limited ||      4.630594731943 ||0.4118257617168
  11   ||Recruit year 4 || limited ||      7.220657104139 ||0.6661290916736





