# Minimum negative log likelihood

Minuit did successfully converge.
# of function calls: 1336
minimum function Value: 146.6924985917
minimum edm: 3.431508961826e-06
minimum internal state vector: LAVector parameters:
     -1.045606599285
     -1.287002217587
     -1.113361923253
     -1.515210391969
     -1.519920920349
     0.2677607226977
      3.682027009117
     -1.186101229634
     -1.282439574683
     -1.106067940522
    -0.9490922067689

minimum internal covariance matrix: LASymMatrix parameters:
  4.1731715e-05              0  3.8004546e-05 -8.9067563e-06 -3.6631524e-06  9.7231852e-06  0.00013701623 -1.2605215e-05  2.4661175e-06  -8.376463e-06 -3.5588244e-06
              0              2              0              0              0              0              0              0              0              0              0
  3.8004546e-05              0   0.0013089617 -2.0031101e-05  -1.755602e-06 -7.4992991e-06  0.00018359084 -5.2616825e-05 -1.5543863e-06 -1.6228282e-05  2.2105736e-05
 -8.9067563e-06              0 -2.0031101e-05  2.6157117e-05  1.2983011e-05 -4.7959275e-07 -3.2902047e-05  6.8692064e-06 -1.7796089e-06  2.5308249e-06 -6.7821705e-07
 -3.6631524e-06              0  -1.755602e-06  1.2983011e-05  7.6999278e-06 -1.0164585e-06 -1.1640688e-05   6.902642e-07 -5.6097091e-07   8.760691e-07  8.0573191e-07
  9.7231852e-06              0 -7.4992991e-06 -4.7959275e-07 -1.0164585e-06  7.1652544e-06  3.9979846e-05  1.7170824e-06 -2.3138542e-06   2.123415e-07 -2.9571623e-06
  0.00013701623              0  0.00018359084 -3.2902047e-05 -1.1640688e-05  3.9979846e-05  0.00080444958 -5.5889289e-05  3.9869036e-06 -3.1970275e-05  1.9217418e-06
 -1.2605215e-05              0 -5.2616825e-05  6.8692064e-06   6.902642e-07  1.7170824e-06 -5.5889289e-05  3.4294347e-05  1.8466465e-06 -8.1254213e-06 -2.4967255e-06
  2.4661175e-06              0 -1.5543863e-06 -1.7796089e-06 -5.6097091e-07 -2.3138542e-06  3.9869036e-06  1.8466465e-06  5.1638242e-05 -1.5704305e-06 -9.6169131e-06
  -8.376463e-06              0 -1.6228282e-05  2.5308249e-06   8.760691e-07   2.123415e-07 -3.1970275e-05 -8.1254213e-06 -1.5704305e-06  4.8926031e-05 -1.0993845e-05
 -3.5588244e-06              0  2.2105736e-05 -6.7821705e-07  8.0573191e-07 -2.9571623e-06  1.9217418e-06 -2.4967255e-06 -9.6169131e-06 -1.0993845e-05  2.4046921e-05


# ext. ||   Name    ||   type  ||     Value     ||  Error +/- 

   0   ||Targeted q || limited ||      6.738558392303 ||0.1145120447343
   1   ||Nontargeted q || limited ||                   2 ||22.06548931833
   2   ||     sigma || limited ||      5.140573053406 ||0.5648681939489
   3   ||  Biomass1 || limited ||     0.7722501656062 ||0.1004593224603
   4   ||  Biomass2 || limited ||     0.6469371878515 ||0.04989058343832
   5   ||   vm_mean || limited ||     0.8311793976232 ||0.005734455757252
   6   ||  vm_sigma || limited ||      19.42041750833 ||0.6878385954188
   7   ||Recruit year 1 || limited ||      3.663989632587 ||0.07769141158077
   8   ||Recruit year 2 || limited ||      2.074169965556 ||0.07224207584016
   9   ||Recruit year 3 || limited ||      5.312303195489 ||0.1108236062171
  10   ||Recruit year 4 || limited ||      9.364708349236 ||0.1009665846744





