# Minimum negative log likelihood

Minuit did successfully converge.
# of function calls: 879
minimum function Value: 878.5730683972
minimum edm: 1.672755661437e-06
minimum internal state vector: LAVector parameters:
     -1.126113034195
     -1.287002217587
     -0.733499702218
     -1.402244388355
     -1.373074522899
     0.3195667963427
   -0.08604300495315
     -1.013175059178
     -1.144359968015
     -1.392580959256
     -1.158278897003

minimum internal covariance matrix: LASymMatrix parameters:
  0.00010066169              0 -1.8694258e-06 -7.2238488e-05 -5.3895323e-05 -3.0052135e-11  -0.0002315034 -8.1228176e-05  2.3841959e-05 -4.2969334e-05 -1.2997067e-05
              0              2              0              0              0              0              0              0              0              0              0
 -1.8694258e-06              0  0.00096186795  -1.167934e-05 -7.2759668e-06 -1.1347186e-11  -0.0001159827  8.9555099e-06 -4.2089451e-06  6.1541001e-06 -5.6907173e-06
 -7.2238488e-05              0  -1.167934e-05  0.00021655894  0.00014485567  7.4801488e-11  0.00031573279  1.3032621e-05  1.3132816e-05 -1.5549759e-05  3.0716741e-05
 -5.3895323e-05              0 -7.2759668e-06  0.00014485567  0.00010175037  4.8407124e-11  0.00037827793  6.0080902e-05 -2.1881751e-05  3.1068442e-05   7.402713e-06
 -3.0052135e-11              0 -1.1347186e-11  7.4801488e-11  4.8407124e-11  4.1897163e-15  2.6240589e-10  3.3297677e-12  1.5220294e-11 -2.8954555e-11  1.2949173e-11
  -0.0002315034              0  -0.0001159827  0.00031573279  0.00037827793  2.6240589e-10     0.04335873  0.00095750008 -0.00073023134    0.000603311  5.1892855e-05
 -8.1228176e-05              0  8.9555099e-06  1.3032621e-05  6.0080902e-05  3.3297677e-12  0.00095750008  0.00083890699 -0.00048707639  0.00066801135 -0.00021980141
  2.3841959e-05              0 -4.2089451e-06  1.3132816e-05 -2.1881751e-05  1.5220294e-11 -0.00073023134 -0.00048707639  0.00061096343 -0.00080828503  0.00029262388
 -4.2969334e-05              0  6.1541001e-06 -1.5549759e-05  3.1068442e-05 -2.8954555e-11    0.000603311  0.00066801135 -0.00080828503   0.0019431623 -0.00070025762
 -1.2997067e-05              0 -5.6907173e-06  3.0716741e-05   7.402713e-06  1.2949173e-11  5.1892855e-05 -0.00021980141  0.00029262388 -0.00070025762  0.00052120349


# ext. ||   Name    ||   type  ||     Value     ||  Error +/- 

   0   ||Targeted q || limited ||      4.862652533872 ||0.1525898341553
   1   ||Nontargeted q || limited ||                   2 ||22.06548931833
   2   ||     sigma || limited ||      16.52632828443 ||0.8144620713032
   3   ||  Biomass1 || limited ||      7.085640023585 ||0.8727918015291
   4   ||  Biomass2 || limited ||      9.741679106797 ||0.7005521790797
   5   ||   vm_mean || limited ||      3.141553188576 ||4.345237769598e-07
   6   ||  vm_sigma || limited ||      36.56306793638 ||5.846525993444
   7   ||Recruit year 1 || limited ||      7.583429451676 ||0.5417922183758
   8   ||Recruit year 2 || limited ||      4.487274588327 ||0.3614165068125
   9   ||Recruit year 3 || limited ||     0.8018394141996 ||0.27621011274
  10   ||Recruit year 4 || limited ||      4.203858233464 ||0.323556909317





