# Minimum negative log likelihood

Minuit did successfully converge.
# of function calls: 1551
minimum function Value: 436.6685336876
minimum edm: 4.263270443599e-05
minimum internal state vector: LAVector parameters:
      2.376148770728
      -1.07372850905
     -1.287002217587
     -1.288817826066
     -1.459670518659
     -1.466805972212
   -0.03141755438841
     -1.312679841051
     -1.507531198536
     -1.103118313534
     -1.246144641613
    0.04268445530166
    0.03813921699976
    0.03974352581593
    0.02114875472657

minimum internal covariance matrix: LASymMatrix parameters:
   0.0072630155  0.00049424283              0 -3.2788271e-05 -0.00011567318 -0.00010339221  0.00080362785 -0.00032699818 -8.8652508e-05 -0.00060323389 -0.00039189045 -1.3685822e-05 -6.7156434e-06 -1.5518364e-05 -1.6640146e-05
  0.00049424283  4.3214912e-05              0 -5.0167531e-06 -1.0429333e-05 -9.2406442e-06  2.5400418e-05 -2.4122714e-05 -6.3672992e-06 -4.3989341e-05 -2.9669646e-05 -4.5192896e-07  1.6468842e-07 -5.7392065e-07  -6.896052e-07
              0              0              2              0              0              0              0              0              0              0              0              0              0              0              0
 -3.2788271e-05 -5.0167531e-06              0  0.00012965356  2.1832592e-07  2.7115793e-07  4.5873231e-05  5.0753113e-06   2.133588e-06  5.1333788e-06  2.1417621e-06 -2.0867809e-07  8.2958241e-07 -2.3978558e-07 -5.7894675e-07
 -0.00011567318 -1.0429333e-05              0  2.1832592e-07  4.6171463e-06  3.9197052e-06  -9.259552e-06  6.0029188e-06  1.2864531e-06  1.0260984e-05  6.8246216e-06  8.8962025e-08  5.3904273e-07  2.2193971e-07  1.5207791e-07
 -0.00010339221 -9.2406442e-06              0  2.7115793e-07  3.9197052e-06  3.3552184e-06 -8.6228793e-06  5.2968237e-06  1.1592922e-06  9.1303174e-06  6.1060767e-06  9.3408929e-08  4.2355308e-07  2.0094815e-07  1.4233869e-07
  0.00080362785  2.5400418e-05              0  4.5873231e-05  -9.259552e-06 -8.6228793e-06   0.0013021357 -2.4524673e-05  -5.595854e-06 -5.2906178e-05 -3.9287855e-05 -9.0180344e-06 -1.5698773e-06 -9.3376097e-06 -8.0633916e-06
 -0.00032699818 -2.4122714e-05              0  5.0753113e-06  6.0029188e-06  5.2968237e-06 -2.4524673e-05    1.92943e-05  4.0933701e-06  2.7344461e-05  1.8033956e-05   5.584846e-07  7.9520424e-07  5.0708117e-07  6.3251473e-07
 -8.8652508e-05 -6.3672992e-06              0   2.133588e-06  1.2864531e-06  1.1592922e-06  -5.595854e-06  4.0933701e-06  4.6474133e-06   7.482009e-06  5.0400849e-06  1.2433188e-07 -5.8698813e-07  1.3107412e-07  1.1861096e-07
 -0.00060323389 -4.3989341e-05              0  5.1333788e-06  1.0260984e-05  9.1303174e-06 -5.2906178e-05  2.7344461e-05   7.482009e-06  5.4366114e-05  3.3294785e-05   8.938864e-07   8.893896e-07  1.1416561e-06  1.1429634e-06
 -0.00039189045 -2.9669646e-05              0  2.1417621e-06  6.8246216e-06  6.1060767e-06 -3.9287855e-05  1.8033956e-05  5.0400849e-06  3.3294785e-05  2.5590039e-05   7.626671e-07 -4.5431955e-07   6.443185e-07  9.7636662e-07
 -1.3685822e-05 -4.5192896e-07              0 -2.0867809e-07  8.8962025e-08  9.3408929e-08 -9.0180344e-06   5.584846e-07  1.2433188e-07   8.938864e-07   7.626671e-07  6.0837036e-07  1.7590889e-07  4.0921406e-08  9.6670404e-08
 -6.7156434e-06  1.6468842e-07              0  8.2958241e-07  5.3904273e-07  4.2355308e-07 -1.5698773e-06  7.9520424e-07 -5.8698813e-07   8.893896e-07 -4.5431955e-07  1.7590889e-07  8.0053879e-06  9.0930199e-08 -1.0154711e-07
 -1.5518364e-05 -5.7392065e-07              0 -2.3978558e-07  2.2193971e-07  2.0094815e-07 -9.3376097e-06  5.0708117e-07  1.3107412e-07  1.1416561e-06   6.443185e-07  4.0921406e-08  9.0930199e-08  2.1087506e-07  8.3112785e-08
 -1.6640146e-05  -6.896052e-07              0 -5.7894675e-07  1.5207791e-07  1.4233869e-07 -8.0633916e-06  6.3251473e-07  1.1861096e-07  1.1429634e-06  9.7636662e-07  9.6670404e-08 -1.0154711e-07  8.3112785e-08  3.0676931e-07


# ext. ||   Name    ||   type  ||     Value     ||  Error +/- 

   0   ||Natural mortality || limited ||    0.06232142848981 ||0.001085677840395
   1   ||Targeted q || limited ||      6.050772482858 ||0.110828708772
   2   ||Nontargeted q || limited ||                   2 ||22.06548931833
   3   ||     sigma || limited ||      1.974660609656 ||0.1120180311015
   4   ||  Biomass1 || limited ||      3.084060606589 ||0.08424853811834
   5   ||  Biomass2 || limited ||      2.701063038317 ||0.06722414905685
   6   ||  vm_sigma || limited ||       38.7440202611 ||1.020014123188
   7   ||Recruit year 1 || limited ||      1.666210435488 ||0.03963765567052
   8   ||Recruit year 2 || limited ||     0.1100185383175 ||0.004818276304349
   9   ||Recruit year 3 || limited ||      5.378589102372 ||0.1175092275112
  10   ||Recruit year 4 || limited ||      2.621644364037 ||0.05704371265806
  11   ||Mean Rec dist 1 || limited ||      0.426714949013 ||0.005510274709609
  12   ||Mean Rec dist 2 || limited ||     0.3812997145551 ||0.01999217124588
  13   ||Mean Rec dist 3 || limited ||     0.3973306384213 ||0.003244550337475
  14   ||Mean Rec dist 4 || limited ||     0.2114717822852 ||0.003915559369654





