# Minimum negative log likelihood

Minuit did successfully converge.
# of function calls: 1163
minimum function Value: 462.9904243102
minimum edm: 5.78147287225e-05
minimum internal state vector: LAVector parameters:
    -0.1946471756982
     -1.030737671083
     -1.287002217587
     -1.270258994663
      -1.48519476227
     -1.490861088249
    -0.6033573771412
     -1.254825147151
     -1.079636978753
     -1.397528793269
     -1.348137474867
    0.03540816081073
    0.06973144789767
    0.06734629674903
     0.0269192201862

minimum internal covariance matrix: LASymMatrix parameters:
   0.0059295772 -0.00040546267              0  0.00018520971     6.6197e-05  5.9895281e-05 -0.00075038777  0.00038840518  0.00061765308  0.00021299026  0.00026932194  3.8803325e-05   4.105254e-05   4.838948e-05  3.0350745e-05
 -0.00040546267  3.4781403e-05              0 -1.4561055e-05 -5.8759976e-06   -5.24893e-06   4.138117e-05 -2.7312867e-05 -4.3663156e-05 -1.4905745e-05  -1.858104e-05 -2.1930487e-06  -2.372539e-06 -2.1842404e-06 -2.5124801e-06
              0              0              2              0              0              0              0              0              0              0              0              0              0              0              0
  0.00018520971 -1.4561055e-05              0  0.00018345084  4.9345916e-06  4.2288597e-06 -7.2289395e-05  1.1878216e-05  1.7535878e-05  4.7641779e-06  1.5218863e-05  3.3666929e-06  2.8138938e-06  1.7823705e-06   1.720034e-06
     6.6197e-05 -5.8759976e-06              0  4.9345916e-06  3.6706981e-06  3.0863997e-06 -1.2163445e-05  4.4963013e-06  7.4683176e-06   2.402328e-06  4.0549869e-06  5.7556202e-07   6.986373e-07  4.5236594e-07  5.4492421e-07
  5.9895281e-05   -5.24893e-06              0  4.2288597e-06  3.0863997e-06  2.6197554e-06 -1.0418606e-05  4.0012944e-06  6.7555045e-06  2.0901173e-06  3.5732982e-06  5.2105172e-07   6.084547e-07   4.518188e-07   4.808169e-07
 -0.00075038777   4.138117e-05              0 -7.2289395e-05 -1.2163445e-05 -1.0418606e-05  0.00050308778 -4.7063608e-05 -7.5890226e-05 -2.2173001e-05 -4.3374189e-05  -1.354539e-05 -1.2037629e-05 -9.4760714e-06 -1.2315778e-05
  0.00038840518 -2.7312867e-05              0  1.1878216e-05  4.4963013e-06  4.0012944e-06 -4.7063608e-05  3.0988568e-05  3.9252171e-05  1.3367425e-05  1.8216547e-05  1.9099994e-06  2.8061795e-06  2.7291848e-06  2.0541652e-06
  0.00061765308 -4.3663156e-05              0  1.7535878e-05  7.4683176e-06  6.7555045e-06 -7.5890226e-05  3.9252171e-05  6.8160323e-05  2.2223324e-05  2.7134973e-05  4.1208131e-06  4.2086517e-06  4.5793303e-06  2.9305913e-06
  0.00021299026 -1.4905745e-05              0  4.7641779e-06   2.402328e-06  2.0901173e-06 -2.2173001e-05  1.3367425e-05  2.2223324e-05  1.3427512e-05  1.0106339e-05  1.2980329e-06  1.3592915e-06  8.1961962e-07  1.0668954e-06
  0.00026932194  -1.858104e-05              0  1.5218863e-05  4.0549869e-06  3.5732982e-06 -4.3374189e-05  1.8216547e-05  2.7134973e-05  1.0106339e-05  1.8118054e-05  2.0676157e-06  2.0246375e-06  2.9496213e-06  2.1285784e-06
  3.8803325e-05 -2.1930487e-06              0  3.3666929e-06  5.7556202e-07  5.2105172e-07  -1.354539e-05  1.9099994e-06  4.1208131e-06  1.2980329e-06  2.0676157e-06   8.830305e-07  4.2038496e-07  5.4935456e-07  4.1167965e-07
   4.105254e-05  -2.372539e-06              0  2.8138938e-06   6.986373e-07   6.084547e-07 -1.2037629e-05  2.8061795e-06  4.2086517e-06  1.3592915e-06  2.0246375e-06  4.2038496e-07  6.7627863e-07  3.0936319e-07  2.4929176e-07
   4.838948e-05 -2.1842404e-06              0  1.7823705e-06  4.5236594e-07   4.518188e-07 -9.4760714e-06  2.7291848e-06  4.5793303e-06  8.1961962e-07  2.9496213e-06  5.4935456e-07  3.0936319e-07  3.0449924e-06  5.8242696e-07
  3.0350745e-05 -2.5124801e-06              0   1.720034e-06  5.4492421e-07   4.808169e-07 -1.2315778e-05  2.0541652e-06  2.9305913e-06  1.0668954e-06  2.1285784e-06  4.1167965e-07  2.4929176e-07  5.8242696e-07  1.5873348e-06


# ext. ||   Name    ||   type  ||     Value     ||  Error +/- 

   0   ||Natural mortality || limited ||    0.04016449036375 ||0.001334881157237
   1   ||Targeted q || limited ||      7.116073856221 ||0.1072130865234
   2   ||Nontargeted q || limited ||                   2 ||22.06548931833
   3   ||     sigma || limited ||      2.241122064228 ||0.1417584886547
   4   ||  Biomass1 || limited ||      1.830788607761 ||0.05791357682061
   5   ||  Biomass2 || limited ||      1.596560197955 ||0.04569418825126
   6   ||  vm_sigma || limited ||      17.30437375313 ||0.5223633449718
   7   ||Recruit year 1 || limited ||       2.48500031919 ||0.06115162146702
   8   ||Recruit year 2 || limited ||      5.920076605031 ||0.1376554430502
   9   ||Recruit year 3 || limited ||     0.7585902601487 ||0.02233319418657
  10   ||Recruit year 4 || limited ||      1.244188558212 ||0.03322861282952
  11   ||Mean Rec dist 1 || limited ||     0.3540076251594 ||0.006640496018272
  12   ||Mean Rec dist 2 || limited ||     0.6967495040031 ||0.005800842600125
  13   ||Mean Rec dist 3 || limited ||      0.672953998386 ||0.01231097292367
  14   ||Mean Rec dist 4 || limited ||     0.2691596916023 ||0.008905572415466





