# Minimum negative log likelihood

Minuit did successfully converge.
# of function calls: 1543
minimum function Value: 656.2980586199
minimum edm: 5.951523329083e-05
minimum internal state vector: LAVector parameters:
    -0.8802777754308
      -1.01036569369
     -1.287002217587
       -1.0896743252
     -1.495791259829
     -1.500495700455
    -0.2858399791635
     -1.128893966958
     -1.034570311292
    -0.9542695473667
     -1.259987762205
     0.1038461404185
    0.04218267245978
    0.07355813173126
    0.06392166899333

minimum internal covariance matrix: LASymMatrix parameters:
     0.02691969  -0.0011265821              0  -4.867457e-05  0.00016279892  0.00014705184  -0.0041391898   0.0015894525   0.0018946236   0.0022780372    0.001100861  9.8401173e-05  0.00010024325  0.00010194836   0.0001054941
  -0.0011265821  5.5205053e-05              0   7.757632e-07 -7.8861236e-06 -7.0409158e-06  0.00011978478 -6.6689985e-05 -7.9611936e-05 -9.6000549e-05 -4.7589747e-05 -3.1105822e-06 -3.3876738e-06 -3.4207203e-06 -4.2110287e-06
              0              0              2              0              0              0              0              0              0              0              0              0              0              0              0
  -4.867457e-05   7.757632e-07              0  0.00032831461  5.7939803e-07  5.9439368e-07  2.2611871e-05  -8.603789e-06 -4.4400075e-06 -3.8103785e-06 -5.4217067e-06 -9.1377652e-07  5.4355255e-07 -1.2088724e-07   2.259093e-07
  0.00016279892 -7.8861236e-06              0  5.7939803e-07  9.2804707e-06  7.5670474e-06 -1.7901014e-05  9.9661003e-06  1.1585303e-05  1.3880337e-05  6.8303539e-06  5.0343364e-07  5.1051577e-07  4.9839389e-07  5.6204551e-07
  0.00014705184 -7.0409158e-06              0  5.9439368e-07  7.5670474e-06  6.2724574e-06 -1.7738858e-05  8.8986708e-06  1.0454087e-05  1.2581351e-05  6.2077121e-06  4.5026803e-07  4.9084548e-07  4.6146152e-07  4.8756795e-07
  -0.0041391898  0.00011978478              0  2.2611871e-05 -1.7901014e-05 -1.7738858e-05   0.0032743467 -0.00024390924 -0.00028690307 -0.00034715918 -0.00017300736 -3.8787757e-05 -3.8708266e-05 -3.6952483e-05 -2.7180717e-05
   0.0015894525 -6.6689985e-05              0  -8.603789e-06  9.9661003e-06  8.8986708e-06 -0.00024390924  0.00010593615   0.0001122041  0.00013434182  6.5516687e-05   5.853503e-06  5.7483478e-06  6.0152488e-06  6.1726743e-06
   0.0018946236 -7.9611936e-05              0 -4.4400075e-06  1.1585303e-05  1.0454087e-05 -0.00028690307   0.0001122041  0.00014523296  0.00016081305  7.7594415e-05  6.9050654e-06   6.848661e-06  7.1841494e-06  7.4589444e-06
   0.0022780372 -9.6000549e-05              0 -3.8103785e-06  1.3880337e-05  1.2581351e-05 -0.00034715918  0.00013434182  0.00016081305  0.00020499541  9.3353408e-05  8.1870722e-06  8.4904546e-06  8.4531552e-06  9.0689988e-06
    0.001100861 -4.7589747e-05              0 -5.4217067e-06  6.8303539e-06  6.2077121e-06 -0.00017300736  6.5516687e-05  7.7594415e-05  9.3353408e-05  6.3177795e-05  3.8874632e-06  3.9304359e-06   4.098772e-06  4.8688662e-06
  9.8401173e-05 -3.1105822e-06              0 -9.1377652e-07  5.0343364e-07  4.5026803e-07 -3.8787757e-05   5.853503e-06  6.9050654e-06  8.1870722e-06  3.8874632e-06  2.0401442e-06  5.9582447e-07  6.0759178e-07  4.7497027e-07
  0.00010024325 -3.3876738e-06              0  5.4355255e-07  5.1051577e-07  4.9084548e-07 -3.8708266e-05  5.7483478e-06   6.848661e-06  8.4904546e-06  3.9304359e-06  5.9582447e-07  1.1589816e-06  5.9619102e-07  4.9609283e-07
  0.00010194836 -3.4207203e-06              0 -1.2088724e-07  4.9839389e-07  4.6146152e-07 -3.6952483e-05  6.0152488e-06  7.1841494e-06  8.4531552e-06   4.098772e-06  6.0759178e-07  5.9619102e-07  1.1349993e-06  5.0720292e-07
   0.0001054941 -4.2110287e-06              0   2.259093e-07  5.6204551e-07  4.8756795e-07 -2.7180717e-05  6.1726743e-06  7.4589444e-06  9.0689988e-06  4.8688662e-06  4.7497027e-07  4.9609283e-07  5.0720292e-07  2.9881015e-06


# ext. ||   Name    ||   type  ||     Value     ||  Error +/- 

   0   ||Natural mortality || limited ||    0.02572710414761 ||0.001843239797171
   1   ||Targeted q || limited ||      7.648685695032 ||0.1396327747127
   2   ||Nontargeted q || limited ||                   2 ||22.06548931833
   3   ||     sigma || limited ||      5.676187619839 ||0.2964539702376
   4   ||  Biomass1 || limited ||      1.405780783417 ||0.08070919068712
   5   ||  Biomass2 || limited ||      1.235035743014 ||0.0621978037533
   6   ||  vm_sigma || limited ||      28.72210306951 ||1.552367296594
   7   ||Recruit year 1 || limited ||      4.812532876582 ||0.1556067071539
   8   ||Recruit year 2 || limited ||      7.027152720937 ||0.2176561132212
   9   ||Recruit year 3 || limited ||      9.214499114614 ||0.2926563681593
  10   ||Recruit year 4 || limited ||      2.405430483263 ||0.08593489687887
  11   ||Mean Rec dist 1 || limited ||      1.036595945416 ||0.01004545063739
  12   ||Mean Rec dist 2 || limited ||     0.4217016375384 ||0.007605656797933
  13   ||Mean Rec dist 3 || limited ||     0.7349181496734 ||0.007512885336412
  14   ||Mean Rec dist 4 || limited ||     0.6387814744466 ||0.0121981705761





