# Minimum negative log likelihood

Minuit did successfully converge.
# of function calls: 1413
minimum function Value: 659.8611931196
minimum edm: 6.924064379787e-06
minimum internal state vector: LAVector parameters:
      2.612663563142
     -1.087994078923
     -1.287002217587
      -1.08544827346
      -1.40903705384
     -1.419382138154
     0.0639665863346
     -1.016494841878
     -1.213512927775
      -1.27570700417
     -1.003853072046
    0.05507062263992
    0.05963915228188
    0.04365972237887
     0.1049193079653

minimum internal covariance matrix: LASymMatrix parameters:
    0.029129885   0.0021352983              0 -0.00011216226 -0.00074882001 -0.00067405643   0.0072894013  -0.0035240357  -0.0022567428  -0.0017861835  -0.0037527359 -9.6234664e-05 -0.00010507324 -0.00010426766 -0.00010296375
   0.0021352983  0.00018515257              0 -8.7019738e-06 -6.4818671e-05  -5.809957e-05  0.00038785809 -0.00027054628 -0.00017281662 -0.00013746242 -0.00029895052 -5.3435534e-06 -6.0050953e-06 -5.9512661e-06 -6.4328418e-06
              0              0              2              0              0              0              0              0              0              0              0              0              0              0              0
 -0.00011216226 -8.7019738e-06              0  0.00031251001  8.0276011e-07  6.5101154e-07 -6.0290487e-05  1.3441377e-05  9.7067387e-06  5.6530087e-06  1.7332767e-05  4.3156091e-07   1.066527e-06  2.7293876e-07  6.9165699e-07
 -0.00074882001 -6.4818671e-05              0  8.0276011e-07  3.3983595e-05  2.9451426e-05 -0.00013857329  9.5077706e-05  6.0415694e-05  4.8369935e-05  0.00010455892  1.7964714e-06  2.1025443e-06  2.0373683e-06  2.2329283e-06
 -0.00067405643  -5.809957e-05              0  6.5101154e-07  2.9451426e-05  2.5698197e-05 -0.00012452797  8.5433046e-05  5.4329477e-05  4.3483042e-05    9.39067e-05  1.6471418e-06  1.9046749e-06  1.8539409e-06  2.0106662e-06
   0.0072894013  0.00038785809              0 -6.0290487e-05 -0.00013857329 -0.00012452797    0.010226082 -0.00081727583 -0.00053034602 -0.00041354184 -0.00083436716 -6.8172875e-05  -7.042858e-05 -7.2265765e-05 -7.0652113e-05
  -0.0035240357 -0.00027054628              0  1.3441377e-05  9.5077706e-05  8.5433046e-05 -0.00081727583  0.00045399959  0.00027640317  0.00021965759  0.00046425076  1.0968583e-05  1.2090746e-05    1.19943e-05  1.2104892e-05
  -0.0022567428 -0.00017281662              0  9.7067387e-06  6.0415694e-05  5.4329477e-05 -0.00053034602  0.00027640317  0.00019779756  0.00014015139   0.0002971677  7.0507322e-06  7.8434844e-06   7.683023e-06  7.7739119e-06
  -0.0017861835 -0.00013746242              0  5.6530087e-06  4.8369935e-05  4.3483042e-05 -0.00041354184  0.00021965759  0.00014015139  0.00013251073  0.00023526283  5.6121232e-06  5.8700576e-06  6.2198121e-06  6.2202113e-06
  -0.0037527359 -0.00029895052              0  1.7332767e-05  0.00010455892    9.39067e-05 -0.00083436716  0.00046425076   0.0002971677  0.00023526283  0.00053898619  1.1070078e-05  1.2429307e-05   1.203075e-05  1.3025459e-05
 -9.6234664e-05 -5.3435534e-06              0  4.3156091e-07  1.7964714e-06  1.6471418e-06 -6.8172875e-05  1.0968583e-05  7.0507322e-06  5.6121232e-06  1.1070078e-05  1.2598283e-06  6.0106064e-07  6.6439839e-07  5.7237997e-07
 -0.00010507324 -6.0050953e-06              0   1.066527e-06  2.1025443e-06  1.9046749e-06  -7.042858e-05  1.2090746e-05  7.8434844e-06  5.8700576e-06  1.2429307e-05  6.0106064e-07  2.5850731e-06  5.4959819e-07   6.090217e-07
 -0.00010426766 -5.9512661e-06              0  2.7293876e-07  2.0373683e-06  1.8539409e-06 -7.2265765e-05    1.19943e-05   7.683023e-06  6.2198121e-06   1.203075e-05  6.6439839e-07  5.4959819e-07  2.8545458e-06  6.2311769e-07
 -0.00010296375 -6.4328418e-06              0  6.9165699e-07  2.2329283e-06  2.0106662e-06 -7.0652113e-05  1.2104892e-05  7.7739119e-06  6.2202113e-06  1.3025459e-05  5.7237997e-07   6.090217e-07  6.2311769e-07  1.7318936e-06


# ext. ||   Name    ||   type  ||     Value     ||  Error +/- 

   0   ||Natural mortality || limited ||    0.05761522657909 ||0.002598516657241
   1   ||Targeted q || limited ||      5.715128892088 ||0.223345495002
   2   ||Nontargeted q || limited ||                   2 ||22.06548931833
   3   ||     sigma || limited ||      5.774368492391 ||0.2915697290314
   4   ||  Biomass1 || limited ||      6.527264223035 ||0.3319418480046
   5   ||  Biomass2 || limited ||      5.720622219528 ||0.2703405869452
   6   ||  vm_sigma || limited ||        42.557386958 ||2.851904232387
   7   ||Recruit year 1 || limited ||      7.495835804557 ||0.3964579159088
   8   ||Recruit year 2 || limited ||      3.167166371391 ||0.1738794913073
   9   ||Recruit year 3 || limited ||      2.170975437973 ||0.1183489775459
  10   ||Recruit year 4 || limited ||      7.831889879407 ||0.4407583047482
  11   ||Mean Rec dist 1 || limited ||     0.5504279074002 ||0.007924680101299
  12   ||Mean Rec dist 2 || limited ||     0.5960380419622 ||0.0113487624698
  13   ||Mean Rec dist 3 || limited ||      0.436458532154 ||0.01193546524441
  14   ||Mean Rec dist 4 || limited ||      1.047269208594 ||0.00925445343539





