# Minimum negative log likelihood

Minuit did successfully converge.
# of function calls: 899
minimum function Value: 614.9169745087
minimum edm: 6.441821428817e-05
minimum internal state vector: LAVector parameters:
      2.397610299419
     -1.039579046326
     -1.287002217587
     -1.136042377092
     -1.415054458625
     -1.423534772618
     0.8515998447165
    -0.8764405184205
     -1.252374601871
     -1.022549650877
     -1.121957503692
     -1.100882848358

minimum internal covariance matrix: LASymMatrix parameters:
    0.096458941   0.0055279285              0  0.00033444288   -0.001417622   -0.001394698  5.7451527e-06  2.4250085e-06  -0.0030156551  -0.0073744157  -0.0041457049  -0.0047329141
   0.0055279285  0.00035235974              0  3.2476677e-05 -9.0558791e-05 -8.8053815e-05  1.7997231e-05 -5.1800917e-05 -0.00018171202 -0.00043738432 -0.00024453709 -0.00028060274
              0              0              2              0              0              0              0              0              0              0              0              0
  0.00033444288  3.2476677e-05              0  0.00028609939 -7.0431438e-06 -6.8182769e-06    2.65633e-06 -1.1328362e-05 -1.4649863e-05 -3.3934481e-05 -1.7199785e-05 -2.0289266e-05
   -0.001417622 -9.0558791e-05              0 -7.0431438e-06  3.0495618e-05  2.8400509e-05 -4.7275888e-06  1.3652635e-05  4.6228541e-05  0.00011159682  6.2681658e-05   7.200504e-05
   -0.001394698 -8.8053815e-05              0 -6.8182769e-06  2.8400509e-05   2.672321e-05 -4.1009488e-06  1.1728098e-05  4.5256174e-05  0.00010945253  6.1489927e-05   7.060481e-05
  5.7451527e-06  1.7997231e-05              0    2.65633e-06 -4.7275888e-06 -4.1009488e-06  1.8567158e-05 -4.1647283e-05 -4.8539746e-06 -7.5230979e-06 -4.5493023e-06  9.4185838e-08
  2.4250085e-06 -5.1800917e-05              0 -1.1328362e-05  1.3652635e-05  1.1728098e-05 -4.1647283e-05  0.00023407772  1.7267314e-05  1.9446065e-05  1.0440735e-05  8.6499496e-07
  -0.0030156551 -0.00018171202              0 -1.4649863e-05  4.6228541e-05  4.5256174e-05 -4.8539746e-06  1.7267314e-05  0.00010856371  0.00023439399  0.00013069829  0.00015000108
  -0.0073744157 -0.00043738432              0 -3.3934481e-05  0.00011159682  0.00010945253 -7.5230979e-06  1.9446065e-05  0.00023439399  0.00058306158  0.00031988894  0.00036630475
  -0.0041457049 -0.00024453709              0 -1.7199785e-05  6.2681658e-05  6.1489927e-05 -4.5493023e-06  1.0440735e-05  0.00013069829  0.00031988894  0.00019158606  0.00020409809
  -0.0047329141 -0.00028060274              0 -2.0289266e-05   7.200504e-05   7.060481e-05  9.4185838e-08  8.6499496e-07  0.00015000108  0.00036630475  0.00020409809  0.00025860307


# ext. ||   Name    ||   type  ||     Value     ||  Error +/- 

   0   ||Natural mortality || limited ||    0.06193058500981 ||0.004007247246531
   1   ||Targeted q || limited ||      6.890447221864 ||0.3361911047779
   2   ||Nontargeted q || limited ||                   2 ||22.06548931833
   3   ||     sigma || limited ||      4.651314849925 ||0.2518710984116
   4   ||  Biomass1 || limited ||      6.051635391094 ||0.3028453455629
   5   ||  Biomass2 || limited ||      5.411700891439 ||0.2681741484144
   6   ||   vm_mean || limited ||      2.363531094829 ||0.006305907061073
   7   ||  vm_sigma || limited ||      9.262241299585 ||0.2768960871962
   8   ||Recruit year 1 || limited ||      2.523213244099 ||0.115315763076
   9   ||Recruit year 2 || limited ||      7.337284633058 ||0.4448823287956
  10   ||Recruit year 3 || limited ||       4.96192640194 ||0.2123224560968
  11   ||Recruit year 4 || limited ||      5.429084572973 ||0.2574152309271





