# Minimum negative log likelihood

Minuit did successfully converge.
# of function calls: 921
minimum function Value: 514.2646712625
minimum edm: 1.722494836637e-05
minimum internal state vector: LAVector parameters:
     0.4226910829696
    -0.9666257799293
     -1.287002217587
     -1.230489699202
     -1.550236205986
     -1.551950277058
    -0.3366488767735
    -0.9717950281885
     -1.142421882583
     -1.234127471032
     -1.146687341641
     -1.336924487139

minimum internal covariance matrix: LASymMatrix parameters:
    0.056121383  -0.0037334838              0 -7.8858155e-05  0.00010458725  0.00010380192  7.5668753e-05 -0.00011852413   0.0026557302   0.0022166654   0.0025038759   0.0016037828
  -0.0037334838  0.00026377571              0   9.509683e-06 -7.2625808e-06 -7.3247215e-06  1.5536479e-06 -1.1206342e-05 -0.00017824153 -0.00014896662 -0.00016802635 -0.00010784348
              0              0      3.4826771              0              0              0              0              0              0              0              0              0
 -7.8858155e-05   9.509683e-06              0  0.00014922926  3.7645927e-07  2.1724679e-07  1.5842696e-06 -4.7721244e-06 -2.7014659e-06 -3.4701092e-06 -3.9129388e-06 -2.1128307e-06
  0.00010458725 -7.2625808e-06              0  3.7645927e-07  3.1331002e-06  2.1731601e-06  2.4067741e-08 -7.3304401e-07  5.2869417e-06  4.1357537e-06  4.6339064e-06  2.9943163e-06
  0.00010380192 -7.3247215e-06              0  2.1724679e-07  2.1731601e-06  1.6558085e-06 -2.4827783e-08  1.1781163e-07  5.1035658e-06  4.1233873e-06   4.618789e-06  2.9919165e-06
  7.5668753e-05  1.5536479e-06              0  1.5842696e-06  2.4067741e-08 -2.4827783e-08  5.1879794e-06 -1.2555698e-05  3.0601556e-06  2.2452327e-06   2.609522e-06  1.6525911e-06
 -0.00011852413 -1.1206342e-05              0 -4.7721244e-06 -7.3304401e-07  1.1781163e-07 -1.2555698e-05  6.7999294e-05  -4.313761e-06 -2.8127237e-06 -3.2442367e-06 -2.0791481e-06
   0.0026557302 -0.00017824153              0 -2.7014659e-06  5.2869417e-06  5.1035658e-06  3.0601556e-06  -4.313761e-06  0.00013018266  0.00010490023  0.00011855175  7.5993373e-05
   0.0022166654 -0.00014896662              0 -3.4701092e-06  4.1357537e-06  4.1233873e-06  2.2452327e-06 -2.8127237e-06  0.00010490023  9.1610372e-05  9.8903231e-05  6.3419039e-05
   0.0025038759 -0.00016802635              0 -3.9129388e-06  4.6339064e-06   4.618789e-06   2.609522e-06 -3.2442367e-06  0.00011855175  9.8903231e-05   0.0001157682  7.1551405e-05
   0.0016037828 -0.00010784348              0 -2.1128307e-06  2.9943163e-06  2.9919165e-06  1.6525911e-06 -2.0791481e-06  7.5993373e-05  6.3419039e-05  7.1551405e-05  5.0008489e-05


# ext. ||   Name    ||   type  ||     Value     ||  Error +/- 

   0   ||Natural mortality || limited ||    0.05525540429265 ||0.003801416582387
   1   ||Targeted q || limited ||      8.851321193624 ||0.3261910885762
   2   ||Nontargeted q || limited ||                   2 ||61.25413393666
   3   ||     sigma || limited ||      2.867381756677 ||0.1441557269365
   4   ||  Biomass1 || limited ||     0.1056759192415 ||0.01286580904958
   5   ||  Biomass2 || limited ||    0.08879076960949 ||0.008573430360703
   6   ||   vm_mean || limited ||     -1.037749541571 ||0.004775782924121
   7   ||  vm_sigma || limited ||      6.964948451783 ||0.1315007375098
   8   ||Recruit year 1 || limited ||       4.52743845184 ||0.167549166409
   9   ||Recruit year 2 || limited ||      2.816702979884 ||0.1117758682922
  10   ||Recruit year 3 || limited ||      4.439269268616 ||0.1565241060147
  11   ||Recruit year 4 || limited ||      1.371043551133 ||0.05793530379377





