# Minimum negative log likelihood

Minuit did successfully converge.
# of function calls: 1655
minimum function Value: 467.8940970706
minimum edm: 5.678383723555e-05
minimum internal state vector: LAVector parameters:
     -0.568093226276
      -1.00848989337
     -1.287002217587
     -1.266677361683
     -1.424374722808
     -1.434121003682
    -0.8915291758322
     -1.162868785437
     -1.243276572787
     -1.226040508582
     -1.168203750013
    0.04155159744241
    0.02591375355978
    0.02784553622769
    0.05621198694488

minimum internal covariance matrix: LASymMatrix parameters:
   0.0058546124 -0.00035844123              0  0.00012252426  0.00010811993  9.5522729e-05 -0.00029470508  0.00039409773  0.00031740948  0.00032769411  0.00042694718  4.4798239e-05   3.516396e-05  3.8571333e-05  3.6741805e-05
 -0.00035844123  2.7487484e-05              0 -9.0788223e-06 -8.2517848e-06 -7.2442322e-06  1.0717231e-05 -2.4310746e-05 -1.9716845e-05 -2.0213016e-05 -2.7668342e-05 -1.9859137e-06 -1.6369127e-06 -1.7819307e-06 -1.6325843e-06
              0              0              2              0              0              0              0              0              0              0              0              0              0              0              0
  0.00012252426 -9.0788223e-06              0  0.00020500752  3.1788023e-06  2.9412332e-06  1.2077357e-05  3.6288198e-06  9.9875598e-06   7.187207e-06  1.2081858e-05  -2.175276e-07  6.1025551e-08 -6.4077093e-08  1.0565752e-06
  0.00010811993 -8.2517848e-06              0  3.1788023e-06  4.4128845e-06  3.6896808e-06 -2.4872589e-06  6.9858066e-06  6.1393422e-06  6.2065423e-06  8.8534174e-06  9.8699963e-07  3.7292353e-07  6.5981061e-07  1.6428767e-07
  9.5522729e-05 -7.2442322e-06              0  2.9412332e-06  3.6896808e-06    3.11335e-06 -2.2534757e-06  6.1856528e-06  5.4320558e-06  5.4657167e-06   7.742415e-06  8.1078189e-07  3.5145862e-07  5.6830314e-07  2.1213937e-07
 -0.00029470508  1.0717231e-05              0  1.2077357e-05 -2.4872589e-06 -2.2534757e-06  7.9122543e-05  -2.106089e-05  -1.368014e-05 -1.5608706e-05 -1.7724576e-05 -3.6445891e-06 -4.0359758e-06 -4.0434292e-06 -4.4898768e-06
  0.00039409773 -2.4310746e-05              0  3.6288198e-06  6.9858066e-06  6.1856528e-06  -2.106089e-05  2.9427905e-05  2.0752601e-05  2.1751605e-05  2.8519111e-05   2.853509e-06   2.400085e-06  2.5016423e-06  2.5062749e-06
  0.00031740948 -1.9716845e-05              0  9.9875598e-06  6.1393422e-06  5.4320558e-06  -1.368014e-05  2.0752601e-05  2.0050943e-05  1.7837782e-05  2.3493488e-05   2.261801e-06  1.8256078e-06  2.0735473e-06  2.1155556e-06
  0.00032769411 -2.0213016e-05              0   7.187207e-06  6.2065423e-06  5.4657167e-06 -1.5608706e-05  2.1751605e-05  1.7837782e-05   2.111748e-05  2.3718794e-05  2.6367735e-06  1.9825133e-06   2.175046e-06  1.9626721e-06
  0.00042694718 -2.7668342e-05              0  1.2081858e-05  8.8534174e-06   7.742415e-06 -1.7724576e-05  2.8519111e-05  2.3493488e-05  2.3718794e-05   3.551171e-05  3.4608501e-06  2.2060444e-06   2.668266e-06  2.3663434e-06
  4.4798239e-05 -1.9859137e-06              0  -2.175276e-07  9.8699963e-07  8.1078189e-07 -3.6445891e-06   2.853509e-06   2.261801e-06  2.6367735e-06  3.4608501e-06  1.2115471e-06  2.4596091e-07  4.8388038e-07  6.8037513e-09
   3.516396e-05 -1.6369127e-06              0  6.1025551e-08  3.7292353e-07  3.5145862e-07 -4.0359758e-06   2.400085e-06  1.8256078e-06  1.9825133e-06  2.2060444e-06  2.4596091e-07   7.173994e-07  3.1527624e-07  4.1479999e-07
  3.8571333e-05 -1.7819307e-06              0 -6.4077093e-08  6.5981061e-07  5.6830314e-07 -4.0434292e-06  2.5016423e-06  2.0735473e-06   2.175046e-06   2.668266e-06  4.8388038e-07  3.1527624e-07  7.1533338e-07  2.7731314e-07
  3.6741805e-05 -1.6325843e-06              0  1.0565752e-06  1.6428767e-07  2.1213937e-07 -4.4898768e-06  2.5062749e-06  2.1155556e-06  1.9626721e-06  2.3663434e-06  6.8037513e-09  4.1479999e-07  2.7731314e-07   1.048759e-06


# ext. ||   Name    ||   type  ||     Value     ||  Error +/- 

   0   ||Natural mortality || limited ||     0.0315493561486 ||0.001139601117963
   1   ||Targeted q || limited ||      7.698614352267 ||0.09882387847588
   2   ||Nontargeted q || limited ||                   2 ||22.06548931833
   3   ||     sigma || limited ||      2.294442445066 ||0.1515865589941
   4   ||  Biomass1 || limited ||      5.350252473659 ||0.1083598390537
   5   ||  Biomass2 || limited ||      4.662770766811 ||0.08499747403337
   6   ||  vm_sigma || limited ||      8.879556205963 ||0.1580522423167
   7   ||Recruit year 1 || limited ||       4.11234202394 ||0.07607831774569
   8   ||Recruit year 2 || limited ||      2.667577251606 ||0.0509241038954
   9   ||Recruit year 3 || limited ||      2.951805489078 ||0.05490425365873
  10   ||Recruit year 4 || limited ||      4.007185104109 ||0.08254029207902
  11   ||Mean Rec dist 1 || limited ||     0.4153964175827 ||0.007776426805289
  12   ||Mean Rec dist 2 || limited ||     0.2591085337853 ||0.005987143197536
  13   ||Mean Rec dist 3 || limited ||     0.2784193791692 ||0.005978205346057
  14   ||Mean Rec dist 4 || limited ||     0.5618238863276 ||0.007229966897163





