# Minimum negative log likelihood

Minuit did successfully converge.
# of function calls: 1140
minimum function Value: 752.1436710451
minimum edm: 4.790053947805e-05
minimum internal state vector: LAVector parameters:
     -1.333969283522
     -0.997476424891
     -1.287002217587
    -0.9614507471796
     -1.506317505646
     -1.508911756509
     0.2033771861186
   -0.04332932693105
     -1.042935486162
     -1.293092056536
     -1.124265454961
     -1.000975173429

minimum internal covariance matrix: LASymMatrix parameters:
      2.3018676   -0.040104007              0  -0.0014633285   0.0038897397    0.003782019   0.0023907742   -0.049984788    0.040022128    0.020101279     0.04033467    0.048690719
   -0.040104007  0.00072651614              0  3.0668326e-05 -7.2184174e-05 -6.9856108e-05 -3.4208834e-05  0.00070165388  -0.0006923322 -0.00035001278 -0.00070231246 -0.00085413098
              0              0              2              0              0              0              0              0              0              0              0              0
  -0.0014633285  3.0668326e-05              0  0.00052176418 -5.2460088e-06 -5.2112133e-06  2.2832753e-06 -1.9148492e-05 -2.7415358e-05  7.6983658e-07 -1.7070828e-05 -2.7370734e-05
   0.0038897397 -7.2184174e-05              0 -5.2460088e-06  3.2740418e-05  2.8710306e-05  3.1799895e-06 -6.8458199e-05  6.4553465e-05  3.8511319e-05  7.0216886e-05  8.5014907e-05
    0.003782019 -6.9856108e-05              0 -5.2112133e-06  2.8710306e-05  2.5424243e-05  3.1380396e-06 -6.5337276e-05  6.3021889e-05  3.6742414e-05  6.7955668e-05  8.2444443e-05
   0.0023907742 -3.4208834e-05              0  2.2832753e-06  3.1799895e-06  3.1380396e-06    9.73436e-06 -0.00020947442  4.2616337e-05  2.0778695e-05  4.1563514e-05  4.8544086e-05
   -0.049984788  0.00070165388              0 -1.9148492e-05 -6.8458199e-05 -6.5337276e-05 -0.00020947442    0.010643238 -0.00088340739 -0.00044048834 -0.00088151262  -0.0010262169
    0.040022128  -0.0006923322              0 -2.7415358e-05  6.4553465e-05  6.3021889e-05  4.2616337e-05 -0.00088340739  0.00072809445  0.00034117163  0.00069671686  0.00084434461
    0.020101279 -0.00035001278              0  7.6983658e-07  3.8511319e-05  3.6742414e-05  2.0778695e-05 -0.00044048834  0.00034117163  0.00021788128  0.00035640695  0.00042294931
     0.04033467 -0.00070231246              0 -1.7070828e-05  7.0216886e-05  6.7955668e-05  4.1563514e-05 -0.00088151262  0.00069671686  0.00035640695  0.00073574188   0.0008498948
    0.048690719 -0.00085413098              0 -2.7370734e-05  8.5014907e-05  8.2444443e-05  4.8544086e-05  -0.0010262169  0.00084434461  0.00042294931   0.0008498948   0.0010637128


# ext. ||   Name    ||   type  ||     Value     ||  Error +/- 

   0   ||Natural mortality || limited ||    0.02069781739523 ||0.02877053660199
   1   ||Targeted q || limited ||      7.994759330948 ||0.5168807069658
   2   ||Nontargeted q || limited ||                   2 ||22.06548931833
   3   ||     sigma || limited ||      8.998863077567 ||0.4621899302464
   4   ||  Biomass1 || limited ||       1.03901954077 ||0.1303503031148
   5   ||  Biomass2 || limited ||     0.9571194946502 ||0.1102511789964
   6   ||   vm_mean || limited ||     0.6345327857005 ||0.006788032457592
   7   ||  vm_sigma || limited ||      38.26789084842 ||2.912617066818
   8   ||Recruit year 1 || limited ||      6.814993834101 ||0.4804402649449
   9   ||Recruit year 2 || limited ||       1.92544128298 ||0.1430538912916
  10   ||Recruit year 3 || limited ||      4.911978145965 ||0.4140661291386
  11   ||Recruit year 4 || limited ||       7.90933633374 ||0.6219590626515





