# Minimum negative log likelihood

Minuit did successfully converge.
# of function calls: 1347
minimum function Value: 650.300828092
minimum edm: 5.959781921882e-06
minimum internal state vector: LAVector parameters:
      2.503850366593
    -0.9672385601948
     -1.287002217587
      -1.09669138776
     -1.514060089586
     -1.518956007147
    0.04321129383105
    -0.9527833538774
     -1.377810727158
       -1.4450796221
     -1.092513480792
    0.06020940227982
    0.03915920986462
     0.0606070581395
     0.1155276098168

minimum internal covariance matrix: LASymMatrix parameters:
    0.038810276   0.0026640347              0  -6.525684e-05 -0.00026199655 -0.00022924563   0.0060004386  -0.0038382349  -0.0010853041 -0.00076513748  -0.0031852794 -9.0809772e-05 -0.00010054997  -0.0001042206 -9.7221301e-05
   0.0026640347  0.00022045335              0 -1.7730889e-06 -2.1487276e-05 -1.8679466e-05  0.00029163676 -0.00027251032 -7.6513015e-05  -5.418083e-05 -0.00023690633 -4.4032324e-06 -6.4251691e-06 -5.6399756e-06  -5.308821e-06
              0              0              2              0              0              0              0              0              0              0              0              0              0              0              0
  -6.525684e-05 -1.7730889e-06              0  0.00033989417  7.3811345e-06  5.9181445e-06 -6.5308595e-05  1.4337412e-05  -4.483331e-06  6.3429889e-07  2.7739689e-06  1.0060606e-06  1.9491378e-07   2.612585e-06  -1.233636e-06
 -0.00026199655 -2.1487276e-05              0  7.3811345e-06  9.7662496e-06  7.7768357e-06 -2.3326113e-05  2.6998392e-05  7.2214708e-06  5.2335781e-06  2.3433225e-05  4.9914124e-07  5.3496868e-07   7.996878e-07  4.6767639e-07
 -0.00022924563 -1.8679466e-05              0  5.9181445e-06  7.7768357e-06  6.3101178e-06 -2.3973336e-05  2.3598623e-05  6.3554818e-06  4.6038578e-06  2.0459876e-05  4.4697429e-07  4.8833009e-07    7.06084e-07  4.1310462e-07
   0.0060004386  0.00029163676              0 -6.5308595e-05 -2.3326113e-05 -2.3973336e-05   0.0057504441 -0.00055915555 -0.00015693213 -0.00010844374 -0.00044973633  -4.172343e-05 -4.4977273e-05 -3.5512543e-05 -4.3069215e-05
  -0.0038382349 -0.00027251032              0  1.4337412e-05  2.6998392e-05  2.3598623e-05 -0.00055915555  0.00040343401  0.00010737746  7.6613668e-05  0.00031945419  8.6650991e-06  9.1275889e-06  1.1043469e-05  8.8735435e-06
  -0.0010853041 -7.6513015e-05              0  -4.483331e-06  7.2214708e-06  6.3554818e-06 -0.00015693213  0.00010737746  4.9397494e-05  2.1588355e-05  9.0891773e-05  2.4010183e-06  2.1622791e-06  2.1496084e-06  2.6362018e-06
 -0.00076513748  -5.418083e-05              0  6.3429889e-07  5.2335781e-06  4.6038578e-06 -0.00010844374  7.6613668e-05  2.1588355e-05  3.2539698e-05   6.376875e-05  1.6128618e-06  1.6894873e-06  2.7487111e-06   1.836079e-06
  -0.0031852794 -0.00023690633              0  2.7739689e-06  2.3433225e-05  2.0459876e-05 -0.00044973633  0.00031945419  9.0891773e-05   6.376875e-05  0.00029577721  6.4915641e-06  8.2781151e-06   8.107825e-06  7.7863763e-06
 -9.0809772e-05 -4.4032324e-06              0  1.0060606e-06  4.9914124e-07  4.4697429e-07  -4.172343e-05  8.6650991e-06  2.4010183e-06  1.6128618e-06  6.4915641e-06  8.0147711e-07  3.2016105e-07  2.3088364e-07  3.6187869e-07
 -0.00010054997 -6.4251691e-06              0  1.9491378e-07  5.3496868e-07  4.8833009e-07 -4.4977273e-05  9.1275889e-06  2.1622791e-06  1.6894873e-06  8.2781151e-06  3.2016105e-07  3.8949124e-06 -5.5688657e-08  5.3472664e-07
  -0.0001042206 -5.6399756e-06              0   2.612585e-06   7.996878e-07    7.06084e-07 -3.5512543e-05  1.1043469e-05  2.1496084e-06  2.7487111e-06   8.107825e-06  2.3088364e-07 -5.5688657e-08  1.2396663e-05  2.4599033e-07
 -9.7221301e-05  -5.308821e-06              0  -1.233636e-06  4.6767639e-07  4.1310462e-07 -4.3069215e-05  8.8735435e-06  2.6362018e-06   1.836079e-06  7.7863763e-06  3.6187869e-07  5.3472664e-07  2.4599033e-07  1.5936684e-06


# ext. ||   Name    ||   type  ||     Value     ||  Error +/- 

   0   ||Natural mortality || limited ||    0.05988457547116 ||0.002788992900071
   1   ||Targeted q || limited ||      8.833923520316 ||0.2979400106881
   2   ||Nontargeted q || limited ||                   2 ||22.06548931833
   3   ||     sigma || limited ||      5.514914443041 ||0.2975744080012
   4   ||  Biomass1 || limited ||     0.8045343020419 ||0.06265360547777
   5   ||  Biomass2 || limited ||     0.6717042358692 ||0.04602000296675
   6   ||  vm_sigma || limited ||      41.72839230576 ||2.14178826853
   7   ||Recruit year 1 || limited ||       9.25750606718 ||0.4114095050178
   8   ||Recruit year 2 || limited ||     0.9381070693771 ||0.0476527562655
   9   ||Recruit year 3 || limited ||     0.4045576682206 ||0.02528515153668
  10   ||Recruit year 4 || limited ||      5.620110900685 ||0.2798221595621
  11   ||Mean Rec dist 1 || limited ||     0.6017303063201 ||0.006318920084952
  12   ||Mean Rec dist 2 || limited ||     0.3914920255788 ||0.01394442595062
  13   ||Mean Rec dist 3 || limited ||     0.6056996115589 ||0.02485071186473
  14   ||Mean Rec dist 4 || limited ||      1.152707972383 ||0.008867052398225





