# Minimum negative log likelihood

Minuit did successfully converge.
# of function calls: 1004
minimum function Value: 724.0095048059
minimum edm: 3.29656516736e-05
minimum internal state vector: LAVector parameters:
     0.1200760948954
     -1.064317534432
     -1.287002217587
     -1.002426407175
     -1.520628975632
     -1.522913462858
     0.4864071945445
     -1.138989581419
     -1.020102891604
    -0.9769348367086
      -1.22856699266
    0.05355300005044
    0.02944013994339
    0.07056699389241
    0.06640496184733

minimum internal covariance matrix: LASymMatrix parameters:
    0.019961271  -0.0016680056              0  0.00019330553  0.00018997859  0.00016911504  -0.0078312682   0.0021123664   0.0025705641   0.0029802718   0.0016644857  6.9677791e-05    6.27302e-05  6.7138595e-05  6.7749917e-05
  -0.0016680056  0.00016646312              0 -1.4538719e-05 -1.8484944e-05 -1.6283764e-05  0.00041343494 -0.00018374432 -0.00022424382 -0.00025822576 -0.00015262741 -4.0796949e-06 -3.5481978e-06 -4.2102113e-06 -5.9199484e-06
              0              0              2              0              0              0              0              0              0              0              0              0              0              0              0
  0.00019330553 -1.4538719e-05              0  0.00044519168  3.3307072e-06  2.3130432e-06 -0.00010030803  2.0394209e-05  2.0582659e-05  2.6623666e-05  9.4884193e-06  3.4696867e-07  1.8804539e-06 -8.0334724e-07 -3.2562426e-06
  0.00018997859 -1.8484944e-05              0  3.3307072e-06   2.288704e-05  1.8228631e-05  -2.712544e-05   2.141676e-05  2.5492756e-05  2.9751968e-05  1.7187407e-05  4.0841797e-07  4.3098289e-07  2.4611534e-07  2.4102896e-07
  0.00016911504 -1.6283764e-05              0  2.3130432e-06  1.8228631e-05  1.4783216e-05 -2.5441706e-05  1.8998697e-05  2.2502954e-05  2.6396236e-05  1.5020915e-05  4.1259078e-07  3.8612177e-07  2.5140492e-07  2.3895933e-07
  -0.0078312682  0.00041343494              0 -0.00010030803  -2.712544e-05 -2.5441706e-05    0.028100396 -0.00074890702 -0.00092515692  -0.0010767927 -0.00057359833 -0.00011600055 -9.5013739e-05 -9.3942287e-05 -8.7224188e-05
   0.0021123664 -0.00018374432              0  2.0394209e-05   2.141676e-05  1.8998697e-05 -0.00074890702   0.0002749723   0.0002735738  0.00030715841  0.00017955127  6.8466791e-06   6.197841e-06  6.9144545e-06  7.3156836e-06
   0.0025705641 -0.00022424382              0  2.0582659e-05  2.5492756e-05  2.2502954e-05 -0.00092515692   0.0002735738  0.00037174248  0.00038767537  0.00022156806  8.2373832e-06  7.1732226e-06  8.4490301e-06  9.7332865e-06
   0.0029802718 -0.00025822576              0  2.6623666e-05  2.9751968e-05  2.6396236e-05  -0.0010767927  0.00030715841  0.00038767537  0.00049219378  0.00025287017  1.0004209e-05  8.6921616e-06  9.3121939e-06  1.0484406e-05
   0.0016644857 -0.00015262741              0  9.4884193e-06  1.7187407e-05  1.5020915e-05 -0.00057359833  0.00017955127  0.00022156806  0.00025287017  0.00020068769  5.0964437e-06  3.9947001e-06  5.3092405e-06   8.723894e-06
  6.9677791e-05 -4.0796949e-06              0  3.4696867e-07  4.0841797e-07  4.1259078e-07 -0.00011600055  6.8466791e-06  8.2373832e-06  1.0004209e-05  5.0964437e-06  2.1164035e-06  5.2534873e-07  5.4148943e-07   4.416518e-07
    6.27302e-05 -3.5481978e-06              0  1.8804539e-06  4.3098289e-07  3.8612177e-07 -9.5013739e-05   6.197841e-06  7.1732226e-06  8.6921616e-06  3.9947001e-06  5.2534873e-07   1.200402e-06  3.7998176e-07  1.8506292e-07
  6.7138595e-05 -4.2102113e-06              0 -8.0334724e-07  2.4611534e-07  2.5140492e-07 -9.3942287e-05  6.9144545e-06  8.4490301e-06  9.3121939e-06  5.3092405e-06  5.4148943e-07  3.7998176e-07  1.5867907e-06  6.2062586e-07
  6.7749917e-05 -5.9199484e-06              0 -3.2562426e-06  2.4102896e-07  2.3895933e-07 -8.7224188e-05  7.3156836e-06  9.7332865e-06  1.0484406e-05   8.723894e-06   4.416518e-07  1.8506292e-07  6.2062586e-07  4.3179409e-06


# ext. ||   Name    ||   type  ||     Value     ||  Error +/- 

   0   ||Natural mortality || limited ||    0.04799469386529 ||0.00247547191127
   1   ||Targeted q || limited ||      6.277096649405 ||0.2212790339467
   2   ||Nontargeted q || limited ||                   2 ||22.06548931833
   3   ||     sigma || limited ||      7.861025007292 ||0.4015167690689
   4   ||  Biomass1 || limited ||     0.6290588313866 ||0.08481799090698
   5   ||  Biomass2 || limited ||     0.5730826566579 ||0.06506584580654
   6   ||  vm_sigma || limited ||      58.69837856191 ||4.181570694688
   7   ||Recruit year 1 || limited ||      4.598986699983 ||0.2453321224745
   8   ||Recruit year 2 || limited ||      7.401167439292 ||0.3566579572331
   9   ||Recruit year 3 || limited ||       8.56983859301 ||0.4388466426219
  10   ||Recruit year 4 || limited ||      2.909266580632 ||0.1680625991698
  11   ||Mean Rec dist 1 || limited ||     0.5352740606676 ||0.01027214407183
  12   ||Mean Rec dist 2 || limited ||      0.294358873923 ||0.007743906119184
  13   ||Mean Rec dist 3 || limited ||     0.7050844138906 ||0.008885104496374
  14   ||Mean Rec dist 4 || limited ||     0.6635616917665 ||0.01466104585646





