# Minimum negative log likelihood

Minuit did successfully converge.
# of function calls: 1586
minimum function Value: 641.3173857576
minimum edm: 7.3071478756e-05
minimum internal state vector: LAVector parameters:
      3.692763639753
    -0.9466636887685
     -1.287002217587
      -1.10699772284
     -1.450576797599
     -1.459894232638
     -0.678262256899
     -1.229421427194
     -1.048576944338
    -0.9671243097476
      -1.03376830329
     0.1096921595937
    0.08528086018591
     0.1179745109432
    0.04775179916239

minimum internal covariance matrix: LASymMatrix parameters:
    0.024453303   0.0011941756              0  2.8648307e-05 -0.00026068434 -0.00023026821    0.002350136  -0.0013629149  -0.0021129774  -0.0024125255  -0.0020389098 -0.00013149418  -0.0001627133 -0.00016389029 -0.00013131968
   0.0011941756   6.988298e-05              0  4.8345075e-07 -1.4131666e-05 -1.2537501e-05  9.7084577e-05  -6.606943e-05 -0.00010496323 -0.00011732057 -9.7689653e-05  -6.181883e-06 -7.1776336e-06 -6.9543913e-06 -6.0067473e-06
              0              0              2              0              0              0              0              0              0              0              0              0              0              0              0
  2.8648307e-05  4.8345075e-07              0  0.00034162828  4.7059532e-06  4.4020787e-06  1.8481601e-05 -9.3653052e-06 -6.1112918e-06 -9.0242333e-06 -5.5221749e-06  4.7677665e-06  -3.354993e-06 -1.8333016e-06  1.8957428e-06
 -0.00026068434 -1.4131666e-05              0  4.7059532e-06  1.1265403e-05  9.0840362e-06 -2.1837002e-05  1.5146159e-05  2.2281374e-05  2.5831962e-05  2.3236816e-05  1.4173355e-06  1.4365368e-06  1.7506098e-06  1.4168808e-06
 -0.00023026821 -1.2537501e-05              0  4.4020787e-06  9.0840362e-06  7.4741503e-06 -1.8928504e-05  1.2998051e-05  1.9910721e-05    2.27384e-05  2.0321303e-05  1.3620545e-06  1.2476969e-06  1.5251862e-06  1.2614169e-06
    0.002350136  9.7084577e-05              0  1.8481601e-05 -2.1837002e-05 -1.8928504e-05  0.00067407241 -0.00013054373 -0.00019871013  -0.0002263917 -0.00020237956 -2.6046063e-05 -2.5900938e-05 -2.8340794e-05  -2.318037e-05
  -0.0013629149  -6.606943e-05              0 -9.3653052e-06  1.5146159e-05  1.2998051e-05 -0.00013054373  9.1657789e-05   0.0001178864  0.00013621129   0.0001138287  4.7177949e-06  1.0277113e-05  9.5623976e-06   6.506823e-06
  -0.0021129774 -0.00010496323              0 -6.1112918e-06  2.2281374e-05  1.9910721e-05 -0.00019871013   0.0001178864  0.00019658374  0.00020993451   0.0001740785   1.108713e-05  1.4551059e-05  1.4651444e-05  1.0914107e-05
  -0.0024125255 -0.00011732057              0 -9.0242333e-06  2.5831962e-05    2.27384e-05  -0.0002263917  0.00013621129  0.00020993451  0.00025280048   0.0002017973  1.1558222e-05   1.667748e-05  1.6453449e-05  1.2254808e-05
  -0.0020389098 -9.7689653e-05              0 -5.5221749e-06  2.3236816e-05  2.0321303e-05 -0.00020237956   0.0001138287   0.0001740785   0.0002017973  0.00020228626  1.1163151e-05  1.2265981e-05   1.419611e-05   1.181892e-05
 -0.00013149418  -6.181883e-06              0  4.7677665e-06  1.4173355e-06  1.3620545e-06 -2.6046063e-05  4.7177949e-06   1.108713e-05  1.1558222e-05  1.1163151e-05  4.9756222e-06  5.2588283e-07  1.2927231e-06  1.5792369e-06
  -0.0001627133 -7.1776336e-06              0  -3.354993e-06  1.4365368e-06  1.2476969e-06 -2.5900938e-05  1.0277113e-05  1.4551059e-05   1.667748e-05  1.2265981e-05  5.2588283e-07  2.6919922e-06  1.5853011e-06  8.3965844e-07
 -0.00016389029 -6.9543913e-06              0 -1.8333016e-06  1.7506098e-06  1.5251862e-06 -2.8340794e-05  9.5623976e-06  1.4651444e-05  1.6453449e-05   1.419611e-05  1.2927231e-06  1.5853011e-06  2.6128577e-06  1.1434719e-06
 -0.00013131968 -6.0067473e-06              0  1.8957428e-06  1.4168808e-06  1.2614169e-06  -2.318037e-05   6.506823e-06  1.0914107e-05  1.2254808e-05   1.181892e-05  1.5792369e-06  8.3965844e-07  1.1434719e-06  1.7725819e-06


# ext. ||   Name    ||   type  ||     Value     ||  Error +/- 

   0   ||Natural mortality || limited ||    0.03190787088087 ||0.002350190638159
   1   ||Targeted q || limited ||      9.426484724179 ||0.1727204169391
   2   ||Nontargeted q || limited ||                   2 ||22.06548931833
   3   ||     sigma || limited ||      5.282017309626 ||0.2923248108806
   4   ||  Biomass1 || limited ||      3.608834196864 ||0.1423168597983
   5   ||  Biomass2 || limited ||      3.071668410659 ||0.1069756122047
   6   ||  vm_sigma || limited ||      14.90317957355 ||0.5717664499883
   7   ||Recruit year 1 || limited ||      2.894948309547 ||0.1133068859515
   8   ||Recruit year 2 || limited ||      6.673619759766 ||0.2472344585629
   9   ||Recruit year 3 || limited ||      8.846282358655 ||0.3190705965754
  10   ||Recruit year 4 || limited ||      7.047651600351 ||0.2572201228049
  11   ||Mean Rec dist 1 || limited ||      1.094723157914 ||0.01567799304625
  12   ||Mean Rec dist 2 || limited ||     0.8517752563949 ||0.01155954153417
  13   ||Mean Rec dist 3 || limited ||      1.177010400706 ||0.01135046089512
  14   ||Mean Rec dist 4 || limited ||     0.4773365368273 ||0.009403570025204





