# Minimum negative log likelihood

Minuit did successfully converge.
# of function calls: 1320
minimum function Value: 455.1425209855
minimum edm: 1.096947104284e-05
minimum internal state vector: LAVector parameters:
    -0.9371922423394
     -1.117213025837
     -1.287002217587
     -1.275936164706
     -1.366454935838
     -1.375073145848
     0.5206150315469
     -1.016493557149
     -1.124190150903
     -1.183318674957
     -1.015926986042
    0.05663798267906
    0.09269179085354
    0.06870689942357
    0.08542336631352

minimum internal covariance matrix: LASymMatrix parameters:
   0.0043725075 -0.00019485696              0  1.4816457e-05   9.618986e-05  8.9130221e-05  -0.0017637198  0.00041086972   0.0003226313  0.00028296838  0.00039967589  1.3303215e-05   1.261339e-05  1.2491257e-05  1.2321573e-05
 -0.00019485696  9.9536545e-06              0 -1.2998158e-06 -5.0184427e-06 -4.6206232e-06  6.2681478e-05 -1.8531139e-05 -1.4314755e-05 -1.2865579e-05 -1.8623606e-05 -4.2825379e-07 -6.3019269e-07 -4.9747273e-07 -4.7712003e-07
              0              0              2              0              0              0              0              0              0              0              0              0              0              0              0
  1.4816457e-05 -1.2998158e-06              0  0.00012472668 -5.5943587e-07 -3.0290697e-07  6.6810299e-05  1.1489754e-06  1.1144871e-06  3.1691431e-06  2.3154939e-06 -5.4271753e-07  5.2495067e-08 -5.4098279e-07  -4.056966e-07
   9.618986e-05 -5.0184427e-06              0 -5.5943587e-07  4.3727902e-06  3.8610659e-06 -3.4656762e-05   9.421377e-06  6.9647196e-06  6.2323781e-06  9.2211769e-06   2.087803e-07  2.8890821e-07  3.1985133e-07  2.6969279e-07
  8.9130221e-05 -4.6206232e-06              0 -3.0290697e-07  3.8610659e-06  3.4283685e-06 -3.1357897e-05  8.6876977e-06  6.4626853e-06  5.7997228e-06  8.5323542e-06  1.9315996e-07  2.6547285e-07  2.9125027e-07  2.4490265e-07
  -0.0017637198  6.2681478e-05              0  6.6810299e-05 -3.4656762e-05 -3.1357897e-05   0.0062714617 -0.00016068037 -0.00012345087 -0.00010677427 -0.00014521555 -1.8361891e-05 -1.9012509e-05 -1.5100697e-05 -1.8460531e-05
  0.00041086972 -1.8531139e-05              0  1.1489754e-06   9.421377e-06  8.6876977e-06 -0.00016068037  4.0571479e-05  3.0285547e-05  2.6537808e-05  3.7719202e-05  1.2154406e-06  1.2428592e-06  1.1179105e-06  1.1527029e-06
   0.0003226313 -1.4314755e-05              0  1.1144871e-06  6.9647196e-06  6.4626853e-06 -0.00012345087  3.0285547e-05  2.5803897e-05   2.057689e-05  2.9688286e-05  1.0762733e-06  7.4596083e-07  7.7416435e-07  9.2788669e-07
  0.00028296838 -1.2865579e-05              0  3.1691431e-06  6.2323781e-06  5.7997228e-06 -0.00010677427  2.6537808e-05   2.057689e-05    2.06227e-05   2.592138e-05  6.5745882e-07  9.1839414e-07   8.798117e-07  7.1154585e-07
  0.00039967589 -1.8623606e-05              0  2.3154939e-06  9.2211769e-06  8.5323542e-06 -0.00014521555  3.7719202e-05  2.9688286e-05   2.592138e-05  4.1088334e-05  1.1419553e-06  9.6811098e-07  1.0617154e-06  1.1976988e-06
  1.3303215e-05 -4.2825379e-07              0 -5.4271753e-07   2.087803e-07  1.9315996e-07 -1.8361891e-05  1.2154406e-06  1.0762733e-06  6.5745882e-07  1.1419553e-06  2.4577549e-07  3.4123816e-08 -1.3023985e-08  8.9950233e-08
   1.261339e-05 -6.3019269e-07              0  5.2495067e-08  2.8890821e-07  2.6547285e-07 -1.9012509e-05  1.2428592e-06  7.4596083e-07  9.1839414e-07  9.6811098e-07  3.4123816e-08   5.346127e-07 -9.5769846e-09  1.8892685e-08
  1.2491257e-05 -4.9747273e-07              0 -5.4098279e-07  3.1985133e-07  2.9125027e-07 -1.5100697e-05  1.1179105e-06  7.7416435e-07   8.798117e-07  1.0617154e-06 -1.3023985e-08 -9.5769846e-09  5.1671968e-07  6.3915504e-08
  1.2321573e-05 -4.7712003e-07              0  -4.056966e-07  2.6969279e-07  2.4490265e-07 -1.8460531e-05  1.1527029e-06  9.2788669e-07  7.1154585e-07  1.1976988e-06  8.9950233e-08  1.8892685e-08  6.3915504e-08  2.0291454e-07


# ext. ||   Name    ||   type  ||     Value     ||  Error +/- 

   0   ||Natural mortality || limited ||    0.02485252656139 ||0.0006918193644104
   1   ||Targeted q || limited ||      5.055864380588 ||0.04887735577431
   2   ||Nontargeted q || limited ||                   2 ||22.06548931833
   3   ||     sigma || limited ||      2.157860529037 ||0.1147452781562
   4   ||  Biomass1 || limited ||      10.40257832965 ||0.1500251042201
   5   ||  Biomass2 || limited ||      9.546357621868 ||0.1273105959323
   6   ||  vm_sigma || limited ||      59.89680249338 ||1.94210701423
   7   ||Recruit year 1 || limited ||      7.495869612035 ||0.1185210918326
   8   ||Recruit year 2 || limited ||      4.913604073261 ||0.07756103697792
   9   ||Recruit year 3 || limited ||      3.716375118147 ||0.06066076966521
  10   ||Recruit year 4 || limited ||      7.510785694921 ||0.1193827842674
  11   ||Mean Rec dist 1 || limited ||      0.566077064055 ||0.00349991365335
  12   ||Mean Rec dist 2 || limited ||     0.9255911679976 ||0.005147973032638
  13   ||Mean Rec dist 3 || limited ||     0.6865285544754 ||0.005070918208355
  14   ||Mean Rec dist 4 || limited ||     0.8531951300465 ||0.003173621199579





