# Minimum negative log likelihood

Minuit did successfully converge.
# of function calls: 1127
minimum function Value: 623.943163667
minimum edm: 3.740255419082e-05
minimum internal state vector: LAVector parameters:
    -0.6087741741851
     -1.031081526675
     -1.287002217587
     -1.126307812573
     -1.468756357443
     -1.473622001712
   -0.05585306288726
    -0.2701496978129
      -1.16410922944
    -0.9434879849964
     -1.463435792393
     -1.076430454223

minimum internal covariance matrix: LASymMatrix parameters:
     0.15966635   -0.010233576              0  0.00025449325    0.001832225   0.0018086884  0.00015223797  -0.0015276752   0.0061818424    0.013408971   0.0023464529    0.010270171
   -0.010233576  0.00066581324              0 -1.3993266e-05 -0.00011923616 -0.00011763477 -6.9259839e-06  4.8098452e-05 -0.00039602236  -0.0008601586 -0.00014929482 -0.00066055163
              0              0              2              0              0              0              0              0              0              0              0              0
  0.00025449325 -1.3993266e-05              0  0.00025060863  1.4562358e-06  1.8359575e-06  5.0344035e-07  1.7141775e-06  7.2213248e-06  2.3502432e-05  2.4877339e-06  1.4557925e-05
    0.001832225 -0.00011923616              0  1.4562358e-06  3.3068539e-05  3.0909425e-05  1.0832865e-06 -2.0179482e-05   6.977909e-05  0.00015381992  2.6823415e-05  0.00011955027
   0.0018086884 -0.00011763477              0  1.8359575e-06  3.0909425e-05  2.9114692e-05  1.1227407e-06 -1.7294772e-05  6.8990456e-05  0.00015189269  2.6482229e-05  0.00011778696
  0.00015223797 -6.9259839e-06              0  5.0344035e-07  1.0832865e-06  1.1227407e-06  3.0400187e-06 -4.1180772e-05   5.566535e-06  1.2353068e-05  2.4120685e-06  9.4947708e-06
  -0.0015276752  4.8098452e-05              0  1.7141775e-06 -2.0179482e-05 -1.7294772e-05 -4.1180772e-05   0.0022865272 -6.5093396e-05 -0.00012134889 -2.2476531e-05  -9.193531e-05
   0.0061818424 -0.00039602236              0  7.2213248e-06   6.977909e-05  6.8990456e-05   5.566535e-06 -6.5093396e-05  0.00025103444  0.00051908444  9.0704336e-05  0.00039583989
    0.013408971  -0.0008601586              0  2.3502432e-05  0.00015381992  0.00015189269  1.2353068e-05 -0.00012134889  0.00051908444   0.0011364345  0.00019746887     0.00086194
   0.0023464529 -0.00014929482              0  2.4877339e-06  2.6823415e-05  2.6482229e-05  2.4120685e-06 -2.2476531e-05  9.0704336e-05  0.00019746887  4.7332063e-05  0.00014948574
    0.010270171 -0.00066055163              0  1.4557925e-05  0.00011955027  0.00011778696  9.4947708e-06  -9.193531e-05  0.00039583989     0.00086194  0.00014948574  0.00067421881


# ext. ||   Name    ||   type  ||     Value     ||  Error +/- 

   0   ||Natural mortality || limited ||    0.03070344289392 ||0.005717902261656
   1   ||Targeted q || limited ||      7.107236099874 ||0.4687901012962
   2   ||Nontargeted q || limited ||                   2 ||22.06548931833
   3   ||     sigma || limited ||      4.858463979956 ||0.2406625512034
   4   ||  Biomass1 || limited ||      2.600781016352 ||0.2070988622653
   5   ||  Biomass2 || limited ||      2.358855294154 ||0.1850878334571
   6   ||   vm_mean || limited ||    -0.1753763558707 ||0.003867186655685
   7   ||  vm_sigma || limited ||      29.32560511405 ||1.303169184129
   8   ||Recruit year 1 || limited ||      4.087775109019 ||0.2215599165549
   9   ||Recruit year 2 || limited ||       9.52853027031 ||0.6994502871173
  10   ||Recruit year 3 || limited ||     0.2978516452249 ||0.0260613926971
  11   ||Recruit year 4 || limited ||      5.995913174321 ||0.4355114795219





