# Minimum negative log likelihood

Minuit did successfully converge.
# of function calls: 1459
minimum function Value: 446.8021993615
minimum edm: 2.127763581025e-05
minimum internal state vector: LAVector parameters:
     0.5353620344895
     -1.318667906208
     -1.287002217587
     -1.281808256886
     -1.348186988643
     -1.355076857327
      3.037226513361
     -1.355176983498
     -1.137377624533
     -1.344524103257
     -1.079143147277
    0.02837454232686
    0.04672223514893
    0.03889480230005
    0.02116059777856

minimum internal covariance matrix: LASymMatrix parameters:
   0.0072055516 -0.00085494156              0 -7.7234509e-05  0.00077096384   0.0007386492   0.0019526236  0.00085480867   0.0017394814  0.00090008915   0.0019297591  5.6276067e-05  3.2437237e-05  4.1135806e-05  3.0421277e-05
 -0.00085494156  0.00012175495              0  7.5510261e-06 -0.00010994993 -0.00010505012 -0.00013209681 -0.00011221314 -0.00023113448 -0.00011834387 -0.00026376135 -5.7265114e-06 -2.6468191e-06 -4.2945099e-06 -2.9892422e-06
              0              0              2              0              0              0              0              0              0              0              0              0              0              0              0
 -7.7234509e-05  7.5510261e-06              0  0.00011423373 -7.1543582e-06 -6.8201606e-06  2.4158339e-05 -5.8872454e-06 -1.5436631e-05 -7.2425066e-06 -1.8374557e-05 -6.3000581e-08 -2.1524454e-07 -1.4051354e-06 -4.4388388e-07
  0.00077096384 -0.00010994993              0 -7.1543582e-06  0.00010305106  9.8054523e-05  0.00013523765  0.00010242454  0.00020884397  0.00010699037  0.00023848513  4.6282276e-06   2.419267e-06  3.9982378e-06  2.7647478e-06
   0.0007386492 -0.00010505012              0 -6.8201606e-06  9.8054523e-05  9.3363866e-05  0.00012928451  9.7704121e-05  0.00019974933  0.00010229453  0.00022793679  4.5787151e-06  2.3282212e-06    3.82868e-06  2.6508857e-06
   0.0019526236 -0.00013209681              0  2.4158339e-05  0.00013523765  0.00012928451   0.0077652789  0.00020912568  0.00035596372  0.00019100148  0.00039473667   1.311731e-05   3.765065e-05  3.8511726e-05  3.8778902e-05
  0.00085480867 -0.00011221314              0 -5.8872454e-06  0.00010242454  9.7704121e-05  0.00020912568  0.00011699013  0.00021955997  0.00011370587  0.00024824677  4.2303081e-06  3.2342894e-06  4.6635845e-06  3.4084269e-06
   0.0017394814 -0.00023113448              0 -1.5436631e-05  0.00020884397  0.00019974933  0.00035596372  0.00021955997  0.00045721715  0.00023010722  0.00050752119   1.260974e-05   6.201883e-06   9.845067e-06  6.4705848e-06
  0.00090008915 -0.00011834387              0 -7.2425066e-06  0.00010699037  0.00010229453  0.00019100148  0.00011370587  0.00023010722   0.0001266656   0.0002610195  6.2572245e-06  3.3737713e-06  4.3878663e-06  3.5572376e-06
   0.0019297591 -0.00026376135              0 -1.8374557e-05  0.00023848513  0.00022793679  0.00039473667  0.00024824677  0.00050752119   0.0002610195  0.00058720372  1.3228167e-05  6.7917653e-06  1.0130996e-05  7.6502971e-06
  5.6276067e-05 -5.7265114e-06              0 -6.3000581e-08  4.6282276e-06  4.5787151e-06   1.311731e-05  4.2303081e-06   1.260974e-05  6.2572245e-06  1.3228167e-05  6.2102671e-06  3.2788051e-07  3.7261219e-07   2.330083e-07
  3.2437237e-05 -2.6468191e-06              0 -2.1524454e-07   2.419267e-06  2.3282212e-06   3.765065e-05  3.2342894e-06   6.201883e-06  3.3737713e-06  6.7917653e-06  3.2788051e-07  7.6706651e-07   2.381772e-07  2.6783834e-07
  4.1135806e-05 -4.2945099e-06              0 -1.4051354e-06  3.9982378e-06    3.82868e-06  3.8511726e-05  4.6635845e-06   9.845067e-06  4.3878663e-06  1.0130996e-05  3.7261219e-07   2.381772e-07  3.2488191e-06  2.9832408e-07
  3.0421277e-05 -2.9892422e-06              0 -4.4388388e-07  2.7647478e-06  2.6508857e-06  3.8778902e-05  3.4084269e-06  6.4705848e-06  3.5572376e-06  7.6502971e-06   2.330083e-07  2.6783834e-07  2.9832408e-07  5.7795721e-07


# ext. ||   Name    ||   type  ||     Value     ||  Error +/- 

   0   ||Natural mortality || limited ||    0.05775381132309 ||0.00128984844055
   1   ||Targeted q || limited ||      1.580817612105 ||0.09732057649309
   2   ||Nontargeted q || limited ||                   2 ||22.06548931833
   3   ||     sigma || limited ||      2.073362574875 ||0.1076876997512
   4   ||  Biomass1 || limited ||      12.33765358633 ||0.7923700239203
   5   ||  Biomass2 || limited ||      11.58867779996 ||0.7312347744016
   6   ||  vm_sigma || limited ||      44.16751907113 ||2.477236583872
   7   ||Recruit year 1 || limited ||      1.167680643435 ||0.08180865456552
   8   ||Recruit year 2 || limited ||      4.632773500371 ||0.3174538465998
   9   ||Recruit year 3 || limited ||      1.284398692261 ||0.08925967970806
  10   ||Recruit year 4 || limited ||      5.931726559285 ||0.4043932636098
  11   ||Mean Rec dist 1 || limited ||     0.2837073502017 ||0.01761428693331
  12   ||Mean Rec dist 2 || limited ||     0.4670523815265 ||0.006186247457665
  13   ||Mean Rec dist 3 || limited ||     0.3888499632906 ||0.0127355898221
  14   ||Mean Rec dist 4 || limited ||     0.2115901863061 ||0.005374469295004





