# Minimum negative log likelihood

Minuit did successfully converge.
# of function calls: 866
minimum function Value: 598.1176464152
minimum edm: 2.826093450598e-05
minimum internal state vector: LAVector parameters:
    -0.8849001329354
    -0.9349436164908
     -1.287002217587
      -1.15347290856
     -1.537935045453
     -1.539245728762
    -0.2749826103884
    -0.5742048594706
      -1.09651870303
      -1.23516711106
     -1.266018947961
     -1.356948110115

minimum internal covariance matrix: LASymMatrix parameters:
    0.024769606  -0.0010762667              0  0.00032673233 -0.00013368327 -9.7080036e-05  5.8650481e-05  4.4177162e-05   0.0007585369  0.00094762816  0.00061764063  0.00056746227
  -0.0010762667  6.0935628e-05              0 -1.4398836e-05   4.949774e-06  3.3824397e-06  3.3689401e-06 -5.4587249e-05 -3.1660063e-05 -4.0690108e-05 -2.6273921e-05 -2.4661034e-05
              0              0              2              0              0              0              0              0              0              0              0              0
  0.00032673233 -1.4398836e-05              0  0.00021654333  5.2062568e-07  5.4814025e-07 -7.2922884e-07  2.0313284e-05    8.40674e-06  8.6062499e-06  8.2393472e-06  5.6603355e-06
 -0.00013368327   4.949774e-06              0  5.2062568e-07  6.4857083e-06  5.0466878e-06 -4.3343782e-08 -6.1128252e-06 -2.7789702e-06 -4.0895917e-06 -2.4808723e-06 -2.4812323e-06
 -9.7080036e-05  3.3824397e-06              0  5.4814025e-07  5.0466878e-06  4.0224405e-06 -9.0460627e-08 -2.5465539e-06 -2.0226112e-06 -2.9178243e-06 -1.7342634e-06 -1.7581153e-06
  5.8650481e-05  3.3689401e-06              0 -7.2922884e-07 -4.3343782e-08 -9.0460627e-08  5.9753845e-06  -4.470655e-05  2.3029352e-06  1.6853032e-06   1.538194e-06  8.8726931e-07
  4.4177162e-05 -5.4587249e-05              0  2.0313284e-05 -6.1128252e-06 -2.5465539e-06  -4.470655e-05  0.00079201893 -6.8775221e-06  2.6653115e-06  1.1174405e-06  3.3729232e-06
   0.0007585369 -3.1660063e-05              0    8.40674e-06 -2.7789702e-06 -2.0226112e-06  2.3029352e-06 -6.8775221e-06  2.9870228e-05  2.8505041e-05  1.8665256e-05  1.6994894e-05
  0.00094762816 -4.0690108e-05              0  8.6062499e-06 -4.0895917e-06 -2.9178243e-06  1.6853032e-06  2.6653115e-06  2.8505041e-05  4.3160961e-05  2.2727046e-05  2.1620831e-05
  0.00061764063 -2.6273921e-05              0  8.2393472e-06 -2.4808723e-06 -1.7342634e-06   1.538194e-06  1.1174405e-06  1.8665256e-05  2.2727046e-05  2.2262205e-05  1.3675739e-05
  0.00056746227 -2.4661034e-05              0  5.6603355e-06 -2.4812323e-06 -1.7581153e-06  8.8726931e-07  3.3729232e-06  1.6994894e-05  2.1620831e-05  1.3675739e-05  2.0036816e-05


# ext. ||   Name    ||   type  ||     Value     ||  Error +/- 

   0   ||Natural mortality || limited ||    0.02565370653732 ||0.001758502658364
   1   ||Targeted q || limited ||      9.771720236682 ||0.163898618692
   2   ||Nontargeted q || limited ||                   2 ||22.06548931833
   3   ||     sigma || limited ||      4.291146376067 ||0.2108687846443
   4   ||  Biomass1 || limited ||     0.2699416598566 ||0.02958283603072
   5   ||  Biomass2 || limited ||     0.2488394159689 ||0.02236841533157
   6   ||   vm_mean || limited ||     -0.853037283793 ||0.005226208142477
   7   ||  vm_sigma || limited ||      18.27407786275 ||0.6682881577726
   8   ||Recruit year 1 || limited ||      5.528305114725 ||0.0882382530256
   9   ||Recruit year 2 || limited ||      2.799558218299 ||0.07649460849873
  10   ||Recruit year 3 || limited ||      2.314080541521 ||0.05005334371464
  11   ||Recruit year 4 || limited ||       1.14881230082 ||0.03358270308555





