# Minimum negative log likelihood

Minuit did successfully converge.
# of function calls: 1714
minimum function Value: 340.3249116868
minimum edm: 7.645780886518e-05
minimum internal state vector: LAVector parameters:
   -0.04009577552495
     -1.344531828756
     -1.287002217587
     -1.347397174341
     -1.472412554007
     -1.474902316128
     0.1393761023347
    -0.9487759551938
     -1.265173939633
     -1.082423650475
     -0.953575066882
    0.07456755845569
      0.102536804117
     0.0939858628163
     0.0213136374343

minimum internal covariance matrix: LASymMatrix parameters:
   0.0013865036 -0.00018040876              0 -1.2007068e-05  8.3069931e-05  7.9887447e-05 -0.00077235721  0.00062434809  0.00031025763  0.00048151312  0.00059227001  9.7357636e-06  6.4833943e-06  1.0749908e-05  8.9238017e-06
 -0.00018040876  2.6192168e-05              0  3.2402656e-06  -1.209618e-05 -1.1627188e-05  7.2947046e-05 -8.6704196e-05 -4.2121221e-05 -6.6911144e-05 -8.3303341e-05  -1.019706e-06 -9.6032212e-07  -1.099928e-06 -1.0521834e-06
              0              0              2              0              0              0              0              0              0              0              0              0              0              0              0
 -1.2007068e-05  3.2402656e-06              0  5.9790754e-05 -7.6542848e-07 -7.7503022e-07  9.9817706e-06 -8.4445734e-06 -3.4898491e-06 -6.8343297e-06 -1.0129848e-05  2.9057916e-08 -7.9911223e-07 -1.1200684e-07   1.970127e-07
  8.3069931e-05  -1.209618e-05              0 -7.6542848e-07  7.2626222e-06  6.8386479e-06 -3.8330004e-05  3.9979335e-05  1.9451103e-05  3.0815089e-05  3.8252332e-05  4.5609687e-07  4.7356788e-07  5.6738402e-07   4.782488e-07
  7.9887447e-05 -1.1627188e-05              0 -7.7503022e-07  6.8386479e-06  6.4546127e-06 -3.6242371e-05  3.8433414e-05  1.8693881e-05  2.9626171e-05  3.6789521e-05  4.4027319e-07  4.5827903e-07  5.3521587e-07  4.5655395e-07
 -0.00077235721  7.2947046e-05              0  9.9817706e-06 -3.8330004e-05 -3.6242371e-05   0.0028063124 -0.00028919012 -0.00015322858 -0.00021796135 -0.00027519391 -1.5465072e-05 -3.6469486e-06  -1.491871e-05 -1.3491943e-05
  0.00062434809 -8.6704196e-05              0 -8.4445734e-06  3.9979335e-05  3.8433414e-05 -0.00028919012  0.00029393195  0.00014296647  0.00022540832  0.00027945725  3.8268459e-06  3.2800828e-06   4.202752e-06   3.788847e-06
  0.00031025763 -4.2121221e-05              0 -3.4898491e-06  1.9451103e-05  1.8693881e-05 -0.00015322858  0.00014296647  7.2653451e-05  0.00011038071  0.00013645266  2.0073299e-06  9.0673941e-07  2.2953541e-06  1.9739406e-06
  0.00048151312 -6.6911144e-05              0 -6.8343297e-06  3.0815089e-05  2.9626171e-05 -0.00021796135  0.00022540832  0.00011038071  0.00017563224  0.00021531774  2.9879827e-06  2.4247952e-06  3.1980075e-06  2.9195786e-06
  0.00059227001 -8.3303341e-05              0 -1.0129848e-05  3.8252332e-05  3.6789521e-05 -0.00027519391  0.00027945725  0.00013645266  0.00021531774  0.00027178467  3.6013135e-06  3.0678679e-06  3.7328529e-06   3.805778e-06
  9.7357636e-06  -1.019706e-06              0  2.9057916e-08  4.5609687e-07  4.4027319e-07 -1.5465072e-05  3.8268459e-06  2.0073299e-06  2.9879827e-06  3.6013135e-06  2.5323392e-07  4.6144778e-08  1.3604723e-07  9.2074481e-08
  6.4833943e-06 -9.6032212e-07              0 -7.9911223e-07  4.7356788e-07  4.5827903e-07 -3.6469486e-06  3.2800828e-06  9.0673941e-07  2.4247952e-06  3.0678679e-06  4.6144778e-08  1.9236389e-06 -1.3892805e-08 -1.2616965e-08
  1.0749908e-05  -1.099928e-06              0 -1.1200684e-07  5.6738402e-07  5.3521587e-07  -1.491871e-05   4.202752e-06  2.2953541e-06  3.1980075e-06  3.7328529e-06  1.3604723e-07 -1.3892805e-08  5.0471135e-07  1.0170588e-07
  8.9238017e-06 -1.0521834e-06              0   1.970127e-07   4.782488e-07  4.5655395e-07 -1.3491943e-05   3.788847e-06  1.9739406e-06  2.9195786e-06   3.805778e-06  9.2074481e-08 -1.2616965e-08  1.0170588e-07  2.5844101e-07


# ext. ||   Name    ||   type  ||     Value     ||  Error +/- 

   0   ||Natural mortality || limited ||    0.04399787417705 ||0.0006576368422468
   1   ||Targeted q || limited ||      1.274439486959 ||0.04059234942909
   2   ||Nontargeted q || limited ||                   2 ||22.06548931833
   3   ||     sigma || limited ||      1.242499143487 ||0.06056656576646
   4   ||  Biomass1 || limited ||      2.417890438704 ||0.09358884797514
   5   ||  Biomass2 || limited ||      2.297154189805 ||0.08600338439294
   6   ||  vm_sigma || limited ||      45.55744230046 ||1.483453838289
   7   ||Recruit year 1 || limited ||      9.373919042531 ||0.3531451021522
   8   ||Recruit year 2 || limited ||      2.326774838404 ||0.09066510608231
   9   ||Recruit year 3 || limited ||       5.85453795598 ||0.2198141020755
  10   ||Recruit year 4 || limited ||      9.234584542277 ||0.3373038170307
  11   ||Mean Rec dist 1 || limited ||     0.7449847440757 ||0.003548439476491
  12   ||Mean Rec dist 2 || limited ||      1.023572233698 ||0.00975572735554
  13   ||Mean Rec dist 3 || limited ||     0.9384755569816 ||0.005001330460906
  14   ||Mean Rec dist 4 || limited ||     0.2131202377588 ||0.003593908854837





