# Minimum negative log likelihood

WARNING: Minuit did not converge.

# of function calls: 280
minimum function Value: 770.7345545886
minimum edm: 44.43163957592
minimum internal state vector: LAVector parameters:
    -0.6701651986493
     -1.005676913848
     -1.287002217587
    -0.9420635555465
     -1.535122034695
      -1.53778975536
    -0.1851895087366
     0.7497476382192
     -0.888909536913
      -1.04698708234
     -1.241409794018
     -1.049322257574

minimum internal covariance matrix: LASymMatrix parameters:
      1.2737579 -1.1027532e-05              0  0.00010415764  1.2267886e-06  1.4628527e-06  1.1764911e-05   0.0016897031  1.4121906e-05  4.3776485e-06 -5.6993335e-07  1.1481553e-05
 -1.1027532e-05      1.2737256              0  9.6763258e-05  1.4929292e-06  1.5450528e-06  1.9864038e-05   0.0033458861  2.3758062e-05  5.0810664e-06 -2.5563372e-06  1.9523613e-05
              0              0      3.2737138              0              0              0              0              0              0              0              0              0
  0.00010415764  9.6763258e-05              0      1.2741746  3.5971375e-06  2.0202599e-06 -2.9234686e-05  -0.0096823316 -5.7981239e-05  2.3932688e-05   3.133072e-05  -5.506894e-05
  1.2267886e-06  1.4929292e-06              0  3.5971375e-06      1.2737142  1.1757923e-07 -3.2859471e-07 -0.00011675773 -4.5829614e-07  2.6202554e-07  3.3110282e-07 -5.0526728e-07
  1.4628527e-06  1.5450528e-06              0  2.0202599e-06  1.1757923e-07      1.2737141  -6.294949e-07 -0.00018578147 -1.3771576e-06  1.7021427e-07  4.4331872e-07 -1.1946039e-06
  1.1764911e-05  1.9864038e-05              0 -2.9234686e-05 -3.2859471e-07  -6.294949e-07      1.2737152 -0.00071516946 -8.9110398e-06  1.6580934e-06  3.3699503e-06 -8.5254233e-06
   0.0016897031   0.0033458861              0  -0.0096823316 -0.00011675773 -0.00018578147 -0.00071516946       1.000002  -0.0021919435  -3.939732e-06  0.00053208006  -0.0019174017
  1.4121906e-05  2.3758062e-05              0 -5.7981239e-05 -4.5829614e-07 -1.3771576e-06 -8.9110398e-06  -0.0021919435      1.2737559 -3.8124964e-07  4.0796159e-06  -1.503859e-05
  4.3776485e-06  5.0810664e-06              0  2.3932688e-05  2.6202554e-07  1.7021427e-07  1.6580934e-06  -3.939732e-06 -3.8124964e-07      1.2737751   1.857508e-06 -9.3587988e-07
 -5.6993335e-07 -2.5563372e-06              0   3.133072e-05  3.3110282e-07  4.4331872e-07  3.3699503e-06  0.00053208006  4.0796159e-06   1.857508e-06      1.2737657  3.2018264e-06
  1.1481553e-05  1.9523613e-05              0  -5.506894e-05 -5.0526728e-07 -1.1946039e-06 -8.5254233e-06  -0.0019174017  -1.503859e-05 -9.3587988e-07  3.2018264e-06      1.2737572


# ext. ||   Name    ||   type  ||     Value     ||  Error +/- 

   0   ||Natural mortality || limited ||    0.05683268027356 ||0.08417072569018
   1   ||Targeted q || limited ||      7.773767058929 ||19.17114744228
   2   ||Nontargeted q || limited ||                   2 ||60.40007414849
   3   ||     sigma || limited ||      9.561327975226 ||21.05721126406
   4   ||  Biomass1 || limited ||     0.3181300379048 ||150.8458590249
   5   ||  Biomass2 || limited ||     0.2723337139964 ||150.8596674182
   6   ||   vm_mean || limited ||    -0.5784702681981 ||2.210871744568
   7   ||  vm_sigma || limited ||      67.25832279351 ||19.01753210563
   8   ||Recruit year 1 || limited ||      11.18963517119 ||22.56081453397
   9   ||Recruit year 2 || limited ||      6.713322091971 ||17.90467876821
  10   ||Recruit year 3 || limited ||      2.697683441036 ||14.28185819362
  11   ||Recruit year 4 || limited ||      6.655045359401 ||17.83214978646



WARNING: FunctionMinimum is invalid: 
	 Edm is above max


