# Minimum negative log likelihood

Minuit did successfully converge.
# of function calls: 913
minimum function Value: 343.2958245158
minimum edm: 4.30738460394e-05
minimum internal state vector: LAVector parameters:
     0.1212644030767
     -1.232216255176
     -1.287002217587
     -1.345749819763
     -1.412406954328
     -1.417432111287
    0.02371091602964
    -0.9733878775416
    -0.9697782801803
     -1.053942201564
    -0.9650564471044
     -1.017671514547

minimum internal covariance matrix: LASymMatrix parameters:
   0.0035220411 -0.00046026964              0 -1.3104305e-05  0.00021107931  0.00020160329 -1.2021843e-05  2.5389372e-05  0.00087328656  0.00066817179  0.00081861279  0.00072910965
 -0.00046026964  6.4066095e-05              0   1.498429e-06 -2.9038758e-05 -2.7771248e-05  3.2936613e-06  -1.175141e-05  -0.0001177356 -8.9900609e-05 -0.00011038842 -9.8559918e-05
              0              0              2              0              0              0              0              0              0              0              0              0
 -1.3104305e-05   1.498429e-06              0  6.2432022e-05 -7.0702131e-07 -7.0596021e-07 -3.4362125e-07  2.8844691e-06 -3.0703547e-06 -2.3017444e-06 -2.8085094e-06 -2.5872485e-06
  0.00021107931 -2.9038758e-05              0 -7.0702131e-07  1.4141123e-05  1.3408613e-05 -1.3855353e-06  4.4551792e-06  5.3870523e-05  4.1007557e-05  5.0286034e-05  4.4972912e-05
  0.00020160329 -2.7771248e-05              0 -7.0596021e-07  1.3408613e-05   1.273556e-05 -1.3309648e-06   4.384823e-06  5.1436255e-05  3.9193012e-05  4.8062177e-05  4.2979957e-05
 -1.2021843e-05  3.2936613e-06              0 -3.4362125e-07 -1.3855353e-06 -1.3309648e-06   1.448239e-06 -5.2698809e-06 -4.5763081e-06 -3.4200615e-06 -4.2557889e-06  -3.909231e-06
  2.5389372e-05  -1.175141e-05              0  2.8844691e-06  4.4551792e-06   4.384823e-06 -5.2698809e-06  3.7991141e-05  1.3782864e-05  1.0380014e-05  1.3273637e-05  1.1921748e-05
  0.00087328656  -0.0001177356              0 -3.0703547e-06  5.3870523e-05  5.1436255e-05 -4.5763081e-06  1.3782864e-05  0.00022122782  0.00016793145  0.00020614427  0.00018375845
  0.00066817179 -8.9900609e-05              0 -2.3017444e-06  4.1007557e-05  3.9193012e-05 -3.4200615e-06  1.0380014e-05  0.00016793145  0.00012960685  0.00015748971  0.00014046304
  0.00081861279 -0.00011038842              0 -2.8085094e-06  5.0286034e-05  4.8062177e-05 -4.2557889e-06  1.3273637e-05  0.00020614427  0.00015748971  0.00019439258  0.00017223088
  0.00072910965 -9.8559918e-05              0 -2.5872485e-06  4.4972912e-05  4.2979957e-05  -3.909231e-06  1.1921748e-05  0.00018375845  0.00014046304  0.00017223088  0.00015506528


# ext. ||   Name    ||   type  ||     Value     ||  Error +/- 

   0   ||Natural mortality || limited ||    0.04802418553888 ||0.001041103064939
   1   ||Targeted q || limited ||      2.838637861661 ||0.09399366906127
   2   ||Nontargeted q || limited ||                   2 ||22.06548931833
   3   ||     sigma || limited ||      1.260813499997 ||0.06233854183586
   4   ||  Biomass1 || limited ||      6.258697469257 ||0.2097032132723
   5   ||  Biomass2 || limited ||      5.868629310948 ||0.1927452954864
   6   ||   vm_mean || limited ||    0.07448305999449 ||0.002672593109141
   7   ||  vm_sigma || limited ||       6.92906774351 ||0.09806255007657
   8   ||Recruit year 1 || limited ||      8.771106054085 ||0.2973326068554
   9   ||Recruit year 2 || limited ||      6.540446610351 ||0.1988738032254
  10   ||Recruit year 3 || limited ||      8.905057553587 ||0.2806333756055
  11   ||Recruit year 4 || limited ||      7.464901282875 ||0.2312655133609





