# Minimum negative log likelihood

Minuit did successfully converge.
# of function calls: 601
minimum function Value: 387.6541012327
minimum edm: 2.714733131842e-05
minimum internal state vector: LAVector parameters:
     -1.205695909528
     -1.287002217587
     -1.821235240105
     -1.477747787778
     -1.481331155585
    0.07459097301687
     0.5028768185806
     -1.391622769457
     -1.045661404519
    -0.9874940974697
     -1.341833873132

minimum internal covariance matrix: LASymMatrix parameters:
  2.1661887e-06              0 -2.7365506e-06 -7.1496963e-07 -6.4819537e-07   1.898056e-07 -3.8449993e-05 -4.8886918e-07 -1.4634567e-06 -1.4822003e-06 -7.5455226e-07
              0      2.4590756              0              0              0              0              0              0              0              0              0
 -2.7365506e-06              0  0.00011334519  3.2130043e-06  2.7998061e-06 -6.0686478e-07  6.2312927e-05  1.1212427e-06  3.2926324e-06  4.4421472e-06  2.0736133e-06
 -7.1496963e-07              0  3.2130043e-06  1.7312121e-06    1.46986e-06 -9.2208726e-08  1.6233856e-05  2.7846088e-07  5.1570929e-07  6.3410491e-07  3.7052899e-07
 -6.4819537e-07              0  2.7998061e-06    1.46986e-06  1.2560998e-06 -8.3113745e-08  1.4715879e-05   2.349643e-07  4.6851869e-07  5.7558586e-07  3.1953702e-07
   1.898056e-07              0 -6.0686478e-07 -9.2208726e-08 -8.3113745e-08   1.020724e-07 -1.3387821e-05 -6.2719323e-08 -1.6746406e-07 -2.0101938e-07 -1.1074068e-07
 -3.8449993e-05              0  6.2312927e-05  1.6233856e-05  1.4715879e-05 -1.3387821e-05   0.0041024003  1.2698411e-05  3.6511518e-05  4.0501305e-05  1.5958316e-05
 -4.8886918e-07              0  1.1212427e-06  2.7846088e-07   2.349643e-07 -6.2719323e-08  1.2698411e-05  1.8830651e-06  2.0036456e-07  5.8364867e-07 -4.9270196e-08
 -1.4634567e-06              0  3.2926324e-06  5.1570929e-07  4.6851869e-07 -1.6746406e-07  3.6511518e-05  2.0036456e-07  3.0382963e-06  1.0727773e-06  8.6872629e-07
 -1.4822003e-06              0  4.4421472e-06  6.3410491e-07  5.7558586e-07 -2.0101938e-07  4.0501305e-05  5.8364867e-07  1.0727773e-06  3.1566215e-06  1.5738231e-07
 -7.5455226e-07              0  2.0736133e-06  3.7052899e-07  3.1953702e-07 -1.1074068e-07  1.5958316e-05 -4.9270196e-08  8.6872629e-07  1.5738231e-07  4.3595353e-06


# ext. ||   Name    ||   type  ||     Value     ||  Error +/- 

   0   ||Targeted q || limited ||       3.29560437087 ||0.01857905860606
   1   ||Nontargeted q || limited ||                   2 ||57.03701520254
   2   ||     sigma || limited ||      1.559813025232 ||0.09328352244958
   3   ||  Biomass1 || limited ||      2.162946406161 ||0.04322278706051
   4   ||  Biomass2 || limited ||      1.999669898332 ||0.03540311881617
   5   ||   vm_mean || limited ||     0.7452182388225 ||0.002252837497299
   6   ||  vm_sigma || limited ||       59.2781869083 ||1.586767168227
   7   ||Recruit year 1 || limited ||     0.8103542334574 ||0.008645535335931
   8   ||Recruit year 2 || limited ||       6.74651083415 ||0.0308922832316
   9   ||Recruit year 3 || limited ||      8.276753652032 ||0.03459420452107
  10   ||Recruit year 4 || limited ||      1.314749105527 ||0.01675307644181





