# Minimum negative log likelihood

Minuit did successfully converge.
# of function calls: 1536
minimum function Value: 228.8621223886
minimum edm: 6.637916940395e-05
minimum internal state vector: LAVector parameters:
       1.07546736902
     -1.356876881891
     -1.287002217587
    -0.4452402476632
     -1.090407304011
     -1.038503419913
    -0.3195546428304
     -1.119775455437
     -1.260183668609
    -0.6829709694244
    -0.2674841247682
    -0.6247301026933

minimum internal covariance matrix: LASymMatrix parameters:
     0.54504747   -0.050778791              0   0.0013891777     0.12407218     0.13977746 -2.0319133e-07    0.012450476     0.10823038     0.26434607     0.42812795      0.2859907
   -0.050778791   0.0055624224              0 -0.00030736272   -0.014206066    -0.01518597  1.5376153e-08  -0.0018458274   -0.009744437   -0.027894427   -0.044462482   -0.029707682
              0              0              2              0              0              0              0              0              0              0              0              0
   0.0013891777 -0.00030736272              0   0.0081041336  0.00071299648  0.00074110558 -2.6349329e-09  0.00030015352  0.00068008137   0.0013080286    0.002479016   0.0010272421
     0.12407218   -0.014206066              0  0.00071299648    0.039987565    0.040239798 -3.3255155e-08   0.0049276911    0.024900244    0.069820877     0.11321632    0.073985324
     0.13977746    -0.01518597              0  0.00074110558    0.040239798    0.042239615 -4.1788603e-08   0.0049767428     0.02735876     0.07601118     0.12217533    0.080861558
 -2.0319133e-07  1.5376153e-08              0 -2.6349329e-09 -3.3255155e-08 -4.1788603e-08  1.3452103e-12  3.3647389e-09 -4.9663872e-08 -8.2196077e-08 -1.3900479e-07 -9.5189772e-08
    0.012450476  -0.0018458274              0  0.00030015352   0.0049276911   0.0049767428  3.3647389e-09   0.0033466677  0.00092919213   0.0092201361    0.014034975   0.0089092193
     0.10823038   -0.009744437              0  0.00068008137    0.024900244     0.02735876 -4.9663872e-08  0.00092919213    0.056743314    0.042957065     0.08749193    0.050130733
     0.26434607   -0.027894427              0   0.0013080286    0.069820877     0.07601118 -8.2196077e-08   0.0092201361    0.042957065     0.14427136     0.22385996     0.15274058
     0.42812795   -0.044462482              0    0.002479016     0.11321632     0.12217533 -1.3900479e-07    0.014034975     0.08749193     0.22385996     0.36534785     0.23940012
      0.2859907   -0.029707682              0   0.0010272421    0.073985324    0.080861558 -9.5189772e-08   0.0089092193    0.050130733     0.15274058     0.23940012     0.16645199


# ext. ||   Name    ||   type  ||     Value     ||  Error +/- 

   0   ||Natural mortality || limited ||     0.2819718595308 ||0.03555267085507
   1   ||Targeted q || limited ||      1.139682127282 ||0.55952374767
   2   ||Nontargeted q || limited ||                   2 ||22.06548931833
   3   ||     sigma || limited ||      28.46626410104 ||2.870553527762
   4   ||  Biomass1 || limited ||      56.59239347745 ||32.56327191314
   5   ||  Biomass2 || limited ||      69.17716870815 ||36.74769506471
   6   ||   vm_mean || limited ||      -3.14143780635 ||7.786066065663e-06
   7   ||  vm_sigma || limited ||      4.000846426846 ||0.7130109598118
   8   ||Recruit year 1 || limited ||        2.4024360076 ||2.561689279281
   9   ||Recruit year 2 || limited ||      18.45313598576 ||10.29110755136
  10   ||Recruit year 3 || limited ||      36.79102814111 ||19.98645350113
  11   ||Recruit year 4 || limited ||      20.76400564834 ||11.53721062256





