# Minimum negative log likelihood

Minuit did successfully converge.
# of function calls: 561
minimum function Value: 572.9231831778
minimum edm: 7.610448977419e-05
minimum internal state vector: LAVector parameters:
    -0.7130803834079
       -1.1749319755
     -1.287002217587
     -1.178291906417
     -1.521215799416
     -1.522099957615
     -0.594715091851
     -1.016194890044
       -1.0547851156
     -1.009735554474
      -1.19707214782
      -1.24657018004

minimum internal covariance matrix: LASymMatrix parameters:
   0.0026585129  -0.0013936596              0  2.5168984e-05   0.0002251691  0.00018988062  1.2751603e-05 -0.00015139623   0.0020250692    0.001894886   0.0012705058   0.0012555862
  -0.0013936596  0.00075905699              0 -1.5634519e-05  -0.0001219573 -0.00010369452  7.7139301e-06  2.6927623e-05  -0.0010774942   -0.001008222 -0.00067565406 -0.00066902131
              0              0              2              0              0              0              0              0              0              0              0              0
  2.5168984e-05 -1.5634519e-05              0  0.00018335156   3.047211e-06  2.6215056e-06 -2.3685172e-06  7.0653016e-06  2.0084796e-05  1.8959236e-05  1.4584174e-05  1.2126447e-05
   0.0002251691  -0.0001219573              0   3.047211e-06  4.8910445e-05  3.6210141e-05 -3.6971376e-06 -8.2677803e-06  0.00018720778  0.00016291975  0.00010984165  0.00010766121
  0.00018988062 -0.00010369452              0  2.6215056e-06  3.6210141e-05  2.8242977e-05 -2.2534115e-06 -2.4532856e-06  0.00015354436  0.00013769054  9.2823128e-05  9.1099291e-05
  1.2751603e-05  7.7139301e-06              0 -2.3685172e-06 -3.6971376e-06 -2.2534115e-06   1.621308e-05 -3.3690094e-05 -1.5796749e-06   1.842318e-06  3.9785088e-07  1.0078242e-06
 -0.00015139623  2.6927623e-05              0  7.0653016e-06 -8.2677803e-06 -2.4532856e-06 -3.3690094e-05  0.00022970838 -9.6877387e-05 -8.1852262e-05 -5.4145601e-05 -5.3048634e-05
   0.0020250692  -0.0010774942              0  2.0084796e-05  0.00018720778  0.00015354436 -1.5796749e-06 -9.6877387e-05   0.0015725116   0.0014519045  0.00097380879  0.00096276697
    0.001894886   -0.001008222              0  1.8959236e-05  0.00016291975  0.00013769054   1.842318e-06 -8.1852262e-05   0.0014519045   0.0013675235  0.00091025125  0.00090021662
   0.0012705058 -0.00067565406              0  1.4584174e-05  0.00010984165  9.2823128e-05  3.9785088e-07 -5.4145601e-05  0.00097380879  0.00091025125  0.00061980869  0.00060240089
   0.0012555862 -0.00066902131              0  1.2126447e-05  0.00010766121  9.1099291e-05  1.0078242e-06 -5.3048634e-05  0.00096276697  0.00090021662  0.00060240089  0.00060766865


# ext. ||   Name    ||   type  ||     Value     ||  Error +/- 

   0   ||Natural mortality || limited ||    0.05187499198172 ||0.004135446964681
   1   ||Targeted q || limited ||      3.866819491932 ||0.375585077443
   2   ||Nontargeted q || limited ||                   2 ||22.06548931833
   3   ||     sigma || limited ||      3.802299566548 ||0.1831159546321
   4   ||  Biomass1 || limited ||      0.614431290599 ||0.1225426412796
   5   ||  Biomass2 || limited ||     0.5927169513377 ||0.09146062075599
   6   ||   vm_mean || limited ||     -1.760148866924 ||0.007408989627959
   7   ||  vm_sigma || limited ||      5.996509335455 ||0.2257377810163
   8   ||Recruit year 1 || limited ||      6.519637937518 ||0.6916137717243
   9   ||Recruit year 2 || limited ||      7.674675114767 ||0.6955209428819
  10   ||Recruit year 3 || limited ||       3.46094673699 ||0.3213009773753
  11   ||Recruit year 4 || limited ||      2.614862448686 ||0.277610037606





