# Minimum negative log likelihood

Minuit did successfully converge.
# of function calls: 652
minimum function Value: 670.0840600917
minimum edm: 1.774477793288e-05
minimum internal state vector: LAVector parameters:
     -0.418327704472
     -1.078542771876
     -1.287002217587
     -1.073129389235
     -1.541844209389
      -1.54083529907
    -0.7836416119978
    -0.6281965849906
     -1.032443718286
    -0.9715780077351
     -1.214404937084
     -1.132420277463

minimum internal covariance matrix: LASymMatrix parameters:
    0.072739351  -0.0055040345              0  3.4178945e-05   0.0002581518  0.00032831631  0.00017166803 -0.00067221541   0.0056175426    0.007346748   0.0041862828    0.005372915
  -0.0055040345  0.00043113063              0 -1.7610514e-06 -2.0734607e-05 -2.6123375e-05 -4.2059139e-06 -1.0567252e-05 -0.00042596206 -0.00055889652 -0.00031769209 -0.00040832475
              0              0              2              0              0              0              0              0              0              0              0              0
  3.4178945e-05 -1.7610514e-06              0  0.00032446326 -1.0554215e-06  2.1847379e-06  2.3232106e-06 -1.4430413e-05 -3.8620938e-06  3.5276007e-06  2.3169532e-06  2.7933295e-06
   0.0002581518 -2.0734607e-05              0 -1.0554215e-06  6.3611396e-05  2.7868715e-05  -7.422661e-07 -1.8512458e-05  5.2160365e-05  2.7319436e-05  1.5144966e-05  1.9718129e-05
  0.00032831631 -2.6123375e-05              0  2.1847379e-06  2.7868715e-05   2.009521e-05   8.002841e-07  7.8853386e-06  2.8299134e-05  3.4231327e-05  1.9257673e-05  2.4699827e-05
  0.00017166803 -4.2059139e-06              0  2.3232106e-06  -7.422661e-07   8.002841e-07  1.5126216e-05 -7.3627801e-05  1.1449382e-05  1.5434136e-05  9.4199534e-06   1.118447e-05
 -0.00067221541 -1.0567252e-05              0 -1.4430413e-05 -1.8512458e-05  7.8853386e-06 -7.3627801e-05   0.0012105625 -0.00010519009 -5.5485546e-05 -3.8619938e-05 -3.9667659e-05
   0.0056175426 -0.00042596206              0 -3.8620938e-06  5.2160365e-05  2.8299134e-05  1.1449382e-05 -0.00010519009  0.00048370463  0.00056733702  0.00032350039  0.00041473898
    0.007346748 -0.00055889652              0  3.5276007e-06  2.7319436e-05  3.4231327e-05  1.5434136e-05 -5.5485546e-05  0.00056733702   0.0007588967  0.00042256725   0.0005433332
   0.0041862828 -0.00031769209              0  2.3169532e-06  1.5144966e-05  1.9257673e-05  9.4199534e-06 -3.8619938e-05  0.00032350039  0.00042256725  0.00025686265  0.00030865884
    0.005372915 -0.00040832475              0  2.7933295e-06  1.9718129e-05  2.4699827e-05   1.118447e-05 -3.9667659e-05  0.00041473898   0.0005433332  0.00030865884   0.0004138871


# ext. ||   Name    ||   type  ||     Value     ||  Error +/- 

   0   ||Natural mortality || limited ||    0.03484417677365 ||0.004330227191241
   1   ||Targeted q || limited ||      5.936498112217 ||0.3469361672111
   2   ||Nontargeted q || limited ||                   2 ||22.06548931833
   3   ||     sigma || limited ||       6.06506489131 ||0.304009614469
   4   ||  Biomass1 || limited ||     0.2095416380373 ||0.08162812584436
   5   ||  Biomass2 || limited ||     0.2243990085961 ||0.04747798589164
   6   ||   vm_mean || limited ||     -2.217535967866 ||0.00611992358254
   7   ||  vm_sigma || limited ||      16.49333017304 ||0.7961327180808
   8   ||Recruit year 1 || limited ||      7.081567753917 ||0.3986267220288
   9   ||Recruit year 2 || limited ||      8.720292234973 ||0.5492275979701
  10   ||Recruit year 3 || limited ||      3.151588425123 ||0.197672876861
  11   ||Recruit year 4 || limited ||      4.737418481751 ||0.3052700267763





