# Minimum negative log likelihood

Minuit did successfully converge.
# of function calls: 452
minimum function Value: 710.225200749
minimum edm: 7.590000948723e-05
minimum internal state vector: LAVector parameters:
     0.4278642242764
     -1.090338132954
     -1.287002217587
     -1.021432875694
     -1.544103323925
     -1.545009722905
   -0.07616819575919
    -0.2309640256639
     -1.183443062665
     -1.054740220422
     -1.041360737594
    -0.9643781986626

minimum internal covariance matrix: LASymMatrix parameters:
   0.0034055267 -0.00016591863              0 -9.1002911e-05 -0.00021597401  -0.0001798205  3.0737553e-05 -0.00063997904   0.0001506551  0.00024124374  0.00024028965  0.00025071316
 -0.00016591863  3.5505411e-05              0  4.5872492e-07    1.67615e-05  1.3882625e-05  5.3570912e-06 -0.00011530538 -1.3329032e-05 -2.0772257e-05 -2.0274764e-05 -2.5930072e-05
              0              0              2              0              0              0              0              0              0              0              0              0
 -9.1002911e-05  4.5872492e-07              0   0.0004108524  3.0125186e-06  2.5639855e-06 -1.7359189e-06  0.00019125914  1.1363408e-06 -4.3138395e-07 -8.4012292e-06  1.0828965e-06
 -0.00021597401    1.67615e-05              0  3.0125186e-06  2.0412819e-05  1.6725062e-05 -5.3504682e-07  3.3771278e-06 -1.2599367e-05 -2.0114705e-05 -1.9700225e-05 -2.1511534e-05
  -0.0001798205  1.3882625e-05              0  2.5639855e-06  1.6725062e-05   1.394367e-05 -4.5230227e-07  4.3299007e-06  -1.059575e-05 -1.6697967e-05   -1.64294e-05 -1.7896253e-05
  3.0737553e-05  5.3570912e-06              0 -1.7359189e-06 -5.3504682e-07 -4.5230227e-07  6.6697305e-06 -0.00011560086  6.2325241e-07  -6.236377e-07 -7.1688553e-07  -9.288065e-07
 -0.00063997904 -0.00011530538              0  0.00019125914  3.3771278e-06  4.3299007e-06 -0.00011560086    0.004633292 -1.5944738e-06  1.9623789e-05  2.3802554e-05  5.3284772e-05
   0.0001506551 -1.3329032e-05              0  1.1363408e-06 -1.2599367e-05  -1.059575e-05  6.2325241e-07 -1.5944738e-06  5.4765678e-05  8.3992679e-06  7.0992773e-06  1.4107905e-05
  0.00024124374 -2.0772257e-05              0 -4.3138395e-07 -2.0114705e-05 -1.6697967e-05  -6.236377e-07  1.9623789e-05  8.3992679e-06  6.6287656e-05  1.0265955e-05  2.0867929e-05
  0.00024028965 -2.0274764e-05              0 -8.4012292e-06 -1.9700225e-05   -1.64294e-05 -7.1688553e-07  2.3802554e-05  7.0992773e-06  1.0265955e-05  6.0037773e-05  2.4061061e-05
  0.00025071316 -2.5930072e-05              0  1.0828965e-06 -2.1511534e-05 -1.7896253e-05  -9.288065e-07  5.3284772e-05  1.4107905e-05  2.0867929e-05  2.4061061e-05  5.8427445e-05


# ext. ||   Name    ||   type  ||     Value     ||  Error +/- 

   0   ||Natural mortality || limited ||    0.05537321265345 ||0.000938351642266
   1   ||Targeted q || limited ||       5.66083773479 ||0.09736824742234
   2   ||Nontargeted q || limited ||                   2 ||22.06548931833
   3   ||     sigma || limited ||      7.357146735104 ||0.3741740949491
   4   ||  Biomass1 || limited ||     0.1781185241478 ||0.04263356178427
   5   ||  Biomass2 || limited ||     0.1662280236422 ||0.03403996181706
   6   ||   vm_mean || limited ||    -0.2390581346402 ||0.005720417889559
   7   ||  vm_sigma || limited ||      30.84397218412 ||1.873391920667
   8   ||Recruit year 1 || limited ||      3.714025689966 ||0.09882248383442
   9   ||Recruit year 2 || limited ||      6.520745467505 ||0.1420273270018
  10   ||Recruit year 3 || limited ||      6.854702383852 ||0.1383416239208
  11   ||Recruit year 4 || limited ||      8.924373806461 ||0.1540060706047





