# Minimum negative log likelihood

Minuit did successfully converge.
# of function calls: 1298
minimum function Value: 416.1265675413
minimum edm: 4.730711332393e-06
minimum internal state vector: LAVector parameters:
       3.34272870867
    -0.9482664672292
     -1.287002217587
     -1.302482084699
      -1.48257235567
     -1.493079123294
     0.4654990328347
   -0.06977964635836
     -1.194527169773
     -1.051214047812
     -1.186177010991
    -0.9440567302287

minimum internal covariance matrix: LASymMatrix parameters:
    0.010612694   0.0008467322              0 -4.0539061e-05  -0.0001025857 -0.00010284894 -2.0476856e-05  0.00040827493 -0.00047729673 -0.00071551131 -0.00061827598 -0.00089651566
   0.0008467322  6.9549619e-05              0 -3.9535145e-06 -8.4489134e-06 -8.4440701e-06 -1.2698229e-06  2.6040955e-05  -3.822931e-05  -5.725999e-05 -4.9410323e-05 -7.2231521e-05
              0              0              2              0              0              0              0              0              0              0              0              0
 -4.0539061e-05 -3.9535145e-06              0  9.9691884e-05  6.3720259e-07  5.4187172e-07  8.2027084e-08 -8.4256022e-06  1.5072502e-06  3.1691614e-06  1.5302403e-06    2.84294e-06
  -0.0001025857 -8.4489134e-06              0  6.3720259e-07  1.6906808e-06  1.5248656e-06  1.5043675e-07 -3.0586971e-06  4.6276854e-06  6.9495462e-06  5.9825929e-06  8.7653778e-06
 -0.00010284894 -8.4440701e-06              0  5.4187172e-07  1.5248656e-06  1.4104429e-06  1.5275268e-07 -3.0327547e-06  4.6349406e-06  6.9653926e-06  6.0010057e-06  8.7828533e-06
 -2.0476856e-05 -1.2698229e-06              0  8.2027084e-08  1.5043675e-07  1.5275268e-07  3.5726256e-07 -6.0797849e-06  8.8430254e-07  1.3337261e-06  1.1595622e-06  1.6865467e-06
  0.00040827493  2.6040955e-05              0 -8.4256022e-06 -3.0586971e-06 -3.0327547e-06 -6.0797849e-06  0.00026638872 -1.7671856e-05 -2.7013833e-05   -2.23404e-05 -3.2255472e-05
 -0.00047729673  -3.822931e-05              0  1.5072502e-06  4.6276854e-06  4.6349406e-06  8.8430254e-07 -1.7671856e-05  2.2819208e-05  3.2153336e-05  2.7833958e-05  4.0320515e-05
 -0.00071551131  -5.725999e-05              0  3.1691614e-06  6.9495462e-06  6.9653926e-06  1.3337261e-06 -2.7013833e-05  3.2153336e-05   4.967042e-05  4.1664396e-05  6.0515719e-05
 -0.00061827598 -4.9410323e-05              0  1.5302403e-06  5.9825929e-06  6.0010057e-06  1.1595622e-06   -2.23404e-05  2.7833958e-05  4.1664396e-05  3.7416563e-05  5.2338142e-05
 -0.00089651566 -7.2231521e-05              0    2.84294e-06  8.7653778e-06  8.7828533e-06  1.6865467e-06 -3.2255472e-05  4.0320515e-05  6.0515719e-05  5.2338142e-05  7.8020463e-05


# ext. ||   Name    ||   type  ||     Value     ||  Error +/- 

   0   ||Natural mortality || limited ||    0.04000543470084 ||0.001782825968334
   1   ||Targeted q || limited ||      9.379704180758 ||0.171924262588
   2   ||Nontargeted q || limited ||                   2 ||22.06548931833
   3   ||     sigma || limited ||      1.789041431572 ||0.09358397095658
   4   ||  Biomass1 || limited ||       1.94460546455 ||0.04050501735886
   5   ||  Biomass2 || limited ||      1.509231058786 ||0.03259962422933
   6   ||   vm_mean || limited ||       1.41016289906 ||0.001186507939331
   7   ||  vm_sigma || limited ||      37.21161359569 ||0.4605000129659
   8   ||Recruit year 1 || limited ||      3.507549446421 ||0.06205303921988
   9   ||Recruit year 2 || limited ||       6.60800707157 ||0.1237067312436
  10   ||Recruit year 3 || limited ||      3.662567959588 ||0.08113575489918
  11   ||Recruit year 4 || limited ||      9.511846733037 ||0.183141308833





