# Minimum negative log likelihood

Minuit did successfully converge.
# of function calls: 1589
minimum function Value: 562.5176153869
minimum edm: 1.559098227207e-05
minimum internal state vector: LAVector parameters:
      1.164225978676
     -1.096769035869
     -1.287002217587
        -1.188122138
      -1.45136027536
     -1.459189399044
    -0.4823360546079
    -0.9878657436055
    -0.9640939763011
     -1.007451428357
    -0.9367145667535
    0.03420785405495
    0.03580160353905
    0.02988367109601
     0.1080155470993

minimum internal covariance matrix: LASymMatrix parameters:
     0.03916247  -0.0014142218              0  9.7889654e-05  0.00038172869  0.00034445605  -0.0016887672   0.0022412786   0.0023470248    0.002132282   0.0026839753  6.4862716e-05   6.432255e-05  6.3475624e-05  6.7849596e-05
  -0.0014142218  6.0958472e-05              0  -3.347875e-06 -1.6458203e-05 -1.4774963e-05  3.7834425e-05 -8.6470766e-05 -9.0391821e-05 -8.2229653e-05 -0.00010704289 -1.5684598e-06 -1.6281467e-06 -1.5619724e-06 -2.0127081e-06
              0              0              2              0              0              0              0              0              0              0              0              0              0              0              0
  9.7889654e-05  -3.347875e-06              0  0.00018365338  1.2778686e-06  1.1866664e-06 -5.2899533e-06  5.8258724e-06  6.1784866e-06  5.8238081e-06  7.1726563e-06  2.5922873e-07  2.4042859e-07  4.9698992e-07 -6.5140207e-08
  0.00038172869 -1.6458203e-05              0  1.2778686e-06  9.2274683e-06  7.8119342e-06 -1.1412802e-05  2.3411089e-05  2.4422778e-05  2.2050253e-05  2.9203167e-05  4.0545324e-07  4.5309027e-07  4.2816848e-07  5.7368333e-07
  0.00034445605 -1.4774963e-05              0  1.1866664e-06  7.8119342e-06  6.6892214e-06 -1.0179533e-05  2.1063231e-05   2.199689e-05  1.9874879e-05  2.6257068e-05  3.7447563e-07  4.0971617e-07  3.9046184e-07  5.1459011e-07
  -0.0016887672  3.7834425e-05              0 -5.2899533e-06 -1.1412802e-05 -1.0179533e-05  0.00042502373 -8.4409209e-05 -8.8234038e-05 -8.0806389e-05 -9.4210356e-05 -8.2933265e-06 -8.0768064e-06 -7.9143847e-06 -8.0602453e-06
   0.0022412786 -8.6470766e-05              0  5.8258724e-06  2.3411089e-05  2.1063231e-05 -8.4409209e-05  0.00014200694  0.00013757008  0.00012503554  0.00015917872  3.3754548e-06  3.3204722e-06  3.2360337e-06  3.6549121e-06
   0.0023470248 -9.0391821e-05              0  6.1784866e-06  2.4422778e-05   2.199689e-05 -8.8234038e-05  0.00013757008  0.00015465497  0.00013067851  0.00016646188  3.4501398e-06  3.5539918e-06  3.3774609e-06  3.8255049e-06
    0.002132282 -8.2229653e-05              0  5.8238081e-06  2.2050253e-05  1.9874879e-05 -8.0806389e-05  0.00012503554  0.00013067851  0.00012955638  0.00015151835   3.113281e-06  3.1499372e-06  3.2335639e-06  3.4752748e-06
   0.0026839753 -0.00010704289              0  7.1726563e-06  2.9203167e-05  2.6257068e-05 -9.4210356e-05  0.00015917872  0.00016646188  0.00015151835  0.00021155757  3.6777119e-06   3.750258e-06   3.509985e-06  4.5764024e-06
  6.4862716e-05 -1.5684598e-06              0  2.5922873e-07  4.0545324e-07  3.7447563e-07 -8.2933265e-06  3.3754548e-06  3.4501398e-06   3.113281e-06  3.6777119e-06  5.0600808e-07  2.1420364e-07  2.1320598e-07  2.0332853e-07
   6.432255e-05 -1.6281467e-06              0  2.4042859e-07  4.5309027e-07  4.0971617e-07 -8.0768064e-06  3.3204722e-06  3.5539918e-06  3.1499372e-06   3.750258e-06  2.1420364e-07  4.4947907e-07  1.9615543e-07   1.918772e-07
  6.3475624e-05 -1.5619724e-06              0  4.9698992e-07  4.2816848e-07  3.9046184e-07 -7.9143847e-06  3.2360337e-06  3.3774609e-06  3.2335639e-06   3.509985e-06  2.1320598e-07  1.9615543e-07  4.8356285e-07    1.86328e-07
  6.7849596e-05 -2.0127081e-06              0 -6.5140207e-08  5.7368333e-07  5.1459011e-07 -8.0602453e-06  3.6549121e-06  3.8255049e-06  3.4752748e-06  4.5764024e-06  2.0332853e-07   1.918772e-07    1.86328e-07  7.0026421e-07


# ext. ||   Name    ||   type  ||     Value     ||  Error +/- 

   0   ||Natural mortality || limited ||    0.06796206293877 ||0.001378942284954
   1   ||Targeted q || limited ||      5.513142094856 ||0.1260042312343
   2   ||Nontargeted q || limited ||                   2 ||22.06548931833
   3   ||     sigma || limited ||      3.616529758775 ||0.1789060872099
   4   ||  Biomass1 || limited ||      3.562005248826 ||0.1279671112281
   5   ||  Biomass2 || limited ||      3.110795535094 ||0.1018431271707
   6   ||  vm_sigma || limited ||      21.44673263561 ||0.5165617212013
   7   ||Recruit year 1 || limited ||      8.266522736326 ||0.231898091101
   8   ||Recruit year 2 || limited ||      8.932473968642 ||0.2506604172551
   9   ||Recruit year 3 || limited ||      7.735546830257 ||0.2148777914036
  10   ||Recruit year 4 || limited ||      9.728226265723 ||0.3046218990345
  11   ||Mean Rec dist 1 || limited ||     0.3420118290302 ||0.005027007786925
  12   ||Mean Rec dist 2 || limited ||      0.357939558829 ||0.004737632133638
  13   ||Mean Rec dist 3 || limited ||     0.2987922343989 ||0.00491493187128
  14   ||Mean Rec dist 4 || limited ||      1.078056269137 ||0.005882710368662





