# Minimum negative log likelihood

Minuit did successfully converge.
# of function calls: 1206
minimum function Value: 485.2596679668
minimum edm: 9.46498580274e-05
minimum internal state vector: LAVector parameters:
     0.9950190498157
     -1.231638319033
     -1.287002217587
     -1.253564567387
     -1.514314133056
     -1.516899616333
    -0.8554314147397
     -1.044728046179
     -1.344607589045
    -0.9886576149989
     -1.165248722555
    0.02903568385569
    0.04076408760175
    0.06177241055794
    0.07699783595432

minimum internal covariance matrix: LASymMatrix parameters:
    0.029084225  -0.0015241814              0 -0.00013654886  0.00027179922  0.00025004151   -0.001404086   0.0031336418    0.001337513   0.0035333492   0.0024761644  0.00013157632  0.00016373968  0.00013811191  0.00012644318
  -0.0015241814   9.091159e-05              0  7.5682885e-06 -1.5784188e-05 -1.4585452e-05  5.7882338e-05 -0.00017385252 -7.2765145e-05 -0.00019610169 -0.00014026556 -5.6444395e-06 -8.3949596e-06 -5.9609686e-06 -6.5256973e-06
              0              0              2              0              0              0              0              0              0              0              0              0              0              0              0
 -0.00013654886  7.5682885e-06              0  0.00015466931 -3.9617683e-06 -3.1320748e-06 -1.0660036e-05 -1.5103577e-05 -6.5069406e-06 -1.5025513e-05 -9.8458033e-06  7.2378234e-07  6.2701215e-08  1.8282529e-07  1.9005431e-06
  0.00027179922 -1.5784188e-05              0 -3.9617683e-06  6.6857031e-06   5.761019e-06 -1.2887375e-05  3.0851683e-05  1.2788074e-05   3.437448e-05  2.4480123e-05  9.6297182e-07     1.5043e-06  1.1693022e-06   1.080541e-06
  0.00025004151 -1.4585452e-05              0 -3.1320748e-06   5.761019e-06   5.013885e-06 -1.1542225e-05   2.839208e-05  1.1784159e-05   3.173248e-05   2.258677e-05  9.1119321e-07  1.3840263e-06  1.0638554e-06  1.0256719e-06
   -0.001404086  5.7882338e-05              0 -1.0660036e-05 -1.2887375e-05 -1.1542225e-05   0.0002295403 -0.00013700589 -5.9912995e-05 -0.00015325683 -0.00011253476 -1.1941335e-05 -1.0484564e-05 -1.2383024e-05 -1.1729261e-05
   0.0031336418 -0.00017385252              0 -1.5103577e-05  3.0851683e-05   2.839208e-05 -0.00013700589   0.0003525271  0.00014649019  0.00039041028  0.00027559736  1.3132199e-05  1.7570312e-05  1.3696353e-05     1.3338e-05
    0.001337513 -7.2765145e-05              0 -6.5069406e-06  1.2788074e-05  1.1784159e-05 -5.9912995e-05  0.00014649019   6.928957e-05  0.00016497713  0.00011560748  5.7011029e-06   7.207407e-06  6.0596982e-06  5.6587772e-06
   0.0035333492 -0.00019610169              0 -1.5025513e-05   3.437448e-05   3.173248e-05 -0.00015325683  0.00039041028  0.00016497713   0.0004475571  0.00031023992  1.4796956e-05  1.9452973e-05  1.5383536e-05  1.5313593e-05
   0.0024761644 -0.00014026556              0 -9.8458033e-06  2.4480123e-05   2.258677e-05 -0.00011253476  0.00027559736  0.00011560748  0.00031023992  0.00023457903  1.0070716e-05  1.4162481e-05  1.0693445e-05  1.1941045e-05
  0.00013157632 -5.6444395e-06              0  7.2378234e-07  9.6297182e-07  9.1119321e-07 -1.1941335e-05  1.3132199e-05  5.7011029e-06  1.4796956e-05  1.0070716e-05  1.3128044e-06  8.2110696e-07  8.8277886e-07  7.7979852e-07
  0.00016373968 -8.3949596e-06              0  6.2701215e-08     1.5043e-06  1.3840263e-06 -1.0484564e-05  1.7570312e-05   7.207407e-06  1.9452973e-05  1.4162481e-05  8.2110696e-07  4.4336844e-06  8.6882331e-07  8.5221243e-07
  0.00013811191 -5.9609686e-06              0  1.8282529e-07  1.1693022e-06  1.0638554e-06 -1.2383024e-05  1.3696353e-05  6.0596982e-06  1.5383536e-05  1.0693445e-05  8.8277886e-07  8.6882331e-07  1.3263151e-06  7.8553124e-07
  0.00012644318 -6.5256973e-06              0  1.9005431e-06   1.080541e-06  1.0256719e-06 -1.1729261e-05     1.3338e-05  5.6587772e-06  1.5313593e-05  1.1941045e-05  7.7979852e-07  8.5221243e-07  7.8553124e-07  2.3450586e-06


# ext. ||   Name    ||   type  ||     Value     ||  Error +/- 

   0   ||Natural mortality || limited ||    0.06596923346742 ||0.001637525594627
   1   ||Targeted q || limited ||       2.84824375726 ||0.1121515403192
   2   ||Nontargeted q || limited ||                   2 ||22.06548931833
   3   ||     sigma || limited ||      2.494871208744 ||0.1371574077162
   4   ||  Biomass1 || limited ||     0.7973475411977 ||0.05160703675819
   5   ||  Biomass2 || limited ||     0.7260380711656 ||0.04264754030339
   6   ||  vm_sigma || limited ||      9.806719497235 ||0.2810565208378
   7   ||Recruit year 1 || limited ||       6.76992334889 ||0.3332862551096
   8   ||Recruit year 2 || limited ||      1.283462469163 ||0.06599400128205
   9   ||Recruit year 3 || limited ||      8.244742817142 ||0.4111814647721
  10   ||Recruit year 4 || limited ||      4.065269781123 ||0.2136086852641
  11   ||Mean Rec dist 1 || limited ||      0.290316041708 ||0.008098449480539
  12   ||Mean Rec dist 2 || limited ||     0.4075279885203 ||0.01487668940489
  13   ||Mean Rec dist 3 || limited ||     0.6173313254244 ||0.008127915588037
  14   ||Mean Rec dist 4 || limited ||      0.769217760863 ||0.01079625416522





