# Minimum negative log likelihood

Minuit did successfully converge.
# of function calls: 928
minimum function Value: 597.8088085222
minimum edm: 3.80578082927e-05
minimum internal state vector: LAVector parameters:
     -0.353295100977
     -1.189999127635
     -1.287002217587
     -1.153821330612
     -1.444338763209
     -1.449303504161
    -0.4808896454023
      -1.15024091581
     -1.047069165905
     -1.105566107089
      -1.32807510338
    0.08229074924357
    0.06263904358324
     0.0289465309886
     0.1047817117687

minimum internal covariance matrix: LASymMatrix parameters:
     0.01242106 -0.00099798436              0 -3.7838021e-05  0.00034298056  0.00032208439  -0.0026365621   0.0016539308   0.0020872436   0.0018038855  0.00094003567  8.8503313e-05  9.5441518e-05  9.9735542e-05  9.0977845e-05
 -0.00099798436  8.9789741e-05              0  3.6374486e-06 -3.0669645e-05 -2.8766423e-05   0.0001549086 -0.00013683169 -0.00017226099 -0.00014813244 -7.9286938e-05  -5.907955e-06 -6.4997033e-06 -7.1572552e-06 -7.6579933e-06
              0              0              2              0              0              0              0              0              0              0              0              0              0              0              0
 -3.7838021e-05  3.6374486e-06              0  0.00021830885 -2.4811568e-06 -2.1783079e-06 -3.8423875e-05 -6.6968957e-06 -7.5425396e-06 -6.0690345e-06  -4.314318e-06  9.1952165e-08  1.1506744e-06  1.7979618e-08  2.0823792e-06
  0.00034298056 -3.0669645e-05              0 -2.4811568e-06  1.8093705e-05  1.6303548e-05 -5.6802141e-05   4.742233e-05  5.9245441e-05   5.086719e-05  2.7303899e-05  1.7817369e-06  2.3085649e-06  2.5020668e-06  2.4118732e-06
  0.00032208439 -2.8766423e-05              0 -2.1783079e-06  1.6303548e-05  1.4765526e-05 -5.2748474e-05  4.4423387e-05  5.5601929e-05  4.7787747e-05  2.5609724e-05  1.7216126e-06  2.1611573e-06  2.3497146e-06   2.298746e-06
  -0.0026365621   0.0001549086              0 -3.8423875e-05 -5.6802141e-05 -5.2748474e-05   0.0029204436 -0.00031918586 -0.00040203023 -0.00035494183 -0.00017902138 -4.4625342e-05 -4.5898273e-05 -4.1750584e-05 -3.6606649e-05
   0.0016539308 -0.00013683169              0 -6.6968957e-06   4.742233e-05  4.4423387e-05 -0.00031918586  0.00023133804  0.00027953959  0.00024102888   0.0001266924  1.0941162e-05  1.2213246e-05   1.294288e-05  1.1992913e-05
   0.0020872436 -0.00017226099              0 -7.5425396e-06  5.9245441e-05  5.5601929e-05 -0.00040203023  0.00027953959  0.00036251675  0.00030412752  0.00015992901  1.3988711e-05  1.5116452e-05  1.6452026e-05  1.4973126e-05
   0.0018038855 -0.00014813244              0 -6.0690345e-06   5.086719e-05  4.7787747e-05 -0.00035494183  0.00024102888  0.00030412752  0.00027347612  0.00013755933   1.221576e-05  1.3177843e-05  1.3842278e-05  1.3770491e-05
  0.00094003567 -7.9286938e-05              0  -4.314318e-06  2.7303899e-05  2.5609724e-05 -0.00017902138   0.0001266924  0.00015992901  0.00013755933  9.4911568e-05  6.1319019e-06  6.7454822e-06  7.2094098e-06  8.5806126e-06
  8.8503313e-05  -5.907955e-06              0  9.1952165e-08  1.7817369e-06  1.7216126e-06 -4.4625342e-05  1.0941162e-05  1.3988711e-05   1.221576e-05  6.1319019e-06  3.0569159e-06  9.8008658e-07  9.9841549e-07  8.5097445e-07
  9.5441518e-05 -6.4997033e-06              0  1.1506744e-06  2.3085649e-06  2.1611573e-06 -4.5898273e-05  1.2213246e-05  1.5116452e-05  1.3177843e-05  6.7454822e-06  9.8008658e-07  2.1232932e-06  1.0221368e-06  8.5419887e-07
  9.9735542e-05 -7.1572552e-06              0  1.7979618e-08  2.5020668e-06  2.3497146e-06 -4.1750584e-05   1.294288e-05  1.6452026e-05  1.3842278e-05  7.2094098e-06  9.9841549e-07  1.0221368e-06  2.1384835e-06  8.8872576e-07
  9.0977845e-05 -7.6579933e-06              0  2.0823792e-06  2.4118732e-06   2.298746e-06 -3.6606649e-05  1.1992913e-05  1.4973126e-05  1.3770491e-05  8.5806126e-06  8.5097445e-07  8.5419887e-07  8.8872576e-07   1.141081e-05


# ext. ||   Name    ||   type  ||     Value     ||  Error +/- 

   0   ||Natural mortality || limited ||    0.03635021829349 ||0.001846577763932
   1   ||Targeted q || limited ||      3.581567848711 ||0.1245121511016
   2   ||Nontargeted q || limited ||                   2 ||22.06548931833
   3   ||     sigma || limited ||      4.284088115818 ||0.2115602354604
   4   ||  Biomass1 || limited ||      3.992554007719 ||0.189672684105
   5   ||  Biomass2 || limited ||      3.685589709415 ||0.1646495818849
   6   ||  vm_sigma || limited ||      21.49800713804 ||1.354808902877
   7   ||Recruit year 1 || limited ||      4.366448068932 ||0.2195187262004
   8   ||Recruit year 2 || limited ||      6.711269605931 ||0.3366115829554
   9   ||Recruit year 3 || limited ||      5.323553283758 ||0.2622698096574
  10   ||Recruit year 4 || limited ||      1.475476573018 ||0.08277567939967
  11   ||Mean Rec dist 1 || limited ||     0.8219790504945 ||0.01232124241603
  12   ||Mean Rec dist 2 || limited ||      0.625980893403 ||0.01028341459012
  13   ||Mean Rec dist 3 || limited ||     0.2894248876691 ||0.01033608085804
  14   ||Mean Rec dist 4 || limited ||       1.04590080311 ||0.0237549625013





