# Minimum negative log likelihood

Minuit did successfully converge.
# of function calls: 597
minimum function Value: 589.5638156886
minimum edm: 4.949349924365e-05
minimum internal state vector: LAVector parameters:
    -0.5410629857031
     -1.161090096111
     -1.287002217587
     -1.162062183495
     -1.453312742037
     -1.457046420461
     0.6448645979894
    -0.7801810451172
     -1.007829901177
     -1.054643128986
     -1.052207058065
     -1.043244700708

minimum internal covariance matrix: LASymMatrix parameters:
  0.00037304908 -0.00015853016              0 -7.3573136e-06 -1.6942218e-05 -8.1067222e-06  1.5810787e-05 -8.1073382e-05  0.00024450797   0.0002218788  0.00024383487  0.00023289835
 -0.00015853016  8.8550706e-05              0  4.3707245e-06  8.1113812e-06  3.6395346e-06  2.0039904e-06 -9.5728925e-06 -0.00011813644 -0.00010746779  -0.0001173818 -0.00011507368
              0              0              2              0              0              0              0              0              0              0              0              0
 -7.3573136e-06  4.3707245e-06              0  0.00020476539  4.8423904e-08 -1.4479414e-07  4.7259622e-07  1.4299945e-06 -6.0612214e-06  -5.982319e-06 -6.1113171e-06 -3.7658863e-06
 -1.6942218e-05  8.1113812e-06              0  4.8423904e-08   1.011511e-06  5.0254139e-07 -3.0321651e-07  5.9358711e-07 -1.2016285e-05 -1.0807679e-05 -1.2167508e-05 -1.1616892e-05
 -8.1067222e-06  3.6395346e-06              0 -1.4479414e-07  5.0254139e-07  3.1683324e-07 -2.3808053e-07  5.6488913e-07 -5.7261218e-06 -5.0703184e-06 -5.8310231e-06 -5.4422891e-06
  1.5810787e-05  2.0039904e-06              0  4.7259622e-07 -3.0321651e-07 -2.3808053e-07  1.0188984e-05 -3.8183798e-05   4.445532e-06  3.7410972e-06  4.5913021e-06  5.4251586e-06
 -8.1073382e-05 -9.5728925e-06              0  1.4299945e-06  5.9358711e-07  5.6488913e-07 -3.8183798e-05  0.00036094836 -2.4998312e-05 -2.2396495e-05 -2.4042721e-05 -2.5891928e-05
  0.00024450797 -0.00011813644              0 -6.0612214e-06 -1.2016285e-05 -5.7261218e-06   4.445532e-06 -2.4998312e-05  0.00018238918  0.00015418355  0.00016882503  0.00016315646
   0.0002218788 -0.00010746779              0  -5.982319e-06 -1.0807679e-05 -5.0703184e-06  3.7410972e-06 -2.2396495e-05  0.00015418355  0.00015265115  0.00015404357  0.00014822298
  0.00024383487  -0.0001173818              0 -6.1113171e-06 -1.2167508e-05 -5.8310231e-06  4.5913021e-06 -2.4042721e-05  0.00016882503  0.00015404357  0.00018218793  0.00016262188
  0.00023289835 -0.00011507368              0 -3.7658863e-06 -1.1616892e-05 -5.4422891e-06  5.4251586e-06 -2.5891928e-05  0.00016315646  0.00014822298  0.00016262188  0.00018090262


# ext. ||   Name    ||   type  ||     Value     ||  Error +/- 

   0   ||Natural mortality || limited ||    0.07274288503859 ||0.001755935235735
   1   ||Targeted q || limited ||      4.138105878475 ||0.132526159541
   2   ||Nontargeted q || limited ||                   2 ||22.06548931833
   3   ||     sigma || limited ||      4.118766491171 ||0.2010741567356
   4   ||  Biomass1 || limited ||       3.44663112155 ||0.04167906388677
   5   ||  Biomass2 || limited ||      3.231273910338 ||0.02258834685193
   6   ||   vm_mean || limited ||      1.888380661043 ||0.005666895265543
   7   ||  vm_sigma || limited ||      11.86452710011 ||0.3819337409941
   8   ||Recruit year 1 || limited ||       7.72544531858 ||0.2547999953565
   9   ||Recruit year 2 || limited ||       6.52314093931 ||0.2155642850872
  10   ||Recruit year 3 || limited ||      6.583378584283 ||0.2365073320983
  11   ||Recruit year 4 || limited ||      6.807209318054 ||0.2393631908011





