# Minimum negative log likelihood

Minuit did successfully converge.
# of function calls: 1178
minimum function Value: 663.7249310102
minimum edm: 3.737657574903e-05
minimum internal state vector: LAVector parameters:
    -0.6016649812049
     -1.031648813988
     -1.287002217587
      -1.08083171226
     -1.441254364701
     -1.449454069956
      0.538953632542
     -1.387967999488
     -1.070369172022
     -1.010905686357
     -1.171880277972
    0.09635957524846
     0.1166350044512
     0.1120050245225
    0.08154384973261

minimum internal covariance matrix: LASymMatrix parameters:
    0.037698498  -0.0019352775              0  1.1426048e-06  0.00042745633  0.00039396811   -0.022762446   0.0012034393   0.0035245408   0.0040420817   0.0027053352  0.00016257559  0.00013857377  0.00015070284    0.000111626
  -0.0019352775  0.00011241589              0 -2.7561742e-06  -2.769457e-05 -2.5057774e-05   0.0011055075 -6.4115669e-05 -0.00018102639 -0.00020823272 -0.00014449071 -6.2712985e-06 -6.1797857e-06 -6.8510251e-06 -5.3429841e-06
              0              0              2              0              0              0              0              0              0              0              0              0              0              0              0
  1.1426048e-06 -2.7561742e-06              0  0.00039894575  3.9662526e-06    3.85982e-06  8.2240681e-05  2.2281154e-05 -6.6777801e-06  6.9767175e-06  3.2626092e-07  4.6702812e-06 -3.2299182e-06 -4.7793118e-07  9.3649104e-07
  0.00042745633  -2.769457e-05              0  3.9662526e-06  2.1084897e-05  1.7953156e-05 -0.00024948758  2.0305206e-05    3.70905e-05  4.4569366e-05  3.3877341e-05 -6.2384599e-07  9.8024322e-07  1.3167503e-06  7.4442267e-07
  0.00039396811 -2.5057774e-05              0    3.85982e-06  1.7953156e-05  1.5454999e-05 -0.00022580884  1.8393256e-05  3.4388439e-05   4.120949e-05  3.0918869e-05 -4.7210575e-07  9.6682468e-07  1.1728267e-06  6.8504732e-07
   -0.022762446   0.0011055075              0  8.2240681e-05 -0.00024948758 -0.00022580884    0.026504802 -0.00071882638  -0.0020565878  -0.0023472908  -0.0016020367 -0.00015938856 -0.00013913689 -0.00014657724 -0.00012614845
   0.0012034393 -6.4115669e-05              0  2.2281154e-05  2.0305206e-05  1.8393256e-05 -0.00071882638  6.1616185e-05  0.00010762344  0.00012704782   8.763587e-05  3.6979322e-06  3.6734228e-06  4.3706556e-06  3.7110215e-06
   0.0035245408 -0.00018102639              0 -6.6777801e-06    3.70905e-05  3.4388439e-05  -0.0020565878  0.00010762344  0.00034585157  0.00038074116  0.00025269403  1.5183338e-05    1.27916e-05  1.4133233e-05  9.7404326e-06
   0.0040420817 -0.00020823272              0  6.9767175e-06  4.4569366e-05   4.120949e-05  -0.0023472908  0.00012704782  0.00038074116  0.00045219084  0.00029040695  1.7697363e-05  1.4455311e-05   1.592945e-05  1.1065674e-05
   0.0027053352 -0.00014449071              0  3.2626092e-07  3.3877341e-05  3.0918869e-05  -0.0016020367   8.763587e-05  0.00025269403  0.00029040695  0.00021917145  9.8167129e-06  9.3885151e-06  1.0534641e-05  8.7607052e-06
  0.00016257559 -6.2712985e-06              0  4.6702812e-06 -6.2384599e-07 -4.7210575e-07 -0.00015938856  3.6979322e-06  1.5183338e-05  1.7697363e-05  9.8167129e-06  1.2433978e-05  1.5070463e-06  8.4757128e-07  7.4583542e-07
  0.00013857377 -6.1797857e-06              0 -3.2299182e-06  9.8024322e-07  9.6682468e-07 -0.00013913689  3.6734228e-06    1.27916e-05  1.4455311e-05  9.3885151e-06  1.5070463e-06  2.0879476e-06  6.4415801e-07  6.3722054e-07
  0.00015070284 -6.8510251e-06              0 -4.7793118e-07  1.3167503e-06  1.1728267e-06 -0.00014657724  4.3706556e-06  1.4133233e-05   1.592945e-05  1.0534641e-05  8.4757128e-07  6.4415801e-07  1.7866828e-06  5.7874637e-07
    0.000111626 -5.3429841e-06              0  9.3649104e-07  7.4442267e-07  6.8504732e-07 -0.00012614845  3.7110215e-06  9.7404326e-06  1.1065674e-05  8.7607052e-06  7.4583542e-07  6.3722054e-07  5.7874637e-07  2.8777105e-06


# ext. ||   Name    ||   type  ||     Value     ||  Error +/- 

   0   ||Natural mortality || limited ||    0.03084960353984 ||0.002820699549125
   1   ||Targeted q || limited ||      7.092666800207 ||0.1924529419985
   2   ||Nontargeted q || limited ||                   2 ||22.06548931833
   3   ||     sigma || limited ||       5.88252443131 ||0.3323108241346
   4   ||  Biomass1 || limited ||      4.189416475152 ||0.2097177129531
   5   ||  Biomass2 || limited ||      3.676471487585 ||0.1682421158188
   6   ||  vm_sigma || limited ||      60.52977265706 ||3.943247751685
   7   ||Recruit year 1 || limited ||     0.8432464601434 ||0.05045196236467
   8   ||Recruit year 2 || limited ||      6.140502242114 ||0.3154310925364
   9   ||Recruit year 3 || limited ||      7.643576754138 ||0.3992336197867
  10   ||Recruit year 4 || limited ||      3.935479248303 ||0.203281057025
  11   ||Mean Rec dist 1 || limited ||     0.9621052532634 ||0.02481819674612
  12   ||Mean Rec dist 2 || limited ||      1.163707391915 ||0.01014808261896
  13   ||Mean Rec dist 3 || limited ||      1.117709851915 ||0.009392448185011
  14   ||Mean Rec dist 4 || limited ||     0.8145351016839 ||0.01195536788255





