# Minimum negative log likelihood

Minuit did successfully converge.
# of function calls: 788
minimum function Value: 153.2245510299
minimum edm: 3.626036912498e-05
minimum internal state vector: LAVector parameters:
    -0.6421590524426
       -1.0692366688
     -1.287002217587
     -1.080588883023
     -1.470400394422
     -1.471692022487
     0.1533465820385
    -0.7506261222357
     -1.053153180136
     -1.235065920386
     -1.048533332187
     -1.240553724032

minimum internal covariance matrix: LASymMatrix parameters:
    0.014186902  -0.0017438182              0 -3.2605622e-05  0.00049691975   0.0003995749 -1.9171194e-05   0.0007942689   0.0013225035  0.00082058984   0.0013390615  0.00070534287
  -0.0017438182  0.00023988789              0  1.3592943e-06  -6.039758e-05 -4.8885106e-05  4.0952738e-06  -0.0001483321 -0.00015907587 -9.5194158e-05 -0.00015898888 -9.0153168e-05
              0              0              2              0              0              0              0              0              0              0              0              0
 -3.2605622e-05  1.3592943e-06              0   0.0013281176 -6.2821042e-06 -5.8473414e-06 -3.2216072e-07 -2.4408443e-05 -2.2030183e-05  1.6855513e-05 -1.2356095e-05   9.869325e-06
  0.00049691975  -6.039758e-05              0 -6.2821042e-06  4.5897734e-05  3.1134098e-05 -1.3077999e-06  3.1394971e-05  4.7002257e-05  3.1704873e-05  4.8287557e-05  2.3912305e-05
   0.0003995749 -4.8885106e-05              0 -5.8473414e-06  3.1134098e-05  2.2214594e-05 -9.0165469e-07  2.9162796e-05  3.8294311e-05  2.3779721e-05  3.8921197e-05  1.8661376e-05
 -1.9171194e-05  4.0952738e-06              0 -3.2216072e-07 -1.3077999e-06 -9.0165469e-07  6.6465719e-07 -9.3904053e-06   -1.02501e-06 -2.1800946e-06 -1.6307003e-06 -1.3503523e-06
   0.0007942689  -0.0001483321              0 -2.4408443e-05  3.1394971e-05  2.9162796e-05 -9.3904053e-06  0.00065035859  8.6736753e-05  1.3196295e-05  8.0206553e-05  1.8835447e-05
   0.0013225035 -0.00015907587              0 -2.2030183e-05  4.7002257e-05  3.8294311e-05   -1.02501e-06  8.6736753e-05  0.00014584029  6.1794327e-05   0.0001290115  5.7681951e-05
  0.00082058984 -9.5194158e-05              0  1.6855513e-05  3.1704873e-05  2.3779721e-05 -2.1800946e-06  1.3196295e-05  6.1794327e-05   9.071945e-05  7.4803376e-05  5.3403838e-05
   0.0013390615 -0.00015898888              0 -1.2356095e-05  4.8287557e-05  3.8921197e-05 -1.6307003e-06  8.0206553e-05   0.0001290115  7.4803376e-05  0.00014283304  6.2554316e-05
  0.00070534287 -9.0153168e-05              0   9.869325e-06  2.3912305e-05  1.8661376e-05 -1.3503523e-06  1.8835447e-05  5.7681951e-05  5.3403838e-05  6.2554316e-05  6.3171423e-05


# ext. ||   Name    ||   type  ||     Value     ||  Error +/- 

   0   ||Natural mortality || limited ||    0.06016112776392 ||0.01010492278469
   1   ||Targeted q || limited ||      6.158312252744 ||0.2632747713195
   2   ||Nontargeted q || limited ||                   2 ||22.06548931833
   3   ||     sigma || limited ||      5.888239439156 ||0.6065545750717
   4   ||  Biomass1 || limited ||      2.517719996078 ||0.2400685511537
   5   ||  Biomass2 || limited ||      2.453406752022 ||0.1648749826865
   6   ||   vm_mean || limited ||      1.527462930029 ||0.005697147146164
   7   ||  vm_sigma || limited ||      12.71697092627 ||0.5274307385235
   8   ||Recruit year 1 || limited ||      6.559952841966 ||0.2112535860304
   9   ||Recruit year 2 || limited ||      2.801224718263 ||0.1109327351321
  10   ||Recruit year 3 || limited ||      6.674707390015 ||0.2107581614687
  11   ||Recruit year 4 || limited ||      2.711544720767 ||0.09111288150509





