# Minimum negative log likelihood

Minuit did successfully converge.
# of function calls: 1577
minimum function Value: 632.7196518961
minimum edm: 7.625913878137e-05
minimum internal state vector: LAVector parameters:
     -1.563520115767
    -0.9693908654653
     -1.287002217587
     -1.116641886204
     -1.458552670527
     -1.467581184742
     0.5939632560604
    -0.1139419706232
      -1.15490277772
     -1.359282482549
    -0.9929555898928
     -1.279277035814

minimum internal covariance matrix: LASymMatrix parameters:
     0.56736347 -0.00078105673              0 -0.00095409384  6.5499896e-05  8.6402262e-05 -7.6714146e-05   0.0024142024  0.00066765853  0.00027222378  0.00083224262  0.00020681979
 -0.00078105673  1.3746346e-05              0 -3.2697384e-06 -2.1937281e-06 -2.0185439e-06  4.3607394e-06 -8.0021974e-05 -1.2302058e-07  3.8496412e-07 -8.1350214e-07 -1.7461757e-06
              0              0              2              0              0              0              0              0              0              0              0              0
 -0.00095409384 -3.2697384e-06              0  0.00025583379 -1.6339362e-06 -1.1428035e-06 -2.0930363e-06  3.1680639e-05 -4.0680747e-07 -1.9709968e-06  -5.456328e-07 -2.1899674e-06
  6.5499896e-05 -2.1937281e-06              0 -1.6339362e-06  6.6474102e-06  5.2827472e-06 -6.1784515e-07  1.5098139e-05  4.5505696e-07 -8.1058093e-08  5.2116751e-08  9.2898306e-08
  8.6402262e-05 -2.0185439e-06              0 -1.1428035e-06  5.2827472e-06  4.2641537e-06 -5.7422369e-07  1.3293891e-05  3.2794121e-07 -6.7574388e-08  6.5545836e-08  1.4044345e-07
 -7.6714146e-05  4.3607394e-06              0 -2.0930363e-06 -6.1784515e-07 -5.7422369e-07  4.1178683e-06 -6.1681906e-05  4.2336152e-07  2.9834769e-07  1.9868207e-08 -1.7222347e-07
   0.0024142024 -8.0021974e-05              0  3.1680639e-05  1.5098139e-05  1.3293891e-05 -6.1681906e-05    0.002715204 -4.3100465e-06 -5.9184368e-06 -5.8539206e-06  4.1534607e-06
  0.00066765853 -1.2302058e-07              0 -4.0680747e-07  4.5505696e-07  3.2794121e-07  4.2336152e-07 -4.3100465e-06  9.7410431e-06  3.6137045e-07  3.7608858e-07  7.9783768e-07
  0.00027222378  3.8496412e-07              0 -1.9709968e-06 -8.1058093e-08 -6.7574388e-08  2.9834769e-07 -5.9184368e-06  3.6137045e-07  9.9504039e-06  2.0811579e-07 -1.1507065e-08
  0.00083224262 -8.1350214e-07              0  -5.456328e-07  5.2116751e-08  6.5545836e-08  1.9868207e-08 -5.8539206e-06  3.7608858e-07  2.0811579e-07  1.0727828e-05  2.1405602e-07
  0.00020681979 -1.7461757e-06              0 -2.1899674e-06  9.2898306e-08  1.4044345e-07 -1.7222347e-07  4.1534607e-06  7.9783768e-07 -1.1507065e-08  2.1405602e-07  1.4638123e-05


# ext. ||   Name    ||   type  ||     Value     ||  Error +/- 

   0   ||Natural mortality || limited ||    0.02000066178767 ||0.003462890236642
   1   ||Targeted q || limited ||      8.772939157097 ||0.07416731217469
   2   ||Nontargeted q || limited ||                   2 ||22.06548931833
   3   ||     sigma || limited ||       5.06838507433 ||0.2480818139101
   4   ||  Biomass1 || limited ||      3.146354196294 ||0.1021011200645
   5   ||  Biomass2 || limited ||      2.660977764296 ||0.07522172725938
   6   ||   vm_mean || limited ||      1.758191937413 ||0.003735799615225
   7   ||  vm_sigma || limited ||      35.45273350779 ||1.463919619699
   8   ||Recruit year 1 || limited ||      4.271789517176 ||0.04457623165383
   9   ||Recruit year 2 || limited ||      1.124177654277 ||0.02341139396629
  10   ||Recruit year 3 || limited ||      8.126986875584 ||0.06324583404832
  11   ||Recruit year 4 || limited ||      2.119372785999 ||0.0388733717096





