# Minimum negative log likelihood

Minuit did successfully converge.
# of function calls: 1962
minimum function Value: 374.5818951549
minimum edm: 1.815808965367e-05
minimum internal state vector: LAVector parameters:
    -0.7506841423285
     -1.320223543987
     -1.287002217587
     -1.328105339484
     -1.440092785499
     -1.444044438927
   -0.07869434534551
    0.09615079972429
     -1.120402323952
     -1.039267985734
     -1.305131091363
     -1.009112856177

minimum internal covariance matrix: LASymMatrix parameters:
    0.014306787  -0.0018180943              0  6.9230576e-07   0.0009397687  0.00092852193  2.3222151e-05 -0.00061481468   0.0032450838   0.0040222773   0.0018196693   0.0041831777
  -0.0018180943  0.00023515711              0  5.0212644e-07 -0.00012143128 -0.00011996676 -2.2566337e-06  3.3429158e-05 -0.00041679476 -0.00051608662  -0.0002320996 -0.00053803375
              0              0              2              0              0              0              0              0              0              0              0              0
  6.9230576e-07  5.0212644e-07              0  7.1494137e-05 -4.9597936e-07 -4.3895444e-07  1.5452101e-07 -9.2338553e-06 -6.9320206e-07 -1.1794016e-06  2.7250801e-08 -1.3083321e-06
   0.0009397687 -0.00012143128              0 -4.9597936e-07  6.4349375e-05  6.3364582e-05  1.1305964e-06 -2.0860084e-05  0.00021585691  0.00026665747  0.00012002904  0.00027797169
  0.00092852193 -0.00011996676              0 -4.3895444e-07  6.3364582e-05  6.2428219e-05  1.1351853e-06 -2.0078843e-05  0.00021314437  0.00026345004  0.00011858381  0.00027461629
  2.3222151e-05 -2.2566337e-06              0  1.5452101e-07  1.1305964e-06  1.1351853e-06  9.9998986e-07 -1.5987246e-05  4.5234086e-06  5.6769217e-06  2.7344358e-06  5.8144785e-06
 -0.00061481468  3.3429158e-05              0 -9.2338553e-06 -2.0860084e-05 -2.0078843e-05 -1.5987246e-05   0.0035796636 -9.1940518e-05 -0.00012077222  -6.631375e-05 -0.00011405962
   0.0032450838 -0.00041679476              0 -6.9320206e-07  0.00021585691  0.00021314437  4.5234086e-06 -9.1940518e-05  0.00074255798  0.00091753581  0.00041373214   0.0009558729
   0.0040222773 -0.00051608662              0 -1.1794016e-06  0.00026665747  0.00026345004  5.6769217e-06 -0.00012077222  0.00091753581   0.0011381263  0.00051229614   0.0011838969
   0.0018196693  -0.0002320996              0  2.7250801e-08  0.00012002904  0.00011858381  2.7344358e-06  -6.631375e-05  0.00041373214  0.00051229614     0.00023359   0.0005333101
   0.0041831777 -0.00053803375              0 -1.3083321e-06  0.00027797169  0.00027461629  5.8144785e-06 -0.00011405962   0.0009558729   0.0011838969   0.0005333101   0.0012348881


# ext. ||   Name    ||   type  ||     Value     ||  Error +/- 

   0   ||Natural mortality || limited ||    0.02794652050525 ||0.001544285636377
   1   ||Targeted q || limited ||       1.56147229783 ||0.1344327990901
   2   ||Nontargeted q || limited ||                   2 ||22.06548931833
   3   ||     sigma || limited ||      1.465259802748 ||0.07184054786854
   4   ||  Biomass1 || limited ||      4.264777323592 ||0.3696365891598
   5   ||  Biomass2 || limited ||      4.011135696893 ||0.3531296101294
   6   ||   vm_mean || limited ||     -0.246970486457 ||0.002214555139704
   7   ||  vm_sigma || limited ||      43.84056064724 ||1.683916271565
   8   ||Recruit year 1 || limited ||      4.995718637858 ||0.4193327505956
   9   ||Recruit year 2 || limited ||      6.907638378724 ||0.6044303563452
  10   ||Recruit year 3 || limited ||      1.763921789083 ||0.1418548842633
  11   ||Recruit year 4 || limited ||      7.691248073982 ||0.6615938320311





