# Minimum negative log likelihood

Minuit did successfully converge.
# of function calls: 1192
minimum function Value: 350.3058776459
minimum edm: 1.439550983674e-05
minimum internal state vector: LAVector parameters:
     0.7046156715698
     -1.248343434592
     -1.287002217587
     -1.341939986102
      -1.42060291209
     -1.426472188388
     0.3873484492781
     -1.021139716778
      -1.13779155517
     -1.285060598101
     -1.136081340115
    0.05647846650824
     0.1033246638741
    0.03594123556186
    0.03318196950269

minimum internal covariance matrix: LASymMatrix parameters:
   0.0029482807 -0.00024727749              0 -9.5501304e-05  0.00011176112  0.00010618984  -0.0017085337  0.00054893055  0.00042600681  0.00028143057  0.00041258298  1.2625621e-05  1.0102003e-05  1.1806194e-05  1.2168999e-05
 -0.00024727749  2.3405558e-05              0  9.0455954e-06 -1.0586177e-05 -1.0055263e-05  0.00012468164 -4.8609823e-05 -3.7821773e-05 -2.4673856e-05 -3.7173571e-05 -8.2648501e-07 -6.7586714e-07 -1.0381424e-06 -8.6164831e-07
              0              0              2              0              0              0              0              0              0              0              0              0              0              0              0
 -9.5501304e-05  9.0455954e-06              0  0.00011136262 -7.3148979e-06 -6.4082794e-06  0.00010125899 -2.0207782e-05 -1.5322552e-05 -1.0397948e-05 -1.6245446e-05 -6.9559038e-07  4.5303078e-07 -1.8097986e-06  2.4699027e-07
  0.00011176112 -1.0586177e-05              0 -7.3148979e-06  7.0990468e-06  6.4419559e-06 -4.7545546e-05  2.2035462e-05  1.7266781e-05  1.1212017e-05  1.7870133e-05  4.0182806e-07  1.7254954e-07  6.1657004e-07  2.7915317e-07
  0.00010618984 -1.0055263e-05              0 -6.4082794e-06  6.4419559e-06  5.8823315e-06 -4.6841569e-05  2.0882619e-05  1.6369603e-05  1.0627077e-05  1.6840146e-05  3.6900135e-07  1.8743978e-07  5.7517043e-07  2.7736782e-07
  -0.0017085337  0.00012468164              0  0.00010125899 -4.7545546e-05 -4.6841569e-05   0.0043208078 -0.00028990828 -0.00023790803 -0.00015286732 -0.00023494747 -1.5493048e-05  -1.491191e-05 -1.3120567e-05 -1.8812138e-05
  0.00054893055 -4.8609823e-05              0 -2.0207782e-05  2.2035462e-05  2.0882619e-05 -0.00028990828  0.00010758777  8.1406497e-05  5.3741259e-05  7.8461742e-05  2.1564627e-06  1.6354351e-06  2.3024919e-06  2.0039034e-06
  0.00042600681 -3.7821773e-05              0 -1.5322552e-05  1.7266781e-05  1.6369603e-05 -0.00023790803  8.1406497e-05  6.6069188e-05  4.0551715e-05  6.1675077e-05  1.6960128e-06  1.1364328e-06  1.8123063e-06  1.7091052e-06
  0.00028143057 -2.4673856e-05              0 -1.0397948e-05  1.1212017e-05  1.0627077e-05 -0.00015286732  5.3741259e-05  4.0551715e-05  3.0445331e-05  4.0790848e-05  1.1648784e-06  9.2588958e-07  1.1168853e-06  1.0691376e-06
  0.00041258298 -3.7173571e-05              0 -1.6245446e-05  1.7870133e-05  1.6840146e-05 -0.00023494747  7.8461742e-05  6.1675077e-05  4.0790848e-05    6.51492e-05  1.6125724e-06  1.2399251e-06  1.7917847e-06  1.7328443e-06
  1.2625621e-05 -8.2648501e-07              0 -6.9559038e-07  4.0182806e-07  3.6900135e-07 -1.5493048e-05  2.1564627e-06  1.6960128e-06  1.1648784e-06  1.6125724e-06  2.1348968e-07  6.1333695e-08  7.8588944e-11  1.2012896e-07
  1.0102003e-05 -6.7586714e-07              0  4.5303078e-07  1.7254954e-07  1.8743978e-07  -1.491191e-05  1.6354351e-06  1.1364328e-06  9.2588958e-07  1.2399251e-06  6.1333695e-08  3.0180657e-07  2.2825879e-08  9.0939395e-08
  1.1806194e-05 -1.0381424e-06              0 -1.8097986e-06  6.1657004e-07  5.7517043e-07 -1.3120567e-05  2.3024919e-06  1.8123063e-06  1.1168853e-06  1.7917847e-06  7.8588944e-11  2.2825879e-08  5.0939349e-07 -2.2619724e-08
  1.2168999e-05 -8.6164831e-07              0  2.4699027e-07  2.7915317e-07  2.7736782e-07 -1.8812138e-05  2.0039034e-06  1.7091052e-06  1.0691376e-06  1.7328443e-06  1.2012896e-07  9.0939395e-08 -2.2619724e-08  2.4886668e-07


# ext. ||   Name    ||   type  ||     Value     ||  Error +/- 

   0   ||Natural mortality || limited ||    0.06119352681777 ||0.0007311023924214
   1   ||Targeted q || limited ||      2.576951731453 ||0.0542035408659
   2   ||Nontargeted q || limited ||                   2 ||22.06548931833
   3   ||     sigma || limited ||      1.303675659572 ||0.0846420093849
   4   ||  Biomass1 || limited ||      5.628922045314 ||0.1409521238666
   5   ||  Biomass2 || limited ||        5.1983316245 ||0.123327458216
   6   ||  vm_sigma || limited ||       55.1096966612 ||1.720823215438
   7   ||Recruit year 1 || limited ||      7.374065652235 ||0.1915524434152
   8   ||Recruit year 2 || limited ||      4.624086213402 ||0.1205713998118
   9   ||Recruit year 3 || limited ||      2.037070405648 ||0.05498060979578
  10   ||Recruit year 4 || limited ||      4.660029298491 ||0.1201717925039
  11   ||Mean Rec dist 1 || limited ||     0.5644844529963 ||0.003261973340335
  12   ||Mean Rec dist 2 || limited ||      1.031409132071 ||0.003863909453999
  13   ||Mean Rec dist 3 || limited ||     0.3593349807886 ||0.005043489399942
  14   ||Mean Rec dist 4 || limited ||     0.3317588070814 ||0.003525569147917





