# Minimum negative log likelihood

Minuit did successfully converge.
# of function calls: 458
minimum function Value: 524.3237732656
minimum edm: 1.390544719329e-06
minimum internal state vector: LAVector parameters:
   -0.08383653777395
     -1.163851882205
     -1.287002217587
     -1.222062855193
     -1.553084077242
     -1.552044630991
    -0.6597965084321
    -0.7591624798732
     -1.136184740767
     -1.188114611414
     -1.107646912549
     -1.459037812393

minimum internal covariance matrix: LASymMatrix parameters:
    0.050911367  -0.0050640568              0  9.4459952e-05   0.0002568575  0.00021722394  0.00031503736  -0.0014169836   0.0062903936   0.0049061593   0.0062158973   0.0016350532
  -0.0050640568  0.00051262092              0 -8.8938259e-06 -2.5170416e-05 -2.2130498e-05 -2.6465487e-05  0.00010254115 -0.00062827106 -0.00049050694  -0.0006211549 -0.00016197636
              0              0              2              0              0              0              0              0              0              0              0              0
  9.4459952e-05 -8.8938259e-06              0  0.00014974532  5.3301644e-07   2.967448e-07  6.2881379e-07 -9.7325769e-06  1.1390848e-05  9.0217917e-06  1.1927361e-05  3.0496837e-06
   0.0002568575 -2.5170416e-05              0  5.3301644e-07  1.8625642e-05  9.9705295e-06  1.2961982e-06 -2.3121599e-05  3.6860586e-05  2.4728021e-05   3.132429e-05  8.3720531e-06
  0.00021722394 -2.2130498e-05              0   2.967448e-07  9.9705295e-06  6.8228834e-06  9.4207596e-07 -1.9699009e-06  2.8307072e-05  2.1094686e-05  2.6754831e-05  6.9425197e-06
  0.00031503736 -2.6465487e-05              0  6.2881379e-07  1.2961982e-06  9.4207596e-07  1.0105412e-05  -4.752763e-05  3.7265833e-05  2.9020505e-05  3.6692759e-05  1.0143499e-05
  -0.0014169836  0.00010254115              0 -9.7325769e-06 -2.3121599e-05 -1.9699009e-06  -4.752763e-05  0.00070567356 -0.00017961399 -0.00012792905 -0.00016106751 -4.7871959e-05
   0.0062903936 -0.00062827106              0  1.1390848e-05  3.6860586e-05  2.8307072e-05  3.7265833e-05 -0.00017961399  0.00078593231  0.00060670829  0.00076874088  0.00020190326
   0.0049061593 -0.00049050694              0  9.0217917e-06  2.4728021e-05  2.1094686e-05  2.9020505e-05 -0.00012792905  0.00060670829  0.00047846906  0.00059959193  0.00015728196
   0.0062158973  -0.0006211549              0  1.1927361e-05   3.132429e-05  2.6754831e-05  3.6692759e-05 -0.00016106751  0.00076874088  0.00059959193  0.00076481481  0.00019917651
   0.0016350532 -0.00016197636              0  3.0496837e-06  8.3720531e-06  6.9425197e-06  1.0143499e-05 -4.7871959e-05  0.00020190326  0.00015728196  0.00019917651  5.8991375e-05


# ext. ||   Name    ||   type  ||     Value     ||  Error +/- 

   0   ||Natural mortality || limited ||    0.04290654090363 ||0.003957858436574
   1   ||Targeted q || limited ||      4.083274374942 ||0.316822536087
   2   ||Nontargeted q || limited ||                   2 ||22.06548931833
   3   ||     sigma || limited ||      3.009687543956 ||0.1478363026754
   4   ||  Biomass1 || limited ||    0.07842889560838 ||0.02702470578264
   5   ||  Biomass2 || limited ||    0.08790394806096 ||0.0173162493797
   6   ||   vm_mean || limited ||     -1.925658325826 ||0.005579598004043
   7   ||  vm_sigma || limited ||      12.46827860445 ||0.5450058052032
   8   ||Recruit year 1 || limited ||      4.657852389498 ||0.4172705739246
   9   ||Recruit year 2 || limited ||      3.626308615392 ||0.2887397682332
  10   ||Recruit year 3 || limited ||      5.276979276357 ||0.4367611906061
  11   ||Recruit year 4 || limited ||     0.3218930829647 ||0.03028167453821





