# Minimum negative log likelihood

Minuit did successfully converge.
# of function calls: 916
minimum function Value: 650.5514588497
minimum edm: 5.09002740434e-06
minimum internal state vector: LAVector parameters:
     0.0679964134572
     -1.057527245877
     -1.287002217587
     -1.096408276219
     -1.492740534597
       -1.5001503207
     0.2819056226269
      2.870472533544
     -1.415760699533
     -1.245968228498
     -1.244900737193
     -1.027709565504

minimum internal covariance matrix: LASymMatrix parameters:
     0.23922331   -0.023729189              0  0.00017661667    0.003230129    0.003172211  3.7201599e-05   0.0028893513   0.0080847174    0.014026701    0.016119268    0.025664333
   -0.023729189   0.0023979444              0 -1.8882576e-05  -0.0003265114 -0.00032045529  5.1535714e-06  8.9176693e-06 -0.00080471554  -0.0013973256  -0.0016066521  -0.0025686882
              0              0      3.4276888              0              0              0              0              0              0              0              0              0
  0.00017661667 -1.8882576e-05              0  0.00029353681  3.9068561e-06  3.4464362e-06 -1.5290226e-06  7.4029593e-05  9.3534588e-06   1.186858e-05  1.5620921e-05  1.3601854e-05
    0.003230129  -0.0003265114              0  3.9068561e-06  5.2488935e-05  4.9888175e-05 -9.9910629e-07 -4.7928908e-06  0.00011048615  0.00019031716  0.00021897747  0.00034950214
    0.003172211 -0.00032045529              0  3.4464362e-06  4.9888175e-05  4.7797569e-05 -9.0101187e-07  -4.115629e-06  0.00010822462  0.00018686383  0.00021496978  0.00034317251
  3.7201599e-05  5.1535714e-06              0 -1.5290226e-06 -9.9910629e-07 -9.0101187e-07  7.1914593e-06  0.00016632137  8.9706695e-07  1.0963526e-06  8.3324856e-07  6.4122099e-07
   0.0028893513  8.9176693e-06              0  7.4029593e-05 -4.7928908e-06  -4.115629e-06  0.00016632137    0.016391569  0.00010409257  0.00013570356  0.00013464862  0.00021123565
   0.0080847174 -0.00080471554              0  9.3534588e-06  0.00011048615  0.00010822462  8.9706695e-07  0.00010409257  0.00029263461  0.00047430565  0.00054550441   0.0008687715
    0.014026701  -0.0013973256              0   1.186858e-05  0.00019031716  0.00018686383  1.0963526e-06  0.00013570356  0.00047430565  0.00083906538  0.00094652266   0.0015084234
    0.016119268  -0.0016066521              0  1.5620921e-05  0.00021897747  0.00021496978  8.3324856e-07  0.00013464862  0.00054550441  0.00094652266   0.0011046704   0.0017334368
    0.025664333  -0.0025686882              0  1.3601854e-05  0.00034950214  0.00034317251  6.4122099e-07  0.00021123565   0.0008687715   0.0015084234   0.0017334368   0.0027872982


# ext. ||   Name    ||   type  ||     Value     ||  Error +/- 

   0   ||Natural mortality || limited ||    0.04669860071318 ||0.008455308117635
   1   ||Targeted q || limited ||      6.442802194598 ||0.8499507681599
   2   ||Nontargeted q || limited ||                   2 ||61.02989406421
   3   ||     sigma || limited ||      5.521378845341 ||0.2766917523916
   4   ||  Biomass1 || limited ||      1.522403475233 ||0.1997335536374
   5   ||  Biomass2 || limited ||      1.247195700078 ||0.1725370965892
   6   ||   vm_mean || limited ||     0.8739488364666 ||0.005722064300347
   7   ||  vm_sigma || limited ||      50.71279842396 ||3.484137734278
   8   ||Recruit year 1 || limited ||     0.6096385298032 ||0.09338006183461
   9   ||Recruit year 2 || limited ||      2.624458421157 ||0.3267896914731
  10   ||Recruit year 3 || limited ||      2.641517982954 ||0.3761416729567
  11   ||Recruit year 4 || limited ||      7.203401455652 ||0.9642930019362





