# Minimum negative log likelihood

Minuit did successfully converge.
# of function calls: 1207
minimum function Value: 477.0852947532
minimum edm: 1.230886547184e-05
minimum internal state vector: LAVector parameters:
     -1.022571367709
    -0.9493453478507
     -1.287002217587
     -1.259809082621
     -1.554824046835
     -1.555632473373
    0.03389184921725
     0.1581247583068
     -1.063559072052
    -0.9800925697901
     -1.007332204027
     -1.079440258787

minimum internal covariance matrix: LASymMatrix parameters:
    0.016155403 -0.00056309321              0 -2.0706341e-05  2.2556737e-05  2.0896978e-05  1.6101047e-05 -0.00032892345   0.0005427858   0.0005097579  0.00052674976  0.00052243356
 -0.00056309321  2.1154127e-05              0  1.6233353e-06 -8.5994723e-07 -7.9721314e-07 -2.0644015e-07 -3.4953317e-06 -1.8759476e-05  -1.761694e-05 -1.8382067e-05 -1.8163768e-05
              0              0              2              0              0              0              0              0              0              0              0              0
 -2.0706341e-05  1.6233353e-06              0  0.00013101707 -1.6956377e-06 -1.5146723e-06 -4.0856756e-07 -2.2118878e-05 -1.5864407e-07  4.6149796e-08 -8.5542319e-07 -2.1339777e-06
  2.2556737e-05 -8.5994723e-07              0 -1.6956377e-06  1.4742526e-06  1.2211055e-06  5.0433292e-09  1.8034059e-06  8.1747579e-07   7.635512e-07  7.3798558e-07  8.1638757e-07
  2.0896978e-05 -7.9721314e-07              0 -1.5146723e-06  1.2211055e-06  1.0285314e-06  9.9295249e-09  1.6754371e-06  7.5000376e-07  6.9295728e-07  6.8248007e-07  7.6133822e-07
  1.6101047e-05 -2.0644015e-07              0 -4.0856756e-07  5.0433292e-09  9.9295249e-09  4.3660658e-07 -1.2115125e-05  6.4662028e-07  3.4064594e-07  4.5900449e-07  5.3043084e-07
 -0.00032892345 -3.4953317e-06              0 -2.2118878e-05  1.8034059e-06  1.6754371e-06 -1.2115125e-05  0.00072277857 -1.6740997e-05 -8.1839191e-06  -8.284902e-06 -9.7611425e-06
   0.0005427858 -1.8759476e-05              0 -1.5864407e-07  8.1747579e-07  7.5000376e-07  6.4662028e-07 -1.6740997e-05  2.1528445e-05  1.7246056e-05  1.7175826e-05  1.7097975e-05
   0.0005097579  -1.761694e-05              0  4.6149796e-08   7.635512e-07  6.9295728e-07  3.4064594e-07 -8.1839191e-06  1.7246056e-05  1.8675953e-05  1.6671896e-05  1.6464985e-05
  0.00052674976 -1.8382067e-05              0 -8.5542319e-07  7.3798558e-07  6.8248007e-07  4.5900449e-07  -8.284902e-06  1.7175826e-05  1.6671896e-05  1.9512159e-05  1.7205341e-05
  0.00052243356 -1.8163768e-05              0 -2.1339777e-06  8.1638757e-07  7.6133822e-07  5.3043084e-07 -9.7611425e-06  1.7097975e-05  1.6464985e-05  1.7205341e-05  1.9619408e-05


# ext. ||   Name    ||   type  ||     Value     ||  Error +/- 

   0   ||Natural mortality || limited ||    0.02366372575662 ||0.001169448471747
   1   ||Targeted q || limited ||      9.348273478535 ||0.09467504902308
   2   ||Nontargeted q || limited ||                   2 ||22.06548931833
   3   ||     sigma || limited ||      2.398403076173 ||0.1238322461379
   4   ||  Biomass1 || limited ||    0.06377707589594 ||0.006856292666252
   5   ||  Biomass2 || limited ||    0.05748451113013 ||0.005436966881073
   6   ||   vm_mean || limited ||     0.1064540019224 ||0.001467001372124
   7   ||  vm_sigma || limited ||      46.29908677921 ||0.7508684112724
   8   ||Recruit year 1 || limited ||      6.304876220401 ||0.07967877533168
   9   ||Recruit year 2 || limited ||      8.481706224962 ||0.08508737273336
  10   ||Recruit year 3 || limited ||      7.738730204489 ||0.08340666259274
  11   ||Recruit year 4 || limited ||      5.924716127976 ||0.07388086406358





