# Minimum negative log likelihood

Minuit did successfully converge.
# of function calls: 1686
minimum function Value: 567.7089911861
minimum edm: 1.057814009387e-05
minimum internal state vector: LAVector parameters:
      3.673105258366
    -0.9286408619342
     -1.287002217587
      -1.18326690773
      -1.41137450444
     -1.423371526033
    -0.3689494944838
     -1.061607824782
     -1.083942976166
     -1.336973449933
     -1.250644299198
    0.03201758283042
    0.04553002241684
    0.06228170941233
     0.1050903340741

minimum internal covariance matrix: LASymMatrix parameters:
   0.0089482114  0.00057290736              0  7.2893447e-05  -0.0001499316 -0.00012922009  0.00098747318 -0.00063623927 -0.00064727914 -0.00031848516 -0.00046836398 -2.7592147e-05 -3.4065538e-05 -3.8549912e-05 -2.1163771e-05
  0.00057290736  4.5289886e-05              0  4.4960341e-06 -1.1880475e-05 -1.0165652e-05  3.3803244e-05 -4.1226053e-05  -4.206239e-05 -2.0899772e-05 -3.2518428e-05 -1.0753758e-06  -1.432259e-06 -1.4644418e-06 -9.3054014e-07
              0              0              2              0              0              0              0              0              0              0              0              0              0              0              0
  7.2893447e-05  4.4960341e-06              0  0.00024024118 -1.7855515e-06 -1.3204992e-06   1.580474e-05  -4.966631e-06 -6.1024493e-06 -5.5007698e-06 -7.0832561e-06 -1.6484859e-07 -1.5657729e-07 -1.5558674e-06  9.0339698e-08
  -0.0001499316 -1.1880475e-05              0 -1.7855515e-06  6.7481626e-06  5.4195237e-06 -1.5769878e-05  1.0640232e-05  1.1149354e-05  5.0775903e-06  8.1436583e-06  3.4678583e-07  3.6749441e-07  4.5386541e-07  2.6173291e-07
 -0.00012922009 -1.0165652e-05              0 -1.3204992e-06  5.4195237e-06  4.4202977e-06 -1.2823647e-05  9.1651879e-06  9.5967351e-06  4.4163646e-06   7.040395e-06  2.9785945e-07  3.2337485e-07  3.8017387e-07  2.2413128e-07
  0.00098747318  3.3803244e-05              0   1.580474e-05 -1.5769878e-05 -1.2823647e-05   0.0008103769 -6.4581484e-05 -7.2379732e-05 -2.8431711e-05  -3.775192e-05 -1.0922799e-05 -1.1106323e-05  -1.293113e-05 -9.4359424e-06
 -0.00063623927 -4.1226053e-05              0  -4.966631e-06  1.0640232e-05  9.1651879e-06 -6.4581484e-05  5.2203305e-05  4.5627419e-05  2.2920789e-05  3.3772018e-05  1.9425781e-06  2.2337117e-06  2.6275047e-06  2.0017442e-06
 -0.00064727914  -4.206239e-05              0 -6.1024493e-06  1.1149354e-05  9.5967351e-06 -7.2379732e-05  4.5627419e-05  5.2861728e-05  2.3099559e-05  3.3684894e-05   1.931878e-06  2.4045139e-06  2.7896482e-06  1.5399123e-06
 -0.00031848516 -2.0899772e-05              0 -5.5007698e-06  5.0775903e-06  4.4163646e-06 -2.8431711e-05  2.2920789e-05  2.3099559e-05  1.7398695e-05  1.6981938e-05  9.1054922e-07    1.08176e-06  1.0623279e-06  6.5868711e-07
 -0.00046836398 -3.2518428e-05              0 -7.0832561e-06  8.1436583e-06   7.040395e-06  -3.775192e-05  3.3772018e-05  3.3684894e-05  1.6981938e-05   3.507795e-05  1.2426109e-06  1.5829736e-06  1.5350458e-06  1.3714868e-06
 -2.7592147e-05 -1.0753758e-06              0 -1.6484859e-07  3.4678583e-07  2.9785945e-07 -1.0922799e-05  1.9425781e-06   1.931878e-06  9.1054922e-07  1.2426109e-06  3.9225537e-07   1.910086e-07    2.13034e-07  1.6105511e-07
 -3.4065538e-05  -1.432259e-06              0 -1.5657729e-07  3.6749441e-07  3.2337485e-07 -1.1106323e-05  2.2337117e-06  2.4045139e-06    1.08176e-06  1.5829736e-06   1.910086e-07  4.8776665e-07  2.9012552e-07  1.4841223e-07
 -3.8549912e-05 -1.4644418e-06              0 -1.5558674e-06  4.5386541e-07  3.8017387e-07  -1.293113e-05  2.6275047e-06  2.7896482e-06  1.0623279e-06  1.5350458e-06    2.13034e-07  2.9012552e-07  1.6219129e-06   2.078665e-07
 -2.1163771e-05 -9.3054014e-07              0  9.0339698e-08  2.6173291e-07  2.2413128e-07 -9.4359424e-06  2.0017442e-06  1.5399123e-06  6.5868711e-07  1.3714868e-06  1.6105511e-07  1.4841223e-07   2.078665e-07  1.5062624e-06


# ext. ||   Name    ||   type  ||     Value     ||  Error +/- 

   0   ||Natural mortality || limited ||      0.032329053788 ||0.001440447263075
   1   ||Targeted q || limited ||      9.959666909351 ||0.1425033030126
   2   ||Nontargeted q || limited ||                   2 ||22.06548931833
   3   ||     sigma || limited ||      3.707723878139 ||0.2070853847635
   4   ||  Biomass1 || limited ||      6.340383706898 ||0.1457988565225
   5   ||  Biomass2 || limited ||      5.423684057523 ||0.1091884873443
   6   ||  vm_sigma || limited ||      25.57524761418 ||0.7509289755526
   7   ||Recruit year 1 || limited ||      6.352346947295 ||0.1245103801031
   8   ||Recruit year 2 || limited ||      5.818949913982 ||0.1202497952057
   9   ||Recruit year 3 || limited ||      1.370476320356 ||0.03416580563155
  10   ||Recruit year 4 || limited ||      2.550366722184 ||0.06589298003705
  11   ||Mean Rec dist 1 || limited ||     0.3201211277011 ||0.004426360639379
  12   ||Mean Rec dist 2 || limited ||     0.4551429355392 ||0.004933336506793
  13   ||Mean Rec dist 3 || limited ||     0.6224145197836 ||0.008987850676551
  14   ||Mean Rec dist 4 || limited ||       1.04897004966 ||0.008630434776178





