# Minimum negative log likelihood

WARNING: Minuit did not converge.

# of function calls: 95
minimum function Value: 606.3237426793
minimum edm: 1679.929011958
minimum internal state vector: LAVector parameters:
   -0.03864897129302
     -1.174547174406
     -1.287002217587
     -1.941701595159
     -1.513993111916
     -1.515801157507
    -0.2222191018346
     -0.523524215956
     -1.395835871425
     -1.278837239377
     -1.117706438217
     -1.168449969117

minimum internal covariance matrix: LASymMatrix parameters:
      1.0019843 -0.00014219387              0  -0.0016800639 -1.4872897e-06  1.3384111e-06 -2.6962439e-05  0.00020480033  -4.533466e-09 -1.0085491e-06  7.5981746e-07 -1.9043865e-06
 -0.00014219387      1.0002615              0 -0.00027695437 -2.4390848e-07  2.1949308e-07 -4.4217118e-06  3.3586296e-05 -7.4335084e-10 -1.6539575e-07  1.2460785e-07 -3.1231089e-07
              0              0      3.0002375              0              0              0              0              0              0              0              0              0
  -0.0016800639 -0.00027695437              0       1.000002 -2.1855464e-06  1.9666322e-06  -3.961453e-05   0.0003010312 -5.7958698e-09 -1.4705051e-06  1.1268401e-06 -2.8022426e-06
 -1.4872897e-06 -2.4390848e-07              0 -2.1855464e-06      1.0002381  2.3409659e-09 -4.7159262e-08  3.5820156e-07 -7.9903677e-12  -1.764823e-09  1.3282367e-09 -3.3306121e-09
  1.3384111e-06  2.1949308e-07              0  1.9666322e-06  2.3409659e-09       1.000238  4.2438771e-08 -3.2234673e-07  7.1905695e-12    1.58817e-09 -1.1952843e-09  2.9972284e-09
 -2.6962439e-05 -4.4217118e-06              0  -3.961453e-05 -4.7159262e-08  4.2438771e-08      1.0002629  6.4937441e-06 -1.4485587e-10  -3.199403e-08  2.4079256e-08  -6.037981e-08
  0.00020480033  3.3586296e-05              0   0.0003010312  3.5820156e-07 -3.2234673e-07  6.4937441e-06      1.0071968  1.1002521e-09  2.4301281e-07 -1.8289585e-07  4.5861923e-07
  -4.533466e-09 -7.4335084e-10              0 -5.7958698e-09 -7.9903677e-12  7.1905695e-12 -1.4485587e-10  1.1002521e-09      1.0002973 -5.4218569e-12  4.0789531e-12 -1.0230049e-11
 -1.0085491e-06 -1.6539575e-07              0 -1.4705051e-06  -1.764823e-09    1.58817e-09  -3.199403e-08  2.4301281e-07 -5.4218569e-12      1.0002882  9.0109721e-10 -2.2595662e-09
  7.5981746e-07  1.2460785e-07              0  1.1268401e-06  1.3282367e-09 -1.1952843e-09  2.4079256e-08 -1.8289585e-07  4.0789531e-12  9.0109721e-10      1.0002913  1.7005963e-09
 -1.9043865e-06 -3.1231089e-07              0 -2.8022426e-06 -3.3306121e-09  2.9972284e-09  -6.037981e-08  4.5861923e-07 -1.0230049e-11 -2.2595662e-09  1.7005963e-09      1.0002941


# ext. ||   Name    ||   type  ||     Value     ||  Error +/- 

   0   ||Natural mortality || limited ||    0.04403401624817 ||0.01624210816989
   1   ||Targeted q || limited ||      3.874241984686 ||12.53807735419
   2   ||Nontargeted q || limited ||                   2 ||59.27548045759
   3   ||     sigma || limited ||      3.400019769295 ||11.77335693138
   4   ||  Biomass1 || limited ||     0.8064344330357 ||119.7116586896
   5   ||  Biomass2 || limited ||     0.7559266094158 ||119.7237512691
   6   ||   vm_mean || limited ||    -0.6923903697738 ||1.990927160903
   7   ||  vm_sigma || limited ||      20.00333284508 ||22.57158988915
   8   ||Recruit year 1 || limited ||     0.7732525082706 ||11.80693957176
   9   ||Recruit year 2 || limited ||      2.125696829957 ||11.48249065322
  10   ||Recruit year 3 || limited ||      5.054554944572 ||14.21908144682
  11   ||Recruit year 4 || limited ||      4.002363487574 ||12.71946519831



WARNING: FunctionMinimum is invalid: 
	 Edm is above max


