# Minimum negative log likelihood

Minuit did successfully converge.
# of function calls: 705
minimum function Value: 710.8669099401
minimum edm: 9.084712470753e-05
minimum internal state vector: LAVector parameters:
    -0.1560723482896
     -1.009589534545
     -1.287002217587
     -1.020589516911
     -1.553964893216
     -1.554435954795
    -0.5513082726476
    -0.5417510421725
     -1.076636928059
     -1.030470453749
     -1.105553640927
     -1.105674820212

minimum internal covariance matrix: LASymMatrix parameters:
    0.099697255  -0.0068946322              0  0.00019135803  0.00026055327  0.00023883401  0.00025974937  -0.0018788312   0.0065726157   0.0074593153   0.0051491531   0.0068030332
  -0.0068946322  0.00050046656              0 -2.0354671e-05 -1.7346762e-05 -1.6396898e-05 -8.5568034e-06  5.1752213e-05 -0.00045665623 -0.00051860342 -0.00035685376 -0.00047373453
              0              0              2              0              0              0              0              0              0              0              0              0
  0.00019135803 -2.0354671e-05              0  0.00043444866  2.1562314e-09 -3.4422647e-07 -1.9557394e-06  2.3975124e-05  1.5922499e-05   1.390701e-05  8.3826869e-06  1.6525057e-05
  0.00026055327 -1.7346762e-05              0  2.1562314e-09  5.2994473e-05  3.5744362e-05  4.4493746e-07 -3.4256877e-05  2.0912049e-05  1.8412008e-05  1.2870591e-05  1.8019307e-05
  0.00023883401 -1.6396898e-05              0 -3.4422647e-07  3.5744362e-05  2.5300955e-05  4.3331577e-07 -1.8612351e-05  1.7691826e-05  1.7844914e-05  1.2031045e-05  1.5793555e-05
  0.00025974937 -8.5568034e-06              0 -1.9557394e-06  4.4493746e-07  4.3331577e-07  1.0608438e-05   -7.04157e-05  1.6006377e-05  1.8628582e-05  1.3033933e-05  1.6266001e-05
  -0.0018788312  5.1752213e-05              0  2.3975124e-05 -3.4256877e-05 -1.8612351e-05   -7.04157e-05   0.0012941037 -0.00012603412 -0.00012669037 -9.3651187e-05 -0.00011961493
   0.0065726157 -0.00045665623              0  1.5922499e-05  2.0912049e-05  1.7691826e-05  1.6006377e-05 -0.00012603412  0.00045889753  0.00049029258  0.00033913869  0.00044955013
   0.0074593153 -0.00051860342              0   1.390701e-05  1.8412008e-05  1.7844914e-05  1.8628582e-05 -0.00012669037  0.00049029258  0.00059266654  0.00038490925  0.00049907115
   0.0051491531 -0.00035685376              0  8.3826869e-06  1.2870591e-05  1.2031045e-05  1.3033933e-05 -9.3651187e-05  0.00033913869  0.00038490925  0.00028908948  0.00035153195
   0.0068030332 -0.00047373453              0  1.6525057e-05  1.8019307e-05  1.5793555e-05  1.6266001e-05 -0.00011961493  0.00044955013  0.00049907115  0.00035153195  0.00049861398


# ext. ||   Name    ||   type  ||     Value     ||  Error +/- 

   0   ||Natural mortality || limited ||       0.04111401243 ||0.00546816260535
   1   ||Targeted q || limited ||      7.669326858338 ||0.420926283439
   2   ||Nontargeted q || limited ||                   2 ||22.06548931833
   3   ||     sigma || limited ||      7.379179652808 ||0.385298094947
   4   ||  Biomass1 || limited ||    0.07082261707114 ||0.04331805793048
   5   ||  Biomass2 || limited ||    0.06691395045189 ||0.0290935254432
   6   ||   vm_mean || limited ||     -1.645572878984 ||0.006163369704981
   7   ||  vm_sigma || limited ||      19.37527434855 ||0.8716864979175
   8   ||Recruit year 1 || limited ||      5.991016283658 ||0.3591686515753
   9   ||Recruit year 2 || limited ||      7.132233067265 ||0.4426998257523
  10   ||Recruit year 3 || limited ||      5.323832893093 ||0.2696590268427
  11   ||Recruit year 4 || limited ||      5.321115201037 ||0.3540532694887





