# Minimum negative log likelihood

Minuit did successfully converge.
# of function calls: 829
minimum function Value: 558.0374634928
minimum edm: 9.04226479166e-05
minimum internal state vector: LAVector parameters:
    -0.1156532606255
     -1.065961581454
     -1.287002217587
     -1.192303691333
     -1.492969805489
     -1.499435768388
    0.07588584301021
   0.005605460147911
     -1.002727978158
     -1.238927909857
     -1.297301539238
    -0.9552076560576

minimum internal covariance matrix: LASymMatrix parameters:
    0.039953146  -0.0032231208              0  5.1426352e-05  0.00048851336  0.00047817144  7.1698667e-06  8.2975569e-05   0.0034158511   0.0024470367    0.002348581   0.0041654283
  -0.0032231208  0.00026756314              0 -5.7813648e-06 -4.0745898e-05 -3.9852494e-05  1.5720256e-06 -6.0787712e-05 -0.00027607665 -0.00019772881 -0.00019048442 -0.00033945841
              0              0              2              0              0              0              0              0              0              0              0              0
  5.1426352e-05 -5.7813648e-06              0  0.00019652163  3.5035807e-06  2.7448713e-06  1.9118672e-07 -1.3209492e-05  2.9487803e-06  3.9208753e-06  6.4257597e-06  7.7823246e-06
  0.00048851336 -4.0745898e-05              0  3.5035807e-06  1.0825917e-05    9.73558e-06 -2.8858084e-07  8.2049021e-06  4.1911591e-05  3.0238571e-05  2.9284055e-05  5.1598767e-05
  0.00047817144 -3.9852494e-05              0  2.7448713e-06    9.73558e-06  8.8906916e-06 -2.7678139e-07  8.7412528e-06  4.0956868e-05  2.9585635e-05  2.8614947e-05  5.0503046e-05
  7.1698667e-06  1.5720256e-06              0  1.9118672e-07 -2.8858084e-07 -2.7678139e-07  1.9251256e-06 -4.4275102e-05  1.7981258e-07  2.7494813e-07 -6.4122444e-08  4.9547585e-08
  8.2975569e-05 -6.0787712e-05              0 -1.3209492e-05  8.2049021e-06  8.7412528e-06 -4.4275102e-05   0.0026477719  1.7767537e-05  9.2212661e-06  1.3560946e-05  2.4948953e-05
   0.0034158511 -0.00027607665              0  2.9487803e-06  4.1911591e-05  4.0956868e-05  1.7981258e-07  1.7767537e-05  0.00030012371  0.00020859688  0.00020115386  0.00035572335
   0.0024470367 -0.00019772881              0  3.9208753e-06  3.0238571e-05  2.9585635e-05  2.7494813e-07  9.2212661e-06  0.00020859688  0.00015766841  0.00014427732  0.00025467613
    0.002348581 -0.00019048442              0  6.4257597e-06  2.9284055e-05  2.8614947e-05 -6.4122444e-08  1.3560946e-05  0.00020115386  0.00014427732  0.00014532933  0.00024643505
   0.0041654283 -0.00033945841              0  7.7823246e-06  5.1598767e-05  5.0503046e-05  4.9547585e-08  2.4948953e-05  0.00035572335  0.00025467613  0.00024643505  0.00044458172


# ext. ||   Name    ||   type  ||     Value     ||  Error +/- 

   0   ||Natural mortality || limited ||    0.04211510976096 ||0.003498183583962
   1   ||Targeted q || limited ||       6.23727930453 ||0.2797055985514
   2   ||Nontargeted q || limited ||                   2 ||22.06548931833
   3   ||     sigma || limited ||      3.538865365234 ||0.1831434000262
   4   ||  Biomass1 || limited ||      1.513477699462 ||0.09044323019605
   5   ||  Biomass2 || limited ||      1.272542169518 ||0.07516437297742
   6   ||   vm_mean || limited ||     0.2381736596723 ||0.003073354534459
   7   ||  vm_sigma || limited ||        40.224714429 ||1.45504757727
   8   ||Recruit year 1 || limited ||      7.862125468207 ||0.329486029589
   9   ||Recruit year 2 || limited ||      2.737964921726 ||0.1446247797129
  10   ||Recruit year 3 || limited ||      1.868172012406 ||0.1151076753556
  11   ||Recruit year 4 || limited ||      9.187398828224 ||0.430405261044





