# Minimum negative log likelihood

Minuit did successfully converge.
# of function calls: 1964
minimum function Value: 573.8570182503
minimum edm: 3.649132526976e-05
minimum internal state vector: LAVector parameters:
     -1.570578370316
     -1.175039761158
     -1.287002217587
     -1.177426074107
     -1.424220750421
     -1.428732573427
   -0.07490435941876
     -1.621042946366
     -1.179293443679
     -1.363875489698
     -1.344733602246
     0.0987343903878
     0.1037454080553
    -0.6794189005244
     0.1084618658961

minimum internal covariance matrix: LASymMatrix parameters:
     0.05731267 -8.0064642e-06              0  3.7635595e-05  6.8534434e-06  7.0933789e-06 -0.00036924445  5.4011813e-06  2.7892388e-05  8.9518267e-06  1.8181555e-05  5.8853486e-05 -5.6844573e-07  3.7283452e-08 -5.4469679e-06
 -8.0064642e-06  1.4766194e-05              0 -1.9633108e-06  -5.867152e-06 -5.3425952e-06 -0.00012010488 -1.9950635e-06 -3.4793748e-06  3.1090497e-06 -5.4936855e-06  3.8285598e-07  1.9204048e-06  1.0328389e-09 -3.8325415e-07
              0              0              2              0              0              0              0              0              0              0              0              0              0              0              0
  3.7635595e-05 -1.9633108e-06              0  0.00023407511  6.0021381e-07   6.000684e-07  9.5461045e-05  5.2093275e-06  1.3103247e-06  1.0024015e-06  3.3609866e-06  7.8633297e-06 -8.0149146e-07  5.5732477e-09 -3.9704416e-06
  6.8534434e-06  -5.867152e-06              0  6.0021381e-07   8.086349e-06  7.0693845e-06  6.4552086e-05 -2.3344105e-06  1.5722405e-06 -1.1260863e-06  2.3568295e-06 -4.7675647e-06 -7.8435419e-07  -1.539383e-09 -1.1950045e-07
  7.0933789e-06 -5.3425952e-06              0   6.000684e-07  7.0693845e-06  6.2117361e-06  5.8184216e-05 -1.6437437e-06  1.4525334e-06 -1.0602525e-06  2.1429239e-06 -3.8863891e-06 -7.1788392e-07 -1.3423433e-09 -1.2257951e-07
 -0.00036924445 -0.00012010488              0  9.5461045e-05  6.4552086e-05  5.8184216e-05    0.020555418   3.513103e-05  6.1506426e-05 -2.5928925e-05  3.3680235e-05  2.3010711e-05 -0.00011488233 -4.3712668e-08 -0.00012562604
  5.4011813e-06 -1.9950635e-06              0  5.2093275e-06 -2.3344105e-06 -1.6437437e-06   3.513103e-05  2.1341722e-05  1.2006197e-06 -4.9852205e-07   1.593018e-06  2.9995735e-05 -5.2684636e-07  6.9931715e-10 -8.8810497e-07
  2.7892388e-05 -3.4793748e-06              0  1.3103247e-06  1.5722405e-06  1.4525334e-06  6.1506426e-05  1.2006197e-06  6.3407706e-06  -1.490624e-06  1.5549256e-06 -2.2670851e-06 -6.6886727e-07 -1.0877864e-10  -5.412491e-07
  8.9518267e-06  3.1090497e-06              0  1.0024015e-06 -1.1260863e-06 -1.0602525e-06 -2.5928925e-05 -4.9852205e-07  -1.490624e-06  7.2871904e-06 -1.2410705e-06  4.3769375e-06  3.7862688e-07  2.2858374e-10 -1.8108446e-07
  1.8181555e-05 -5.4936855e-06              0  3.3609866e-06  2.3568295e-06  2.1429239e-06  3.3680235e-05   1.593018e-06  1.5549256e-06 -1.2410705e-06  1.6732426e-05  2.9553077e-06  -5.994406e-07 -3.9724032e-10  1.2402383e-06
  5.8853486e-05  3.8285598e-07              0  7.8633297e-06 -4.7675647e-06 -3.8863891e-06  2.3010711e-05  2.9995735e-05 -2.2670851e-06  4.3769375e-06  2.9553077e-06  0.00067362696  5.6012061e-07  8.1726242e-10 -1.7596724e-06
 -5.6844573e-07  1.9204048e-06              0 -8.0149146e-07 -7.8435419e-07 -7.1788392e-07 -0.00011488233 -5.2684636e-07 -6.6886727e-07  3.7862688e-07  -5.994406e-07  5.6012061e-07  2.1445685e-06  1.8016233e-10  5.7037227e-07
  3.7283452e-08  1.0328389e-09              0  5.5732477e-09  -1.539383e-09 -1.3423433e-09 -4.3712668e-08  6.9931715e-10 -1.0877864e-10  2.2858374e-10 -3.9724032e-10  8.1726242e-10  1.8016233e-10  2.1225089e-12 -1.3998255e-12
 -5.4469679e-06 -3.8325415e-07              0 -3.9704416e-06 -1.1950045e-07 -1.2257951e-07 -0.00012562604 -8.8810497e-07  -5.412491e-07 -1.8108446e-07  1.2402383e-06 -1.7596724e-06  5.7037227e-07 -1.3998255e-12   7.424839e-06


# ext. ||   Name    ||   type  ||     Value     ||  Error +/- 

   0   ||Natural mortality || limited ||    0.02000000059381* ||0.0003573495949068
   1   ||Targeted q || limited ||      3.864741620955 ||0.0523745537954
   2   ||Nontargeted q || limited ||                   2 ||22.06548931833
   3   ||     sigma || limited ||      3.818876078878 ||0.207332247396
   4   ||  Biomass1 || limited ||      5.361490543284 ||0.1468372892284
   5   ||  Biomass2 || limited ||       5.03704742927 ||0.1247621213122
   6   ||  vm_sigma || limited ||      37.00716400869 ||4.036816967109
   7   ||Recruit year 1 || limited ||    0.07309848046154 ||0.00820256380045
   8   ||Recruit year 2 || limited ||      3.792789843374 ||0.0339676663177
   9   ||Recruit year 3 || limited ||      1.076485379347 ||0.01960613642532
  10   ||Recruit year 4 || limited ||      1.282049979908 ||0.03241260991832
  11   ||Mean Rec dist 1 || limited ||      0.985740501923 ||0.1826207193079
  12   ||Mean Rec dist 2 || limited ||      1.035594043146 ||0.01029943742849
  13   ||Mean Rec dist 3 || limited ||     -6.283410707805 ||8.014099563525e-06
  14   ||Mean Rec dist 4 || limited ||      1.082493338082 ||0.01915440710665

* Parameter is at Lower limit




