# Minimum negative log likelihood

Minuit did successfully converge.
# of function calls: 1674
minimum function Value: 342.2811748928
minimum edm: 2.503307947655e-05
minimum internal state vector: LAVector parameters:
     0.4452853428814
    -0.9792120886696
     -1.287002217587
     -1.346313486887
     -1.465239796771
     -1.473976368569
    -0.7354883081113
     -1.049039824178
     -1.434458282354
     -1.144726963324
     -1.012622624195
    0.03519805048837
    0.08651277623702
    0.09370072710223
     0.1053613221191

minimum internal covariance matrix: LASymMatrix parameters:
   0.0022761493 -0.00015172382              0  8.1849596e-05  3.4753443e-05  3.0187013e-05 -0.00014194121  0.00019089481  5.1844134e-05  0.00016859454  0.00024514698  1.0763719e-05  4.1407545e-06  1.1073578e-05  1.1932015e-05
 -0.00015172382   1.366747e-05              0 -6.8381054e-06 -2.8257863e-06 -2.4485037e-06  4.4817312e-06 -1.2826416e-05 -3.3587265e-06  -1.149192e-05 -1.8996047e-05 -3.6859513e-07 -2.2988181e-07 -3.0882656e-07 -5.9171622e-07
              0              0              2              0              0              0              0              0              0              0              0              0              0              0              0
  8.1849596e-05 -6.8381054e-06              0  7.8234664e-05  2.7083039e-06  2.2078307e-06 -4.5032099e-06   6.454295e-06  9.5334004e-07  6.2150117e-06  1.0960491e-05  8.0291533e-08 -1.0885649e-06   3.699767e-07  6.4029712e-07
  3.4753443e-05 -2.8257863e-06              0  2.7083039e-06  1.4956551e-06  1.2383035e-06 -1.3028661e-06  2.9376829e-06  5.9296194e-07  2.5774939e-06  4.2939015e-06  6.0547909e-08 -1.4120064e-08  1.1724895e-07  1.7743097e-07
  3.0187013e-05 -2.4485037e-06              0  2.2078307e-06  1.2383035e-06   1.039945e-06 -1.0862138e-06  2.5549705e-06  5.5557521e-07  2.2187247e-06  3.7052053e-06  6.2542674e-08   2.397939e-08  9.0724513e-08   1.462992e-07
 -0.00014194121  4.4817312e-06              0 -4.5032099e-06 -1.3028661e-06 -1.0862138e-06  5.3222101e-05 -1.1507203e-05 -3.3142584e-06 -1.0120406e-05 -1.0125035e-05 -1.7470048e-06 -7.8682232e-07 -1.7914162e-06 -1.9127763e-06
  0.00019089481 -1.2826416e-05              0   6.454295e-06  2.9376829e-06  2.5549705e-06 -1.1507203e-05  1.7165163e-05  3.9263364e-06  1.4275705e-05  2.0258358e-05    9.26893e-07  6.5524086e-07  9.3369066e-07  9.7067678e-07
  5.1844134e-05 -3.3587265e-06              0  9.5334004e-07  5.9296194e-07  5.5557521e-07 -3.3142584e-06  3.9263364e-06  4.2317785e-06  3.7410207e-06  5.6792161e-06  2.0133206e-07  5.0920318e-09  2.3329176e-07  3.1640322e-07
  0.00016859454  -1.149192e-05              0  6.2150117e-06  2.5774939e-06  2.2187247e-06 -1.0120406e-05  1.4275705e-05  3.7410207e-06  1.3581478e-05  1.7988553e-05  7.5141963e-07  3.6778111e-07  8.2295039e-07  9.3328603e-07
  0.00024514698 -1.8996047e-05              0  1.0960491e-05  4.2939015e-06  3.7052053e-06 -1.0125035e-05  2.0258358e-05  5.6792161e-06  1.7988553e-05  3.1346702e-05  8.0639213e-07 -3.0121807e-07  8.8712008e-07  9.3267413e-07
  1.0763719e-05 -3.6859513e-07              0  8.0291533e-08  6.0547909e-08  6.2542674e-08 -1.7470048e-06    9.26893e-07  2.0133206e-07  7.5141963e-07  8.0639213e-07  1.5633154e-07  3.1960557e-08  8.3884163e-08  8.6335948e-08
  4.1407545e-06 -2.2988181e-07              0 -1.0885649e-06 -1.4120064e-08   2.397939e-08 -7.8682232e-07  6.5524086e-07  5.0920318e-09  3.6778111e-07 -3.0121807e-07  3.1960557e-08  2.1723578e-06  6.6050003e-08 -2.8495042e-08
  1.1073578e-05 -3.0882656e-07              0   3.699767e-07  1.1724895e-07  9.0724513e-08 -1.7914162e-06  9.3369066e-07  2.3329176e-07  8.2295039e-07  8.8712008e-07  8.3884163e-08  6.6050003e-08  2.2763897e-07  9.4781362e-08
  1.1932015e-05 -5.9171622e-07              0  6.4029712e-07  1.7743097e-07   1.462992e-07 -1.9127763e-06  9.7067678e-07  3.1640322e-07  9.3328603e-07  9.3267413e-07  8.6335948e-08 -2.8495042e-08  9.4781362e-08   2.264647e-07


# ext. ||   Name    ||   type  ||     Value     ||  Error +/- 

   0   ||Natural mortality || limited ||    0.05576788540753 ||0.0007609994442138
   1   ||Targeted q || limited ||      8.497088581332 ||0.0728922083238
   2   ||Nontargeted q || limited ||                   2 ||22.06548931833
   3   ||     sigma || limited ||      1.254532079299 ||0.06961154194728
   4   ||  Biomass1 || limited ||      2.782959797283 ||0.0455563569817
   5   ||  Biomass2 || limited ||      2.341695944845 ||0.03485349356336
   6   ||  vm_sigma || limited ||      13.16286276872 ||0.1530018506394
   7   ||Recruit year 1 || limited ||      6.662081219222 ||0.07299887572625
   8   ||Recruit year 2 || limited ||     0.4739357815617 ||0.009884248685921
   9   ||Recruit year 3 || limited ||      4.479688418864 ||0.0538448930684
  10   ||Recruit year 4 || limited ||      7.598051044247 ||0.1048299751163
  11   ||Mean Rec dist 1 || limited ||      0.351907831116 ||0.002794082461112
  12   ||Mean Rec dist 2 || limited ||     0.8640489970609 ||0.01038301166252
  13   ||Mean Rec dist 3 || limited ||     0.9356367459687 ||0.003358914799564
  14   ||Mean Rec dist 4 || limited ||      1.051664941398 ||0.003346341255261





