# Minimum negative log likelihood

Minuit did successfully converge.
# of function calls: 1507
minimum function Value: 337.5517292945
minimum edm: 1.990114332404e-05
minimum internal state vector: LAVector parameters:
    -0.6550826942776
     -1.221602065648
     -1.287002217587
     -1.348866364815
     -1.386683600026
     -1.391474297328
     -1.055083645276
     -1.249250746249
     -1.032839388151
    -0.9770743507405
     -1.150732016594
    0.02442206755826
    0.04270504966971
    0.08350176405841
     0.1130503838009

minimum internal covariance matrix: LASymMatrix parameters:
   0.0032554323 -0.00020407339              0 -7.1905779e-06  0.00011108601  0.00010685568 -0.00022554126  0.00030284076  0.00050582351  0.00056194137  0.00038852608  4.9301367e-05   4.352635e-05  4.0778948e-05  3.8632241e-05
 -0.00020407339  1.3830245e-05              0    6.32682e-07 -7.5108444e-06  -7.218014e-06  1.1088139e-05 -1.9226504e-05 -3.2265347e-05 -3.5797148e-05 -2.5101554e-05 -2.9958363e-06 -2.4863196e-06 -2.3071933e-06 -2.3780886e-06
              0              0              2              0              0              0              0              0              0              0              0              0              0              0              0
 -7.1905779e-06    6.32682e-07              0   6.444174e-05 -7.0302422e-07 -6.3483928e-07 -1.0097845e-06 -9.8769341e-07 -1.1086347e-06 -1.4547502e-06 -5.6879818e-07 -1.1744641e-07 -1.5079474e-07  5.4144288e-08  2.8627214e-07
  0.00011108601 -7.5108444e-06              0 -7.0302422e-07  4.9186205e-06   4.623873e-06 -6.3419996e-06  1.0751608e-05  1.7544052e-05  1.9553256e-05  1.3692733e-05  1.4106596e-06  1.3663734e-06  1.2580044e-06  1.3247145e-06
  0.00010685568  -7.218014e-06              0 -6.3483928e-07   4.623873e-06  4.3621617e-06 -6.0546112e-06  1.0280459e-05  1.6873585e-05  1.8792901e-05  1.3155827e-05  1.4067786e-06  1.3155013e-06  1.2109862e-06  1.2611064e-06
 -0.00022554126  1.1088139e-05              0 -1.0097845e-06 -6.3419996e-06 -6.0546112e-06  4.1920135e-05 -2.0317252e-05 -3.3041912e-05  -3.700441e-05 -2.5390137e-05  -3.581626e-06  -4.453726e-06 -4.3421344e-06 -3.7259689e-06
  0.00030284076 -1.9226504e-05              0 -9.8769341e-07  1.0751608e-05  1.0280459e-05 -2.0317252e-05    2.95225e-05   4.713374e-05  5.2452961e-05  3.6326616e-05  4.1739098e-06  3.9982591e-06  3.7106803e-06  3.6468695e-06
  0.00050582351 -3.2265347e-05              0 -1.1086347e-06  1.7544052e-05  1.6873585e-05 -3.3041912e-05   4.713374e-05  7.9724948e-05  8.7604278e-05   6.075764e-05  7.5690871e-06  6.5934761e-06  6.2259053e-06  5.9820071e-06
  0.00056194137 -3.5797148e-05              0 -1.4547502e-06  1.9553256e-05  1.8792901e-05  -3.700441e-05  5.2452961e-05  8.7604278e-05  9.8140508e-05  6.7424762e-05   8.432426e-06  7.3440071e-06  6.8248932e-06   6.709103e-06
  0.00038852608 -2.5101554e-05              0 -5.6879818e-07  1.3692733e-05  1.3155827e-05 -2.5390137e-05  3.6326616e-05   6.075764e-05  6.7424762e-05  4.9511103e-05   5.791653e-06   5.048556e-06   4.708992e-06  5.0298591e-06
  4.9301367e-05 -2.9958363e-06              0 -1.1744641e-07  1.4106596e-06  1.4067786e-06  -3.581626e-06  4.1739098e-06  7.5690871e-06   8.432426e-06   5.791653e-06  1.7431122e-06  7.2129679e-07  6.1351294e-07  5.1750856e-07
   4.352635e-05 -2.4863196e-06              0 -1.5079474e-07  1.3663734e-06  1.3155013e-06  -4.453726e-06  3.9982591e-06  6.5934761e-06  7.3440071e-06   5.048556e-06  7.2129679e-07  8.4409562e-07  6.4512258e-07  5.1747004e-07
  4.0778948e-05 -2.3071933e-06              0  5.4144288e-08  1.2580044e-06  1.2109862e-06 -4.3421344e-06  3.7106803e-06  6.2259053e-06  6.8248932e-06   4.708992e-06  6.1351294e-07  6.4512258e-07  8.3460811e-07  5.3488841e-07
  3.8632241e-05 -2.3780886e-06              0  2.8627214e-07  1.3247145e-06  1.2611064e-06 -3.7259689e-06  3.6468695e-06  5.9820071e-06   6.709103e-06  5.0298591e-06  5.1750856e-07  5.1747004e-07  5.3488841e-07  1.6074215e-06


# ext. ||   Name    ||   type  ||     Value     ||  Error +/- 

   0   ||Natural mortality || limited ||     0.0297693794557 ||0.0007996194761303
   1   ||Targeted q || limited ||      3.017565301186 ||0.0449856826547
   2   ||Nontargeted q || limited ||                   2 ||22.06548931833
   3   ||     sigma || limited ||      1.226277138573 ||0.06247141266865
   4   ||  Biomass1 || limited ||      8.450462733109 ||0.1435502436843
   5   ||  Biomass2 || limited ||      8.017578277353 ||0.131707139547
   6   ||  vm_sigma || limited ||      5.203275737688 ||0.09030936633202
   7   ||Recruit year 1 || limited ||      2.572338913291 ||0.06070436522977
   8   ||Recruit year 2 || limited ||      7.071428690048 ||0.161733564371
   9   ||Recruit year 3 || limited ||      8.565936024408 ||0.1959265886803
  10   ||Recruit year 4 || limited ||      4.356429550197 ||0.1014445510555
  11   ||Mean Rec dist 1 || limited ||     0.2441963992498 ||0.009332931659079
  12   ||Mean Rec dist 2 || limited ||     0.4269207050207 ||0.006490597218702
  13   ||Mean Rec dist 3 || limited ||     0.8340476125338 ||0.006437399188187
  14   ||Mean Rec dist 4 || limited ||      1.128097329808 ||0.008907763332407





