# Minimum negative log likelihood

Minuit did successfully converge.
# of function calls: 1393
minimum function Value: 255.9152380663
minimum edm: 4.541678272302e-05
minimum internal state vector: LAVector parameters:
     0.3865861628863
     -1.274233095505
     -1.287002217587
     -1.388545051795
     -1.486956671222
     -1.490043383625
    -0.5620468098991
     -1.414069534219
    -0.9817842996364
     -1.286785768461
     -1.115774549501
    0.04898270368476
    0.08911939170294
    0.08942865503069
    0.07838527899368

minimum internal covariance matrix: LASymMatrix parameters:
   0.0019507777 -0.00017284072              0  1.1833291e-05  4.8430698e-05  4.6148171e-05 -0.00034611391  0.00013017612  0.00048150861  0.00023797132  0.00035909023  1.5177018e-05  1.6811689e-05  1.4343725e-05  1.4928366e-05
 -0.00017284072  1.7191217e-05              0 -1.3226119e-08 -4.9541615e-06 -4.7145435e-06  2.4164821e-05 -1.1779501e-05 -4.5128901e-05 -2.1877144e-05 -3.4312747e-05 -1.3334556e-06 -1.1938219e-06 -1.1073606e-06 -1.1902626e-06
              0              0              2              0              0              0              0              0              0              0              0              0              0              0              0
  1.1833291e-05 -1.3226119e-08              0  4.3982755e-05 -5.9749413e-07 -5.5544574e-07 -1.5000445e-05   5.792142e-07  1.2975022e-06 -4.3333335e-08   1.814823e-06  2.0695581e-12  6.8220534e-07  1.0062048e-06 -2.3728342e-07
  4.8430698e-05 -4.9541615e-06              0 -5.9749413e-07  1.9535952e-06  1.8118907e-06 -5.0876233e-06  3.4861248e-06  1.2893277e-05  6.2566896e-06  9.6340023e-06  3.3491728e-07  2.5186881e-07  2.6820948e-07  3.7379575e-07
  4.6148171e-05 -4.7145435e-06              0 -5.5544574e-07  1.8118907e-06  1.6862254e-06 -4.8802321e-06  3.2969685e-06  1.2274617e-05  5.9590724e-06  9.1774365e-06  3.3485752e-07   2.424632e-07  2.5480962e-07  3.5300049e-07
 -0.00034611391  2.4164821e-05              0 -1.5000445e-05 -5.0876233e-06 -4.8802321e-06  0.00024931643 -2.1277996e-05  -7.594942e-05  -3.802133e-05 -6.3433669e-05 -1.8000482e-06 -7.2478005e-06 -4.7368283e-06  -4.253722e-06
  0.00013017612 -1.1779501e-05              0   5.792142e-07  3.4861248e-06  3.2969685e-06 -2.1277996e-05  1.0156334e-05  3.2691663e-05  1.5825702e-05  2.4020552e-05  8.8967682e-07  9.9777322e-07  1.1960388e-06  1.0604337e-06
  0.00048150861 -4.5128901e-05              0  1.2975022e-06  1.2893277e-05  1.2274617e-05  -7.594942e-05  3.2691663e-05  0.00012289644  5.9659524e-05  9.1846473e-05  3.7614164e-06  3.6812016e-06  3.4446084e-06  3.5136266e-06
  0.00023797132 -2.1877144e-05              0 -4.3333335e-08  6.2566896e-06  5.9590724e-06  -3.802133e-05  1.5825702e-05  5.9659524e-05  3.0738844e-05  4.4800545e-05   1.712312e-06  1.8787272e-06   1.152189e-06  1.9725902e-06
  0.00035909023 -3.4312747e-05              0   1.814823e-06  9.6340023e-06  9.1774365e-06 -6.3433669e-05  2.4020552e-05  9.1846473e-05  4.4800545e-05  7.1784451e-05  2.6306812e-06  2.9433082e-06  2.4814159e-06  2.5784684e-06
  1.5177018e-05 -1.3334556e-06              0  2.0695581e-12  3.3491728e-07  3.3485752e-07 -1.8000482e-06  8.8967682e-07  3.7614164e-06   1.712312e-06  2.6306812e-06  1.0753771e-06  9.1453064e-08  1.6288295e-07  9.1947431e-08
  1.6811689e-05 -1.1938219e-06              0  6.8220534e-07  2.5186881e-07   2.424632e-07 -7.2478005e-06  9.9777322e-07  3.6812016e-06  1.8787272e-06  2.9433082e-06  9.1453064e-08  3.3384921e-07   1.779461e-07  1.4710296e-07
  1.4343725e-05 -1.1073606e-06              0  1.0062048e-06  2.6820948e-07  2.5480962e-07 -4.7368283e-06  1.1960388e-06  3.4446084e-06   1.152189e-06  2.4814159e-06  1.6288295e-07   1.779461e-07  8.4331187e-07  4.7397782e-08
  1.4928366e-05 -1.1902626e-06              0 -2.3728342e-07  3.7379575e-07  3.5300049e-07  -4.253722e-06  1.0604337e-06  3.5136266e-06  1.9725902e-06  2.5784684e-06  9.1947431e-08  1.4710296e-07  4.7397782e-08  3.2842017e-07


# ext. ||   Name    ||   type  ||     Value     ||  Error +/- 

   0   ||Natural mortality || limited ||    0.05442571792428 ||0.0007230424778951
   1   ||Targeted q || limited ||      2.182676009469 ||0.04283908751342
   2   ||Nontargeted q || limited ||                   2 ||22.06548931833
   3   ||     sigma || limited ||     0.8280922425372 ||0.04249700419648
   4   ||  Biomass1 || limited ||      1.756242867884 ||0.04138212727559
   5   ||  Biomass2 || limited ||      1.629373734898 ||0.03703386199763
   6   ||  vm_sigma || limited ||      18.68399629264 ||0.377886708994
   7   ||Recruit year 1 || limited ||     0.6227649441205 ||0.01758504664197
   8   ||Recruit year 2 || limited ||      8.434660296971 ||0.2177168083263
   9   ||Recruit year 3 || limited ||      2.012831108994 ||0.05492049277589
  10   ||Recruit year 4 || limited ||      5.096918374016 ||0.1316331088534
  11   ||Mean Rec dist 1 || limited ||     0.4896311862466 ||0.007323929227287
  12   ||Mean Rec dist 2 || limited ||      0.890014702221 ||0.004069426750747
  13   ||Mean Rec dist 3 || limited ||     0.8930950197553 ||0.006467554931707
  14   ||Mean Rec dist 4 || limited ||     0.7830503383258 ||0.004039841473837





