# Minimum negative log likelihood

Minuit did successfully converge.
# of function calls: 1116
minimum function Value: 374.8750262577
minimum edm: 1.568896435862e-05
minimum internal state vector: LAVector parameters:
    -0.3078953150492
     -1.232204502072
     -1.287002217587
     -1.327950998989
     -1.466009558066
     -1.469311483777
    0.08697492853974
     -1.183403059493
     -1.161170070202
     -1.113798073671
     -1.102140823862
    0.09520239480087
    0.09561007103151
    0.06460713830337
    0.07712779823876

minimum internal covariance matrix: LASymMatrix parameters:
   0.0021433576 -0.00018496685              0 -1.3914282e-05  5.9604082e-05  5.6800566e-05  -0.0010358207  0.00030604634  0.00032720172    0.000373294  0.00036960711  1.1745633e-05  1.1775271e-05  1.4190254e-05  1.1564694e-05
 -0.00018496685  1.7623355e-05              0  1.0151402e-06 -5.7079536e-06 -5.4184435e-06  6.7842811e-05 -2.7202135e-05 -2.9006202e-05 -3.3018136e-05 -3.3419505e-05  -8.548976e-07 -8.8645205e-07 -1.0341559e-06 -8.7679076e-07
              0              0              2              0              0              0              0              0              0              0              0              0              0              0              0
 -1.3914282e-05  1.0151402e-06              0  7.7005229e-05 -4.0539224e-07 -4.4883937e-07 -3.3010075e-05 -1.7478649e-06 -2.2686919e-06 -2.4167127e-06 -2.6526182e-06  2.3121045e-07  9.7528393e-08 -5.1701691e-08  1.0844161e-07
  5.9604082e-05 -5.7079536e-06              0 -4.0539224e-07  3.1245556e-06  2.8507894e-06 -2.5998951e-05  8.9249088e-06  9.2974683e-06  1.0615588e-05  1.0667068e-05  2.4059915e-07   3.045881e-07  2.9307094e-07  3.1348159e-07
  5.6800566e-05 -5.4184435e-06              0 -4.4883937e-07  2.8507894e-06  2.6131413e-06 -2.4242595e-05  8.4745287e-06  8.8568383e-06   1.010988e-05  1.0162298e-05   2.351915e-07  2.8568245e-07  2.8320213e-07  2.9676148e-07
  -0.0010358207  6.7842811e-05              0 -3.3010075e-05 -2.5998951e-05 -2.4242595e-05   0.0033793494  -0.0001468283 -0.00014595158  -0.0001652696 -0.00015320992 -2.0315365e-05 -1.5992638e-05 -1.5631483e-05 -1.6308755e-05
  0.00030604634 -2.7202135e-05              0 -1.7478649e-06  8.9249088e-06  8.4745287e-06  -0.0001468283  4.5479481e-05   4.700241e-05  5.3677293e-05  5.3261766e-05  1.6180395e-06  1.6556862e-06   1.922173e-06  1.6308047e-06
  0.00032720172 -2.9006202e-05              0 -2.2686919e-06  9.2974683e-06  8.8568383e-06 -0.00014595158   4.700241e-05  5.1648968e-05  5.7347411e-05  5.7189877e-05  1.6924017e-06  1.6645179e-06  2.0952287e-06  1.7261773e-06
    0.000373294 -3.3018136e-05              0 -2.4167127e-06  1.0615588e-05   1.010988e-05  -0.0001652696  5.3677293e-05  5.7347411e-05  6.6755942e-05  6.5212008e-05   1.900722e-06  2.0051252e-06  2.3486246e-06  1.9775242e-06
  0.00036960711 -3.3419505e-05              0 -2.6526182e-06  1.0667068e-05  1.0162298e-05 -0.00015320992  5.3261766e-05  5.7189877e-05  6.5212008e-05  6.8844606e-05  1.7679923e-06  1.9037229e-06  2.3505386e-06   2.065462e-06
  1.1745633e-05  -8.548976e-07              0  2.3121045e-07  2.4059915e-07   2.351915e-07 -2.0315365e-05  1.6180395e-06  1.6924017e-06   1.900722e-06  1.7679923e-06  4.7620327e-07  9.3376878e-08  1.1888937e-07   9.985465e-08
  1.1775271e-05 -8.8645205e-07              0  9.7528393e-08   3.045881e-07  2.8568245e-07 -1.5992638e-05  1.6556862e-06  1.6645179e-06  2.0051252e-06  1.9037229e-06  9.3376878e-08  4.1302955e-07  1.1280285e-07  1.0813909e-07
  1.4190254e-05 -1.0341559e-06              0 -5.1701691e-08  2.9307094e-07  2.8320213e-07 -1.5631483e-05   1.922173e-06  2.0952287e-06  2.3486246e-06  2.3505386e-06  1.1888937e-07  1.1280285e-07  3.3593183e-07   1.142516e-07
  1.1564694e-05 -8.7679076e-07              0  1.0844161e-07  3.1348159e-07  2.9676148e-07 -1.6308755e-05  1.6308047e-06  1.7261773e-06  1.9775242e-06   2.065462e-06   9.985465e-08  1.0813909e-07   1.142516e-07  3.3073267e-07


# ext. ||   Name    ||   type  ||     Value     ||  Error +/- 

   0   ||Natural mortality || limited ||     0.0374236599967 ||0.0007797862633606
   1   ||Targeted q || limited ||      2.838833053476 ||0.04929977549444
   2   ||Nontargeted q || limited ||                   2 ||22.06548931833
   3   ||     sigma || limited ||      1.467114902409 ||0.07460449353688
   4   ||  Biomass1 || limited ||      2.742555847226 ||0.06536727828182
   5   ||  Biomass2 || limited ||      2.572584245508 ||0.0579017662794
   6   ||  vm_sigma || limited ||      43.47506914187 ||1.637529339531
   7   ||Recruit year 1 || limited ||      3.714781189543 ||0.09006420068606
   8   ||Recruit year 2 || limited ||      4.146099530294 ||0.1011845821239
   9   ||Recruit year 3 || limited ||      5.140432983535 ||0.1274515525837
  10   ||Recruit year 4 || limited ||      5.400641558796 ||0.1324896013991
  11   ||Mean Rec dist 1 || limited ||     0.9505864887134 ||0.004857469461211
  12   ||Mean Rec dist 2 || limited ||      0.954644711004 ||0.004523634556604
  13   ||Mean Rec dist 3 || limited ||     0.6456220176388 ||0.00408981389751
  14   ||Mean Rec dist 4 || limited ||     0.7705135265953 ||0.004054436561714





