# Minimum negative log likelihood

Minuit did successfully converge.
# of function calls: 1277
minimum function Value: 343.3153262462
minimum edm: 4.857333567438e-05
minimum internal state vector: LAVector parameters:
     0.3531569915284
     -0.967682760146
     -1.287002217587
     -1.345804836927
     -1.500820459707
     -1.503185051114
     0.5970062889328
    -0.1996863666771
     -1.115375575735
     -1.357698919806
     -1.056755500995
     -1.274286255189

minimum internal covariance matrix: LASymMatrix parameters:
   0.0054718021  -0.0003829854              0   0.0001742691  5.1743763e-05  4.6565553e-05  2.6916481e-07 -1.7145311e-05  0.00030892484  0.00015108018  0.00028562903  0.00018154581
  -0.0003829854  2.8681557e-05              0 -1.2653506e-05 -3.9149027e-06 -3.5149063e-06   5.666881e-07 -6.0287994e-06 -2.1643016e-05 -1.0628028e-05 -2.0253181e-05 -1.3063838e-05
              0              0      3.2491712              0              0              0              0              0              0              0              0              0
   0.0001742691 -1.2653506e-05              0  6.5346086e-05  1.2106188e-06  1.0971327e-06  1.1717878e-07 -3.5527138e-06  1.0886846e-05  5.9691078e-06  9.1615464e-06  5.7873763e-06
  5.1743763e-05 -3.9149027e-06              0  1.2106188e-06  1.9086518e-06  1.6247643e-06 -7.2268416e-08  8.9260092e-07  3.0708615e-06  1.4226714e-06   2.663057e-06  1.7113948e-06
  4.6565553e-05 -3.5149063e-06              0  1.0971327e-06  1.6247643e-06  1.3901844e-06 -6.1683571e-08  8.0513075e-07  2.7399791e-06  1.2720384e-06  2.3992476e-06  1.5459519e-06
  2.6916481e-07   5.666881e-07              0  1.1717878e-07 -7.2268416e-08 -6.1683571e-08  4.5368391e-07 -4.6858589e-06 -4.3403831e-10  -2.073112e-08 -1.0112439e-07 -6.6788029e-08
 -1.7145311e-05 -6.0287994e-06              0 -3.5527138e-06  8.9260092e-07  8.0513075e-07 -4.6858589e-06  0.00013186124 -8.4407697e-07 -5.5225934e-07  4.0250691e-07 -6.4911051e-07
  0.00030892484 -2.1643016e-05              0  1.0886846e-05  3.0708615e-06  2.7399791e-06 -4.3403831e-10 -8.4407697e-07   1.850847e-05   8.603953e-06  1.6116421e-05  1.0122096e-05
  0.00015108018 -1.0628028e-05              0  5.9691078e-06  1.4226714e-06  1.2720384e-06  -2.073112e-08 -5.5225934e-07   8.603953e-06  5.2601807e-06   7.871512e-06  5.1268138e-06
  0.00028562903 -2.0253181e-05              0  9.1615464e-06   2.663057e-06  2.3992476e-06 -1.0112439e-07  4.0250691e-07  1.6116421e-05   7.871512e-06  1.5710759e-05  9.4873798e-06
  0.00018154581 -1.3063838e-05              0  5.7873763e-06  1.7113948e-06  1.5459519e-06 -6.6788029e-08 -6.4911051e-07  1.0122096e-05  5.1268138e-06  9.4873798e-06  7.4745699e-06


# ext. ||   Name    ||   type  ||     Value     ||  Error +/- 

   0   ||Natural mortality || limited ||    0.05364654213663 ||0.00122638593498
   1   ||Targeted q || limited ||      8.821321737235 ||0.1073986459435
   2   ||Nontargeted q || limited ||                   2 ||60.29944127407
   3   ||     sigma || limited ||      1.260199715085 ||0.06376145785118
   4   ||  Biomass1 || limited ||      1.223656056296 ||0.03415168187004
   5   ||  Biomass2 || limited ||      1.142385869388 ||0.02816302932979
   6   ||   vm_mean || limited ||      1.766106410371 ||0.001237453143807
   7   ||  vm_sigma || limited ||      32.06612160131 ||0.3183292475209
   8   ||Recruit year 1 || limited ||      5.105688158243 ||0.06689460697222
   9   ||Recruit year 2 || limited ||      1.140859951219 ||0.01714738781498
  10   ||Recruit year 3 || limited ||      6.471116393531 ||0.06889848636406
  11   ||Recruit year 4 || limited ||      2.191681130575 ||0.02823978400387





