# Minimum negative log likelihood

Minuit did successfully converge.
# of function calls: 725
minimum function Value: 578.0596039356
minimum edm: 5.430728972088e-06
minimum internal state vector: LAVector parameters:
    -0.3279732729114
     -1.094169730392
     -1.287002217587
     -1.173370415762
     -1.495839258763
      -1.49930566981
    -0.2009734754038
    -0.0123337897021
     -1.242710866392
    -0.9724361917768
     -1.073301491771
     -1.182726860336

minimum internal covariance matrix: LASymMatrix parameters:
    0.054923367  -0.0048354643              0 -4.0751861e-05  0.00077541634  0.00073750934  1.1194222e-05 -0.00026967875   0.0032656556    0.006004282   0.0056800886    0.003610433
  -0.0048354643  0.00043246624              0  3.7871731e-06 -6.9201825e-05 -6.5838479e-05  7.2584254e-07 -2.1633671e-05 -0.00028844275 -0.00053053198 -0.00050147091 -0.00031873719
              0              0              2              0              0              0              0              0              0              0              0              0
 -4.0751861e-05  3.7871731e-06              0  0.00018617919  3.7367684e-07  1.3402735e-07  2.4536987e-08 -3.1509222e-06 -3.4488078e-06 -4.6954741e-06 -4.5782402e-06 -3.1946763e-06
  0.00077541634 -6.9201825e-05              0  3.7367684e-07  1.8623965e-05    1.67878e-05 -1.0027043e-07 -7.3580902e-07  4.6670887e-05  8.5052333e-05  8.0610154e-05  5.1100867e-05
  0.00073750934 -6.5838479e-05              0  1.3402735e-07    1.67878e-05  1.5253495e-05 -9.3067588e-08    3.06929e-07  4.4214857e-05   8.092536e-05  7.6625689e-05  4.8601926e-05
  1.1194222e-05  7.2584254e-07              0  2.4536987e-08 -1.0027043e-07 -9.3067588e-08  1.9196966e-06 -4.5181991e-05  4.2823568e-07   6.452871e-07  8.9040369e-07  4.8740817e-07
 -0.00026967875 -2.1633671e-05              0 -3.1509222e-06 -7.3580902e-07    3.06929e-07 -4.5181991e-05   0.0027626213 -1.3261445e-05 -1.1961763e-05 -1.9893123e-05 -1.3513604e-05
   0.0032656556 -0.00028844275              0 -3.4488078e-06  4.6670887e-05  4.4214857e-05  4.2823568e-07 -1.3261445e-05  0.00020290934  0.00035684636  0.00033795083  0.00021468885
    0.006004282 -0.00053053198              0 -4.6954741e-06  8.5052333e-05   8.092536e-05   6.452871e-07 -1.1961763e-05  0.00035684636  0.00066437867  0.00062154203  0.00039461666
   0.0056800886 -0.00050147091              0 -4.5782402e-06  8.0610154e-05  7.6625689e-05  8.9040369e-07 -1.9893123e-05  0.00033795083  0.00062154203  0.00059589972  0.00037316982
    0.003610433 -0.00031873719              0 -3.1946763e-06  5.1100867e-05  4.8601926e-05  4.8740817e-07 -1.3513604e-05  0.00021468885  0.00039461666  0.00037316982  0.00024607099


# ext. ||   Name    ||   type  ||     Value     ||  Error +/- 

   0   ||Natural mortality || limited ||     0.0369468751365 ||0.003904137384172
   1   ||Targeted q || limited ||      5.572617978698 ||0.3373060012565
   2   ||Nontargeted q || limited ||                   2 ||22.06548931833
   3   ||     sigma || limited ||       3.89698305442 ||0.1867138797431
   4   ||  Biomass1 || limited ||      1.403982963478 ||0.1142605296234
   5   ||  Biomass2 || limited ||      1.277184405008 ||0.09863213251979
   6   ||   vm_mean || limited ||    -0.6271351154385 ||0.003015926632618
   7   ||  vm_sigma || limited ||      39.50716708686 ||1.486165646933
   8   ||Recruit year 1 || limited ||      2.676683179122 ||0.1622642471098
   9   ||Recruit year 2 || limited ||      8.696109192922 ||0.5132466013709
  10   ||Recruit year 3 || limited ||      6.070351558513 ||0.4118132192645
  11   ||Recruit year 4 || limited ||      3.727563089516 ||0.2098391220003





