# Minimum negative log likelihood

Minuit did successfully converge.
# of function calls: 1357
minimum function Value: 541.4135763989
minimum edm: 1.719467014484e-05
minimum internal state vector: LAVector parameters:
      2.251119200645
     -1.048062152717
     -1.287002217587
     -1.207277895207
     -1.437936442646
     -1.447469895997
     0.4571350833391
     -1.115368935731
    -0.9461112643958
     -1.156524114326
     -1.283974810013
    0.09080404631258
    0.08467228125616
    0.05652465694675
     0.1058393304607

minimum internal covariance matrix: LASymMatrix parameters:
    0.016975945  0.00087966222              0  0.00023571318 -0.00021768618 -0.00019618032   0.0040252009  -0.0011629621  -0.0016110754  -0.0010211811 -0.00071243468 -2.9626264e-05 -3.4548906e-05 -3.4843828e-05 -6.5024292e-05
  0.00087966222  5.4658436e-05              0  2.1000128e-05 -1.2982817e-05 -1.1675008e-05  0.00011588895 -6.2706477e-05 -8.7480772e-05 -5.6316673e-05 -3.8949136e-05  -5.719584e-07 -1.2239701e-06 -1.2412662e-06 -3.4494621e-06
              0              0              2              0              0              0              0              0              0              0              0              0              0              0              0
  0.00023571318  2.1000128e-05              0  0.00023831436 -1.0903321e-07 -1.3554293e-06 -6.8495867e-05 -1.8730578e-05 -2.6362438e-05 -1.8013103e-05 -1.5231177e-05  1.2693834e-06  3.4683366e-07  1.8792652e-06 -4.2906916e-06
 -0.00021768618 -1.2982817e-05              0 -1.0903321e-07  7.0901205e-06  5.8955699e-06 -4.2599087e-05  1.5291536e-05  2.2508945e-05  1.3523139e-05  9.6957302e-06  3.7531563e-07  3.8452719e-07  5.2877914e-07  1.1965437e-06
 -0.00019618032 -1.1675008e-05              0 -1.3554293e-06  5.8955699e-06  4.9818444e-06 -3.7693771e-05  1.3714094e-05  2.0153245e-05  1.2189585e-05  8.8342281e-06  3.2363126e-07  3.3929433e-07  4.2546473e-07  1.0432809e-06
   0.0040252009  0.00011588895              0 -6.8495867e-05 -4.2599087e-05 -3.7693771e-05   0.0078224142 -0.00023641011 -0.00034844484 -0.00016655414 -0.00012569458 -3.5247453e-05 -3.0913581e-05 -2.8627749e-05 -3.0338649e-05
  -0.0011629621 -6.2706477e-05              0 -1.8730578e-05  1.5291536e-05  1.3714094e-05 -0.00023641011  9.0291643e-05  0.00011126767  7.0649812e-05  5.0488695e-05   1.885847e-06  2.2150219e-06  2.2493054e-06   5.570746e-06
  -0.0016110754 -8.7480772e-05              0 -2.6362438e-05  2.2508945e-05  2.0153245e-05 -0.00034844484  0.00011126767  0.00016557939  9.7583796e-05  6.8512092e-05  2.6304723e-06  3.0657597e-06  3.2124177e-06  7.9437406e-06
  -0.0010211811 -5.6316673e-05              0 -1.8013103e-05  1.3523139e-05  1.2189585e-05 -0.00016655414  7.0649812e-05  9.7583796e-05  7.7961421e-05  4.9393673e-05  1.1142567e-06    1.57911e-06  2.1955719e-06  3.5126204e-06
 -0.00071243468 -3.8949136e-05              0 -1.5231177e-05  9.6957302e-06  8.8342281e-06 -0.00012569458  5.0488695e-05  6.8512092e-05  4.9393673e-05  4.8533676e-05  1.2795439e-06   1.108915e-06  1.3682622e-06  3.6832274e-06
 -2.9626264e-05  -5.719584e-07              0  1.2693834e-06  3.7531563e-07  3.2363126e-07 -3.5247453e-05   1.885847e-06  2.6304723e-06  1.1142567e-06  1.2795439e-06   5.977552e-07  1.7644368e-07  1.7289248e-07  3.3064587e-07
 -3.4548906e-05 -1.2239701e-06              0  3.4683366e-07  3.8452719e-07  3.3929433e-07 -3.0913581e-05  2.2150219e-06  3.0657597e-06    1.57911e-06   1.108915e-06  1.7644368e-07  3.0952746e-07  1.4701491e-07  1.9297337e-07
 -3.4843828e-05 -1.2412662e-06              0  1.8792652e-06  5.2877914e-07  4.2546473e-07 -2.8627749e-05  2.2493054e-06  3.2124177e-06  2.1955719e-06  1.3682622e-06  1.7289248e-07  1.4701491e-07  5.3801321e-07  2.1732945e-07
 -6.5024292e-05 -3.4494621e-06              0 -4.2906916e-06  1.1965437e-06  1.0432809e-06 -3.0338649e-05   5.570746e-06  7.9437406e-06  3.5126204e-06  3.6832274e-06  3.3064587e-07  1.9297337e-07  2.1732945e-07  2.8806891e-06


# ext. ||   Name    ||   type  ||     Value     ||  Error +/- 

   0   ||Natural mortality || limited ||    0.06443424143499 ||0.001446799974289
   1   ||Targeted q || limited ||      6.677130960077 ||0.1304970249078
   2   ||Nontargeted q || limited ||                   2 ||22.06548931833
   3   ||     sigma || limited ||      3.267420972544 ||0.1940619605626
   4   ||  Biomass1 || limited ||      4.406449684023 ||0.1247087711867
   5   ||  Biomass2 || limited ||      3.797535282061 ||0.09707437767018
   6   ||  vm_sigma || limited ||       57.6554462241 ||2.243233656377
   7   ||Recruit year 1 || limited ||      5.105834171676 ||0.1477518446297
   8   ||Recruit year 2 || limited ||       9.45168831596 ||0.2660401306005
   9   ||Recruit year 3 || limited ||      4.239101311789 ||0.1256435517069
  10   ||Recruit year 4 || limited ||      2.052399345479 ||0.06967421314321
  11   ||Mean Rec dist 1 || limited ||     0.9067931218139 ||0.005444446495277
  12   ||Mean Rec dist 2 || limited ||     0.8457114267677 ||0.003919908248071
  13   ||Mean Rec dist 3 || limited ||     0.5649456202796 ||0.005178300997673
  14   ||Mean Rec dist 4 || limited ||      1.056418397147 ||0.01193427557466





