# Minimum negative log likelihood

Minuit did successfully converge.
# of function calls: 432
minimum function Value: 723.0333061436
minimum edm: 5.171733351587e-06
minimum internal state vector: LAVector parameters:
    -0.4257602509804
     -1.187368002533
     -1.287002217587
     -1.003807726332
     -1.468677157046
     -1.475299320958
    -0.1570452394671
     0.1791146030612
     -1.144060921321
    -0.9107941657182
     -1.310291678287
    -0.9724527902386

minimum internal covariance matrix: LASymMatrix parameters:
   0.0075960461 -0.00069946527              0  0.00013459355 -0.00021287773 -0.00014303147  5.7910994e-05 -0.00028056167  0.00077484056   0.0015581847  0.00059396013   0.0013103394
 -0.00069946527  9.7222126e-05              0 -9.1428745e-06   2.359618e-05  1.5000795e-05   2.300266e-06 -0.00035631295 -8.3290925e-05 -0.00016414175 -4.9845048e-05 -0.00014999459
              0              0              2              0              0              0              0              0              0              0              0              0
  0.00013459355 -9.1428745e-06              0   0.0004575848 -3.3006347e-06 -1.7039569e-06 -2.1622297e-06  7.4971532e-05  2.1892008e-06  2.6343466e-05  2.1472771e-05  1.2128118e-05
 -0.00021287773   2.359618e-05              0 -3.3006347e-06  7.1641684e-06  4.6522579e-06 -7.6053511e-07 -3.9869406e-05 -2.2843857e-05 -4.7047051e-05 -1.6327204e-05 -4.1003628e-05
 -0.00014303147  1.5000795e-05              0 -1.7039569e-06  4.6522579e-06  3.2729303e-06 -7.2366331e-07 -1.7191244e-05  -1.607743e-05 -3.1282793e-05 -1.0870786e-05 -2.7095757e-05
  5.7910994e-05   2.300266e-06              0 -2.1622297e-06 -7.6053511e-07 -7.2366331e-07  1.1209715e-05 -0.00037264785  3.7473989e-06  6.6139428e-06  3.2413248e-06  4.3770718e-06
 -0.00028056167 -0.00035631295              0  7.4971532e-05 -3.9869406e-05 -1.7191244e-05 -0.00037264785    0.035128192   0.0001561512  0.00013865817  1.5623398e-05  0.00026592431
  0.00077484056 -8.3290925e-05              0  2.1892008e-06 -2.2843857e-05  -1.607743e-05  3.7473989e-06   0.0001561512  0.00012282993  0.00016337848  5.2959112e-05  0.00014468589
   0.0015581847 -0.00016414175              0  2.6343466e-05 -4.7047051e-05 -3.1282793e-05  6.6139428e-06  0.00013865817  0.00016337848  0.00036566425  0.00011732973   0.0002850374
  0.00059396013 -4.9845048e-05              0  2.1472771e-05 -1.6327204e-05 -1.0870786e-05  3.2413248e-06  1.5623398e-05  5.2959112e-05  0.00011732973  9.2941611e-05  9.5030283e-05
   0.0013103394 -0.00014999459              0  1.2128118e-05 -4.1003628e-05 -2.7095757e-05  4.3770718e-06  0.00026592431  0.00014468589   0.0002850374  9.5030283e-05  0.00029743236


# ext. ||   Name    ||   type  ||     Value     ||  Error +/- 

   0   ||Natural mortality || limited ||    0.03467466798476 ||0.00140226831977
   1   ||Targeted q || limited ||      3.630622752923 ||0.130413974172
   2   ||Nontargeted q || limited ||                   2 ||22.06548931833
   3   ||     sigma || limited ||       7.82388984952 ||0.4061858489718
   4   ||  Biomass1 || limited ||       2.60481637081 ||0.0964694551088
   5   ||  Biomass2 || limited ||      2.278187379886 ||0.06098916868588
   6   ||   vm_mean || limited ||    -0.4913466466527 ||0.00734605282647
   7   ||  vm_sigma || limited ||       47.1267473677 ||5.20105311862
   8   ||Recruit year 1 || limited ||      4.493460723332 ||0.162164540347
   9   ||Recruit year 2 || limited ||      10.50940462938 ||0.4144613679416
  10   ||Recruit year 3 || limited ||      1.696825312209 ||0.08778201865149
  11   ||Recruit year 4 || limited ||      8.695641759415 ||0.3434116738415





