# Minimum negative log likelihood

Minuit did successfully converge.
# of function calls: 908
minimum function Value: 701.2225020174
minimum edm: 8.757061353942e-06
minimum internal state vector: LAVector parameters:
     0.3306766534902
     -1.089881059606
     -1.287002217587
     -1.033490109856
     -1.448644804527
     -1.455641473466
     0.5731275417672
     -1.328926487895
     -1.024212221393
     -1.034136273039
     -1.106448042769
    0.02566590343161
    0.07404883522712
    0.06173249383251
    0.08123637808857

minimum internal covariance matrix: LASymMatrix parameters:
    0.025225243  -0.0018733216              0 -0.00013121764   0.0004842612  0.00044131673    -0.01363699   0.0013833965    0.003349414   0.0032824309   0.0028540023  8.4042142e-05  9.2529754e-05  9.5989225e-05  9.4167294e-05
  -0.0018733216  0.00017377229              0   2.219669e-06 -4.7870474e-05 -4.3243525e-05  0.00077342387 -0.00010763201 -0.00026599659 -0.00025889777   -0.000235388  -4.269157e-06 -4.7618688e-06 -5.1582143e-06 -5.7263308e-06
              0              0              2              0              0              0              0              0              0              0              0              0              0              0              0
 -0.00013121764   2.219669e-06              0  0.00037094762  5.2554855e-06  4.4642506e-06 -3.0282242e-05 -5.5150033e-06 -1.2478585e-05 -1.4880195e-05 -1.7743673e-05 -7.7623344e-08 -5.1974694e-07 -2.5892919e-07 -9.8678391e-07
   0.0004842612 -4.7870474e-05              0  5.2554855e-06  3.0527697e-05  2.5870413e-05 -0.00022318488  2.8977361e-05  7.0160445e-05  6.7232034e-05  6.2073723e-05   8.883668e-07  1.2312473e-06  1.4170485e-06  1.4948253e-06
  0.00044131673 -4.3243525e-05              0  4.4642506e-06  2.5870413e-05  2.2152998e-05 -0.00019993387   2.615308e-05  6.3807368e-05  6.1227072e-05  5.6459487e-05  8.9073569e-07  1.1318649e-06  1.2850648e-06  1.3745404e-06
    -0.01363699  0.00077342387              0 -3.0282242e-05 -0.00022318488 -0.00019993387    0.047650391 -0.00071683992  -0.0016473339  -0.0016077051  -0.0013896746 -0.00013432926 -0.00015161995 -0.00015700526 -0.00013796926
   0.0013833965 -0.00010763201              0 -5.5150033e-06  2.8977361e-05   2.615308e-05 -0.00071683992  0.00010703176  0.00018600146  0.00018336679   0.0001578416   4.340994e-06  4.9145016e-06  5.0819706e-06  5.1309333e-06
    0.003349414 -0.00026599659              0 -1.2478585e-05  7.0160445e-05  6.3807368e-05  -0.0016473339  0.00018600146  0.00048524248  0.00044526367  0.00039095027  1.0311548e-05  1.1023425e-05  1.1788718e-05  1.1672874e-05
   0.0032824309 -0.00025889777              0 -1.4880195e-05  6.7232034e-05  6.1227072e-05  -0.0016077051  0.00018336679  0.00044526367  0.00046777694  0.00037942848  1.0105311e-05  1.0997595e-05  1.1431054e-05  1.1534269e-05
   0.0028540023   -0.000235388              0 -1.7743673e-05  6.2073723e-05  5.6459487e-05  -0.0013896746   0.0001578416  0.00039095027  0.00037942848  0.00039224066  8.1782791e-06  9.2191918e-06  9.4740212e-06  1.0985351e-05
  8.4042142e-05  -4.269157e-06              0 -7.7623344e-08   8.883668e-07  8.9073569e-07 -0.00013432926   4.340994e-06  1.0311548e-05  1.0105311e-05  8.1782791e-06  4.3966896e-06  5.7721311e-07  6.4011926e-07  5.2276234e-07
  9.2529754e-05 -4.7618688e-06              0 -5.1974694e-07  1.2312473e-06  1.1318649e-06 -0.00015161995  4.9145016e-06  1.1023425e-05  1.0997595e-05  9.2191918e-06  5.7721311e-07  1.6857961e-06  6.8631066e-07  6.0984305e-07
  9.5989225e-05 -5.1582143e-06              0 -2.5892919e-07  1.4170485e-06  1.2850648e-06 -0.00015700526  5.0819706e-06  1.1788718e-05  1.1431054e-05  9.4740212e-06  6.4011926e-07  6.8631066e-07   1.706681e-06  6.2172873e-07
  9.4167294e-05 -5.7263308e-06              0 -9.8678391e-07  1.4948253e-06  1.3745404e-06 -0.00013796926  5.1309333e-06  1.1672874e-05  1.1534269e-05  1.0985351e-05  5.2276234e-07  6.0984305e-07  6.2172873e-07  2.2265224e-06


# ext. ||   Name    ||   type  ||     Value     ||  Error +/- 

   0   ||Natural mortality || limited ||    0.05311707742541 ||0.002649959141809
   1   ||Targeted q || limited ||      5.671405000682 ||0.215593660886
   2   ||Nontargeted q || limited ||                   2 ||22.06548931833
   3   ||     sigma || limited ||      7.045473072571 ||0.3485123905761
   4   ||  Biomass1 || limited ||      3.725612652857 ||0.2380231787683
   5   ||  Biomass2 || limited ||      3.311498251484 ||0.1912020052309
   6   ||  vm_sigma || limited ||      61.69072829664 ||5.166950549228
   7   ||Recruit year 1 || limited ||      1.465263886523 ||0.08759977924345
   8   ||Recruit year 2 || limited ||      7.294022059818 ||0.4047495207814
   9   ||Recruit year 3 || limited ||      7.038243066571 ||0.3908976189092
  10   ||Recruit year 4 || limited ||      5.303789564568 ||0.3135427400635
  11   ||Mean Rec dist 1 || limited ||     0.2566308567088 ||0.0148219275452
  12   ||Mean Rec dist 2 || limited ||     0.7398118264508 ||0.00915578742927
  13   ||Mean Rec dist 3 || limited ||     0.6169329190136 ||0.009220045384835
  14   ||Mean Rec dist 4 || limited ||     0.8114705636348 ||0.01051632139696





