# Minimum negative log likelihood

Minuit did successfully converge.
# of function calls: 803
minimum function Value: 682.6543491299
minimum edm: 3.406688425002e-05
minimum internal state vector: LAVector parameters:
     -1.073132100524
      -1.12901436971
     -1.287002217587
     -1.057505418762
     -1.497007174985
     -1.499823017039
    -0.2908911273863
     0.1868985231298
      -1.00425788784
     -1.293197964773
      -1.26952625451
     -1.390484023576

minimum internal covariance matrix: LASymMatrix parameters:
   0.0095967945  -0.0027512557              0 -1.0930249e-05  0.00044051938  0.00043473387  2.4477166e-05  -0.0010485482   0.0037333457   0.0017130545   0.0018437985  0.00098146387
  -0.0027512557  0.00080792423              0  -1.630613e-09 -0.00012875461 -0.00012735194 -1.5257301e-06  7.7088963e-05  -0.0010740131 -0.00048403236 -0.00052838871 -0.00028057287
              0              0              2              0              0              0              0              0              0              0              0              0
 -1.0930249e-05  -1.630613e-09              0  0.00037375438  4.4018159e-06  3.8826261e-06 -2.0608418e-06  4.6730407e-06 -3.4316355e-06 -4.2307293e-06 -1.7421046e-06 -1.9948002e-06
  0.00044051938 -0.00012875461              0  4.4018159e-06  4.2020008e-05  3.7547719e-05 -3.4138287e-07 -0.00010610295  0.00017647618  7.8672312e-05  8.3248971e-05  4.3965482e-05
  0.00043473387 -0.00012735194              0  3.8826261e-06  3.7547719e-05  3.4194448e-05  -1.085109e-07 -7.2625792e-05  0.00017274315  7.7198726e-05  8.2288645e-05  4.3357688e-05
  2.4477166e-05 -1.5257301e-06              0 -2.0608418e-06 -3.4138287e-07  -1.085109e-07  9.8176591e-06 -0.00025771307  7.7275115e-06  6.6967281e-06  4.7833736e-06  3.1369152e-06
  -0.0010485482  7.7088963e-05              0  4.6730407e-06 -0.00010610295 -7.2625792e-05 -0.00025771307    0.025643323 -0.00042127615 -0.00027893775 -0.00019995266 -0.00012267122
   0.0037333457  -0.0010740131              0 -3.4316355e-06  0.00017647618  0.00017274315  7.7275115e-06 -0.00042127615   0.0014730135  0.00066429589  0.00071733542  0.00038141684
   0.0017130545 -0.00048403236              0 -4.2307293e-06  7.8672312e-05  7.7198726e-05  6.6967281e-06 -0.00027893775  0.00066429589  0.00032794633  0.00032838057  0.00017521489
   0.0018437985 -0.00052838871              0 -1.7421046e-06  8.3248971e-05  8.2288645e-05  4.7833736e-06 -0.00019995266  0.00071733542  0.00032838057  0.00037022247  0.00018978967
  0.00098146387 -0.00028057287              0 -1.9948002e-06  4.3965482e-05  4.3357688e-05  3.1369152e-06 -0.00012267122  0.00038141684  0.00017521489  0.00018978967  0.00012107499


# ext. ||   Name    ||   type  ||     Value     ||  Error +/- 

   0   ||Natural mortality || limited ||    0.01819500052845 ||0.004956226067546
   1   ||Targeted q || limited ||      4.800438934328 ||0.4296343785317
   2   ||Nontargeted q || limited ||                   2 ||22.06548931833
   3   ||     sigma || limited ||      6.443338090904 ||0.3356274230431
   4   ||  Biomass1 || limited ||      1.360592212635 ||0.1689584394943
   5   ||  Biomass2 || limited ||       1.25877414877 ||0.1466094475513
   6   ||   vm_mean || limited ||     -0.901027713126 ||0.006668050321723
   7   ||  vm_sigma || limited ||       47.4329002181 ||4.440874477368
   8   ||Recruit year 1 || limited ||      7.821023983675 ||0.7281233904531
   9   ||Recruit year 2 || limited ||       1.92398996805 ||0.1754388395481
  10   ||Recruit year 3 || limited ||      2.261755467754 ||0.201834718431
  11   ||Recruit year 4 || limited ||     0.8205322737531 ||0.06975958358904





