# Minimum negative log likelihood

Minuit did successfully converge.
# of function calls: 1242
minimum function Value: 444.1126583155
minimum edm: 4.015009789661e-06
minimum internal state vector: LAVector parameters:
      3.450148798782
     -1.027035464983
     -1.287002217587
     -1.283687358418
     -1.345926167593
       -1.3590119041
     0.9881151634633
      3.058883139958
     -1.045107156137
    -0.9910752196645
     -1.502794033153
     -1.010747011778

minimum internal covariance matrix: LASymMatrix parameters:
    0.020818118   0.0015218778              0   8.731092e-07 -0.00058602804 -0.00057436931  5.7092147e-05  0.00092063231  -0.0012881211   -0.001659738 -0.00030248565   -0.001601066
   0.0015218778  0.00011348688              0 -2.4213184e-07 -4.3899249e-05 -4.2936839e-05  5.3518104e-06    8.88827e-05 -9.4302066e-05 -0.00012196353 -2.2060675e-05 -0.00011820305
              0              0              2              0              0              0              0              0              0              0              0              0
   8.731092e-07 -2.4213184e-07              0  0.00010139427 -7.1786792e-08 -6.8005312e-08  5.2897997e-07  1.2561367e-05 -4.8365666e-07 -3.0808253e-07 -1.5370178e-07  9.3850008e-07
 -0.00058602804 -4.3899249e-05              0 -7.1786792e-08  1.8138496e-05  1.7524062e-05 -2.2244898e-06 -3.6724336e-05  3.6370754e-05  4.7129327e-05  8.4869671e-06  4.5618561e-05
 -0.00057436931 -4.2936839e-05              0 -6.8005312e-08  1.7524062e-05  1.6983657e-05 -2.1321973e-06 -3.5431435e-05   3.563211e-05  4.6171994e-05  8.3246262e-06  4.4670874e-05
  5.7092147e-05  5.3518104e-06              0  5.2897997e-07 -2.2244898e-06 -2.1321973e-06  2.1830325e-06  3.5068831e-05 -3.6536779e-06 -5.0672039e-06 -1.0235649e-06 -3.7667303e-06
  0.00092063231    8.88827e-05              0  1.2561367e-05 -3.6724336e-05 -3.5431435e-05  3.5068831e-05   0.0010189448 -5.8959233e-05 -8.3995897e-05  -1.908337e-05 -5.8482655e-05
  -0.0012881211 -9.4302066e-05              0 -4.8365666e-07  3.6370754e-05   3.563211e-05 -3.6536779e-06 -5.8959233e-05  8.1505834e-05  0.00010281835   1.876372e-05  9.9073795e-05
   -0.001659738 -0.00012196353              0 -3.0808253e-07  4.7129327e-05  4.6171994e-05 -5.0672039e-06 -8.3995897e-05  0.00010281835  0.00013485706  2.4047116e-05  0.00012818375
 -0.00030248565 -2.2060675e-05              0 -1.5370178e-07  8.4869671e-06  8.3246262e-06 -1.0235649e-06  -1.908337e-05   1.876372e-05  2.4047116e-05  6.7636249e-06  2.2880979e-05
   -0.001601066 -0.00011820305              0  9.3850008e-07  4.5618561e-05  4.4670874e-05 -3.7667303e-06 -5.8482655e-05  9.9073795e-05  0.00012818375  2.2880979e-05  0.00013128159


# ext. ||   Name    ||   type  ||     Value     ||  Error +/- 

   0   ||Natural mortality || limited ||    0.03740791781156 ||0.002425948103914
   1   ||Targeted q || limited ||      7.211548711949 ||0.1948565255481
   2   ||Nontargeted q || limited ||                   2 ||22.06548931833
   3   ||     sigma || limited ||      2.046671662119 ||0.1008142057631
   4   ||  Biomass1 || limited ||      12.58846641988 ||0.3357534582251
   5   ||  Biomass2 || limited ||       11.1713113799 ||0.3062757451029
   6   ||   vm_mean || limited ||      2.623199403232 ||0.001806078072663
   7   ||  vm_sigma || limited ||      43.30506849759 ||0.8996857730544
   8   ||Recruit year 1 || limited ||      6.760409148633 ||0.1601554153126
   9   ||Recruit year 2 || limited ||      8.178410209737 ||0.2248837819842
  10   ||Recruit year 3 || limited ||     0.1255516985107 ||0.006247264256006
  11   ||Recruit year 4 || limited ||      7.647790418237 ||0.2151739439742





