# Minimum negative log likelihood

Minuit did successfully converge.
# of function calls: 625
minimum function Value: 683.6982192514
minimum edm: 3.87964394388e-05
minimum internal state vector: LAVector parameters:
      0.560800575352
    -0.9547375660371
     -1.287002217587
     -1.056251630186
     -1.549432031508
     -1.550725126439
     -0.434609510819
    -0.6578666716067
    -0.9973229142182
     -1.262814446323
     -1.066308274369
     -1.062647326766

minimum internal covariance matrix: LASymMatrix parameters:
  0.00092877369 -1.5152073e-05              0 -6.8320053e-06 -4.5543397e-05 -2.8969369e-05  2.1747307e-05 -6.8510689e-05  3.4472611e-05  2.4394075e-05  2.2228186e-05  2.8028559e-05
 -1.5152073e-05  2.5872569e-05              0  1.1836748e-06    2.96807e-06  1.6154043e-06  7.6650075e-06 -5.2052141e-05 -4.8818641e-06 -3.6958998e-06 -2.1767498e-06 -4.1695934e-06
              0              0              2              0              0              0              0              0              0              0              0              0
 -6.8320053e-06  1.1836748e-06              0   0.0003107268  2.6996096e-06  2.0621081e-06  3.1426584e-08 -5.0679104e-06 -2.8042344e-06 -8.2511024e-07 -7.1796172e-07 -2.6290593e-06
 -4.5543397e-05    2.96807e-06              0  2.6996096e-06  2.0621006e-05  1.5023787e-05 -1.9120357e-07 -6.4130717e-06 -1.9311761e-06 -1.3082399e-06 -2.7539656e-06 -2.4440717e-06
 -2.8969369e-05  1.6154043e-06              0  2.0621081e-06  1.5023787e-05    1.14501e-05 -2.2913364e-07 -1.6570699e-06 -1.2417246e-06 -8.2880798e-07 -1.6502074e-06 -1.5404607e-06
  2.1747307e-05  7.6650075e-06              0  3.1426584e-08 -1.9120357e-07 -2.2913364e-07  8.0902548e-06 -4.6824206e-05 -1.0515018e-06  7.2986458e-07  -1.779486e-06  1.1421166e-07
 -6.8510689e-05 -5.2052141e-05              0 -5.0679104e-06 -6.4130717e-06 -1.6570699e-06 -4.6824206e-05  0.00065518851  9.8041016e-06 -2.0450116e-06  1.4503028e-05  1.1394322e-06
  3.4472611e-05 -4.8818641e-06              0 -2.8042344e-06 -1.9311761e-06 -1.2417246e-06 -1.0515018e-06  9.8041016e-06  2.4200252e-05 -1.8192278e-06  6.3155962e-06 -1.1275111e-06
  2.4394075e-05 -3.6958998e-06              0 -8.2511024e-07 -1.3082399e-06 -8.2880798e-07  7.2986458e-07 -2.0450116e-06 -1.8192278e-06  2.7785205e-05 -1.1828798e-05  6.4296125e-06
  2.2228186e-05 -2.1767498e-06              0 -7.1796172e-07 -2.7539656e-06 -1.6502074e-06  -1.779486e-06  1.4503028e-05  6.3155962e-06 -1.1828798e-05  4.4486918e-05 -9.2490877e-06
  2.8028559e-05 -4.1695934e-06              0 -2.6290593e-06 -2.4440717e-06 -1.5404607e-06  1.1421166e-07  1.1394322e-06 -1.1275111e-06  6.4296125e-06 -9.2490877e-06  2.5167015e-05


# ext. ||   Name    ||   type  ||     Value     ||  Error +/- 

   0   ||Natural mortality || limited ||    0.05829660797958 ||0.0004561864389154
   1   ||Targeted q || limited ||      9.191893590915 ||0.1039127035251
   2   ||Nontargeted q || limited ||                   2 ||22.06548931833
   3   ||     sigma || limited ||      6.474155756446 ||0.306704749351
   4   ||  Biomass1 || limited ||     0.1141039381085 ||0.03429767802138
   5   ||  Biomass2 || limited ||     0.1007098899258 ||0.0240106223752
   6   ||   vm_mean || limited ||     -1.322787210146 ||0.005731119988594
   7   ||  vm_sigma || limited ||       15.5435999063 ||0.572847845328
   8   ||Recruit year 1 || limited ||      8.008123327964 ||0.09435455166499
   9   ||Recruit year 2 || limited ||      2.362400990143 ||0.05648784707408
  10   ||Recruit year 3 || limited ||      6.238274921554 ||0.1139714921209
  11   ||Recruit year 4 || limited ||      6.327036828088 ||0.08629065753451





