# Minimum negative log likelihood

Minuit did successfully converge.
# of function calls: 1689
minimum function Value: 492.2045793821
minimum edm: 1.456917802489e-05
minimum internal state vector: LAVector parameters:
    -0.9929042152637
     -1.022007225271
     -1.287002217587
     -1.248220628921
     -1.368360443432
     -1.380072093538
     0.3938504441776
    -0.9738253097077
     -1.274095082578
     -0.989034396514
    -0.9634945447474
    0.03895331849803
     0.0749608546195
    0.06871154918395
    0.09987602401248

minimum internal covariance matrix: LASymMatrix parameters:
   0.0054838469  -0.0002306986              0 -4.4507122e-05  0.00010059404  8.8836555e-05  -0.0013021168  0.00041121115  0.00020253919  0.00040139492  0.00043846497  1.1585951e-05  1.5672007e-05  1.4694154e-05  1.0902743e-05
  -0.0002306986   1.163263e-05              0  2.4823492e-06 -5.3012943e-06 -4.6415787e-06  3.2902007e-05 -1.7449434e-05  -8.408489e-06 -1.6841685e-05  -1.981668e-05 -3.0665958e-07  -6.356632e-07 -4.6518881e-07 -3.3742285e-07
              0              0              2              0              0              0              0              0              0              0              0              0              0              0              0
 -4.4507122e-05  2.4823492e-06              0  0.00014107445 -1.5321465e-06 -1.2127302e-06  1.4992784e-05 -5.8993063e-06 -2.3110427e-06 -3.4375902e-06 -4.9273156e-06 -1.9809006e-07 -6.8391179e-07 -3.6845875e-07 -6.6522584e-08
  0.00010059404 -5.3012943e-06              0 -1.5321465e-06  4.7522002e-06   3.990418e-06 -8.4914364e-06  7.6645664e-06  3.7620621e-06  7.2966058e-06  9.3076343e-06  9.7497559e-08  3.5391121e-07  1.8418463e-07  1.5650577e-07
  8.8836555e-05 -4.6415787e-06              0 -1.2127302e-06   3.990418e-06  3.3749764e-06 -7.9174235e-06  6.7414136e-06  3.3028073e-06  6.4316944e-06  8.1455399e-06  9.0760636e-08  3.0634366e-07  1.5847015e-07  1.3656369e-07
  -0.0013021168  3.2902007e-05              0  1.4992784e-05 -8.4914364e-06 -7.9174235e-06   0.0026396616 -9.6897907e-05  -5.100588e-05 -9.3199223e-05 -8.8935324e-05 -1.0443942e-05 -9.5726031e-06 -1.2869752e-05 -9.3227363e-06
  0.00041121115 -1.7449434e-05              0 -5.8993063e-06  7.6645664e-06  6.7414136e-06 -9.6897907e-05  3.4310195e-05  1.5022475e-05  3.0327669e-05  3.3134628e-05  8.7328274e-07  1.2120255e-06   1.134247e-06  7.3947993e-07
  0.00020253919  -8.408489e-06              0 -2.3110427e-06  3.7620621e-06  3.3028073e-06  -5.100588e-05  1.5022475e-05  1.0880719e-05  1.4726261e-05   1.607072e-05  4.2570785e-07  8.7724959e-07  6.0674171e-07  4.1666046e-07
  0.00040139492 -1.6841685e-05              0 -3.4375902e-06  7.2966058e-06  6.4316944e-06 -9.3199223e-05  3.0327669e-05  1.4726261e-05  3.2196591e-05  3.2106277e-05  8.6599038e-07  9.5817782e-07  1.1252045e-06   8.366552e-07
  0.00043846497  -1.981668e-05              0 -4.9273156e-06  9.3076343e-06  8.1455399e-06 -8.8935324e-05  3.3134628e-05   1.607072e-05  3.2106277e-05  4.0544099e-05  8.1369883e-07  1.2737549e-06  1.0115785e-06  9.1418051e-07
  1.1585951e-05 -3.0665958e-07              0 -1.9809006e-07  9.7497559e-08  9.0760636e-08 -1.0443942e-05  8.7328274e-07  4.2570785e-07  8.6599038e-07  8.1369883e-07  1.2685437e-07  4.3679705e-08  6.0107065e-08  5.2745857e-08
  1.5672007e-05  -6.356632e-07              0 -6.8391179e-07  3.5391121e-07  3.0634366e-07 -9.5726031e-06  1.2120255e-06  8.7724959e-07  9.5817782e-07  1.2737549e-06  4.3679705e-08  6.5969465e-07  5.4645134e-08  2.3188979e-08
  1.4694154e-05 -4.6518881e-07              0 -3.6845875e-07  1.8418463e-07  1.5847015e-07 -1.2869752e-05   1.134247e-06  6.0674171e-07  1.1252045e-06  1.0115785e-06  6.0107065e-08  5.4645134e-08  2.4073461e-07  4.3000622e-08
  1.0902743e-05 -3.3742285e-07              0 -6.6522584e-08  1.5650577e-07  1.3656369e-07 -9.3227363e-06  7.3947993e-07  4.1666046e-07   8.366552e-07  9.1418051e-07  5.2745857e-08  2.3188979e-08  4.3000622e-08  1.9678575e-07


# ext. ||   Name    ||   type  ||     Value     ||  Error +/- 

   0   ||Natural mortality || limited ||    0.02405960089714 ||0.0007147731510931
   1   ||Targeted q || limited ||      7.342159097203 ||0.06290374775354
   2   ||Nontargeted q || limited ||                   2 ||22.06548931833
   3   ||     sigma || limited ||      2.578897907968 ||0.1331213364398
   4   ||  Biomass1 || limited ||      10.21013231128 ||0.1549599197647
   5   ||  Biomass2 || limited ||      9.066400150346 ||0.1231288916697
   6   ||  vm_sigma || limited ||      55.35018407493 ||1.341609255978
   7   ||Recruit year 1 || limited ||      8.657029281479 ||0.1164035934172
   8   ||Recruit year 2 || limited ||      2.194474607308 ||0.03409326542237
   9   ||Recruit year 3 || limited ||      8.234388874381 ||0.1102251208814
  10   ||Recruit year 4 || limited ||      8.949568275648 ||0.1284537057684
  11   ||Mean Rec dist 1 || limited ||     0.3894346820418 ||0.002516564913651
  12   ||Mean Rec dist 2 || limited ||     0.7489067187963 ||0.005727104888837
  13   ||Mean Rec dist 3 || limited ||     0.6865749423659 ||0.003461212276276
  14   ||Mean Rec dist 4 || limited ||     0.9971005925595 ||0.003121131854617





