# Minimum negative log likelihood

Minuit did successfully converge.
# of function calls: 1044
minimum function Value: 500.2139404012
minimum edm: 1.325288581391e-05
minimum internal state vector: LAVector parameters:
      0.378925614865
    -0.9388993308811
     -1.287002217587
     -1.241864052686
     -1.544593360866
     -1.547258149923
    -0.2536853170362
      -0.64605480978
      -1.50551842413
      -1.20917272113
     -1.316407965838
    -0.9909935006454

minimum internal covariance matrix: LASymMatrix parameters:
    0.078126898  -0.0047576213              0  8.5711676e-05  0.00020722567  0.00017325688 -1.5027281e-05  4.6026406e-05   0.0005198491   0.0030024397   0.0019494114   0.0040403665
  -0.0047576213  0.00029906851              0 -5.7605968e-06 -1.2911273e-05  -1.082123e-05  3.7167057e-06 -2.0981607e-05 -3.1843102e-05  -0.0001838039  -0.0001193569 -0.00024736552
              0              0              2              0              0              0              0              0              0              0              0              0
  8.5711676e-05 -5.7605968e-06              0  0.00013025434  7.1654037e-07  6.4256985e-07 -3.5622184e-08  3.6626479e-07 -5.4881376e-08  3.3797263e-06  2.7310185e-06  5.4231381e-06
  0.00020722567 -1.2911273e-05              0  7.1654037e-07  3.0120305e-06  2.6627841e-06 -6.0522185e-08  3.8998046e-07  1.3557559e-06  7.9810532e-06  5.2012247e-06  1.0762003e-05
  0.00017325688  -1.082123e-05              0  6.4256985e-07  2.6627841e-06  2.3558258e-06 -5.6322995e-08   3.599755e-07  1.1347916e-06  6.6754346e-06   4.351049e-06  9.0025316e-06
 -1.5027281e-05  3.7167057e-06              0 -3.5622184e-08 -6.0522185e-08 -5.6322995e-08  1.8491644e-06 -1.0414242e-05 -2.6931969e-07 -9.0544135e-07  -6.211764e-07 -1.1758605e-06
  4.6026406e-05 -2.0981607e-05              0  3.6626479e-07  3.8998046e-07   3.599755e-07 -1.0414242e-05  0.00016753909  1.1910361e-06  4.1572502e-06  2.6271099e-06  4.2637947e-06
   0.0005198491 -3.1843102e-05              0 -5.4881376e-08  1.3557559e-06  1.1347916e-06 -2.6931969e-07  1.1910361e-06  7.3879357e-06  2.0080131e-05  1.2972925e-05  2.6933668e-05
   0.0030024397  -0.0001838039              0  3.3797263e-06  7.9810532e-06  6.6754346e-06 -9.0544135e-07  4.1572502e-06  2.0080131e-05    0.000118767  7.5054355e-05  0.00015529359
   0.0019494114  -0.0001193569              0  2.7310185e-06  5.2012247e-06   4.351049e-06  -6.211764e-07  2.6271099e-06  1.2972925e-05  7.5054355e-05  5.2234966e-05  0.00010089402
   0.0040403665 -0.00024736552              0  5.4231381e-06  1.0762003e-05  9.0025316e-06 -1.1758605e-06  4.2637947e-06  2.6933668e-05  0.00015529359  0.00010089402  0.00021285959


# ext. ||   Name    ||   type  ||     Value     ||  Error +/- 

   0   ||Natural mortality || limited ||    0.05424806280119 ||0.004560779621553
   1   ||Targeted q || limited ||      9.654577504842 ||0.3611430275043
   2   ||Nontargeted q || limited ||                   2 ||22.06548931833
   3   ||     sigma || limited ||      2.680610333417 ||0.1303445612301
   4   ||  Biomass1 || limited ||     0.1716390349806 ||0.01607627160502
   5   ||  Biomass2 || limited ||     0.1385050475868 ||0.0127720091658
   6   ||   vm_mean || limited ||    -0.7884549976466 ||0.002924120542597
   7   ||  vm_sigma || limited ||      15.91916093437 ||0.2923126093181
   8   ||Recruit year 1 || limited ||     0.1164816416674 ||0.00626802287979
   9   ||Recruit year 2 || limited ||      3.243494821578 ||0.1363027983718
  10   ||Recruit year 3 || limited ||      1.618969196154 ||0.06429738612131
  11   ||Recruit year 4 || limited ||      8.180648371226 ||0.2825655970385





