# Minimum negative log likelihood

WARNING: Minuit did not converge.

# of function calls: 176
minimum function Value: 810.1518281338
minimum edm: 90.13375916418
minimum internal state vector: LAVector parameters:
     0.6162700777797
     -1.042295781472
     -1.287002217587
    -0.7614463822793
      -1.43543411699
     -1.448894094348
     0.5338583379778
    0.08588925454919
     -1.290289928007
    -0.8977803078594
    -0.9475874110365
     -1.139348430306

minimum internal covariance matrix: LASymMatrix parameters:
      1.1288887  9.0975443e-05              0  5.1140604e-05  4.3055654e-06 -4.6873916e-06   3.581248e-05   0.0013692805  2.2676946e-05  5.4407628e-05  7.4453782e-05 -5.2401904e-05
  9.0975443e-05      1.1275354              0  7.7502888e-06  9.7033881e-07 -1.0894069e-06  6.8056513e-06  0.00075639047  4.6580458e-06  1.0559977e-05  1.4691555e-05 -1.0487209e-05
              0              0      3.1274926              0              0              0              0              0              0              0              0              0
  5.1140604e-05  7.7502888e-06              0      1.1275388  3.7703446e-07 -4.4286976e-07  4.7267192e-06  0.00053358938  1.0580862e-06  1.8174306e-06  3.8854685e-06 -7.5233509e-06
  4.3055654e-06  9.7033881e-07              0  3.7703446e-07      1.1274927 -4.5423507e-08  2.5310176e-07  3.0989886e-05  1.9078586e-07  4.2624576e-07  5.8914753e-07 -3.9500713e-07
 -4.6873916e-06 -1.0894069e-06              0 -4.4286976e-07 -4.5423507e-08      1.1274927 -2.9176374e-07 -2.5560766e-05 -2.2369627e-07 -5.0947008e-07 -6.9581663e-07  4.4588955e-07
   3.581248e-05  6.8056513e-06              0  4.7267192e-06  2.5310176e-07 -2.9176374e-07      1.1275008  0.00077922802  9.8512358e-07  2.0626934e-06  3.2751371e-06 -3.7821881e-06
   0.0013692805  0.00075639047              0  0.00053358938  3.0989886e-05 -2.5560766e-05  0.00077922802       1.000002  0.00022196677  0.00056382503  0.00073430068 -0.00032736563
  2.2676946e-05  4.6580458e-06              0  1.0580862e-06  1.9078586e-07 -2.2369627e-07  9.8512358e-07  0.00022196677      1.1275428  1.5760703e-06  2.2760953e-06 -1.6744559e-06
  5.4407628e-05  1.0559977e-05              0  1.8174306e-06  4.2624576e-07 -5.0947008e-07  2.0626934e-06  0.00056382503  1.5760703e-06      1.1275503  4.4131906e-06 -3.6752795e-06
  7.4453782e-05  1.4691555e-05              0  3.8854685e-06  5.8914753e-07 -6.9581663e-07  3.2751371e-06  0.00073430068  2.2760953e-06  4.4131906e-06      1.1275516 -5.5991363e-06
 -5.2401904e-05 -1.0487209e-05              0 -7.5233509e-06 -3.9500713e-07  4.4588955e-07 -3.7821881e-06 -0.00032736563 -1.6744559e-06 -3.6752795e-06 -5.5991363e-06      1.1275812


# ext. ||   Name    ||   type  ||     Value     ||  Error +/- 

   0   ||Natural mortality || limited ||    0.05944988556168 ||0.01392543321455
   1   ||Targeted q || limited ||      6.821793769434 ||17.20101904826
   2   ||Nontargeted q || limited ||                   2 ||59.79962423064
   3   ||     sigma || limited ||      15.50154429564 ||24.69221841522
   4   ||  Biomass1 || limited ||      4.573741862887 ||133.2089453833
   5   ||  Biomass2 || limited ||      3.710440343239 ||133.4410664814
   6   ||   vm_mean || limited ||      1.598626349494 ||1.845099411156
   7   ||  vm_sigma || limited ||      43.43180483491 ||25.88938730578
   8   ||Recruit year 1 || limited ||      1.964036130607 ||12.91767789982
   9   ||Recruit year 2 || limited ||      10.91164981292 ||21.26212143574
  10   ||Recruit year 3 || limited ||      9.408571215244 ||19.90786550214
  11   ||Recruit year 4 || limited ||      4.591481239314 ||14.26432868725



WARNING: FunctionMinimum is invalid: 
	 Edm is above max


