# Minimum negative log likelihood

Minuit did successfully converge.
# of function calls: 662
minimum function Value: 411.6823892932
minimum edm: 5.239457234068e-06
minimum internal state vector: LAVector parameters:
     0.6575048039944
      -1.20726082069
     -1.287002217587
     -1.305357546488
     -1.543076030415
     -1.543524020223
    -0.7042125182291
    -0.3179400852571
      -1.44119231764
     -1.442091793968
     -1.487101827068
     -1.332177037299

minimum internal covariance matrix: LASymMatrix parameters:
    0.071081281  -0.0067681546              0 -0.00010584456  0.00055036459  0.00053819959   0.0002559527   -0.001109728    0.002170944    0.002451001   0.0016606341   0.0048686128
  -0.0067681546  0.00066832555              0   6.799439e-06 -5.4429566e-05 -5.3104369e-05   -1.47205e-05 -5.4587106e-06  -0.0002100244 -0.00023740689 -0.00016068477 -0.00047197754
              0              0              2              0              0              0              0              0              0              0              0              0
 -0.00010584456   6.799439e-06              0  8.5836392e-05 -1.0648036e-06 -9.4577368e-07 -2.8005277e-06  1.7273683e-05 -2.8776482e-06 -2.7584168e-06 -1.5844522e-06 -5.9691492e-06
  0.00055036459 -5.4429566e-05              0 -1.0648036e-06  1.3865362e-05  1.0870754e-05  1.2888687e-06  -1.361021e-05   2.388464e-05  1.9435362e-05  1.3126905e-05  3.8560601e-05
  0.00053819959 -5.3104369e-05              0 -9.4577368e-07  1.0870754e-05  8.9166745e-06  1.4346657e-06 -8.3193539e-06  2.0719181e-05  1.8942023e-05  1.2800247e-05  3.7604099e-05
   0.0002559527   -1.47205e-05              0 -2.8005277e-06  1.2888687e-06  1.4346657e-06   1.572796e-05 -0.00013906384  5.9179596e-06  7.1759419e-06  4.8678365e-06  1.4064557e-05
   -0.001109728 -5.4587106e-06              0  1.7273683e-05  -1.361021e-05 -8.3193539e-06 -0.00013906384   0.0034246967 -3.7586136e-05 -2.0804667e-05 -1.3791201e-05 -3.6626349e-05
    0.002170944  -0.0002100244              0 -2.8776482e-06   2.388464e-05  2.0719181e-05  5.9179596e-06 -3.7586136e-05  7.6571633e-05  7.5554479e-05  5.1159035e-05  0.00015015847
    0.002451001 -0.00023740689              0 -2.7584168e-06  1.9435362e-05  1.8942023e-05  7.1759419e-06 -2.0804667e-05  7.5554479e-05  8.7258204e-05  5.7586474e-05   0.0001693314
   0.0016606341 -0.00016068477              0 -1.5844522e-06  1.3126905e-05  1.2800247e-05  4.8678365e-06 -1.3791201e-05  5.1159035e-05  5.7586474e-05  4.1149974e-05    0.000114707
   0.0048686128 -0.00047197754              0 -5.9691492e-06  3.8560601e-05  3.7604099e-05  1.4064557e-05 -3.6626349e-05  0.00015015847   0.0001693314    0.000114707  0.00033860394


# ext. ||   Name    ||   type  ||     Value     ||  Error +/- 

   0   ||Natural mortality || limited ||    0.06027859399814 ||0.003708418539742
   1   ||Targeted q || limited ||      3.267724534341 ||0.3249849649632
   2   ||Nontargeted q || limited ||                   2 ||22.06548931833
   3   ||     sigma || limited ||      1.751125632394 ||0.08592906100008
   4   ||  Biomass1 || limited ||     0.1920914068891 ||0.03648903325873
   5   ||  Biomass2 || limited ||      0.185933151579 ||0.02878884045049
   6   ||   vm_mean || limited ||     -2.033973500523 ||0.006714208009446
   7   ||  vm_sigma || limited ||      27.49623428228 ||1.57179552021
   8   ||Recruit year 1 || limited ||     0.4293005705295 ||0.03998017513824
   9   ||Recruit year 2 || limited ||     0.4235087246328 ||0.0423843695411
  10   ||Recruit year 3 || limited ||       0.18499953179 ||0.01895765639073
  11   ||Recruit year 4 || limited ||      1.426595956221 ||0.1537523031451





