# Minimum negative log likelihood

Minuit did successfully converge.
# of function calls: 785
minimum function Value: 581.6241947009
minimum edm: 8.426256158721e-05
minimum internal state vector: LAVector parameters:
     -0.831478730994
     -1.092998131154
     -1.287002217587
     -1.169883642938
     -1.527515433836
       -1.5260510306
    -0.8355976890621
     -0.483908048569
     -1.144521928213
     -1.166218976618
     -1.392213863787
      -1.27714139119

minimum internal covariance matrix: LASymMatrix parameters:
     0.16244986   -0.010784053              0  5.4103262e-05  0.00084499111   0.0009595708  0.00032070308 -0.00063032281    0.010220105   0.0088648458   0.0035946675   0.0071900194
   -0.010784053  0.00072598049              0 -3.9043606e-06 -5.8477082e-05 -6.5124907e-05 -1.4973173e-05 -2.2639385e-05 -0.00068076916 -0.00058885991 -0.00023802956 -0.00047853873
              0              0              2              0              0              0              0              0              0              0              0              0
  5.4103262e-05 -3.9043606e-06              0  0.00021402606  1.7944461e-06   9.236268e-07  8.2701825e-07  5.2192876e-06  4.1932415e-06  2.6161756e-06  2.9790925e-06   2.444511e-06
  0.00084499111 -5.8477082e-05              0  1.7944461e-06  2.4270158e-05  1.4350642e-05 -1.2518834e-07 -6.3954679e-06  7.2862956e-05  4.6528051e-05  1.8924282e-05  3.7457896e-05
   0.0009595708 -6.5124907e-05              0   9.236268e-07  1.4350642e-05  1.4380132e-05  3.0122611e-06  1.1200888e-05  5.6256452e-05   5.274262e-05   2.131516e-05  4.2585448e-05
  0.00032070308 -1.4973173e-05              0  8.2701825e-07 -1.2518834e-07  3.0122611e-06  1.6108049e-05 -0.00010368934  1.2271569e-05  1.7124994e-05  7.4877107e-06  1.3583375e-05
 -0.00063032281 -2.2639385e-05              0  5.2192876e-06 -6.3954679e-06  1.1200888e-05 -0.00010368934   0.0025036452 -0.00013984728 -3.3091102e-05 -1.4600543e-05 -2.2479951e-05
    0.010220105 -0.00068076916              0  4.1932415e-06  7.2862956e-05  5.6256452e-05  1.2271569e-05 -0.00013984728  0.00071305387  0.00055681833  0.00022599479  0.00045245807
   0.0088648458 -0.00058885991              0  2.6161756e-06  4.6528051e-05   5.274262e-05  1.7124994e-05 -3.3091102e-05  0.00055681833  0.00049033765  0.00019539198  0.00039271788
   0.0035946675 -0.00023802956              0  2.9790925e-06  1.8924282e-05   2.131516e-05  7.4877107e-06 -1.4600543e-05  0.00022599479  0.00019539198  8.8211072e-05  0.00015889875
   0.0071900194 -0.00047853873              0   2.444511e-06  3.7457896e-05  4.2585448e-05  1.3583375e-05 -2.2479951e-05  0.00045245807  0.00039271788  0.00015889875  0.00032517985


# ext. ||   Name    ||   type  ||     Value     ||  Error +/- 

   0   ||Natural mortality || limited ||    0.02652678690868 ||0.004735981564554
   1   ||Targeted q || limited ||      5.599524034501 ||0.4380098251561
   2   ||Nontargeted q || limited ||                   2 ||22.06548931833
   3   ||     sigma || limited ||      3.964740270031 ||0.201852119937
   4   ||  Biomass1 || limited ||     0.4682358239701 ||0.07536176267894
   5   ||  Biomass2 || limited ||     0.5004518765815 ||0.05997059846388
   6   ||   vm_mean || limited ||     -2.330111526689 ||0.005980071992832
   7   ||  vm_sigma || limited ||      21.39105023621 ||1.252473810952
   8   ||Recruit year 1 || limited ||      4.483925949078 ||0.3903039934841
   9   ||Recruit year 2 || limited ||      4.046153992769 ||0.3081271254146
  10   ||Recruit year 3 || limited ||     0.8050962187685 ||0.05897906505197
  11   ||Recruit year 4 || limited ||      2.150168936625 ||0.1845181602497





