# Minimum negative log likelihood

Minuit did successfully converge.
# of function calls: 298
minimum function Value: 158.4527016198
minimum edm: 2.100545075415e-05
minimum internal state vector: LAVector parameters:
      -1.19197575772
     -1.287002217587
     -1.052520363246
      -1.51790665601
     -1.522569433862
     -0.246723335485
     0.9088229126853
     -1.377643003562
     -1.074634346264
    -0.9812338932023
     -1.285541922846

minimum internal covariance matrix: LASymMatrix parameters:
  2.8391377e-05              0  9.1767262e-06 -1.6124993e-05 -9.8475065e-06  3.3356767e-05  -0.0020537374 -5.0748344e-06 -1.1781742e-05 -1.1837037e-05 -4.1478281e-06
              0              2              0              0              0              0              0              0              0              0              0
  9.1767262e-06              0   0.0013729496 -7.1667293e-06 -5.6591419e-06  3.9169356e-05  -0.0023521018  1.0651404e-06  1.0426139e-06  -1.536779e-05  5.1525723e-06
 -1.6124993e-05              0 -7.1667293e-06   4.854253e-05  2.1674343e-05 -4.7838723e-05   0.0031593792  1.5201015e-05  5.8700574e-06  7.2192653e-06  2.5781001e-06
 -9.8475065e-06              0 -5.6591419e-06  2.1674343e-05  1.4557041e-05  -2.545555e-05   0.0017516552 -7.7444721e-07  3.6825396e-06  4.4906964e-06  1.5776763e-06
  3.3356767e-05              0  3.9169356e-05 -4.7838723e-05  -2.545555e-05  0.00010309524  -0.0047082969 -1.0062421e-05 -1.3661827e-05 -1.5182436e-05  -5.318165e-06
  -0.0020537374              0  -0.0023521018   0.0031593792   0.0017516552  -0.0047082969     0.34485266  0.00067202722  0.00087778324  0.00083548719  0.00019575108
 -5.0748344e-06              0  1.0651404e-06  1.5201015e-05 -7.7444721e-07 -1.0062421e-05  0.00067202722  4.4377082e-05  1.8029889e-06  1.2513214e-06 -1.0835333e-07
 -1.1781742e-05              0  1.0426139e-06  5.8700574e-06  3.6825396e-06 -1.3661827e-05  0.00087778324  1.8029889e-06   3.145111e-05 -1.2242104e-06  9.1032593e-06
 -1.1837037e-05              0  -1.536779e-05  7.2192653e-06  4.4906964e-06 -1.5182436e-05  0.00083548719  1.2513214e-06 -1.2242104e-06  3.8826865e-05 -1.0722771e-05
 -4.1478281e-06              0  5.1525723e-06  2.5781001e-06  1.5776763e-06  -5.318165e-06  0.00019575108 -1.0835333e-07  9.1032593e-06 -1.0722771e-05  3.9622632e-05


# ext. ||   Name    ||   type  ||     Value     ||  Error +/- 

   0   ||Targeted q || limited ||      3.544926768268 ||0.06966960887722
   1   ||Nontargeted q || limited ||                   2 ||22.06548931833
   2   ||     sigma || limited ||      6.566273549367 ||0.6488942477567
   3   ||  Biomass1 || limited ||     0.6991663136303 ||0.1302215378566
   4   ||  Biomass2 || limited ||     0.5813456112968 ||0.06502973049469
   5   ||   vm_mean || limited ||    -0.7672643749283 ||0.02187237098414
   6   ||  vm_sigma || limited ||      71.55133603275 ||9.918556831529
   7   ||Recruit year 1 || limited ||     0.9397159834445 ||0.04520512769488
   8   ||Recruit year 2 || limited ||      6.038590162512 ||0.09438098324564
   9   ||Recruit year 3 || limited ||      8.449953698289 ||0.1224754583605
  10   ||Recruit year 4 || limited ||      2.030293248627 ||0.06261931879454





