# Minimum negative log likelihood

Minuit did successfully converge.
# of function calls: 652
minimum function Value: 494.2583517862
minimum edm: 2.910341461179e-06
minimum internal state vector: LAVector parameters:
     0.4288914645065
     -1.165110004835
     -1.287002217587
      -1.24660598737
     -1.542397477605
     -1.543738695745
    -0.1727307660244
     -1.096245125976
     -1.358868411978
    -0.9618120936587
      -1.36215535488
     -1.447553034334

minimum internal covariance matrix: LASymMatrix parameters:
    0.091180062  -0.0086241062              0 -8.9006456e-05  0.00061904523  0.00058335411  0.00011782958  0.00035070821   0.0048089914    0.013676737   0.0049459171   0.0026199789
  -0.0086241062  0.00083296873              0  6.7381367e-06 -5.9542855e-05 -5.6153883e-05  5.9016137e-07 -5.4672185e-05 -0.00045857895  -0.0013043619 -0.00047010446 -0.00024959559
              0              0              2              0              0              0              0              0              0              0              0              0
 -8.9006456e-05  6.7381367e-06              0  0.00012113877 -1.6921191e-07 -6.4017803e-08 -1.1628606e-06  1.5799778e-06 -4.1048395e-06 -1.2197235e-05 -3.7263766e-06 -2.4824179e-06
  0.00061904523 -5.9542855e-05              0 -1.6921191e-07  1.0028178e-05  8.7615838e-06 -1.2739482e-07  2.8287646e-06  3.3465434e-05  9.3588195e-05  3.3833027e-05  1.7969627e-05
  0.00058335411 -5.6153883e-05              0 -6.4017803e-08  8.7615838e-06   7.733926e-06 -8.8999488e-08  2.9760241e-06   3.138388e-05  8.8208609e-05   3.186233e-05  1.6929955e-05
  0.00011782958  5.9016137e-07              0 -1.1628606e-06 -1.2739482e-07 -8.8999488e-08  1.4583752e-05  -2.094965e-05  3.5548421e-06  1.0112855e-05  4.3903745e-06  2.2143186e-06
  0.00035070821 -5.4672185e-05              0  1.5799778e-06  2.8287646e-06  2.9760241e-06  -2.094965e-05  6.2090423e-05  2.3177874e-05  6.6114642e-05  2.2521582e-05  1.1995849e-05
   0.0048089914 -0.00045857895              0 -4.1048395e-06  3.3465434e-05   3.138388e-05  3.5548421e-06  2.3177874e-05  0.00025861228  0.00072377093  0.00026147768  0.00013855149
    0.013676737  -0.0013043619              0 -1.2197235e-05  9.3588195e-05  8.8208609e-05  1.0112855e-05  6.6114642e-05  0.00072377093   0.0020625714  0.00074337561  0.00039417962
   0.0049459171 -0.00047010446              0 -3.7263766e-06  3.3833027e-05   3.186233e-05  4.3903745e-06  2.2521582e-05  0.00026147768  0.00074337561  0.00027270118  0.00014224419
   0.0026199789 -0.00024959559              0 -2.4824179e-06  1.7969627e-05  1.6929955e-05  2.2143186e-06  1.1995849e-05  0.00013855149  0.00039417962  0.00014224419   7.967125e-05


# ext. ||   Name    ||   type  ||     Value     ||  Error +/- 

   0   ||Natural mortality || limited ||    0.05539657314259 ||0.004817680522935
   1   ||Targeted q || limited ||      4.058412150348 ||0.4026713499071
   2   ||Nontargeted q || limited ||                   2 ||22.06548931833
   3   ||     sigma || limited ||      2.604552624735 ||0.1239533010702
   4   ||  Biomass1 || limited ||     0.2016101084974 ||0.03179128032391
   5   ||  Biomass2 || limited ||     0.1830176832638 ||0.02660060466456
   6   ||   vm_mean || limited ||    -0.5399553195636 ||0.008357140722464
   7   ||  vm_sigma || limited ||      4.421029341916 ||0.1018375934652
   8   ||Recruit year 1 || limited ||       1.12852791381 ||0.1195801598881
   9   ||Recruit year 2 || limited ||      8.997626413494 ||0.9182558820155
  10   ||Recruit year 3 || limited ||       1.09422585133 ||0.1209175505471
  11   ||Recruit year 4 || limited ||     0.3892044162879 ||0.03879027261371





