# Minimum negative log likelihood

Minuit did successfully converge.
# of function calls: 1626
minimum function Value: 594.6409357708
minimum edm: 3.031238149938e-05
minimum internal state vector: LAVector parameters:
     -2.775283343235
     -1.313357075994
     -1.287002217587
     -1.156979562456
     -1.432692373974
     -1.436076227331
    0.07952545699424
     -1.343976589582
     -1.112156994376
     -1.314164690708
    -0.9725929283704
     0.1179186979007
    0.08032630408125
    0.05750773052378
     0.1076330498164

minimum internal covariance matrix: LASymMatrix parameters:
    0.033298098   0.0036137474              0 -8.1046457e-06  -0.0020453375  -0.0019706397     0.01416043  -0.0041198857  -0.0083737435  -0.0048457447   -0.010725291 -0.00014534165 -0.00019622302 -0.00029879685 -0.00015530458
   0.0036137474   0.0004302655              0 -1.8722726e-06 -0.00024093567 -0.00023187498   0.0012713559 -0.00046695621 -0.00095141724 -0.00053867404  -0.0012393792 -1.2735759e-05 -1.8506389e-05 -3.4456255e-05 -1.5589686e-05
              0              0              2              0              0              0              0              0              0              0              0              0              0              0              0
 -8.1046457e-06 -1.8722726e-06              0  0.00020790859  6.7986163e-07   7.891237e-07  9.1457681e-05  4.7865818e-07  8.7042235e-07  1.4139618e-06  1.0279315e-05 -3.1538028e-06  6.8871098e-07 -2.1539585e-06 -1.5985571e-06
  -0.0020453375 -0.00024093567              0  6.7986163e-07  0.00014664732  0.00014017878 -0.00074641951   0.0002660355  0.00053666686  0.00030395342  0.00069863958  5.8609866e-06  1.0738704e-05  1.9592614e-05  9.1918465e-06
  -0.0019706397 -0.00023187498              0   7.891237e-07  0.00014017878  0.00013411451 -0.00071943928  0.00025575827  0.00051671367  0.00029273565  0.00067246383  5.9093642e-06  1.0366773e-05  1.8857442e-05   8.840662e-06
     0.01416043   0.0012713559              0  9.1457681e-05 -0.00074641951 -0.00071943928    0.048130613  -0.0015881818  -0.0032220018  -0.0019344055  -0.0041126434 -0.00011854777 -0.00021912669 -0.00019259135   -0.000223734
  -0.0041198857 -0.00046695621              0  4.7865818e-07   0.0002660355  0.00025575827  -0.0015881818   0.0005320085   0.0010581494  0.00060698063   0.0013674541  1.2752565e-05  2.2857126e-05  3.7749743e-05  1.8605381e-05
  -0.0083737435 -0.00095141724              0  8.7042235e-07  0.00053666686  0.00051671367  -0.0032220018   0.0010581494   0.0021638164   0.0012321972   0.0027840978  3.2224366e-05  4.5490267e-05  7.7718099e-05  3.7340544e-05
  -0.0048457447 -0.00053867404              0  1.4139618e-06  0.00030395342  0.00029273565  -0.0019344055  0.00060698063   0.0012321972  0.00072187172   0.0015856498  1.8981723e-05  2.6910359e-05  4.1038738e-05   2.241017e-05
   -0.010725291  -0.0012393792              0  1.0279315e-05  0.00069863958  0.00067246383  -0.0041126434   0.0013674541   0.0027840978   0.0015856498   0.0036399039   3.870623e-05   5.723987e-05   0.0001003089  4.9824707e-05
 -0.00014534165 -1.2735759e-05              0 -3.1538028e-06  5.8609866e-06  5.9093642e-06 -0.00011854777  1.2752565e-05  3.2224366e-05  1.8981723e-05   3.870623e-05  3.1672574e-05  1.8325892e-06   2.278959e-06   5.691788e-07
 -0.00019622302 -1.8506389e-05              0  6.8871098e-07  1.0738704e-05  1.0366773e-05 -0.00021912669  2.2857126e-05  4.5490267e-05  2.6910359e-05   5.723987e-05  1.8325892e-06  4.5882241e-06  2.2322306e-06  1.2352515e-06
 -0.00029879685 -3.4456255e-05              0 -2.1539585e-06  1.9592614e-05  1.8857442e-05 -0.00019259135  3.7749743e-05  7.7718099e-05  4.1038738e-05   0.0001003089   2.278959e-06  2.2322306e-06  1.7937732e-05  1.4847742e-06
 -0.00015530458 -1.5589686e-05              0 -1.5985571e-06  9.1918465e-06   8.840662e-06   -0.000223734  1.8605381e-05  3.7340544e-05   2.241017e-05  4.9824707e-05   5.691788e-07  1.2352515e-06  1.4847742e-06  3.5591798e-06


# ext. ||   Name    ||   type  ||     Value     ||  Error +/- 

   0   ||Natural mortality || limited ||    0.03604569884792 ||0.003003417192033
   1   ||Targeted q || limited ||      1.647743614309 ||0.1867130498711
   2   ||Nontargeted q || limited ||                   2 ||22.06548931833
   3   ||     sigma || limited ||       4.22036257578 ||0.2049864562525
   4   ||  Biomass1 || limited ||      4.760601763606 ||0.5894018147662
   5   ||  Biomass2 || limited ||      4.530517855772 ||0.5499281252615
   6   ||  vm_sigma || limited ||      43.17812666761 ||6.160730372451
   7   ||Recruit year 1 || limited ||      1.290547014685 ||0.1833589731941
   8   ||Recruit year 2 || limited ||      5.176696596011 ||0.7279154018152
   9   ||Recruit year 3 || limited ||      1.647314497881 ||0.2410727125435
  10   ||Recruit year 4 || limited ||      8.691695747508 ||1.200758411615
  11   ||Mean Rec dist 1 || limited ||      1.176456147971 ||0.03951837867295
  12   ||Mean Rec dist 2 || limited ||     0.8023995017393 ||0.01509748247904
  13   ||Mean Rec dist 3 || limited ||     0.5747603808773 ||0.02989851303125
  14   ||Mean Rec dist 4 || limited ||      1.074253509516 ||0.01326292590046





