# Minimum negative log likelihood

Minuit did successfully converge.
# of function calls: 1037
minimum function Value: 515.2698530864
minimum edm: 5.925090615218e-06
minimum internal state vector: LAVector parameters:
     -0.109302997938
    -0.9191086485721
     -1.287002217587
      -1.22966102809
     -1.559084528135
      -1.56033513049
    -0.5569679718257
     0.1063398841494
     -1.295621120183
     -1.105946821569
     -1.288144874451
     -1.261870782074

minimum internal covariance matrix: LASymMatrix parameters:
    0.065671289  -0.0047983978              0  2.2432963e-05  8.0140384e-05  7.6217988e-05  1.6238976e-06  0.00012771362   0.0020321714   0.0032808814   0.0017154093   0.0023803002
  -0.0047983978  0.00035843141              0 -4.3583636e-06 -5.5989585e-06 -5.4346795e-06  1.9594338e-06 -6.0455029e-05 -0.00014876369 -0.00023991957  -0.0001255108 -0.00017455072
              0              0              2              0              0              0              0              0              0              0              0              0
  2.2432963e-05 -4.3583636e-06              0  0.00013214281 -2.6757093e-06 -1.9362741e-06 -2.1107219e-06  4.2780014e-05 -9.1683164e-07  1.0997128e-06  2.6811788e-06  1.5604271e-06
  8.0140384e-05 -5.5989585e-06              0 -2.6757093e-06  3.2540106e-06  2.2559956e-06  1.0787728e-07 -4.4435586e-06  2.6539504e-06  4.0939894e-06  1.9698742e-06  3.1118854e-06
  7.6217988e-05 -5.4346795e-06              0 -1.9362741e-06  2.2559956e-06  1.6792199e-06  7.2153921e-08 -2.0297914e-06  2.4171898e-06  3.8872464e-06  1.8850209e-06  2.9168517e-06
  1.6238976e-06  1.9594338e-06              0 -2.1107219e-06  1.0787728e-07  7.2153921e-08  1.5070542e-06 -3.2885459e-05 -9.6433603e-09  1.1282945e-07  5.1146173e-08 -1.5897482e-07
  0.00012771362 -6.0455029e-05              0  4.2780014e-05 -4.4435586e-06 -2.0297914e-06 -3.2885459e-05   0.0017834847  8.6512939e-06  5.5250639e-06  4.8524947e-06   6.455532e-06
   0.0020321714 -0.00014876369              0 -9.1683164e-07  2.6539504e-06  2.4171898e-06 -9.6433603e-09  8.6512939e-06   6.698336e-05  0.00010122912  5.3031245e-05  7.3737385e-05
   0.0032808814 -0.00023991957              0  1.0997128e-06  4.0939894e-06  3.8872464e-06  1.1282945e-07  5.5250639e-06  0.00010122912  0.00016779174  8.5833859e-05  0.00011858433
   0.0017154093  -0.0001255108              0  2.6811788e-06  1.9698742e-06  1.8850209e-06  5.1146173e-08  4.8524947e-06  5.3031245e-05  8.5833859e-05  4.8216708e-05  6.1910368e-05
   0.0023803002 -0.00017455072              0  1.5604271e-06  3.1118854e-06  2.9168517e-06 -1.5897482e-07   6.455532e-06  7.3737385e-05  0.00011858433  6.1910368e-05  9.0486138e-05


# ext. ||   Name    ||   type  ||     Value     ||  Error +/- 

   0   ||Natural mortality || limited ||    0.04227286288056 ||0.004478514433436
   1   ||Targeted q || limited ||      10.24693473047 ||0.4059725715554
   2   ||Nontargeted q || limited ||                   2 ||22.06548931833
   3   ||     sigma || limited ||      2.881227470693 ||0.1359697681634
   4   ||  Biomass1 || limited ||    0.03429116499609 ||0.007469267920501
   5   ||  Biomass2 || limited ||    0.02735890752514 ||0.00479272114845
   6   ||   vm_mean || limited ||     -1.660692557117 ||0.002314921307012
   7   ||  vm_sigma || limited ||       44.2460300971 ||1.187543501383
   8   ||Recruit year 1 || limited ||      1.890931586149 ||0.07861530773928
   9   ||Recruit year 2 || limited ||      5.315017406561 ||0.2052807264195
  10   ||Recruit year 3 || limited ||      1.993835739911 ||0.06846389201397
  11   ||Recruit year 4 || limited ||      2.376723705342 ||0.1022405609891





