# Minimum negative log likelihood

Minuit did successfully converge.
# of function calls: 1137
minimum function Value: 355.0548873606
minimum edm: 1.736045106247e-05
minimum internal state vector: LAVector parameters:
    -0.6771522239127
     -1.172636580105
     -1.287002217587
     -1.339307662821
     -1.419288014053
     -1.426231710132
     -0.292502726855
     -1.200176649176
     -1.152543679596
     -1.018472565213
     -1.265416605941
     0.1034094122199
    0.07706404280391
     0.1090914966955
    0.02832611646432

minimum internal covariance matrix: LASymMatrix parameters:
   0.0001010156 -3.6631633e-05              0   -1.11159e-05  1.3819072e-05  1.3098992e-05 -0.00011979071   5.241775e-05  6.0619265e-05  7.8687765e-05  4.0214255e-05   2.850525e-06  2.8424167e-06  3.0388539e-06  2.2461525e-06
 -3.6631633e-05  1.5139523e-05              0  2.7365037e-06  -5.839678e-06 -5.4690456e-06  3.5505419e-05 -1.9825315e-05 -2.2860592e-05  -2.960458e-05 -1.5482861e-05 -8.6657301e-07 -9.2646748e-07 -8.9890029e-07 -8.7181972e-07
              0              0              2              0              0              0              0              0              0              0              0              0              0              0              0
   -1.11159e-05  2.7365037e-06              0  7.4682922e-05 -1.1666214e-06 -1.1404932e-06  3.2257203e-05 -4.4040867e-06 -5.6571784e-06 -8.2928767e-06 -4.0492748e-06 -9.2511391e-07 -2.0968048e-07 -5.1131674e-07 -9.5472313e-08
  1.3819072e-05  -5.839678e-06              0 -1.1666214e-06  3.1358379e-06  2.8255843e-06 -1.2100594e-05  7.7175591e-06  8.6593534e-06  1.1305205e-05  5.8291724e-06  2.7354245e-07  3.4436131e-07  3.0447562e-07  3.4966908e-07
  1.3098992e-05 -5.4690456e-06              0 -1.1404932e-06  2.8255843e-06  2.5666877e-06 -1.1619785e-05  7.2483401e-06  8.1682232e-06  1.0653301e-05  5.5215629e-06  2.7348443e-07  3.3282587e-07  2.9818565e-07  3.2442748e-07
 -0.00011979071  3.5505419e-05              0  3.2257203e-05 -1.2100594e-05 -1.1619785e-05  0.00073079463 -5.3411179e-05 -6.6701019e-05 -8.8561572e-05  -4.733179e-05 -8.0821497e-06 -7.4347098e-06 -9.2585542e-06 -6.1022439e-06
   5.241775e-05 -1.9825315e-05              0 -4.4040867e-06  7.7175591e-06  7.2483401e-06 -5.3411179e-05    2.94691e-05  3.1789189e-05  4.1283635e-05  2.1030081e-05  1.3327587e-06    1.43484e-06  1.4059647e-06  1.2002366e-06
  6.0619265e-05 -2.2860592e-05              0 -5.6571784e-06  8.6593534e-06  8.1682232e-06 -6.6701019e-05  3.1789189e-05  3.8356464e-05  4.7915434e-05  2.4284623e-05  1.6426045e-06  1.5835486e-06  1.7164314e-06  1.4021181e-06
  7.8687765e-05  -2.960458e-05              0 -8.2928767e-06  1.1305205e-05  1.0653301e-05 -8.8561572e-05  4.1283635e-05  4.7915434e-05  6.3571404e-05  3.1570895e-05   2.102502e-06   2.119446e-06  2.2179873e-06  1.8515146e-06
  4.0214255e-05 -1.5482861e-05              0 -4.0492748e-06  5.8291724e-06  5.5215629e-06  -4.733179e-05  2.1030081e-05  2.4284623e-05  3.1570895e-05  1.8995685e-05  1.0646809e-06  1.1641621e-06  1.1869974e-06  1.0326757e-06
   2.850525e-06 -8.6657301e-07              0 -9.2511391e-07  2.7354245e-07  2.7348443e-07 -8.0821497e-06  1.3327587e-06  1.6426045e-06   2.102502e-06  1.0646809e-06  4.8996299e-07  9.1688138e-08  1.0910454e-07  9.0012328e-08
  2.8424167e-06 -9.2646748e-07              0 -2.0968048e-07  3.4436131e-07  3.3282587e-07 -7.4347098e-06    1.43484e-06  1.5835486e-06   2.119446e-06  1.1641621e-06  9.1688138e-08  2.7432249e-07  1.3585598e-07  1.0072419e-07
  3.0388539e-06 -8.9890029e-07              0 -5.1131674e-07  3.0447562e-07  2.9818565e-07 -9.2585542e-06  1.4059647e-06  1.7164314e-06  2.2179873e-06  1.1869974e-06  1.0910454e-07  1.3585598e-07  2.7512091e-07  9.3692728e-08
  2.2461525e-06 -8.7181972e-07              0 -9.5472313e-08  3.4966908e-07  3.2442748e-07 -6.1022439e-06  1.2002366e-06  1.4021181e-06  1.8515146e-06  1.0326757e-06  9.0012328e-08  1.0072419e-07  9.3692728e-08  3.3792864e-07


# ext. ||   Name    ||   type  ||     Value     ||  Error +/- 

   0   ||Natural mortality || limited ||    0.05601358135248 ||0.0008308163933894
   1   ||Targeted q || limited ||      3.911196880451 ||0.05333739315597
   2   ||Nontargeted q || limited ||                   2 ||22.06548931833
   3   ||     sigma || limited ||      1.333703283809 ||0.07009821733675
   4   ||  Biomass1 || limited ||      5.727723074197 ||0.09449424571545
   5   ||  Biomass2 || limited ||      5.215639159025 ||0.08159990801065
   6   ||  vm_sigma || limited ||      28.46666218552 ||0.7320841580925
   7   ||Recruit year 1 || limited ||      3.404506434228 ||0.069507892393
   8   ||Recruit year 2 || limited ||      4.319566631277 ||0.08892651241163
   9   ||Recruit year 3 || limited ||      7.443875493512 ||0.1478848981463
  10   ||Recruit year 4 || limited ||      2.323125853134 ||0.04632413322086
  11   ||Mean Rec dist 1 || limited ||      1.032252091987 ||0.00492311981013
  12   ||Mean Rec dist 2 || limited ||     0.7698778660503 ||0.003692536645474
  13   ||Mean Rec dist 3 || limited ||      1.088752432575 ||0.003686866325651
  14   ||Mean Rec dist 4 || limited ||     0.2832232861726 ||0.004108877900855





