# Minimum negative log likelihood

Minuit did successfully converge.
# of function calls: 939
minimum function Value: 432.4660511613
minimum edm: 2.915007664534e-05
minimum internal state vector: LAVector parameters:
    -0.6271023555549
      -1.23340650985
     -1.287002217587
     -1.291672139254
     -1.522135353658
     -1.524082660073
    -0.2506936706439
    -0.1332937182959
    -0.9774951053127
      -1.48833895444
    -0.9599949353321
    -0.9938956350788

minimum internal covariance matrix: LASymMatrix parameters:
  0.00074904807  -0.0004372469              0 -8.1220054e-07  6.5181031e-05   6.237791e-05  1.2250997e-05 -0.00022626397  0.00086416493  0.00010756814  0.00081603613  0.00082765117
  -0.0004372469  0.00025932624              0   5.535915e-07 -3.8654996e-05 -3.6993067e-05 -6.1643962e-06  0.00011090917 -0.00050866996  -6.224968e-05 -0.00048069326 -0.00048747198
              0              0              2              0              0              0              0              0              0              0              0              0
 -8.1220054e-07   5.535915e-07              0  9.9861312e-05 -7.2325939e-07 -5.8062169e-07 -1.7737561e-07 -2.0625567e-05 -1.3093552e-06 -1.1218418e-08 -1.3935251e-06 -1.2804071e-06
  6.5181031e-05 -3.8654996e-05              0 -7.2325939e-07  1.0022162e-05  9.0251915e-06  9.3617924e-07 -1.7522167e-05  7.6135599e-05  9.2804373e-06  7.1588373e-05  7.2681814e-05
   6.237791e-05 -3.6993067e-05              0 -5.8062169e-07  9.0251915e-06  8.1962629e-06  8.9079712e-07 -1.6332094e-05  7.2792176e-05  8.8767336e-06  6.8527154e-05  6.9555369e-05
  1.2250997e-05 -6.1643962e-06              0 -1.7737561e-07  9.3617924e-07  8.9079712e-07   1.154435e-06 -1.9969711e-05  1.3166345e-05   1.764059e-06  1.2323529e-05  1.2445289e-05
 -0.00022626397  0.00011090917              0 -2.0625567e-05 -1.7522167e-05 -1.6332094e-05 -1.9969711e-05  0.00088440825 -0.00024260933 -3.0607677e-05 -0.00022238293  -0.0002275283
  0.00086416493 -0.00050866996              0 -1.3093552e-06  7.6135599e-05  7.2792176e-05  1.3166345e-05 -0.00024260933   0.0010047417  0.00012320974  0.00094596495  0.00095934032
  0.00010756814  -6.224968e-05              0 -1.1218418e-08  9.2804373e-06  8.8767336e-06   1.764059e-06 -3.0607677e-05  0.00012320974  2.0233801e-05  0.00011677637  0.00011834476
  0.00081603613 -0.00048069326              0 -1.3935251e-06  7.1588373e-05  6.8527154e-05  1.2323529e-05 -0.00022238293  0.00094596495  0.00011677637  0.00089667429  0.00090621785
  0.00082765117 -0.00048747198              0 -1.2804071e-06  7.2681814e-05  6.9555369e-05  1.2445289e-05  -0.0002275283  0.00095934032  0.00011834476  0.00090621785  0.00092238668


# ext. ||   Name    ||   type  ||     Value     ||  Error +/- 

   0   ||Natural mortality || limited ||    0.06197986327969 ||0.002350416863543
   1   ||Targeted q || limited ||      2.818904231064 ||0.1884646516886
   2   ||Nontargeted q || limited ||                   2 ||22.06548931833
   3   ||     sigma || limited ||      1.935144729384 ||0.09734047081848
   4   ||  Biomass1 || limited ||     0.5918557753724 ||0.05444333730634
   5   ||  Biomass2 || limited ||     0.5454424666339 ||0.04726597761187
   6   ||   vm_mean || limited ||    -0.7793537572945 ||0.002312208907808
   7   ||  vm_sigma || limited ||      34.68459208596 ||0.8336127871569
   8   ||Recruit year 1 || limited ||      8.554171314539 ||0.6264591737214
   9   ||Recruit year 2 || limited ||     0.1798671786139 ||0.01309745198734
  10   ||Recruit year 3 || limited ||      9.049662763205 ||0.6070831528147
  11   ||Recruit year 4 || limited ||      8.101334539791 ||0.5855618996245





