# Minimum negative log likelihood

Minuit did successfully converge.
# of function calls: 864
minimum function Value: 351.5154729027
minimum edm: 1.976758870612e-05
minimum internal state vector: LAVector parameters:
     -0.840489207023
     -1.120266213767
     -1.287002217587
     -1.341285622645
     -1.450824019885
     -1.452640825198
     0.7912582857046
     -2.920934959655
     -1.127365212043
     -1.368269742186
     -1.065498140548
     -1.200082868644

minimum internal covariance matrix: LASymMatrix parameters:
  0.00054796553 -0.00020637714              0  1.1385559e-06   5.671639e-05  5.4442892e-05  7.1381947e-06  8.9122767e-05  0.00020928156  9.6509582e-05  0.00026182556  0.00018078949
 -0.00020637714   7.902793e-05              0 -9.8218947e-07 -2.1825511e-05 -2.0915932e-05 -2.2176416e-06 -2.7111937e-05 -7.9122137e-05  -3.641901e-05 -9.9015513e-05 -6.8666872e-05
              0              0              2              0              0              0              0              0              0              0              0              0
  1.1385559e-06 -9.8218947e-07              0   6.938727e-05   1.012046e-06  9.0630568e-07 -4.5960512e-08  4.3281145e-06  6.1271376e-07  2.0348892e-07  6.7222559e-07  1.5797077e-07
   5.671639e-05 -2.1825511e-05              0   1.012046e-06   7.106207e-06  6.6957529e-06  5.3162083e-07  6.5858136e-06  2.1774175e-05  9.9694102e-06  2.7234431e-05  1.8947897e-05
  5.4442892e-05 -2.0915932e-05              0  9.0630568e-07  6.6957529e-06  6.3252475e-06  5.2812853e-07  6.5174927e-06  2.0887124e-05  9.5747271e-06  2.6136347e-05  1.8152825e-05
  7.1381947e-06 -2.2176416e-06              0 -4.5960512e-08  5.3162083e-07  5.2812853e-07  1.2224523e-06  1.0439681e-05  2.6092134e-06  1.1510043e-06  3.2387597e-06   2.554418e-06
  8.9122767e-05 -2.7111937e-05              0  4.3281145e-06  6.5858136e-06  6.5174927e-06  1.0439681e-05  0.00035333443  3.2963246e-05  1.5052498e-05  4.0171591e-05  2.8130227e-05
  0.00020928156 -7.9122137e-05              0  6.1271376e-07  2.1774175e-05  2.0887124e-05  2.6092134e-06  3.2963246e-05   8.101675e-05  3.6715709e-05  0.00010011619   6.912553e-05
  9.6509582e-05  -3.641901e-05              0  2.0348892e-07  9.9694102e-06  9.5747271e-06  1.1510043e-06  1.5052498e-05  3.6715709e-05  1.7962978e-05  4.6210084e-05  3.1928826e-05
  0.00026182556 -9.9015513e-05              0  6.7222559e-07  2.7234431e-05  2.6136347e-05  3.2387597e-06  4.0171591e-05  0.00010011619  4.6210084e-05  0.00012614434  8.6614229e-05
  0.00018078949 -6.8666872e-05              0  1.5797077e-07  1.8947897e-05  1.8152825e-05   2.554418e-06  2.8130227e-05   6.912553e-05  3.1928826e-05  8.6614229e-05   6.252405e-05


# ext. ||   Name    ||   type  ||     Value     ||  Error +/- 

   0   ||Natural mortality || limited ||    0.03825456624682 ||0.001656238924244
   1   ||Targeted q || limited ||      4.989180252726 ||0.1368590669185
   2   ||Nontargeted q || limited ||                   2 ||22.06548931833
   3   ||     sigma || limited ||      1.311108654791 ||0.06700016425225
   4   ||  Biomass1 || limited ||      3.594024662962 ||0.112800846565
   5   ||  Biomass2 || limited ||      3.486122074844 ||0.1048181538682
   6   ||   vm_mean || limited ||      2.234421170089 ||0.001726536641788
   7   ||  vm_sigma || limited ||      31.24575272893 ||0.5187522196349
   8   ||Recruit year 1 || limited ||      4.845271759756 ||0.1365196319139
   9   ||Recruit year 2 || limited ||      1.031823041854 ||0.03013763388477
  10   ||Recruit year 3 || limited ||      6.257866611074 ||0.1921974480996
  11   ||Recruit year 4 || limited ||      3.406204802416 ||0.1012693074624





