# Minimum negative log likelihood

Minuit did successfully converge.
# of function calls: 1069
minimum function Value: 514.4388836467
minimum edm: 6.927858705822e-05
minimum internal state vector: LAVector parameters:
       0.26772149758
     -1.247407268256
     -1.287002217587
     -1.230340021429
     -1.418033648832
       -1.4233386773
    -0.7074326558924
     -1.276792719991
     -1.141822020568
      -1.14731694429
    -0.9838515897431
    0.05645904029272
    0.02974058090059
    0.07946200882826
     0.1154579693427

minimum internal covariance matrix: LASymMatrix parameters:
    0.012393142  -0.0011776494              0 -9.7409236e-05  0.00057439043  0.00054591946  -0.0016669106    0.001478167   0.0021095507   0.0021089975   0.0029126688  0.00011613796  0.00010666228  0.00010414629  8.8463693e-05
  -0.0011776494  0.00012734887              0  9.9273653e-06 -6.1808915e-05 -5.8468737e-05  0.00010429962 -0.00014775315  -0.0002112941 -0.00021093646 -0.00029942856  -1.003395e-05  -8.010244e-06 -8.6154474e-06 -7.3563594e-06
              0              0              2              0              0              0              0              0              0              0              0              0              0              0              0
 -9.7409236e-05  9.9273653e-06              0  0.00015736918 -7.9266174e-06 -7.1370282e-06   2.519868e-05 -1.2171484e-05 -1.6298978e-05 -1.6665133e-05 -2.3396264e-05 -1.9905926e-06 -1.0208269e-06 -1.1783453e-06 -7.1751557e-07
  0.00057439043 -6.1808915e-05              0 -7.9266174e-06  3.5043203e-05  3.2630427e-05 -5.7566626e-05   7.252785e-05  0.00010296042  0.00010258864  0.00014579513  4.5688589e-06  4.1340852e-06  4.2876531e-06  4.0470926e-06
  0.00054591946 -5.8468737e-05              0 -7.1370282e-06  3.2630427e-05  3.0466424e-05 -5.4813327e-05  6.8700542e-05  9.7672672e-05  9.7334785e-05  0.00013814136  4.4451187e-06  3.9580829e-06  4.0657351e-06  3.8026419e-06
  -0.0016669106  0.00010429962              0   2.519868e-05 -5.7566626e-05 -5.4813327e-05   0.0010829418 -0.00017296254 -0.00024546942 -0.00024399675 -0.00032306596 -1.6516562e-05 -3.3687653e-05 -2.9902551e-05 -3.0950315e-05
    0.001478167 -0.00014775315              0 -1.2171484e-05   7.252785e-05  6.8700542e-05 -0.00017296254  0.00018677406  0.00025664558  0.00025678527   0.0003580931  1.2490779e-05  1.1911041e-05  1.1777211e-05  1.0053326e-05
   0.0021095507  -0.0002112941              0 -1.6298978e-05  0.00010296042  9.7672672e-05 -0.00024546942  0.00025664558  0.00037310907  0.00036630603  0.00051182924  1.8767936e-05  1.6623744e-05  1.6891097e-05  1.4402838e-05
   0.0021089975 -0.00021093646              0 -1.6665133e-05  0.00010258864  9.7334785e-05 -0.00024399675  0.00025678527  0.00036630603  0.00037232929  0.00051147035  1.9093816e-05  1.6704025e-05  1.6541211e-05  1.4205576e-05
   0.0029126688 -0.00029942856              0 -2.3396264e-05  0.00014579513  0.00013814136 -0.00032306596   0.0003580931  0.00051182924  0.00051147035  0.00073397495  2.5564649e-05  2.2164025e-05  2.2797316e-05  2.0279249e-05
  0.00011613796  -1.003395e-05              0 -1.9905926e-06  4.5688589e-06  4.4451187e-06 -1.6516562e-05  1.2490779e-05  1.8767936e-05  1.9093816e-05  2.5564649e-05  5.8146486e-06  1.1337287e-06  8.4397934e-07  7.9286678e-07
  0.00010666228  -8.010244e-06              0 -1.0208269e-06  4.1340852e-06  3.9580829e-06 -3.3687653e-05  1.1911041e-05  1.6623744e-05  1.6704025e-05  2.2164025e-05  1.1337287e-06  2.2989769e-06   1.344009e-06  1.1652746e-06
  0.00010414629 -8.6154474e-06              0 -1.1783453e-06  4.2876531e-06  4.0657351e-06 -2.9902551e-05  1.1777211e-05  1.6891097e-05  1.6541211e-05  2.2797316e-05  8.4397934e-07   1.344009e-06  2.8374209e-06  1.0278844e-06
  8.8463693e-05 -7.3563594e-06              0 -7.1751557e-07  4.0470926e-06  3.8026419e-06 -3.0950315e-05  1.0053326e-05  1.4402838e-05  1.4205576e-05  2.0279249e-05  7.9286678e-07  1.1652746e-06  1.0278844e-06  2.6262855e-06


# ext. ||   Name    ||   type  ||     Value     ||  Error +/- 

   0   ||Natural mortality || limited ||    0.05161336979729 ||0.001895891874474
   1   ||Targeted q || limited ||      2.591805784244 ||0.1267876368683
   2   ||Nontargeted q || limited ||                   2 ||22.06548931833
   3   ||     sigma || limited ||      2.869880228173 ||0.1480975934921
   4   ||  Biomass1 || limited ||      5.822772157384 ||0.3184801972425
   5   ||  Biomass2 || limited ||      5.426096921851 ||0.2867193127308
   6   ||  vm_sigma || limited ||      14.00543897967 ||0.7073515294162
   7   ||Recruit year 1 || limited ||      2.155217530534 ||0.1400041862611
   8   ||Recruit year 2 || limited ||      4.539904301849 ||0.284017334576
   9   ||Recruit year 3 || limited ||      4.426325242322 ||0.2803075485622
  10   ||Recruit year 4 || limited ||      8.377331812379 ||0.5303884046319
  11   ||Mean Rec dist 1 || limited ||     0.5642905004826 ||0.01702370075176
  12   ||Mean Rec dist 2 || limited ||     0.2973619682651 ||0.01071667663737
  13   ||Mean Rec dist 3 || limited ||     0.7937841191204 ||0.01187337613512
  14   ||Mean Rec dist 4 || limited ||      1.152016207009 ||0.01138294751629





