# Minimum negative log likelihood

Minuit did successfully converge.
# of function calls: 878
minimum function Value: 594.3533950849
minimum edm: 1.067120708589e-05
minimum internal state vector: LAVector parameters:
    -0.5918282926165
     -1.215774648061
     -1.287002217587
     -1.157255819281
     -1.519827362435
       -1.5269263673
    -0.5163413632079
    -0.4121017860843
     -1.274095992837
     -1.035200696767
    -0.9825720867242
     -1.288512298538

minimum internal covariance matrix: LASymMatrix parameters:
  0.00063936054 -0.00033268037              0  -1.163906e-05  6.3873909e-05  5.4858353e-05  6.8832118e-06 -7.0510528e-05  0.00028719621  0.00046428014  0.00060239128  0.00028573498
 -0.00033268037  0.00019487537              0  3.7597311e-06 -3.7395755e-05 -3.2168521e-05  3.5676748e-06 -5.0719398e-05 -0.00015816502 -0.00025686161 -0.00033174326 -0.00015661046
              0              0              2              0              0              0              0              0              0              0              0              0
  -1.163906e-05  3.7597311e-06              0  0.00020773022 -3.0385687e-06 -2.5610859e-06  -1.178769e-06  3.0309159e-05 -4.1007393e-06 -6.9938027e-06 -9.7198251e-06 -6.5592113e-06
  6.3873909e-05 -3.7395755e-05              0 -3.0385687e-06  2.1962503e-05  1.8736102e-05 -6.3062709e-07  1.4806278e-05  2.9594593e-05  5.0234751e-05  6.5248449e-05  3.1079982e-05
  5.4858353e-05 -3.2168521e-05              0 -2.5610859e-06  1.8736102e-05  1.5994071e-05 -5.4855158e-07   1.175451e-05  2.5529477e-05  4.3185791e-05  5.6079827e-05  2.6701855e-05
  6.8832118e-06  3.5676748e-06              0  -1.178769e-06 -6.3062709e-07 -5.4855158e-07  8.4616738e-06 -8.9012894e-05  1.8826329e-07 -3.7757581e-07  8.6271375e-08  1.4247332e-07
 -7.0510528e-05 -5.0719398e-05              0  3.0309159e-05  1.4806278e-05   1.175451e-05 -8.9012894e-05   0.0022591697 -1.2371499e-05  1.1683462e-05  1.3242242e-05  3.9405026e-06
  0.00028719621 -0.00015816502              0 -4.1007393e-06  2.9594593e-05  2.5529477e-05  1.8826329e-07 -1.2371499e-05  0.00014466024  0.00021407629  0.00027710748  0.00013077558
  0.00046428014 -0.00025686161              0 -6.9938027e-06  5.0234751e-05  4.3185791e-05 -3.7757581e-07  1.1683462e-05  0.00021407629  0.00035847121   0.0004488927  0.00021226722
  0.00060239128 -0.00033174326              0 -9.7198251e-06  6.5248449e-05  5.6079827e-05  8.6271375e-08  1.3242242e-05  0.00027710748   0.0004488927  0.00059477036  0.00027403802
  0.00028573498 -0.00015661046              0 -6.5592113e-06  3.1079982e-05  2.6701855e-05  1.4247332e-07  3.9405026e-06  0.00013077558  0.00021226722  0.00027403802  0.00014416329


# ext. ||   Name    ||   type  ||     Value     ||  Error +/- 

   0   ||Natural mortality || limited ||    0.06631810576292 ||0.00222568328751
   1   ||Targeted q || limited ||      3.118052335998 ||0.1715613889272
   2   ||Nontargeted q || limited ||                   2 ||22.06548931833
   3   ||     sigma || limited ||      4.214810084657 ||0.2047696130626
   4   ||  Biomass1 || limited ||     0.6493182452366 ||0.0844136901717
   5   ||  Biomass2 || limited ||     0.4810661751771 ||0.0620100176201
   6   ||   vm_mean || limited ||     -1.551009898388 ||0.005619502350724
   7   ||  vm_sigma || limited ||      23.97925875125 ||1.231575132901
   8   ||Recruit year 1 || limited ||      2.194461302171 ||0.1243106259329
   9   ||Recruit year 2 || limited ||      7.011059821041 ||0.3415833631623
  10   ||Recruit year 3 || limited ||      8.412793032677 ||0.478373790791
  11   ||Recruit year 4 || limited ||      1.988715711611 ||0.118232498043





