# Minimum negative log likelihood

Minuit did successfully converge.
# of function calls: 1682
minimum function Value: 661.0315970655
minimum edm: 2.815838246667e-05
minimum internal state vector: LAVector parameters:
      2.657634713272
    -0.9760785933087
     -1.287002217587
     -1.084062963662
     -1.513071142073
      -1.51772921412
      3.051779579573
    -0.9715340721835
    -0.9574145386679
     -1.024284535805
      -1.32509067082
     0.1030959813404
     0.1207478118102
    0.09212151772322
    0.09396011209148

minimum internal covariance matrix: LASymMatrix parameters:
    0.027919359   0.0016007563              0  -8.058945e-05 -0.00016670237 -0.00014659585  -0.0072355786   -0.002927677  -0.0029641362  -0.0026899628  -0.0011726058 -0.00010421367 -9.9519284e-05 -0.00010276701 -0.00010020606
   0.0016007563  0.00010521189              0 -5.3552736e-06 -1.0798975e-05 -9.4877627e-06 -0.00035811786 -0.00017118909 -0.00017194079 -0.00015664304 -7.0177942e-05 -5.1681982e-06 -4.8894872e-06 -5.0163982e-06 -5.1747765e-06
              0              0              2              0              0              0              0              0              0              0              0              0              0              0              0
  -8.058945e-05 -5.3552736e-06              0  0.00029866435  2.8672391e-06  2.5440357e-06  2.0730142e-05  8.2436652e-06  9.7976032e-06  8.8054581e-06  5.5748513e-06  5.3801976e-07 -3.6124716e-08  1.0609155e-06  9.0307789e-07
 -0.00016670237 -1.0798975e-05              0  2.8672391e-06   9.945608e-06  7.7557424e-06  4.3742803e-05  1.7589178e-05  1.8049687e-05  1.6326539e-05  7.1899836e-06  5.6372665e-07  5.6109742e-07  5.1173851e-07  5.6873108e-07
 -0.00014659585 -9.4877627e-06              0  2.5440357e-06  7.7557424e-06  6.1727763e-06  3.5275406e-05   1.546778e-05  1.5847172e-05  1.4352871e-05  6.3077301e-06  4.8817979e-07  4.9579987e-07   4.554724e-07  4.8241621e-07
  -0.0072355786 -0.00035811786              0  2.0730142e-05  4.3742803e-05  3.5275406e-05   0.0066437504   0.0007353922  0.00073868834   0.0006754474  0.00030252266  5.6125464e-05  5.4284383e-05  5.4930289e-05  5.3091212e-05
   -0.002927677 -0.00017118909              0  8.2436652e-06  1.7589178e-05   1.546778e-05   0.0007353922  0.00032736819  0.00031121016   0.0002827341  0.00012338239  1.0508844e-05  1.0209248e-05  1.0299521e-05  1.0456763e-05
  -0.0029641362 -0.00017194079              0  9.7976032e-06  1.8049687e-05  1.5847172e-05  0.00073868834  0.00031121016  0.00033547521  0.00028672365  0.00012494873  1.0602787e-05  9.9394871e-06  1.0707335e-05  1.0075549e-05
  -0.0026899628 -0.00015664304              0  8.8054581e-06  1.6326539e-05  1.4352871e-05   0.0006754474   0.0002827341  0.00028672365  0.00027876031  0.00011343619  9.7121107e-06  9.3106219e-06  9.5096481e-06   9.410729e-06
  -0.0011726058 -7.0177942e-05              0  5.5748513e-06  7.1899836e-06  6.3077301e-06  0.00030252266  0.00012338239  0.00012494873  0.00011343619  7.4743619e-05  4.3523217e-06  4.0872035e-06  4.2389716e-06  4.9152227e-06
 -0.00010421367 -5.1681982e-06              0  5.3801976e-07  5.6372665e-07  4.8817979e-07  5.6125464e-05  1.0508844e-05  1.0602787e-05  9.7121107e-06  4.3523217e-06  1.2304374e-06  5.6856457e-07  6.1693241e-07  6.0571178e-07
 -9.9519284e-05 -4.8894872e-06              0 -3.6124716e-08  5.6109742e-07  4.9579987e-07  5.4284383e-05  1.0209248e-05  9.9394871e-06  9.3106219e-06  4.0872035e-06  5.6856457e-07  1.2048739e-06  5.3903435e-07  5.4241846e-07
 -0.00010276701 -5.0163982e-06              0  1.0609155e-06  5.1173851e-07   4.554724e-07  5.4930289e-05  1.0299521e-05  1.0707335e-05  9.5096481e-06  4.2389716e-06  6.1693241e-07  5.3903435e-07  1.2284437e-06  5.1208766e-07
 -0.00010020606 -5.1747765e-06              0  9.0307789e-07  5.6873108e-07  4.8241621e-07  5.3091212e-05  1.0456763e-05  1.0075549e-05   9.410729e-06  4.9152227e-06  6.0571178e-07  5.4241846e-07  5.1208766e-07  3.9153923e-06


# ext. ||   Name    ||   type  ||     Value     ||  Error +/- 

   0   ||Natural mortality || limited ||    0.05663215555985 ||0.002608487405305
   1   ||Targeted q || limited ||      8.584666065076 ||0.2031818114866
   2   ||Nontargeted q || limited ||                   2 ||22.06548931833
   3   ||     sigma || limited ||      5.806724394658 ||0.2857863265723
   4   ||  Biomass1 || limited ||     0.8328179398011 ||0.0643271674603
   5   ||  Biomass2 || limited ||     0.7038644082005 ||0.04659256883335
   6   ||  vm_sigma || limited ||      43.58815028122 ||2.29483673624
   7   ||Recruit year 1 || limited ||      8.721531127219 ||0.3607636845108
   8   ||Recruit year 2 || limited ||      9.123787619132 ||0.3727156594322
   9   ||Recruit year 3 || limited ||      7.292143008917 ||0.3067455392885
  10   ||Recruit year 4 || limited ||      1.511553723271 ||0.07434169167434
  11   ||Mean Rec dist 1 || limited ||      1.029134475987 ||0.007801940006686
  12   ||Mean Rec dist 2 || limited ||        1.2045460777 ||0.007705166207787
  13   ||Mean Rec dist 3 || limited ||     0.9199127672329 ||0.007803998722723
  14   ||Mean Rec dist 4 || limited ||     0.9382191859101 ||0.01393004720244





