# Minimum negative log likelihood

Minuit did successfully converge.
# of function calls: 1076
minimum function Value: 607.1156701824
minimum edm: 7.041432179519e-05
minimum internal state vector: LAVector parameters:
    -0.2313650726903
     -1.221503981869
     -1.287002217587
     -1.144213490693
      -1.46069296932
     -1.464882238517
    -0.4370006894413
      -1.02258185294
     -1.200473546206
     -1.352071357788
     -1.405804639521
     0.1073908660865
    0.08429173501968
     0.1020867326168
     0.1116413812755

minimum internal covariance matrix: LASymMatrix parameters:
    0.046342005  -0.0036981453              0  0.00010095536   0.0012309271   0.0011655902   -0.012634222   0.0089133544   0.0062286993   0.0035843879    0.002630569  0.00034776329  0.00037994769   0.0003792698  0.00032602527
  -0.0036981453  0.00031187914              0  8.8401759e-07  -0.0001042722 -9.8612812e-05  0.00085203453 -0.00072230686 -0.00050308172  -0.0002887105 -0.00021601326  -2.513204e-05 -2.8595423e-05 -2.8717756e-05  -2.588924e-05
              0              0              2              0              0              0              0              0              0              0              0              0              0              0              0
  0.00010095536  8.8401759e-07              0  0.00025410225 -1.1590631e-07 -2.6961241e-07 -0.00024333146  1.4020324e-05  1.0480062e-05  4.9092976e-06  1.6178329e-06  3.6040994e-06   1.921858e-06  1.9257899e-06  2.8324724e-06
   0.0012309271  -0.0001042722              0 -1.1590631e-07  4.4054129e-05  4.0830504e-05 -0.00028678908  0.00024140627  0.00016793113  9.5787986e-05  7.1806881e-05   8.346856e-06  9.2874358e-06  9.8885236e-06  8.6898917e-06
   0.0011655902 -9.8612812e-05              0 -2.6961241e-07  4.0830504e-05  3.7943959e-05 -0.00027114246  0.00022844021  0.00015892848  9.0723688e-05  6.7971062e-05  7.9285633e-06  8.8428759e-06  9.3391338e-06  8.1755038e-06
   -0.012634222  0.00085203453              0 -0.00024333146 -0.00028678908 -0.00027114246    0.013091287  -0.0023140593  -0.0016198811 -0.00094513888 -0.00065778782 -0.00019545397 -0.00018752331 -0.00019834987 -0.00013949608
   0.0089133544 -0.00072230686              0  1.4020324e-05  0.00024140627  0.00022844021  -0.0023140593   0.0017324199   0.0012021378  0.00069130864   0.0005100863  6.4394594e-05  7.2201802e-05   7.151532e-05  6.2571306e-05
   0.0062286993 -0.00050308172              0  1.0480062e-05  0.00016793113  0.00015892848  -0.0016198811   0.0012021378  0.00085066078  0.00048265345   0.0003563008  4.5557133e-05  4.8819938e-05  5.0268956e-05  4.3968121e-05
   0.0035843879  -0.0002887105              0  4.9092976e-06  9.5787986e-05  9.0723688e-05 -0.00094513888  0.00069130864  0.00048265345  0.00028806218   0.0002042108  2.6179043e-05  2.9023459e-05  2.6596055e-05  2.5440078e-05
    0.002630569 -0.00021601326              0  1.6178329e-06  7.1806881e-05  6.7971062e-05 -0.00065778782   0.0005100863   0.0003563008   0.0002042108  0.00017773977   1.870097e-05  2.0779253e-05  2.0501463e-05  2.3549723e-05
  0.00034776329  -2.513204e-05              0  3.6040994e-06   8.346856e-06  7.9285633e-06 -0.00019545397  6.4394594e-05  4.5557133e-05  2.6179043e-05   1.870097e-05    5.55688e-06  3.5146106e-06  3.5912495e-06  3.0480361e-06
  0.00037994769 -2.8595423e-05              0   1.921858e-06  9.2874358e-06  8.8428759e-06 -0.00018752331  7.2201802e-05  4.8819938e-05  2.9023459e-05  2.0779253e-05  3.5146106e-06  8.4309453e-06  4.3324591e-06  2.5920786e-06
   0.0003792698 -2.8717756e-05              0  1.9257899e-06  9.8885236e-06  9.3391338e-06 -0.00019834987   7.151532e-05  5.0268956e-05  2.6596055e-05  2.0501463e-05  3.5912495e-06  4.3324591e-06  2.0568576e-05  3.2788649e-06
  0.00032602527  -2.588924e-05              0  2.8324724e-06  8.6898917e-06  8.1755038e-06 -0.00013949608  6.2571306e-05  4.3968121e-05  2.5440078e-05  2.3549723e-05  3.0480361e-06  2.5920786e-06  3.2788649e-06  3.3321148e-05


# ext. ||   Name    ||   type  ||     Value     ||  Error +/- 

   0   ||Natural mortality || limited ||    0.03926733909704 ||0.003689817571762
   1   ||Targeted q || limited ||      3.019243450347 ||0.2136774676026
   2   ||Nontargeted q || limited ||                   2 ||22.06548931833
   3   ||     sigma || limited ||      4.480752211844 ||0.2331851952686
   4   ||  Biomass1 || limited ||      3.027626880188 ||0.2578513759974
   5   ||  Biomass2 || limited ||      2.801827860191 ||0.2302323839504
   6   ||  vm_sigma || limited ||      23.07175472905 ||2.928849630492
   7   ||Recruit year 1 || limited ||      7.336445566732 ||0.7667433726589
   8   ||Recruit year 2 || limited ||      3.399132322986 ||0.3731360393917
   9   ||Recruit year 3 || limited ||       1.20113559812 ||0.1301889958583
  10   ||Recruit year 4 || limited ||     0.6889460637569 ||0.07740825973489
  11   ||Mean Rec dist 1 || limited ||      1.071845655538 ||0.01657261979753
  12   ||Mean Rec dist 2 || limited ||     0.8419195365421 ||0.02045870553334
  13   ||Mean Rec dist 3 || limited ||      1.019095054256 ||0.03190210841059
  14   ||Mean Rec dist 4 || limited ||      1.114096131538 ||0.04056314818737





