# Minimum negative log likelihood

Minuit did successfully converge.
# of function calls: 1316
minimum function Value: 348.9388872012
minimum edm: 3.779281099097e-06
minimum internal state vector: LAVector parameters:
     0.7947331963615
     -1.320733081774
     -1.287002217587
     -1.342693305021
      -1.48768813328
     -1.490638872284
    0.05594261249273
    -0.4468634533668
      -1.15023786579
     -1.134954364438
    -0.9520832422654
    -0.9399591624626

minimum internal covariance matrix: LASymMatrix parameters:
    0.028817237  -0.0033244805              0  3.5822537e-07    0.001120066   0.0010813537  1.2629942e-05 -0.00017601406   0.0055326964   0.0057990445   0.0085716854   0.0086675237
  -0.0033244805  0.00038714158              0  2.9931196e-07 -0.00013030548 -0.00012580975 -5.7867743e-07  4.1356132e-06  -0.0006424924 -0.00067342177 -0.00099542089  -0.0010069986
              0              0              2              0              0              0              0              0              0              0              0              0
  3.5822537e-07  2.9931196e-07              0  6.0163565e-05 -4.6483866e-07  -3.830498e-07  1.0765036e-07 -8.1372339e-07 -3.6214324e-07 -3.8739573e-07  -6.288378e-07  -5.309613e-07
    0.001120066 -0.00013030548              0 -4.6483866e-07  4.5527229e-05  4.3769966e-05  2.0021564e-07 -2.7510646e-06  0.00021644738  0.00022672564  0.00033512876  0.00033900493
   0.0010813537 -0.00012580975              0  -3.830498e-07  4.3769966e-05  4.2108048e-05  1.9340576e-07 -2.4120997e-06  0.00020895085  0.00021890029  0.00032356114  0.00032730662
  1.2629942e-05 -5.7867743e-07              0  1.0765036e-07  2.0021564e-07  1.9340576e-07  7.4555884e-07 -9.6485923e-06  1.3964027e-06  1.4701227e-06  2.1771801e-06  2.1133933e-06
 -0.00017601406  4.1356132e-06              0 -8.1372339e-07 -2.7510646e-06 -2.4120997e-06 -9.6485923e-06  0.00034004348 -1.5161869e-05 -1.5600178e-05 -2.3073732e-05 -2.2720881e-05
   0.0055326964  -0.0006424924              0 -3.6214324e-07  0.00021644738  0.00020895085  1.3964027e-06 -1.5161869e-05   0.0010685626   0.0011185442   0.0016534095   0.0016725079
   0.0057990445 -0.00067342177              0 -3.8739573e-07  0.00022672564  0.00021890029  1.4701227e-06 -1.5600178e-05   0.0011185442   0.0011737771   0.0017330553   0.0017529954
   0.0085716854 -0.00099542089              0  -6.288378e-07  0.00033512876  0.00032356114  2.1771801e-06 -2.3073732e-05   0.0016534095   0.0017330553   0.0025632113   0.0025911404
   0.0086675237  -0.0010069986              0  -5.309613e-07  0.00033900493  0.00032730662  2.1133933e-06 -2.2720881e-05   0.0016725079   0.0017529954   0.0025911404   0.0026227392


# ext. ||   Name    ||   type  ||     Value     ||  Error +/- 

   0   ||Natural mortality || limited ||    0.06284191852514 ||0.00209701004621
   1   ||Targeted q || limited ||      1.555161364784 ||0.1721432919255
   2   ||Nontargeted q || limited ||                   2 ||22.06548931833
   3   ||     sigma || limited ||      1.295144436869 ||0.06201231804333
   4   ||  Biomass1 || limited ||      1.725749305728 ||0.1980308046869
   5   ||  Biomass2 || limited ||      1.605444491356 ||0.183702379599
   6   ||   vm_mean || limited ||     0.1756572448528 ||0.001915119485001
   7   ||  vm_sigma || limited ||      22.71515187605 ||0.4703358300961
   8   ||Recruit year 1 || limited ||      4.366510324142 ||0.471759528136
   9   ||Recruit year 2 || limited ||      4.683787114232 ||0.5112733798459
  10   ||Recruit year 3 || limited ||      9.277796845615 ||1.037837789835
  11   ||Recruit year 4 || limited ||      9.632336958012 ||1.067614444518





