# Minimum negative log likelihood

Minuit did successfully converge.
# of function calls: 630
minimum function Value: 503.6255737874
minimum edm: 2.254077229429e-05
minimum internal state vector: LAVector parameters:
    -0.6135466216234
     -1.144387115088
     -1.287002217587
     -1.239161643353
     -1.533040136122
     -1.534653405476
    -0.5133335419376
      -0.80544584415
     -1.505341103367
     -1.168779405187
     -1.225098974916
     -1.060089894385

minimum internal covariance matrix: LASymMatrix parameters:
   0.0017283736 -0.00081383126              0 -3.2976677e-05  9.1598665e-05  8.0114964e-05 -5.4613549e-05  0.00012323913  0.00015221769   0.0008264867  0.00064752314  0.00082575075
 -0.00081383126  0.00039868865              0  1.7022503e-05 -4.5384516e-05 -3.9661876e-05  3.2998401e-05 -9.4772628e-05 -7.3350218e-05 -0.00039555423 -0.00030925464 -0.00039449758
              0              0              2              0              0              0              0              0              0              0              0              0
 -3.2976677e-05  1.7022503e-05              0  0.00013481857 -6.1599647e-07 -6.2817202e-07  7.4582258e-07  9.2007186e-07 -3.1177639e-06 -1.7205254e-05 -1.3463311e-05 -1.7205164e-05
  9.1598665e-05 -4.5384516e-05              0 -6.1599647e-07  9.8524177e-06   8.131485e-06 -3.8322662e-06  1.0819835e-05  1.1515534e-05  4.5204264e-05  3.5377629e-05  4.5346364e-05
  8.0114964e-05 -3.9661876e-05              0 -6.2817202e-07   8.131485e-06  6.7984438e-06 -3.3200313e-06   9.475217e-06  9.3048502e-06  3.9483902e-05  3.0893901e-05  3.9565661e-05
 -5.4613549e-05  3.2998401e-05              0  7.4582258e-07 -3.8322662e-06 -3.3200313e-06  8.2608418e-06 -2.4657984e-05 -5.7190346e-06 -2.9379972e-05 -2.2635242e-05 -2.8675405e-05
  0.00012323913 -9.4772628e-05              0  9.2007186e-07  1.0819835e-05   9.475217e-06 -2.4657984e-05   0.0002956538  1.3796962e-05  7.4018172e-05  5.5849629e-05  7.0049183e-05
  0.00015221769 -7.3350218e-05              0 -3.1177639e-06  1.1515534e-05  9.3048502e-06 -5.7190346e-06  1.3796962e-05  2.4085058e-05   7.374865e-05  5.7770022e-05  7.3743324e-05
   0.0008264867 -0.00039555423              0 -1.7205254e-05  4.5204264e-05  3.9483902e-05 -2.9379972e-05  7.4018172e-05   7.374865e-05  0.00040187596  0.00031110065  0.00039673666
  0.00064752314 -0.00030925464              0 -1.3463311e-05  3.5377629e-05  3.0893901e-05 -2.2635242e-05  5.5849629e-05  5.7770022e-05  0.00031110065  0.00024772656  0.00031062192
  0.00082575075 -0.00039449758              0 -1.7205164e-05  4.5346364e-05  3.9565661e-05 -2.8675405e-05  7.0049183e-05  7.3743324e-05  0.00039673666  0.00031062192   0.0004003043


# ext. ||   Name    ||   type  ||     Value     ||  Error +/- 

   0   ||Natural mortality || limited ||    0.06363437512802 ||0.003604784512207
   1   ||Targeted q || limited ||      4.477160936584 ||0.2919728518603
   2   ||Nontargeted q || limited ||                   2 ||22.06548931833
   3   ||     sigma || limited ||      2.724431400548 ||0.1336579545211
   4   ||  Biomass1 || limited ||     0.3563401493914 ||0.04189006552591
   5   ||  Biomass2 || limited ||     0.3265421409117 ||0.03331104150922
   6   ||   vm_mean || limited ||     -1.542785445235 ||0.005561870538728
   7   ||  vm_sigma || limited ||      11.15527693235 ||0.3369163386467
   8   ||Recruit year 1 || limited ||     0.1170607135741 ||0.01134798361575
   9   ||Recruit year 2 || limited ||      3.995916626395 ||0.277284394827
  10   ||Recruit year 3 || limited ||      2.967735111159 ||0.1885385007093
  11   ||Recruit year 4 || limited ||      6.389390713355 ||0.3457146459278





