# Minimum negative log likelihood

Minuit did successfully converge.
# of function calls: 1184
minimum function Value: 348.9676348386
minimum edm: 3.675804357276e-05
minimum internal state vector: LAVector parameters:
      0.415763861746
      -1.10197566486
     -1.287002217587
      -1.34267825304
     -1.506442218152
     -1.510308788927
     0.6676487348509
     -1.047744793632
     -1.170335428193
     -1.338533921484
     -1.274385203835
    0.07804328191088
    0.07317318484261
    0.03137131025699
    0.04627014167215

minimum internal covariance matrix: LASymMatrix parameters:
   0.0016617017 -0.00012663936              0  8.3234234e-05  2.1818226e-05  1.9043932e-05 -0.00072785728  0.00021825272  0.00015936856  8.9679014e-05    0.000122333  4.0185715e-06  3.5193109e-06  5.4324459e-06  4.0542719e-06
 -0.00012663936  1.1843308e-05              0 -7.8621692e-06 -2.0195043e-06 -1.7721621e-06  2.5965656e-05 -1.7428777e-05 -1.2686004e-05 -6.9305544e-06 -9.7781917e-06 -2.1964298e-07 -2.6746785e-08 -4.4836877e-07 -1.2417848e-07
              0              0              2              0              0              0              0              0              0              0              0              0              0              0              0
  8.3234234e-05 -7.8621692e-06              0  0.00011624523  4.2347658e-06  3.4447692e-06  -3.451811e-05  1.3238366e-05  1.0204082e-05  5.6058153e-06  6.1084889e-06   2.819468e-07 -1.4744468e-07   4.576307e-07  7.2560227e-07
  2.1818226e-05 -2.0195043e-06              0  4.2347658e-06  1.0849866e-06  9.0266239e-07 -5.7672697e-06  3.0557226e-06  2.4322845e-06  1.2278807e-06  1.6198689e-06  4.3748044e-08  1.3095852e-08  7.4574085e-08  7.4522791e-08
  1.9043932e-05 -1.7721621e-06              0  3.4447692e-06  9.0266239e-07   7.596516e-07 -4.8387857e-06  2.6669355e-06   2.127089e-06  1.0659728e-06  1.3990687e-06  3.7314552e-08   5.300921e-09  6.9973492e-08  6.3690353e-08
 -0.00072785728  2.5965656e-05              0  -3.451811e-05 -5.7672697e-06 -4.8387857e-06   0.0037198934 -8.2229449e-05 -5.5830417e-05  -3.530791e-05 -4.3087752e-05 -1.1239116e-05 -1.1400743e-05 -7.2192339e-06 -1.3576624e-05
  0.00021825272 -1.7428777e-05              0  1.3238366e-05  3.0557226e-06  2.6669355e-06 -8.2229449e-05  3.0740631e-05  2.0671522e-05  1.1935392e-05  1.5732053e-05   3.845531e-07  3.6967033e-07  7.5808431e-07  5.3258099e-07
  0.00015936856 -1.2686004e-05              0  1.0204082e-05  2.4322845e-06   2.127089e-06 -5.5830417e-05  2.0671522e-05  1.7903382e-05  8.5864068e-06  1.1784747e-05  3.2801408e-07   2.979427e-07  4.3973557e-07  3.6382402e-07
  8.9679014e-05 -6.9305544e-06              0  5.6058153e-06  1.2278807e-06  1.0659728e-06  -3.530791e-05  1.1935392e-05  8.5864068e-06  6.1695241e-06  6.9557686e-06  1.9014332e-07   1.613321e-07  2.1937869e-07  2.4679786e-07
    0.000122333 -9.7781917e-06              0  6.1084889e-06  1.6198689e-06  1.3990687e-06 -4.3087752e-05  1.5732053e-05  1.1784747e-05  6.9557686e-06  1.2020946e-05  3.2494244e-07  1.1604798e-07  2.9220981e-07   2.196844e-07
  4.0185715e-06 -2.1964298e-07              0   2.819468e-07  4.3748044e-08  3.7314552e-08 -1.1239116e-05   3.845531e-07  3.2801408e-07  1.9014332e-07  3.2494244e-07  1.0400854e-07  3.0781619e-08  3.9349711e-08   4.043096e-08
  3.5193109e-06 -2.6746785e-08              0 -1.4744468e-07  1.3095852e-08   5.300921e-09 -1.1400743e-05  3.6967033e-07   2.979427e-07   1.613321e-07  1.1604798e-07  3.0781619e-08  1.5539398e-07  1.8647468e-10  5.8636226e-08
  5.4324459e-06 -4.4836877e-07              0   4.576307e-07  7.4574085e-08  6.9973492e-08 -7.2192339e-06  7.5808431e-07  4.3973557e-07  2.1937869e-07  2.9220981e-07  3.9349711e-08  1.8647468e-10  2.0697734e-07  2.2585888e-08
  4.0542719e-06 -1.2417848e-07              0  7.2560227e-07  7.4522791e-08  6.3690353e-08 -1.3576624e-05  5.3258099e-07  3.6382402e-07  2.4679786e-07   2.196844e-07   4.043096e-08  5.8636226e-08  2.2585888e-08  1.8341097e-07


# ext. ||   Name    ||   type  ||     Value     ||  Error +/- 

   0   ||Natural mortality || limited ||    0.05509722087601 ||0.0006591304645545
   1   ||Targeted q || limited ||      5.394911295327 ||0.05497566515215
   2   ||Nontargeted q || limited ||                   2 ||22.06548931833
   3   ||     sigma || limited ||      1.295314627677 ||0.08620349813291
   4   ||  Biomass1 || limited ||       1.03500554874 ||0.02368337665104
   5   ||  Biomass2 || limited ||     0.9144067101016 ||0.01862787239987
   6   ||  vm_sigma || limited ||      64.76584241435 ||1.354236431745
   7   ||Recruit year 1 || limited ||      6.694386728849 ||0.09790952577131
   8   ||Recruit year 2 || limited ||      3.965533716546 ||0.05831335177424
   9   ||Recruit year 3 || limited ||      1.352459438555 ||0.02021176917364
  10   ||Recruit year 4 || limited ||      2.190235946865 ||0.03580113122907
  11   ||Mean Rec dist 1 || limited ||     0.7796408229735 ||0.002273503209574
  12   ||Mean Rec dist 2 || limited ||     0.7310790360858 ||0.002779958876119
  13   ||Mean Rec dist 3 || limited ||     0.3136616478341 ||0.003215382596617
  14   ||Mean Rec dist 4 || limited ||     0.4625363328111 ||0.003025050185124





