# Minimum negative log likelihood

Minuit did successfully converge.
# of function calls: 1502
minimum function Value: 456.3007912927
minimum edm: 3.694340993578e-05
minimum internal state vector: LAVector parameters:
    -0.2409662424141
    -0.9925888034236
     -1.287002217587
     -1.275113507768
      -1.38675276847
     -1.395829418004
      1.098156222837
    -0.4720459515694
    -0.9797580951087
     -1.108131226326
     -1.154839757975
     -1.095300279944

minimum internal covariance matrix: LASymMatrix parameters:
    0.017093846  -0.0012364706              0  7.0305112e-05  0.00038840318  0.00038860888   1.452022e-05 -3.8571428e-06   0.0012506747   0.0010909172  0.00085649537    0.000975032
  -0.0012364706  9.1915163e-05              0 -6.3995733e-06 -2.9384645e-05 -2.9071734e-05  5.4102913e-07  -8.583157e-06 -9.0887399e-05 -7.8921223e-05 -6.2253256e-05 -7.0576197e-05
              0              0              2              0              0              0              0              0              0              0              0              0
  7.0305112e-05 -6.3995733e-06              0  0.00012532056  2.8085859e-06  2.6862713e-06  3.4317623e-06 -1.8934917e-05  6.7258127e-06   5.210654e-06    2.64686e-06  7.0072956e-06
  0.00038840318 -2.9384645e-05              0  2.8085859e-06  1.1032744e-05  1.0491652e-05 -6.0217216e-07  5.9508042e-06  2.8972723e-05   2.467483e-05  1.9657154e-05  2.2059485e-05
  0.00038860888 -2.9071734e-05              0  2.6862713e-06  1.0491652e-05  1.0123914e-05 -1.4915827e-07  2.9313096e-06  2.8856912e-05  2.4700901e-05  1.9658652e-05  2.2191191e-05
   1.452022e-05  5.4102913e-07              0  3.4317623e-06 -6.0217216e-07 -1.4915827e-07   4.515643e-06 -2.1329733e-05  1.4259763e-06  1.0242753e-06  3.1316067e-07  2.8220282e-06
 -3.8571428e-06  -8.583157e-06              0 -1.8934917e-05  5.9508042e-06  2.9313096e-06 -2.1329733e-05  0.00018218111 -3.0257715e-06 -6.1648606e-07  3.9784203e-06  -1.295035e-05
   0.0012506747 -9.0887399e-05              0  6.7258127e-06  2.8972723e-05  2.8856912e-05  1.4259763e-06 -3.0257715e-06  9.5148665e-05  7.8972132e-05    6.25038e-05   7.236078e-05
   0.0010909172 -7.8921223e-05              0   5.210654e-06   2.467483e-05  2.4700901e-05  1.0242753e-06 -6.1648606e-07  7.8972132e-05  7.4273225e-05  5.3046994e-05  6.1872375e-05
  0.00085649537 -6.2253256e-05              0    2.64686e-06  1.9657154e-05  1.9658652e-05  3.1316067e-07  3.9784203e-06    6.25038e-05  5.3046994e-05  4.6951872e-05  4.7456857e-05
    0.000975032 -7.0576197e-05              0  7.0072956e-06  2.2059485e-05  2.2191191e-05  2.8220282e-06  -1.295035e-05   7.236078e-05  6.1872375e-05  4.7456857e-05  6.4471761e-05


# ext. ||   Name    ||   type  ||     Value     ||  Error +/- 

   0   ||Natural mortality || limited ||    0.03903397341829 ||0.002241266719628
   1   ||Targeted q || limited ||      8.127818713877 ||0.1852483187724
   2   ||Nontargeted q || limited ||                   2 ||22.06548931833
   3   ||     sigma || limited ||      2.169830170787 ||0.1153296307343
   4   ||  Biomass1 || limited ||       8.44413242571 ||0.2149128984675
   5   ||  Biomass2 || limited ||      7.633850092721 ||0.1958243305276
   6   ||   vm_mean || limited ||      2.797178328968 ||0.002148985722116
   7   ||  vm_sigma || limited ||       21.8123496838 ||0.3400061426976
   8   ||Recruit year 1 || limited ||      8.491021827242 ||0.1921493193932
   9   ||Recruit year 2 || limited ||      5.266166810919 ||0.1359833014723
  10   ||Recruit year 3 || limited ||      4.273062503075 ||0.09787858762866
  11   ||Recruit year 4 || limited ||        5.5561577825 ||0.1299422462663





