# Minimum negative log likelihood

Minuit did successfully converge.
# of function calls: 1405
minimum function Value: 539.3216865561
minimum edm: 2.166974394159e-05
minimum internal state vector: LAVector parameters:
     0.5114378418891
     -1.355567260829
     -1.287002217587
     -1.209101339979
     -1.413174676881
      -1.41603510921
     0.8750522540258
    -0.9004694075351
    -0.9761827703029
    -0.9103219400582
     -1.080363490766
      -1.08504700162

minimum internal covariance matrix: LASymMatrix parameters:
    0.040441908   -0.005861667              0  0.00028175866   0.0042309396   0.0042295357  0.00045345282  -0.0021538015    0.017241696    0.019215002    0.014393442    0.014038958
   -0.005861667  0.00088319089              0 -4.2800745e-05 -0.00063573869 -0.00063478931 -4.9716792e-05  0.00024677559  -0.0025712461  -0.0028619786  -0.0021435284  -0.0020926868
              0              0              2              0              0              0              0              0              0              0              0              0
  0.00028175866 -4.2800745e-05              0  0.00015598595  3.0578249e-05  3.0630011e-05 -2.1726532e-07 -8.1600891e-07   0.0001257105  0.00013660202  0.00010499637  0.00010409253
   0.0042309396 -0.00063573869              0  3.0578249e-05  0.00046508566  0.00046339509  3.5899088e-05 -0.00018244834   0.0018526665   0.0020628971   0.0015439515    0.001507677
   0.0042295357 -0.00063478931              0  3.0630011e-05  0.00046339509  0.00046192273  3.6737082e-05 -0.00018618947   0.0018503689   0.0020606447   0.0015421841   0.0015061201
  0.00045345282 -4.9716792e-05              0 -2.1726532e-07  3.5899088e-05  3.6737082e-05  3.5484112e-05 -9.0900701e-05  0.00015861582  0.00018123623  0.00013432309  0.00013867468
  -0.0021538015  0.00024677559              0 -8.1600891e-07 -0.00018244834 -0.00018618947 -9.0900701e-05    0.000775058 -0.00077500711 -0.00089144854 -0.00065681141 -0.00067275465
    0.017241696  -0.0025712461              0   0.0001257105   0.0018526665   0.0018503689  0.00015861582 -0.00077500711   0.0075153632   0.0083583028   0.0062607474   0.0061113286
    0.019215002  -0.0028619786              0  0.00013660202   0.0020628971   0.0020606447  0.00018123623 -0.00089144854   0.0083583028   0.0093172752   0.0069695105   0.0068053511
    0.014393442  -0.0021435284              0  0.00010499637   0.0015439515   0.0015421841  0.00013432309 -0.00065681141   0.0062607474   0.0069695105   0.0052328748   0.0050976183
    0.014038958  -0.0020926868              0  0.00010409253    0.001507677   0.0015061201  0.00013867468 -0.00067275465   0.0061113286   0.0068053511   0.0050976183   0.0050110136


# ext. ||   Name    ||   type  ||     Value     ||  Error +/- 

   0   ||Natural mortality || limited ||     0.0572357902609 ||0.003089679589128
   1   ||Targeted q || limited ||       1.15362510295 ||0.2243846012072
   2   ||Nontargeted q || limited ||                   2 ||22.06548931833
   3   ||     sigma || limited ||      3.235081031167 ||0.1562513024463
   4   ||  Biomass1 || limited ||      6.198297329878 ||1.196797616792
   5   ||  Biomass2 || limited ||      5.975817069953 ||1.171251264001
   6   ||   vm_mean || limited ||      2.411414251241 ||0.008481629316286
   7   ||  vm_sigma || limited ||      8.656147340533 ||0.4891471913481
   8   ||Recruit year 1 || limited ||      8.590889726896 ||1.715729689778
   9   ||Recruit year 2 || limited ||      10.52388410071 ||2.091834694333
  10   ||Recruit year 3 || limited ||      5.902957039119 ||1.20398312049
  11   ||Recruit year 4 || limited ||      5.793153671111 ||1.16785795591





