# Minimum negative log likelihood

Minuit did successfully converge.
# of function calls: 1062
minimum function Value: 528.2332726109
minimum edm: 2.154756756053e-05
minimum internal state vector: LAVector parameters:
   -0.06589697159461
       -1.2245321865
     -1.287002217587
     -1.218745534363
     -1.374680848606
     -1.381594239002
    -0.2943229984726
     -1.214541624086
      -1.08094768431
      -1.07825081925
    -0.9724310348358
     0.0985016845718
    0.08903609570816
    0.04015150873764
    0.06205130819592

minimum internal covariance matrix: LASymMatrix parameters:
   0.0061585334 -0.00055592735              0   2.881081e-05   0.0003276385  0.00031039229  -0.0018576921  0.00083139928   0.0011459693   0.0011493812   0.0013742917  3.6272508e-05  4.2820829e-05  4.9412378e-05  4.3730245e-05
 -0.00055592735  5.8344666e-05              0 -7.0106324e-07 -3.4594094e-05 -3.2645898e-05  0.00012365944 -7.8511314e-05 -0.00010858839 -0.00010866037 -0.00013451015 -2.7502779e-06  -2.912765e-06 -3.8613452e-06 -3.5182247e-06
              0              0              2              0              0              0              0              0              0              0              0              0              0              0              0
   2.881081e-05 -7.0106324e-07              0  0.00016631779 -7.3885471e-07  -5.457889e-07  2.2474041e-05  3.3504641e-06  4.7271353e-06  3.3939129e-06  2.6675965e-06  6.5685048e-07 -1.1311616e-07  6.9588833e-07   1.261705e-06
   0.0003276385 -3.4594094e-05              0 -7.3885471e-07  2.4853842e-05  2.3033186e-05 -7.4410787e-05  4.7013024e-05  6.4368877e-05  6.4426717e-05  7.9966883e-05  1.2954938e-06  1.6969641e-06  2.2052818e-06  2.0924495e-06
  0.00031039229 -3.2645898e-05              0  -5.457889e-07  2.3033186e-05  2.1405881e-05 -7.0142573e-05  4.4361635e-05  6.0858833e-05  6.0927636e-05  7.5544469e-05  1.2975316e-06  1.6255662e-06  2.0884852e-06  1.9843435e-06
  -0.0018576921  0.00012365944              0  2.2474041e-05 -7.4410787e-05 -7.0142573e-05   0.0029616026 -0.00023094958 -0.00031334613 -0.00032010769 -0.00037553802 -2.5687891e-05 -3.0350879e-05 -3.1235488e-05 -2.6505421e-05
  0.00083139928 -7.8511314e-05              0  3.3504641e-06  4.7013024e-05  4.4361635e-05 -0.00023094958  0.00012013296  0.00015730623  0.00015730679  0.00018975456  3.9159296e-06  5.3808655e-06  6.4444239e-06  5.7497599e-06
   0.0011459693 -0.00010858839              0  4.7271353e-06  6.4368877e-05  6.0858833e-05 -0.00031334613  0.00015730623  0.00022274735   0.0002167777  0.00026241211  6.1985723e-06  7.0643118e-06  8.9131121e-06  7.8675759e-06
   0.0011493812 -0.00010866037              0  3.3939129e-06  6.4426717e-05  6.0927636e-05 -0.00032010769  0.00015730679   0.0002167777  0.00022387608  0.00026331643  6.3970287e-06  7.3892792e-06  8.6869214e-06  7.8717107e-06
   0.0013742917 -0.00013451015              0  2.6675965e-06  7.9966883e-05  7.5544469e-05 -0.00037553802  0.00018975456  0.00026241211  0.00026331643  0.00033345208  7.4689786e-06   8.581076e-06  1.0238955e-05  9.5558162e-06
  3.6272508e-05 -2.7502779e-06              0  6.5685048e-07  1.2954938e-06  1.2975316e-06 -2.5687891e-05  3.9159296e-06  6.1985723e-06  6.3970287e-06  7.4689786e-06  2.9308989e-06  4.4695544e-07  4.5510041e-07  2.6151635e-07
  4.2820829e-05  -2.912765e-06              0 -1.1311616e-07  1.6969641e-06  1.6255662e-06 -3.0350879e-05  5.3808655e-06  7.0643118e-06  7.3892792e-06   8.581076e-06  4.4695544e-07  1.4226858e-06  4.2525314e-07  3.5303019e-07
  4.9412378e-05 -3.8613452e-06              0  6.9588833e-07  2.2052818e-06  2.0884852e-06 -3.1235488e-05  6.4444239e-06  8.9131121e-06  8.6869214e-06  1.0238955e-05  4.5510041e-07  4.2525314e-07  1.1689757e-06  4.8876692e-07
  4.3730245e-05 -3.5182247e-06              0   1.261705e-06  2.0924495e-06  1.9843435e-06 -2.6505421e-05  5.7497599e-06  7.8675759e-06  7.8717107e-06  9.5558162e-06  2.6151635e-07  3.5303019e-07  4.8876692e-07  1.0327123e-06


# ext. ||   Name    ||   type  ||     Value     ||  Error +/- 

   0   ||Natural mortality || limited ||    0.04335376775015 ||0.00138355723017
   1   ||Targeted q || limited ||      2.967641363504 ||0.0916531656928
   2   ||Nontargeted q || limited ||                   2 ||22.06548931833
   3   ||     sigma || limited ||      3.066623713526 ||0.1572227021451
   4   ||  Biomass1 || limited ||      9.584541551805 ||0.3434592728357
   5   ||  Biomass2 || limited ||      8.922692342124 ||0.307646872276
   6   ||  vm_sigma || limited ||      28.39696396466 ||1.472675751497
   7   ||Recruit year 1 || limited ||      3.149204633013 ||0.1351366535554
   8   ||Recruit year 2 || limited ||      5.889207957013 ||0.2482346134896
   9   ||Recruit year 3 || limited ||      5.952804681571 ||0.2501205648686
  10   ||Recruit year 4 || limited ||      8.696254421167 ||0.3636220594016
  11   ||Mean Rec dist 1 || limited ||     0.9834247505223 ||0.01204689181971
  12   ||Mean Rec dist 2 || limited ||     0.8891850447926 ||0.00840070546178
  13   ||Mean Rec dist 3 || limited ||     0.4014072127389 ||0.007639018186876
  14   ||Mean Rec dist 4 || limited ||     0.6201149583198 ||0.007171962525582





