# Minimum negative log likelihood

Minuit did successfully converge.
# of function calls: 413
minimum function Value: 1137.84919284
minimum edm: 1.118222220518e-05
minimum internal state vector: LAVector parameters:
   -0.06708232016101
     -1.161654384816
     -1.287002217587
     0.1504873910749
     -1.532406323003
     -1.485073680722
      1.570832860005
    -0.4481134525238
     -1.431756572875
    -0.8630554554813
     -1.424345475027
     -1.078894067343

minimum internal covariance matrix: LASymMatrix parameters:
   0.0028021043  0.00071960932              0 -0.00059954833 -6.5244712e-05  1.7702094e-05  0.00016269435  -0.0011315341  0.00085859987 -0.00039899119  -0.0021285482  0.00011385227
  0.00071960932  0.00041348261              0 -3.8269148e-05 -5.2780836e-05  2.7357505e-05  8.3422792e-05  -0.0021395575  0.00034103912  4.6461635e-06 -0.00014754088  0.00021972583
              0              0              2              0              0              0              0              0              0              0              0              0
 -0.00059954833 -3.8269148e-05              0   0.0061150927 -0.00014826917 -5.2144786e-05 -0.00017912933   0.0031028786   0.0006148054  0.00012309992   -0.002290941  0.00083155116
 -6.5244712e-05 -5.2780836e-05              0 -0.00014826917  8.8536347e-05  -2.307476e-05  9.0651708e-06 -0.00036766732  0.00020917936  7.2102752e-05  0.00024091378 -6.8930683e-05
  1.7702094e-05  2.7357505e-05              0 -5.2144786e-05  -2.307476e-05  1.1150463e-05  3.2026849e-06 -0.00023376539  -6.774228e-05 -1.2055877e-05  1.2480397e-05  2.0302964e-05
  0.00016269435  8.3422792e-05              0 -0.00017912933  9.0651708e-06  3.2026849e-06  0.00010237277  -0.0017774769   0.0001506686  1.4591548e-05  1.4598512e-05  2.2045013e-05
  -0.0011315341  -0.0021395575              0   0.0031028786 -0.00036766732 -0.00023376539  -0.0017774769     0.28145244   -0.010887248   -0.000955692   0.0085557781  -0.0018059413
  0.00085859987  0.00034103912              0   0.0006148054  0.00020917936  -6.774228e-05   0.0001506686   -0.010887248   0.0022547256  0.00020287238 -0.00072533623  0.00018274114
 -0.00039899119  4.6461635e-06              0  0.00012309992  7.2102752e-05 -1.2055877e-05  1.4591548e-05   -0.000955692  0.00020287238  0.00031452665    0.001057937  8.1575143e-05
  -0.0021285482 -0.00014754088              0   -0.002290941  0.00024091378  1.2480397e-05  1.4598512e-05   0.0085557781 -0.00072533623    0.001057937    0.007509427 -6.7386024e-05
  0.00011385227  0.00021972583              0  0.00083155116 -6.8930683e-05  2.0302964e-05  2.2045013e-05  -0.0018059413  0.00018274114  8.1575143e-05 -6.7386024e-05  0.00038484562


# ext. ||   Name    ||   type  ||     Value     ||  Error +/- 

   0   ||Natural mortality || limited ||    0.04664839903406 ||0.001866886143841
   1   ||Targeted q || limited ||      4.126874245777 ||0.2859945264607
   2   ||Nontargeted q || limited ||                   2 ||22.06548931833
   3   ||     sigma || limited ||      57.49600164517 ||2.732114551283
   4   ||  Biomass1 || limited ||     0.3684028486828 ||0.1276803527905
   5   ||  Biomass2 || limited ||       1.83596831769 ||0.1010798531889
   6   ||   vm_mean || limited ||      3.141592651493** ||8.04030431607e-05
   7   ||  vm_sigma || limited ||      22.67007563796 ||13.20872154256
   8   ||Recruit year 1 || limited ||     0.4924749779056 ||0.2326031566864
   9   ||Recruit year 2 || limited ||      12.01717336767 ||0.4075882787081
  10   ||Recruit year 3 || limited ||     0.5451851057158 ||0.4467674348373
  11   ||Recruit year 4 || limited ||      5.937606669767 ||0.3275382689115

** Parameter is at Upper limit




