# Minimum negative log likelihood

Minuit did successfully converge.
# of function calls: 956
minimum function Value: 469.1909933303
minimum edm: 6.00806602292e-06
minimum internal state vector: LAVector parameters:
    -0.7706337598951
     -1.105904784628
     -1.287002217587
     -1.265717215886
     -1.527615097435
     -1.530315245582
    -0.3218427561924
     0.1443933882671
     -1.353378843761
      -1.17153628411
      -1.18171747653
     -1.071991419397

minimum internal covariance matrix: LASymMatrix parameters:
    0.001371066 -0.00053475254              0 -6.5516064e-06  5.2484363e-05  5.0505987e-05 -2.9923451e-06  0.00015341211  0.00022983074  0.00042293718  0.00047552646  0.00058610322
 -0.00053475254  0.00021372438              0  3.6463307e-06 -2.0884682e-05 -2.0126962e-05   2.543438e-06 -0.00011418595 -8.9774956e-05 -0.00016609725 -0.00018620554  -0.0002303424
              0              0              2              0              0              0              0              0              0              0              0              0
 -6.5516064e-06  3.6463307e-06              0  0.00013312667  2.9009351e-06  2.4115823e-06  4.6362474e-08  6.3847081e-06 -6.1063984e-07  2.5519733e-07 -3.3606076e-06 -4.4068161e-06
  5.2484363e-05 -2.0884682e-05              0  2.9009351e-06   5.183436e-06  4.5345818e-06 -3.3142518e-07  1.4449614e-05  9.3022565e-06  1.6672707e-05  1.8079822e-05   2.268814e-05
  5.0505987e-05 -2.0126962e-05              0  2.4115823e-06  4.5345818e-06  4.0315737e-06 -2.8469084e-07  1.3126178e-05  8.7903436e-06  1.6000572e-05  1.7422925e-05  2.1817027e-05
 -2.9923451e-06   2.543438e-06              0  4.6362474e-08 -3.3142518e-07 -2.8469084e-07  1.3662621e-06 -4.0397029e-05 -6.6036024e-07 -1.4382798e-06 -1.1178744e-06 -1.6783155e-06
  0.00015341211 -0.00011418595              0  6.3847081e-06  1.4449614e-05  1.3126178e-05 -4.0397029e-05   0.0028476544  2.2622471e-05  6.1857074e-05  6.3076867e-05  8.8454345e-05
  0.00022983074 -8.9774956e-05              0 -6.1063984e-07  9.3022565e-06  8.7903436e-06 -6.6036024e-07  2.2622471e-05  4.1947449e-05  7.1109861e-05  7.9378153e-05  9.8597907e-05
  0.00042293718 -0.00016609725              0  2.5519733e-07  1.6672707e-05  1.6000572e-05 -1.4382798e-06  6.1857074e-05  7.1109861e-05  0.00013371077  0.00014643573  0.00018084236
  0.00047552646 -0.00018620554              0 -3.3606076e-06  1.8079822e-05  1.7422925e-05 -1.1178744e-06  6.3076867e-05  7.9378153e-05  0.00014643573  0.00016821275  0.00020369723
  0.00058610322  -0.0002303424              0 -4.4068161e-06   2.268814e-05  2.1817027e-05 -1.6783155e-06  8.8454345e-05  9.8597907e-05  0.00018084236  0.00020369723  0.00025519115


# ext. ||   Name    ||   type  ||     Value     ||  Error +/- 

   0   ||Natural mortality || limited ||    0.04551148773215 ||0.002817469099855
   1   ||Targeted q || limited ||      5.306490234264 ||0.2317224378677
   2   ||Nontargeted q || limited ||                   2 ||22.06548931833
   3   ||     sigma || limited ||      2.308840344152 ||0.1225285542589
   4   ||  Biomass1 || limited ||     0.4660822133737 ||0.0347475122088
   5   ||  Biomass2 || limited ||     0.4096235413413 ||0.02872933985956
   6   ||   vm_mean || limited ||    -0.9937336184198 ||0.002463257073819
   7   ||  vm_sigma || limited ||      45.75611434473 ||1.493265126589
   8   ||Recruit year 1 || limited ||      1.186993484494 ||0.04938901314056
   9   ||Recruit year 2 || limited ||      3.942162005969 ||0.1589078881472
  10   ||Recruit year 3 || limited ||      3.746682401132 ||0.1739239181088
  11   ||Recruit year 4 || limited ||      6.101646126143 ||0.2701499486629





