# Minimum negative log likelihood

Minuit did successfully converge.
# of function calls: 511
minimum function Value: 653.3890283845
minimum edm: 8.811349049228e-06
minimum internal state vector: LAVector parameters:
    -0.9654028200574
     -1.166557530123
     -1.287002217587
      -1.09306998635
     -1.416509250286
     -1.417363376584
     0.4769322165317
     0.1920029836583
     -1.390803080793
     -1.241752713863
     -1.141073125665
     -1.119869864538

minimum internal covariance matrix: LASymMatrix parameters:
  0.00056864669 -0.00014900848              0  2.2480516e-06 -1.7109755e-05 -9.7449219e-06  1.6027899e-05  -0.0010040408  8.8086099e-05  0.00016619997  0.00020518681  0.00020774174
 -0.00014900848  6.0800461e-05              0  1.2693667e-06  5.0184976e-06  2.6982094e-06  4.9184844e-07  -2.595091e-05  -2.316593e-05 -4.7550629e-05 -5.8038107e-05 -6.6149249e-05
              0              0              2              0              0              0              0              0              0              0              0              0
  2.2480516e-06  1.2693667e-06              0  0.00031428651  4.1282934e-08  3.3132007e-07  7.4595565e-07  5.5092194e-05 -3.8992611e-06 -2.1492759e-06 -4.2491944e-06  5.2158026e-06
 -1.7109755e-05  5.0184976e-06              0  4.1282934e-08   8.200018e-07   5.160627e-07 -3.9461025e-07  1.4248477e-05 -2.5295764e-06 -5.0827998e-06 -6.2792762e-06  -6.645369e-06
 -9.7449219e-06  2.6982094e-06              0  3.3132007e-07   5.160627e-07  3.9656372e-07 -2.3681633e-07  1.2332293e-05 -1.6597678e-06 -2.9251577e-06 -3.6914094e-06 -3.8194022e-06
  1.6027899e-05  4.9184844e-07              0  7.4595565e-07 -3.9461025e-07 -2.3681633e-07  1.0313645e-05 -0.00022313832  2.5896415e-06  3.7811494e-06  5.0686554e-06  4.9783423e-06
  -0.0010040408  -2.595091e-05              0  5.5092194e-05  1.4248477e-05  1.2332293e-05 -0.00022313832     0.03382197  -0.0001843606 -0.00024572049 -0.00036797446 -0.00033727307
  8.8086099e-05  -2.316593e-05              0 -3.8992611e-06 -2.5295764e-06 -1.6597678e-06  2.5896415e-06  -0.0001843606  3.1298649e-05  2.5196496e-05  3.3245425e-05  3.1772402e-05
  0.00016619997 -4.7550629e-05              0 -2.1492759e-06 -5.0827998e-06 -2.9251577e-06  3.7811494e-06 -0.00024572049  2.5196496e-05  6.3903432e-05  6.0660156e-05  6.3051179e-05
  0.00020518681 -5.8038107e-05              0 -4.2491944e-06 -6.2792762e-06 -3.6914094e-06  5.0686554e-06 -0.00036797446  3.3245425e-05  6.0660156e-05  9.0162802e-05  7.7330499e-05
  0.00020774174 -6.6149249e-05              0  5.2158026e-06  -6.645369e-06 -3.8194022e-06  4.9783423e-06 -0.00033727307  3.1772402e-05  6.3051179e-05  7.7330499e-05  0.00011350449


# ext. ||   Name    ||   type  ||     Value     ||  Error +/- 

   0   ||Natural mortality || limited ||    0.02665826666282 ||0.001439310867902
   1   ||Targeted q || limited ||      4.029897037468 ||0.1084304329595
   2   ||Nontargeted q || limited ||                   2 ||22.06548931833
   3   ||     sigma || limited ||      5.597872108091 ||0.2881634391141
   4   ||  Biomass1 || limited ||       5.93932955949 ||0.04920027537933
   5   ||  Biomass2 || limited ||      5.873880562639 ||0.03402708727676
   6   ||   vm_mean || limited ||      1.442166638254 ||0.006338007669171
   7   ||  vm_sigma || limited ||      47.63342271732 ||5.091660389428
   8   ||Recruit year 1 || limited ||     0.8176741279547 ||0.03540641013873
   9   ||Recruit year 2 || limited ||       2.69214069002 ||0.09131865759752
  10   ||Recruit year 3 || limited ||      4.555490194567 ||0.1398496160446
  11   ||Recruit year 4 || limited ||      5.007313377755 ||0.1641348432747





