# Minimum negative log likelihood

Minuit did successfully converge.
# of function calls: 875
minimum function Value: 566.4898512331
minimum edm: 4.107315071689e-05
minimum internal state vector: LAVector parameters:
     -0.742335142204
     -1.042815029791
     -1.287002217587
     -1.184451687741
     -1.465721942312
     -1.470890898368
     0.1378513309632
    -0.1677961600485
     -1.083674253638
     -1.327791197505
    -0.9558922780438
     -1.183118804298

minimum internal covariance matrix: LASymMatrix parameters:
    0.044113499  -0.0027582222              0  7.0359744e-05  0.00051599206  0.00049194799  2.0905121e-05 -0.00027738611   0.0019280967   0.0013918901   0.0038404608   0.0022271434
  -0.0027582222  0.00017985554              0 -1.1114402e-05  -3.397844e-05 -3.2364247e-05  7.4820452e-07   -3.15394e-05 -0.00011966496 -8.6962431e-05  -0.0002411002 -0.00013954755
              0              0              2              0              0              0              0              0              0              0              0              0
  7.0359744e-05 -1.1114402e-05              0  0.00021806466  2.5092136e-06  2.2007753e-06 -3.6014236e-06  7.2486021e-05  1.9595259e-06  1.7843078e-06  8.3062027e-06  1.1495308e-06
  0.00051599206  -3.397844e-05              0  2.5092136e-06  1.0521086e-05  9.5948234e-06 -4.4727163e-07  1.3865555e-05  2.2212685e-05  1.5927816e-05  4.4873529e-05  2.6060619e-05
  0.00049194799 -3.2364247e-05              0  2.2007753e-06  9.5948234e-06  8.8275897e-06 -4.0776634e-07  1.3380825e-05  2.1044406e-05  1.5237476e-05  4.2837639e-05  2.4849644e-05
  2.0905121e-05  7.4820452e-07              0 -3.6014236e-06 -4.4727163e-07 -4.0776634e-07  2.0760629e-06 -3.9304545e-05  9.5235845e-07  9.7584765e-07  1.6174942e-06  7.2207393e-07
 -0.00027738611   -3.15394e-05              0  7.2486021e-05  1.3865555e-05  1.3380825e-05 -3.9304545e-05   0.0020439403 -1.0485675e-05 -1.2658342e-05 -1.6558307e-05 -9.2827648e-06
   0.0019280967 -0.00011966496              0  1.9595259e-06  2.2212685e-05  2.1044406e-05  9.5235845e-07 -1.0485675e-05  9.0766876e-05  6.0494838e-05  0.00016756358  9.7319198e-05
   0.0013918901 -8.6962431e-05              0  1.7843078e-06  1.5927816e-05  1.5237476e-05  9.7584765e-07 -1.2658342e-05  6.0494838e-05  5.0285363e-05  0.00012284056  6.9863164e-05
   0.0038404608  -0.0002411002              0  8.3062027e-06  4.4873529e-05  4.2837639e-05  1.6174942e-06 -1.6558307e-05  0.00016756358  0.00012284056  0.00034313751  0.00019280934
   0.0022271434 -0.00013954755              0  1.1495308e-06  2.6060619e-05  2.4849644e-05  7.2207393e-07 -9.2827648e-06  9.7319198e-05  6.9863164e-05  0.00019280934  0.00011929659


# ext. ||   Name    ||   type  ||     Value     ||  Error +/- 

   0   ||Natural mortality || limited ||    0.02809973748123 ||0.002725943825841
   1   ||Targeted q || limited ||      6.808708327334 ||0.2388693514128
   2   ||Nontargeted q || limited ||                   2 ||22.06548931833
   3   ||     sigma || limited ||      3.685369825395 ||0.1967235818879
   4   ||  Biomass1 || limited ||      2.757618014906 ||0.1202769284375
   5   ||  Biomass2 || limited ||      2.493198884131 ||0.1047712549301
   6   ||   vm_mean || limited ||     0.4317024185406 ||0.003170410275651
   7   ||  vm_sigma || limited ||      33.32018874938 ||1.260540748303
   8   ||Recruit year 1 || limited ||      5.825236934407 ||0.1576508750556
   9   ||Recruit year 2 || limited ||       1.47888995506 ||0.06032026714031
  10   ||Recruit year 3 || limited ||      9.167643992434 ||0.3777625031371
  11   ||Recruit year 4 || limited ||      3.720151764141 ||0.1459681963313





