# Minimum negative log likelihood

Minuit did successfully converge.
# of function calls: 2142
minimum function Value: 557.9837432239
minimum edm: 9.619352567168e-06
minimum internal state vector: LAVector parameters:
     -2.763262709245
     -1.336175518021
     -1.287002217587
     -1.192333701971
      -1.37453838638
     -1.377289982329
    -0.3191593707743
     -1.055968891938
     -1.438723484437
     -1.268188567492
     -1.120536887135
    0.02825018069943
     -2.462146022354
    0.04929629191904
    0.07463434827472

minimum internal covariance matrix: LASymMatrix parameters:
     0.01389169   0.0017320951              0 -2.0838436e-06  -0.0015013198  -0.0014636117   0.0045623408  -0.0047513212  -0.0013614524  -0.0027373364   -0.004075321 -0.00011224786 -2.8714668e-07 -0.00010198924 -9.9567889e-05
   0.0017320951   0.0002463683              0  3.6460768e-06 -0.00021309017 -0.00020734264  0.00037312254 -0.00063568817 -0.00015907671  -0.0003669136 -0.00055880472 -1.1515558e-05 -4.7474136e-08 -1.0586469e-05 -1.1881976e-05
              0              0              2              0              0              0              0              0              0              0              0              0              0              0              0
 -2.0838436e-06  3.6460768e-06              0  0.00019673487 -5.6053716e-06 -4.9950968e-06  9.3576405e-06 -6.5289762e-06  4.1871704e-06 -3.2648152e-06 -7.4798679e-06  7.5114773e-07   1.755676e-08 -2.4009928e-07 -1.4928966e-06
  -0.0015013198 -0.00021309017              0 -5.6053716e-06  0.00019543952  0.00018891652  -0.0003631637   0.0005536615  0.00013806121  0.00031807809  0.00048395989  9.6119128e-06  5.1052518e-08  9.6088389e-06  1.0710647e-05
  -0.0014636117 -0.00020734264              0 -4.9950968e-06  0.00018891652  0.00018279551 -0.00034895404  0.00053864175  0.00013478195  0.00030971115  0.00047107639  9.5183197e-06  4.8463692e-08  9.3418959e-06  1.0377567e-05
   0.0045623408  0.00037312254              0  9.3576405e-06  -0.0003631637 -0.00034895404    0.014542926  -0.0013248232 -0.00049977259  -0.0007240874  -0.0010675111 -7.7241708e-05  2.1028054e-08 -0.00010681533 -0.00011411167
  -0.0047513212 -0.00063568817              0 -6.5289762e-06   0.0005536615  0.00053864175  -0.0013248232   0.0016992752  0.00044661134  0.00097360312   0.0014674505  3.4105797e-05  1.1366052e-07  3.2159422e-05  3.3697383e-05
  -0.0013614524 -0.00015907671              0  4.1871704e-06  0.00013806121  0.00013478195 -0.00049977259  0.00044661134  0.00016185399  0.00025854684  0.00038198501  1.1191035e-05  2.6728823e-08  1.1504898e-05  9.7874227e-06
  -0.0027373364  -0.0003669136              0 -3.2648152e-06  0.00031807809  0.00030971115  -0.0007240874  0.00097360312  0.00025854684  0.00056986396  0.00084588738  1.9960708e-05    6.54483e-08  1.7853439e-05  1.9472383e-05
   -0.004075321 -0.00055880472              0 -7.4798679e-06  0.00048395989  0.00047107639  -0.0010675111   0.0014674505  0.00038198501  0.00084588738   0.0013085943  2.8926121e-05  1.0431047e-07  2.6439129e-05  3.0827038e-05
 -0.00011224786 -1.1515558e-05              0  7.5114773e-07  9.6119128e-06  9.5183197e-06 -7.7241708e-05  3.4105797e-05  1.1191035e-05  1.9960708e-05  2.8926121e-05  3.1958723e-06   1.053177e-09  1.0486976e-06  9.6925015e-07
 -2.8714668e-07 -4.7474136e-08              0   1.755676e-08  5.1052518e-08  4.8463692e-08  2.1028054e-08  1.1366052e-07  2.6728823e-08    6.54483e-08  1.0431047e-07   1.053177e-09  7.0929461e-11  6.2931046e-10  7.9161115e-10
 -0.00010198924 -1.0586469e-05              0 -2.4009928e-07  9.6088389e-06  9.3418959e-06 -0.00010681533  3.2159422e-05  1.1504898e-05  1.7853439e-05  2.6439129e-05  1.0486976e-06  6.2931046e-10  6.0845797e-06  1.2941439e-06
 -9.9567889e-05 -1.1881976e-05              0 -1.4928966e-06  1.0710647e-05  1.0377567e-05 -0.00011411167  3.3697383e-05  9.7874227e-06  1.9472383e-05  3.0827038e-05  9.6925015e-07  7.9161115e-10  1.2941439e-06  4.6948903e-06


# ext. ||   Name    ||   type  ||     Value     ||  Error +/- 

   0   ||Natural mortality || limited ||    0.03576577421892 ||0.00193396043264
   1   ||Targeted q || limited ||      1.369871828467 ||0.1290069959814
   2   ||Nontargeted q || limited ||                   2 ||22.06548931833
   3   ||     sigma || limited ||       3.53831090928 ||0.1832289009774
   4   ||  Biomass1 || limited ||      9.598426676619 ||0.963806408413
   5   ||  Biomass2 || limited ||      9.332002231287 ||0.9192055367787
   6   ||  vm_sigma || limited ||      27.44991710304 ||3.234698155044
   7   ||Recruit year 1 || limited ||      6.490466704198 ||0.7174414299024
   8   ||Recruit year 2 || limited ||     0.4454038274448 ||0.05922671243277
   9   ||Recruit year 3 || limited ||      2.281643008306 ||0.2514826883377
  10   ||Recruit year 4 || limited ||      4.992790434132 ||0.5564866399466
  11   ||Mean Rec dist 1 || limited ||       0.28246423233 ||0.01263590265721
  12   ||Mean Rec dist 2 || limited ||     -6.283626433124 ||4.632693597451e-05
  13   ||Mean Rec dist 3 || limited ||     0.4927632832461 ||0.01742096329602
  14   ||Mean Rec dist 4 || limited ||        0.7456507846 ||0.01527871602478





