# Minimum negative log likelihood

Minuit did successfully converge.
# of function calls: 1059
minimum function Value: 296.3402048447
minimum edm: 3.962613917341e-05
minimum internal state vector: LAVector parameters:
     -0.580510842524
    -0.9752658869472
     -1.287002217587
     -1.369878997072
     -1.439766805505
     -1.445700960814
     0.5967818436752
     -1.106904088117
     -1.029087882054
     -1.259560149485
    -0.9961322376114
     -1.400900788943

minimum internal covariance matrix: LASymMatrix parameters:
  0.00013016919 -3.6877925e-05              0  5.4250984e-06  8.0003494e-06  7.2395717e-06  4.3251214e-06 -5.6418623e-06  3.8178953e-05  2.5763491e-05  4.4802702e-05  1.4737326e-05
 -3.6877925e-05  1.3218846e-05              0 -3.1288301e-06   -2.73734e-06 -2.4265161e-06  4.0899083e-07 -4.8679234e-07 -1.1042772e-05  -7.715471e-06 -1.3376494e-05 -4.2280115e-06
              0              0              2              0              0              0              0              0              0              0              0              0
  5.4250984e-06 -3.1288301e-06              0   6.198583e-05  5.5837548e-07  4.3195069e-07  4.2174516e-07  1.1856452e-07 -3.8864855e-07  1.1033105e-06  2.9642934e-06  1.0882614e-06
  8.0003494e-06   -2.73734e-06              0  5.5837548e-07  9.2028604e-07  7.8515632e-07  4.2470562e-08 -9.2828186e-08  2.3689519e-06  1.6354648e-06  2.9566895e-06  9.7946721e-07
  7.2395717e-06 -2.4265161e-06              0  4.3195069e-07  7.8515632e-07  6.8236291e-07  5.2033787e-08 -8.2449557e-08  2.1392526e-06  1.4510091e-06  2.6829908e-06  8.5558298e-07
  4.3251214e-06  4.0899083e-07              0  4.2174516e-07  4.2470562e-08  5.2033787e-08  1.7085905e-06 -1.9616246e-06  9.1815663e-07  6.4253957e-07   1.179715e-06  7.2942076e-07
 -5.6418623e-06 -4.8679234e-07              0  1.1856452e-07 -9.2828186e-08 -8.2449557e-08 -1.9616246e-06  3.6129702e-06 -1.3528509e-06 -8.9888776e-07  -1.444668e-06 -1.0847165e-06
  3.8178953e-05 -1.1042772e-05              0 -3.8864855e-07  2.3689519e-06  2.1392526e-06  9.1815663e-07 -1.3528509e-06  1.2151374e-05  7.6973302e-06  1.2913919e-05  4.2386588e-06
  2.5763491e-05  -7.715471e-06              0  1.1033105e-06  1.6354648e-06  1.4510091e-06  6.4253957e-07 -8.9888776e-07  7.6973302e-06  5.8919405e-06  8.7038809e-06  3.0558989e-06
  4.4802702e-05 -1.3376494e-05              0  2.9642934e-06  2.9566895e-06  2.6829908e-06   1.179715e-06  -1.444668e-06  1.2913919e-05  8.7038809e-06  1.6586902e-05  5.0563418e-06
  1.4737326e-05 -4.2280115e-06              0  1.0882614e-06  9.7946721e-07  8.5558298e-07  7.2942076e-07 -1.0847165e-06  4.2386588e-06  3.0558989e-06  5.0563418e-06  2.7397977e-06


# ext. ||   Name    ||   type  ||     Value     ||  Error +/- 

   0   ||Natural mortality || limited ||    0.06773232510624 ||0.001011874776631
   1   ||Targeted q || limited ||       8.60744669157 ||0.07210640896908
   2   ||Nontargeted q || limited ||                   2 ||22.06548931833
   3   ||     sigma || limited ||      1.005803988766 ||0.05555082511784
   4   ||  Biomass1 || limited ||       4.28604642825 ||0.04431411889014
   5   ||  Biomass2 || limited ||      3.907113505389 ||0.03643934967631
   6   ||   vm_mean || limited ||      1.765523219596 ||0.002401802330137
   7   ||  vm_sigma || limited ||      4.228236658049 ||0.02405464996626
   8   ||Recruit year 1 || limited ||      7.167831288924 ||0.06353854157589
   9   ||Recruit year 2 || limited ||      2.411972990162 ||0.0262782411928
  10   ||Recruit year 3 || limited ||      8.040450121663 ||0.07825920013514
  11   ||Recruit year 4 || limited ||     0.7298062779895 ||0.009893760631332





