# Minimum negative log likelihood

Minuit did successfully converge.
# of function calls: 1261
minimum function Value: 379.1504489802
minimum edm: 1.542235245285e-05
minimum internal state vector: LAVector parameters:
     0.4946303194155
     -1.139228945882
     -1.287002217587
       -1.3254198715
     -1.418282659687
      -1.42637695011
    -0.8240724291305
    -0.9644794804367
       -1.0207663501
     -0.989967535402
     -1.124666003725
      0.103154999259
    0.02550117986139
     0.1070128010553
    0.03552131920658

minimum internal covariance matrix: LASymMatrix parameters:
   0.0021769536 -0.00014810781              0  4.5555271e-05  5.5211268e-05  5.0580189e-05  -0.0001519742  0.00032800554  0.00028424533  0.00030975675  0.00024087182  1.4244902e-05  1.5053658e-05  1.5760127e-05  1.6081287e-05
 -0.00014810781  1.1675521e-05              0 -3.5791107e-06 -4.2270308e-06 -3.8761521e-06  6.7645365e-06 -2.3218101e-05 -1.9986382e-05 -2.1867267e-05 -1.7486103e-05 -7.8377465e-07 -8.2207071e-07  -8.626243e-07  -1.003023e-06
              0              0              2              0              0              0              0              0              0              0              0              0              0              0              0
  4.5555271e-05 -3.5791107e-06              0  8.6822495e-05  2.9680954e-06  2.4451405e-06 -6.2981456e-06  7.6446073e-06   5.739988e-06  6.0226159e-06  7.4118595e-06  7.1591879e-07  6.2923676e-08  3.6548023e-07  7.9470891e-07
  5.5211268e-05 -4.2270308e-06              0  2.9680954e-06  2.5874093e-06  2.2597294e-06 -3.9864626e-06  8.6981284e-06  7.2794375e-06  8.1416463e-06   6.490501e-06  3.2335014e-07  3.2167532e-07  3.3692338e-07  4.5529021e-07
  5.0580189e-05 -3.8761521e-06              0  2.4451405e-06  2.2597294e-06  1.9914519e-06  -3.484589e-06  7.9533341e-06  6.6702021e-06  7.4497953e-06   5.956717e-06   2.939599e-07  2.9526168e-07  3.0546999e-07  4.0730867e-07
  -0.0001519742  6.7645365e-06              0 -6.2981456e-06 -3.9864626e-06  -3.484589e-06  5.8143319e-05 -1.9340788e-05 -1.8000873e-05  -1.851001e-05 -1.3758553e-05 -2.6275677e-06 -2.0830871e-06  -2.328768e-06 -2.0188495e-06
  0.00032800554 -2.3218101e-05              0  7.6446073e-06  8.6981284e-06  7.9533341e-06 -1.9340788e-05   5.295289e-05  4.2896951e-05  4.6645343e-05  3.6727329e-05  1.8920503e-06  2.1826716e-06  2.2884243e-06  2.3190852e-06
  0.00028424533 -1.9986382e-05              0   5.739988e-06  7.2794375e-06  6.6702021e-06 -1.8000873e-05  4.2896951e-05  3.9620249e-05  4.0399169e-05   3.206779e-05  1.7040092e-06  1.8562506e-06  2.0141812e-06  2.0419254e-06
  0.00030975675 -2.1867267e-05              0  6.0226159e-06  8.1416463e-06  7.4497953e-06  -1.851001e-05  4.6645343e-05  4.0399169e-05  4.7279646e-05  3.4677118e-05  1.9015031e-06  2.0458789e-06  2.0685712e-06  2.2656026e-06
  0.00024087182 -1.7486103e-05              0  7.4118595e-06   6.490501e-06   5.956717e-06 -1.3758553e-05  3.6727329e-05   3.206779e-05  3.4677118e-05   3.162192e-05  1.4640895e-06  1.5023619e-06  1.5413599e-06  1.8279411e-06
  1.4244902e-05 -7.8377465e-07              0  7.1591879e-07  3.2335014e-07   2.939599e-07 -2.6275677e-06  1.8920503e-06  1.7040092e-06  1.9015031e-06  1.4640895e-06  3.2551335e-07  1.5120687e-07  1.2457114e-07  1.5453461e-07
  1.5053658e-05 -8.2207071e-07              0  6.2923676e-08  3.2167532e-07  2.9526168e-07 -2.0830871e-06  2.1826716e-06  1.8562506e-06  2.0458789e-06  1.5023619e-06  1.5120687e-07  2.6159155e-07  1.2148488e-07  1.3753982e-07
  1.5760127e-05  -8.626243e-07              0  3.6548023e-07  3.3692338e-07  3.0546999e-07  -2.328768e-06  2.2884243e-06  2.0141812e-06  2.0685712e-06  1.5413599e-06  1.2457114e-07  1.2148488e-07  3.6101848e-07  1.3427798e-07
  1.6081287e-05  -1.003023e-06              0  7.9470891e-07  4.5529021e-07  4.0730867e-07 -2.0188495e-06  2.3190852e-06  2.0419254e-06  2.2656026e-06  1.8279411e-06  1.5453461e-07  1.3753982e-07  1.3427798e-07  4.1138516e-07


# ext. ||   Name    ||   type  ||     Value     ||  Error +/- 

   0   ||Natural mortality || limited ||    0.05686765778679 ||0.0007258128773985
   1   ||Targeted q || limited ||      4.584438095838 ||0.05053303343023
   2   ||Nontargeted q || limited ||                   2 ||22.06548931833
   3   ||     sigma || limited ||      1.497702769058 ||0.08002653035611
   4   ||  Biomass1 || limited ||      5.803841585506 ||0.08639951238743
   5   ||  Biomass2 || limited ||      5.205182625766 ||0.07180498356593
   6   ||  vm_sigma || limited ||      10.64414469246 ||0.1464904644733
   7   ||Recruit year 1 || limited ||      8.921488140255 ||0.1465922457957
   8   ||Recruit year 2 || limited ||      7.383819882219 ||0.1163139651758
   9   ||Recruit year 3 || limited ||      8.208771782614 ||0.1333814355046
  10   ||Recruit year 4 || limited ||      4.903333996372 ||0.08577545851657
  11   ||Mean Rec dist 1 || limited ||      1.029721519715 ||0.004012865711919
  12   ||Mean Rec dist 2 || limited ||     0.2549841600514 ||0.003615393921013
  13   ||Mean Rec dist 3 || limited ||      1.068086708509 ||0.00422433386088
  14   ||Mean Rec dist 4 || limited ||     0.3551384975683 ||0.004532473258877





