# Minimum negative log likelihood

Minuit did successfully converge.
# of function calls: 949
minimum function Value: 532.103764958
minimum edm: 9.081736135639e-05
minimum internal state vector: LAVector parameters:
    -0.5401463176457
     -1.230309756868
     -1.287002217587
     -1.215407816058
     -1.473766475283
     -1.474775357537
    0.01041145014232
    -0.2807670436987
     -1.313332842615
     -1.242632454747
     -1.352396640563
     -1.073634380576

minimum internal covariance matrix: LASymMatrix parameters:
     0.10410469   -0.010337567              0 -0.00015118987   0.0029909353   0.0028592614  9.6848021e-05  -0.0026706337   0.0077928985   0.0098230541   0.0067854708    0.015319298
   -0.010337567   0.0010413644              0  1.3692214e-05 -0.00030124793 -0.00028788853 -5.2304861e-06  0.00017224128 -0.00077797828 -0.00098060329  -0.0006758739  -0.0015323641
              0              0              2              0              0              0              0              0              0              0              0              0
 -0.00015118987  1.3692214e-05              0   0.0001589195 -4.3184146e-06 -4.0388313e-06 -1.1269536e-06 -1.8049956e-06 -1.2270062e-05 -1.4848569e-05 -9.8690428e-06  -2.137885e-05
   0.0029909353 -0.00030124793              0 -4.3184146e-06  9.3121695e-05  8.8464633e-05  1.6935803e-06 -5.8358118e-05  0.00022669399  0.00028365959  0.00019537492  0.00044351042
   0.0028592614 -0.00028788853              0 -4.0388313e-06  8.8464633e-05   8.411369e-05  1.6457833e-06 -5.5347974e-05  0.00021639205  0.00027113412  0.00018676027  0.00042391999
  9.6848021e-05 -5.2304861e-06              0 -1.1269536e-06  1.6935803e-06  1.6457833e-06  5.3595502e-06 -8.3292629e-05  5.9816724e-06   7.363034e-06  5.2744483e-06  1.1825989e-05
  -0.0026706337  0.00017224128              0 -1.8049956e-06 -5.8358118e-05 -5.5347974e-05 -8.3292629e-05   0.0037378542 -0.00017944255 -0.00021664635 -0.00015294526 -0.00033244273
   0.0077928985 -0.00077797828              0 -1.2270062e-05  0.00022669399  0.00021639205  5.9816724e-06 -0.00017944255  0.00059009963  0.00073648992  0.00050849775   0.0011495286
   0.0098230541 -0.00098060329              0 -1.4848569e-05  0.00028365959  0.00027113412   7.363034e-06 -0.00021664635  0.00073648992  0.00093327582  0.00064051459   0.0014491451
   0.0067854708  -0.0006758739              0 -9.8690428e-06  0.00019537492  0.00018676027  5.2744483e-06 -0.00015294526  0.00050849775  0.00064051459  0.00044712172  0.00099976915
    0.015319298  -0.0015323641              0  -2.137885e-05  0.00044351042  0.00042391999  1.1825989e-05 -0.00033244273   0.0011495286   0.0014491451  0.00099976915   0.0022691705


# ext. ||   Name    ||   type  ||     Value     ||  Error +/- 

   0   ||Natural mortality || limited ||     0.0321434628984 ||0.00484939577191
   1   ||Targeted q || limited ||      2.870385542695 ||0.3809733699423
   2   ||Nontargeted q || limited ||                   2 ||22.06548931833
   3   ||     sigma || limited ||      3.124431226524 ||0.1550816669612
   4   ||  Biomass1 || limited ||      2.351851969064 ||0.3305222949836
   5   ||  Biomass2 || limited ||      2.303236159961 ||0.3108735830525
   6   ||   vm_mean || limited ||    0.03270794435863 ||0.005142512010498
   7   ||  vm_sigma || limited ||      28.91692899788 ||1.660993645887
   8   ||Recruit year 1 || limited ||       1.65788732031 ||0.2186552148858
   9   ||Recruit year 2 || limited ||      2.677946532201 ||0.3480570421019
  10   ||Recruit year 3 || limited ||      1.197609456501 ||0.1619579437567
  11   ||Recruit year 4 || limited ||      6.062411635159 ||0.8030089291264





