# Minimum negative log likelihood

Minuit did successfully converge.
# of function calls: 996
minimum function Value: 379.9501395551
minimum edm: 1.748744491885e-06
minimum internal state vector: LAVector parameters:
      0.637030404771
     -1.190078539726
     -1.287002217587
     -1.324945806456
     -1.453397595181
     -1.458760070038
     0.2595031829197
     -1.170212517611
    -0.9476404489595
    -0.9949836947215
     -1.175469604335
    0.07356557754748
     0.0886106942247
    0.06868931165216
    0.06530521299314

minimum internal covariance matrix: LASymMatrix parameters:
   0.0022000003 -0.00015722615              0 -7.1821746e-06  5.1481229e-05  4.7995428e-05 -0.00094141701  0.00024090897  0.00037969572  0.00035085357  0.00023205974  9.2667733e-06  9.2120737e-06  9.4136284e-06  8.3304917e-06
 -0.00015722615  1.2824883e-05              0  8.7126029e-07 -4.1818574e-06 -3.8825461e-06  5.1393075e-05 -1.7988284e-05 -2.8401208e-05 -2.6192805e-05 -1.7827503e-05  -5.360946e-07  -5.376901e-07 -5.5523914e-07 -5.2682157e-07
              0              0              2              0              0              0              0              0              0              0              0              0              0              0              0
 -7.1821746e-06  8.7126029e-07              0  8.1120514e-05 -7.0380332e-07 -5.9901639e-07  9.1106088e-06 -8.7060472e-07 -2.0862604e-06  -1.458727e-06 -1.8958822e-06 -7.3215822e-08  1.7466275e-08 -6.2268897e-08  9.4625593e-08
  5.1481229e-05 -4.1818574e-06              0 -7.0380332e-07  2.5999363e-06  2.2911105e-06  -1.707562e-05  5.8636958e-06  9.3332817e-06  8.5562262e-06  5.8296866e-06  1.5878896e-07  1.6515901e-07  2.0113006e-07  1.6949067e-07
  4.7995428e-05 -3.8825461e-06              0 -5.9901639e-07  2.2911105e-06   2.033363e-06 -1.6134569e-05  5.4592717e-06  8.6809261e-06  7.9678641e-06  5.4171945e-06  1.5283668e-07  1.5718705e-07  1.8831292e-07  1.5868282e-07
 -0.00094141701  5.1393075e-05              0  9.1106088e-06  -1.707562e-05 -1.6134569e-05   0.0021506034 -0.00010001318 -0.00014991054  -0.0001400383  -9.299519e-05 -9.5460712e-06 -1.0464857e-05 -9.9226536e-06 -7.9107672e-06
  0.00024090897 -1.7988284e-05              0 -8.7060472e-07  5.8636958e-06  5.4592717e-06 -0.00010001318  2.8792512e-05  4.2228032e-05  3.8987276e-05  2.6069597e-05  9.1800338e-07  9.4764466e-07  9.7665578e-07  8.6442121e-07
  0.00037969572 -2.8401208e-05              0 -2.0862604e-06  9.3332817e-06  8.6809261e-06 -0.00014991054  4.2228032e-05  6.8636065e-05   6.138522e-05  4.0990668e-05  1.5002427e-06  1.4534803e-06  1.5376172e-06  1.3740375e-06
  0.00035085357 -2.6192805e-05              0  -1.458727e-06  8.5562262e-06  7.9678641e-06  -0.0001400383  3.8987276e-05   6.138522e-05  5.8784716e-05  3.7890299e-05  1.4062659e-06  1.3670789e-06  1.3930679e-06  1.2790413e-06
  0.00023205974 -1.7827503e-05              0 -1.8958822e-06  5.8296866e-06  5.4171945e-06  -9.299519e-05  2.6069597e-05  4.0990668e-05  3.7890299e-05  2.9175172e-05  9.4152854e-07  8.7880635e-07  9.0030732e-07   9.904421e-07
  9.2667733e-06  -5.360946e-07              0 -7.3215822e-08  1.5878896e-07  1.5283668e-07 -9.5460712e-06  9.1800338e-07  1.5002427e-06  1.4062659e-06  9.4152854e-07  2.4497273e-07  6.0852464e-08  5.7367707e-08   5.942815e-08
  9.2120737e-06  -5.376901e-07              0  1.7466275e-08  1.6515901e-07  1.5718705e-07 -1.0464857e-05  9.4764466e-07  1.4534803e-06  1.3670789e-06  8.7880635e-07  6.0852464e-08  1.5132774e-07  6.8877939e-08  5.0616806e-08
  9.4136284e-06 -5.5523914e-07              0 -6.2268897e-08  2.0113006e-07  1.8831292e-07 -9.9226536e-06  9.7665578e-07  1.5376172e-06  1.3930679e-06  9.0030732e-07  5.7367707e-08  6.8877939e-08  1.4763642e-07  5.2716452e-08
  8.3304917e-06 -5.2682157e-07              0  9.4625593e-08  1.6949067e-07  1.5868282e-07 -7.9107672e-06  8.6442121e-07  1.3740375e-06  1.2790413e-06   9.904421e-07   5.942815e-08  5.0616806e-08  5.2716452e-08  2.4900996e-07


# ext. ||   Name    ||   type  ||     Value     ||  Error +/- 

   0   ||Natural mortality || limited ||    0.05987027279866 ||0.0006664080444721
   1   ||Targeted q || limited ||      3.580092277484 ||0.04704805920652
   2   ||Nontargeted q || limited ||                   2 ||22.06548931833
   3   ||     sigma || limited ||      1.503466249072 ||0.07750054017291
   4   ||  Biomass1 || limited ||       3.44165994161 ||0.06677311003983
   5   ||  Biomass2 || limited ||      3.134749667828 ||0.05636532874312
   6   ||  vm_sigma || limited ||      50.26438774529 ||1.267510758079
   7   ||Recruit year 1 || limited ||      3.967929615101 ||0.07397175450383
   8   ||Recruit year 2 || limited ||      9.407023664289 ||0.1709232458801
   9   ||Recruit year 3 || limited ||      8.071689361104 ||0.1475885804358
  10   ||Recruit year 4 || limited ||       3.86607487277 ||0.07353629171144
  11   ||Mean Rec dist 1 || limited ||      0.734992406467 ||0.003490339100702
  12   ||Mean Rec dist 2 || limited ||     0.8849478001878 ||0.00273991460949
  13   ||Mean Rec dist 3 || limited ||     0.6863530916194 ||0.002710543549153
  14   ||Mean Rec dist 4 || limited ||     0.6525880426232 ||0.003521004714263





