# Minimum negative log likelihood

Minuit did successfully converge.
# of function calls: 969
minimum function Value: 390.0863594271
minimum edm: 2.098293383506e-05
minimum internal state vector: LAVector parameters:
    -0.9238602005102
     -1.093559517628
     -1.287002217587
     -1.318856406724
     -1.521330675087
     -1.523385803862
     -0.660002457181
    -0.6181254515493
     -1.122502320035
    -0.9736271666415
     -1.323107214835
     -1.037281238854

minimum internal covariance matrix: LASymMatrix parameters:
     0.01527197 -0.00094809791              0  1.8607872e-06  8.6668064e-05  9.0579544e-05 -2.5286214e-05  0.00016090015  0.00075960555   0.0011674899  0.00041682117  0.00093344689
 -0.00094809791  6.0330631e-05              0 -4.3660405e-07  -5.736353e-06  -5.917942e-06  2.5639753e-06 -1.7472527e-05 -4.7321442e-05 -7.2595394e-05 -2.5647033e-05 -5.8246691e-05
              0              0              2              0              0              0              0              0              0              0              0              0
  1.8607872e-06 -4.3660405e-07              0  0.00010727147 -1.0201522e-06 -6.7412076e-07 -3.3408429e-07  1.3714461e-05 -2.6476662e-07  3.7271526e-07  2.8024737e-07 -2.5204149e-07
  8.6668064e-05  -5.736353e-06              0 -1.0201522e-06  3.1795957e-06  2.4552043e-06 -4.8284026e-07  3.2495172e-06  5.7664885e-06  6.5900093e-06  2.3003428e-06  5.2558319e-06
  9.0579544e-05  -5.917942e-06              0 -6.7412076e-07  2.4552043e-06  2.0584415e-06 -3.8820844e-07   3.549621e-06  5.2844176e-06  6.8919868e-06  2.4099129e-06  5.4888688e-06
 -2.5286214e-05  2.5639753e-06              0 -3.3408429e-07 -4.8284026e-07 -3.8820844e-07  1.3752701e-06 -7.8866468e-06 -1.4143452e-06  -1.947318e-06  -5.469315e-07 -1.7681479e-06
  0.00016090015 -1.7472527e-05              0  1.3714461e-05  3.2495172e-06   3.549621e-06 -7.8866468e-06  0.00013424535  8.3658398e-06  1.2556868e-05  3.0855463e-06   1.085248e-05
  0.00075960555 -4.7321442e-05              0 -2.6476662e-07  5.7664885e-06  5.2844176e-06 -1.4143452e-06  8.3658398e-06  4.0356309e-05  5.8029125e-05  2.0708587e-05  4.6372401e-05
   0.0011674899 -7.2595394e-05              0  3.7271526e-07  6.5900093e-06  6.8919868e-06  -1.947318e-06  1.2556868e-05  5.8029125e-05  9.0304218e-05  3.1795258e-05   7.137093e-05
  0.00041682117 -2.5647033e-05              0  2.8024737e-07  2.3003428e-06  2.4099129e-06  -5.469315e-07  3.0855463e-06  2.0708587e-05  3.1795258e-05  1.2464321e-05  2.5407616e-05
  0.00093344689 -5.8246691e-05              0 -2.5204149e-07  5.2558319e-06  5.4888688e-06 -1.7681479e-06   1.085248e-05  4.6372401e-05   7.137093e-05  2.5407616e-05  5.8140897e-05


# ext. ||   Name    ||   type  ||     Value     ||  Error +/- 

   0   ||Natural mortality || limited ||    0.02505164315438 ||0.001315082261492
   1   ||Targeted q || limited ||      5.586624052983 ||0.1261372157185
   2   ||Nontargeted q || limited ||                   2 ||22.06548931833
   3   ||     sigma || limited ||      1.578467252151 ||0.09128219669566
   4   ||  Biomass1 || limited ||     0.6115879540914 ||0.03117220000967
   5   ||  Biomass2 || limited ||     0.5618341704416 ||0.02404009815446
   6   ||   vm_mean || limited ||     -1.926169496261 ||0.002058025803644
   7   ||  vm_sigma || limited ||      16.82045031536 ||0.267069281099
   8   ||Recruit year 1 || limited ||      4.950113943335 ||0.09733825243268
   9   ||Recruit year 2 || limited ||      8.662598742956 ||0.1889006097596
  10   ||Recruit year 3 || limited ||       1.53576955985 ||0.03059867257718
  11   ||Recruit year 4 || limited ||      6.958067640064 ||0.1370866433474





