# Minimum negative log likelihood

Minuit did successfully converge.
# of function calls: 1351
minimum function Value: 319.5934510101
minimum edm: 1.930230324218e-05
minimum internal state vector: LAVector parameters:
    -0.7386308436232
    -0.9854636337225
     -1.287002217587
     -1.358280285277
     -1.469390042423
       -1.4722514426
      0.373355421555
    -0.3906299219922
     -1.141084035049
     -1.210582155503
     -1.283985732383
     -1.396434151207

minimum internal covariance matrix: LASymMatrix parameters:
  0.00071056246 -0.00025299625              0  1.0458898e-05  4.8769899e-05  4.3756071e-05  4.8359038e-06 -6.4726009e-05  0.00017796165  0.00019302792  0.00012774376  8.8753754e-05
 -0.00025299625  9.2699118e-05              0 -1.0925602e-06 -1.7740788e-05 -1.5960974e-05 -8.7224448e-07  1.5713234e-05 -6.3463414e-05 -6.9119056e-05 -4.6026269e-05 -3.2475972e-05
              0              0              2              0              0              0              0              0              0              0              0              0
  1.0458898e-05 -1.0925602e-06              0  7.3543266e-05  1.4667855e-06  1.1678381e-06  1.0216579e-06 -1.1642958e-05  2.3783361e-06  2.3524254e-06    1.73674e-06  -4.405398e-07
  4.8769899e-05 -1.7740788e-05              0  1.4667855e-06  3.9843058e-06  3.5410752e-06  2.2444417e-07 -4.1990887e-06  1.2235031e-05  1.3302229e-05  8.8642231e-06   6.156465e-06
  4.3756071e-05 -1.5960974e-05              0  1.1678381e-06  3.5410752e-06  3.1568884e-06  1.8208089e-07 -3.6401375e-06  1.0966584e-05  1.1938511e-05  7.9772099e-06  5.5619741e-06
  4.8359038e-06 -8.7224448e-07              0  1.0216579e-06  2.2444417e-07  1.8208089e-07  5.6751584e-07 -4.9401148e-06  1.1981792e-06  1.1681106e-06  6.6004654e-07  3.0553102e-07
 -6.4726009e-05  1.5713234e-05              0 -1.1642958e-05 -4.1990887e-06 -3.6401375e-06 -4.9401148e-06  0.00012403869 -1.5747345e-05  -1.622574e-05 -1.0506078e-05 -6.2007551e-06
  0.00017796165 -6.3463414e-05              0  2.3783361e-06  1.2235031e-05  1.0966584e-05  1.1981792e-06 -1.5747345e-05  4.5216075e-05  4.8370652e-05  3.1914225e-05  2.2171329e-05
  0.00019302792 -6.9119056e-05              0  2.3524254e-06  1.3302229e-05  1.1938511e-05  1.1681106e-06  -1.622574e-05  4.8370652e-05  5.3114894e-05   3.477014e-05  2.4220692e-05
  0.00012774376 -4.6026269e-05              0    1.73674e-06  8.8642231e-06  7.9772099e-06  6.6004654e-07 -1.0506078e-05  3.1914225e-05   3.477014e-05  2.3792447e-05  1.6256781e-05
  8.8753754e-05 -3.2475972e-05              0  -4.405398e-07   6.156465e-06  5.5619741e-06  3.0553102e-07 -6.2007551e-06  2.2171329e-05  2.4220692e-05  1.6256781e-05  1.2342563e-05


# ext. ||   Name    ||   type  ||     Value     ||  Error +/- 

   0   ||Natural mortality || limited ||    0.04900856984978 ||0.00209038305886
   1   ||Targeted q || limited ||      8.323583657913 ||0.1880630329502
   2   ||Nontargeted q || limited ||                   2 ||22.06548931833
   3   ||     sigma || limited ||      1.124833708939 ||0.06395015065418
   4   ||  Biomass1 || limited ||      2.568606363549 ||0.07144165105993
   5   ||  Biomass2 || limited ||      2.425809491312 ||0.06180383841586
   6   ||   vm_mean || limited ||      1.145869976122 ||0.001558203757143
   7   ||  vm_sigma || limited ||      24.76985197698 ||0.2912729444256
   8   ||Recruit year 1 || limited ||      4.555262967067 ||0.09903422237847
   9   ||Recruit year 2 || limited ||      3.218611347465 ||0.09081251896992
  10   ||Recruit year 3 || limited ||      2.052244864125 ||0.04878146548734
  11   ||Recruit year 4 || limited ||      0.768054736208 ||0.02154583188708





