# Minimum negative log likelihood

Minuit did successfully converge.
# of function calls: 964
minimum function Value: 333.8517998478
minimum edm: 7.706052030587e-05
minimum internal state vector: LAVector parameters:
    -0.7672725982678
    -0.9368496008506
     -1.287002217587
     -1.350861528868
     -1.553444834797
     -1.554042842851
     -0.504622306063
    -0.4780376672814
     -1.047161077822
     -1.085716195547
     -0.940605180906
    -0.9321149595613

minimum internal covariance matrix: LASymMatrix parameters:
  0.00016527316  -5.077877e-05              0  3.0165815e-05  2.7802329e-06  2.1150406e-06  -5.285227e-07  3.7433319e-06  3.9792248e-05  4.3247096e-05  4.1187764e-05  5.4231769e-05
  -5.077877e-05  1.6571702e-05              0  -9.058453e-06 -8.9679051e-07  -6.705393e-07  4.2697469e-07 -3.6969416e-06 -1.2165259e-05  -1.340381e-05 -1.2911455e-05 -1.6508716e-05
              0              0              2              0              0              0              0              0              0              0              0              0
  3.0165815e-05  -9.058453e-06              0  0.00011014395  3.4441706e-06  2.3740963e-06 -4.7290673e-07  5.7161434e-06  7.3472798e-06  7.3949573e-06  7.7015932e-06  1.1211991e-05
  2.7802329e-06 -8.9679051e-07              0  3.4441706e-06   1.844111e-06  1.3437917e-06  -7.764791e-08  1.8924812e-07  7.0741489e-07  5.5275702e-07  6.5593942e-07  9.8338007e-07
  2.1150406e-06  -6.705393e-07              0  2.3740963e-06  1.3437917e-06  1.0011522e-06 -4.7873191e-08  7.7824308e-08  5.2471743e-07  4.5362618e-07  4.4554144e-07  7.3438051e-07
  -5.285227e-07  4.2697469e-07              0 -4.7290673e-07  -7.764791e-08 -4.7873191e-08  1.7524987e-07 -1.7762926e-06 -1.3851414e-07 -1.5738246e-07 -2.2889207e-07 -1.7210808e-07
  3.7433319e-06 -3.6969416e-06              0  5.7161434e-06  1.8924812e-07  7.7824308e-08 -1.7762926e-06  4.1145917e-05   1.266787e-06  2.5064953e-06   2.406068e-06  1.1403157e-06
  3.9792248e-05 -1.2165259e-05              0  7.3472798e-06  7.0741489e-07  5.2471743e-07 -1.3851414e-07   1.266787e-06  1.0287672e-05   1.038075e-05  9.9926419e-06  1.3169478e-05
  4.3247096e-05  -1.340381e-05              0  7.3949573e-06  5.5275702e-07  4.5362618e-07 -1.5738246e-07  2.5064953e-06   1.038075e-05   1.267383e-05  1.0687646e-05  1.3951197e-05
  4.1187764e-05 -1.2911455e-05              0  7.7015932e-06  6.5593942e-07  4.4554144e-07 -2.2889207e-07   2.406068e-06  9.9926419e-06  1.0687646e-05  1.1557886e-05  1.3534021e-05
  5.4231769e-05 -1.6508716e-05              0  1.1211991e-05  9.8338007e-07  7.3438051e-07 -1.7210808e-07  1.1403157e-06  1.3169478e-05  1.3951197e-05  1.3534021e-05  1.8717484e-05


# ext. ||   Name    ||   type  ||     Value     ||  Error +/- 

   0   ||Natural mortality || limited ||    0.04587380683875 ||0.0009814931875511
   1   ||Targeted q || limited ||      9.715198586173 ||0.08525132243609
   2   ||Nontargeted q || limited ||                   2 ||22.06548931833
   3   ||     sigma || limited ||      1.204416185999 ||0.08095028783166
   4   ||  Biomass1 || limited ||    0.07526668020602 ||0.008330354849373
   5   ||  Biomass2 || limited ||    0.07016816481398 ||0.00592638468061
   6   ||   vm_mean || limited ||     -1.518887344428 ||0.0008140461075774
   7   ||  vm_sigma || limited ||      21.59922168275 ||0.1610887468394
   8   ||Recruit year 1 || limited ||      6.708971709771 ||0.05669792933544
   9   ||Recruit year 2 || limited ||      5.777543767412 ||0.05868284303063
  10   ||Recruit year 3 || limited ||      9.613295526752 ||0.07082493928927
  11   ||Recruit year 4 || limited ||      9.864887323004 ||0.09117607487153





