# Minimum negative log likelihood

Minuit did successfully converge.
# of function calls: 1402
minimum function Value: 419.2656977659
minimum edm: 1.258020508869e-05
minimum internal state vector: LAVector parameters:
    -0.2809867005469
    -0.9768120007805
     -1.287002217587
     -1.300431901061
     -1.536027687249
     -1.538461260156
      0.260721166989
      -1.04955005625
     -1.303493629353
     -1.017968287384
     -1.234166376829
     0.1150270647316
    0.09356991725703
    0.05623196113785
     0.1195212441232

minimum internal covariance matrix: LASymMatrix parameters:
   0.0026271023 -0.00015664385              0 -0.00013010248  1.1844548e-05  1.0581119e-05 -0.00090883593  0.00024637241  0.00013198499   0.0002657615  0.00014735605  1.0870006e-05  7.8530565e-06  9.5318117e-06  7.5690006e-06
 -0.00015664385  1.1628811e-05              0  7.8179003e-06  -7.181344e-07 -6.3465439e-07  4.6995138e-05 -1.4834308e-05 -9.2057385e-06 -1.5274853e-05 -9.3933391e-06  -4.253909e-07 -2.0597593e-07 -5.4524681e-07 -4.5200071e-07
              0              0              2              0              0              0              0              0              0              0              0              0              0              0              0
 -0.00013010248  7.8179003e-06              0  0.00012334852  2.8664871e-06  2.2284672e-06 -4.0382622e-05 -1.2660527e-05 -5.5949299e-06 -1.2927471e-05 -7.2046443e-06 -2.6596851e-07 -1.1400282e-06 -4.1627695e-07 -1.0624557e-06
  1.1844548e-05  -7.181344e-07              0  2.8664871e-06  1.1208388e-06   8.961663e-07 -9.5727354e-06  1.1879723e-06  6.3702869e-07  1.3243444e-06  8.4987308e-07  8.4638799e-08 -4.2071667e-08  4.2469806e-08  1.0023588e-08
  1.0581119e-05 -6.3465439e-07              0  2.2284672e-06   8.961663e-07  7.3140254e-07  -8.411874e-06  1.0658827e-06  5.7078756e-07  1.1437571e-06  7.2146296e-07  7.3715895e-08 -3.1217049e-08   3.844781e-08  1.4042441e-08
 -0.00090883593  4.6995138e-05              0 -4.0382622e-05 -9.5727354e-06  -8.411874e-06   0.0020835529 -7.5723503e-05 -5.1402607e-05 -8.5511413e-05 -2.8452988e-05 -1.2135608e-05 -1.0218818e-05 -9.6234021e-06  5.3930131e-06
  0.00024637241 -1.4834308e-05              0 -1.2660527e-05  1.1879723e-06  1.0658827e-06 -7.5723503e-05  2.4933998e-05  1.2191195e-05  2.4902052e-05  1.4239753e-05  9.4222025e-07  7.3541121e-07  8.5557369e-07  9.2520954e-07
  0.00013198499 -9.2057385e-06              0 -5.5949299e-06  6.3702869e-07  5.7078756e-07 -5.1402607e-05  1.2191195e-05  1.0186587e-05  1.2136037e-05  7.4907558e-06  3.7979382e-07 -3.2917161e-08  5.7910079e-07  4.3614607e-07
   0.0002657615 -1.5274853e-05              0 -1.2927471e-05  1.3243444e-06  1.1437571e-06 -8.5511413e-05  2.4902052e-05  1.2136037e-05  2.9289091e-05  1.5004613e-05  1.1559314e-06  9.4953944e-07   8.719648e-07   6.976067e-07
  0.00014735605 -9.3933391e-06              0 -7.2046443e-06  8.4987308e-07  7.2146296e-07 -2.8452988e-05  1.4239753e-05  7.4907558e-06  1.5004613e-05  1.1522504e-05  4.3508334e-07  1.7356758e-07  4.4915513e-07   8.946494e-07
  1.0870006e-05  -4.253909e-07              0 -2.6596851e-07  8.4638799e-08  7.3715895e-08 -1.2135608e-05  9.4222025e-07  3.7979382e-07  1.1559314e-06  4.3508334e-07  1.8429983e-07  1.0258818e-07  6.2386411e-08 -2.3334121e-08
  7.8530565e-06 -2.0597593e-07              0 -1.1400282e-06 -4.2071667e-08 -3.1217049e-08 -1.0218818e-05  7.3541121e-07 -3.2917161e-08  9.4953944e-07  1.7356758e-07  1.0258818e-07  4.5943331e-07  4.7438226e-08 -7.2064267e-08
  9.5318117e-06 -5.4524681e-07              0 -4.1627695e-07  4.2469806e-08   3.844781e-08 -9.6234021e-06  8.5557369e-07  5.7910079e-07   8.719648e-07  4.4915513e-07  6.2386411e-08  4.7438226e-08  1.0469591e-07  1.8336118e-08
  7.5690006e-06 -4.5200071e-07              0 -1.0624557e-06  1.0023588e-08  1.4042441e-08  5.3930131e-06  9.2520954e-07  4.3614607e-07   6.976067e-07   8.946494e-07 -2.3334121e-08 -7.2064267e-08  1.8336118e-08  4.9979585e-07


# ext. ||   Name    ||   type  ||     Value     ||  Error +/- 

   0   ||Natural mortality || limited ||    0.03806740530475 ||0.0008703489589525
   1   ||Targeted q || limited ||      8.564131712697 ||0.06747644754735
   2   ||Nontargeted q || limited ||                   2 ||22.06548931833
   3   ||     sigma || limited ||       1.81631857145 ||0.1048728752852
   4   ||  Biomass1 || limited ||     0.3021841306521 ||0.01301148110058
   5   ||  Biomass2 || limited ||     0.2613663596741 ||0.009775326889672
   6   ||  vm_sigma || limited ||      50.31146765254 ||1.247197982749
   7   ||Recruit year 1 || limited ||      6.649373055599 ||0.08790270001341
   8   ||Recruit year 2 || limited ||      1.785480186579 ||0.02980195496422
   9   ||Recruit year 3 || limited ||       7.45710847537 ||0.1004621027019
  10   ||Recruit year 4 || limited ||       2.81606046349 ||0.03963727394195
  11   ||Mean Rec dist 1 || limited ||      1.147735743148 ||0.003015560076181
  12   ||Mean Rec dist 2 || limited ||     0.9343343777538 ||0.004771910041839
  13   ||Mean Rec dist 3 || limited ||     0.5620233126573 ||0.002284351152709
  14   ||Mean Rec dist 4 || limited ||      1.192368806187 ||0.004963315408427





