# Minimum negative log likelihood

Minuit did successfully converge.
# of function calls: 1100
minimum function Value: 649.5238593383
minimum edm: 8.452038417915e-06
minimum internal state vector: LAVector parameters:
      1.932384668148
     -1.028532944121
     -1.287002217587
     -1.097584552393
     -1.444065722882
     -1.448786534398
     0.8445875236346
      2.943483873067
     -1.127551967917
     -1.081378973119
    -0.9431792585955
      -1.07450506305

minimum internal covariance matrix: LASymMatrix parameters:
      1.2040627    0.030646798              0 -0.00042715185  -0.0063228842  -0.0062225069 -0.00042784814    -0.01109519   -0.027170018   -0.027252533    -0.03754909   -0.031307748
    0.030646798   0.0007986071              0 -1.0448566e-05 -0.00016543272 -0.00016227349 -5.8352712e-06 -0.00017196596 -0.00069550173 -0.00069805616 -0.00096281926 -0.00080695691
              0              0              2              0              0              0              0              0              0              0              0              0
 -0.00042715185 -1.0448566e-05              0  0.00027945601  3.6967511e-06  3.3781684e-06  9.6541679e-07  3.3043102e-05   1.242385e-05  1.1495616e-05  1.3724566e-05  1.2895883e-05
  -0.0063228842 -0.00016543272              0  3.6967511e-06  4.5579618e-05  4.2705529e-05  1.2624214e-06  3.4407884e-05  0.00014414474    0.000144392   0.0001986073  0.00016686066
  -0.0062225069 -0.00016227349              0  3.3781684e-06  4.2705529e-05  4.0417679e-05  1.3394095e-06  3.6518749e-05  0.00014166445   0.0001419414  0.00019539423   0.0001639707
 -0.00042784814 -5.8352712e-06              0  9.6541679e-07  1.2624214e-06  1.3394095e-06  5.7126013e-06  0.00010082953  9.1490965e-06  8.7998966e-06  1.1519819e-05  1.0664797e-05
    -0.01109519 -0.00017196596              0  3.3043102e-05  3.4407884e-05  3.6518749e-05  0.00010082953   0.0051419626  0.00023973831  0.00023443896  0.00031359823  0.00026020752
   -0.027170018 -0.00069550173              0   1.242385e-05  0.00014414474  0.00014166445  9.1490965e-06  0.00023973831  0.00063029767  0.00061706415  0.00084963673  0.00070942302
   -0.027252533 -0.00069805616              0  1.1495616e-05    0.000144392   0.0001419414  8.7998966e-06  0.00023443896  0.00061706415  0.00063403245  0.00085239929  0.00071135444
    -0.03754909 -0.00096281926              0  1.3724566e-05   0.0001986073  0.00019539423  1.1519819e-05  0.00031359823  0.00084963673  0.00085239929    0.001191441  0.00098124836
   -0.031307748 -0.00080695691              0  1.2895883e-05  0.00016686066   0.0001639707  1.0664797e-05  0.00026020752  0.00070942302  0.00071135444  0.00098124836   0.0008521436


# ext. ||   Name    ||   type  ||     Value     ||  Error +/- 

   0   ||Natural mortality || limited ||    0.06838340279069 ||0.006692651407877
   1   ||Targeted q || limited ||      7.172860055775 ||0.5155922083756
   2   ||Nontargeted q || limited ||                   2 ||22.06548931833
   3   ||     sigma || limited ||      5.494543818115 ||0.2693555173214
   4   ||  Biomass1 || limited ||      4.009790527538 ||0.3016873288741
   5   ||  Biomass2 || limited ||      3.716982888191 ||0.2735620628178
   6   ||   vm_mean || limited ||      2.348960266523 ||0.003525702790387
   7   ||  vm_sigma || limited ||      47.87301981659 ||1.987646636265
   8   ||Recruit year 1 || limited ||      4.841266649169 ||0.3806184797768
   9   ||Recruit year 2 || limited ||      5.879067170946 ||0.4184518078827
  10   ||Recruit year 3 || limited ||      9.537591914206 ||0.7164795449016
  11   ||Recruit year 4 || limited ||      6.041667510701 ||0.4913567209625





