# Minimum negative log likelihood

Minuit did successfully converge.
# of function calls: 794
minimum function Value: 676.0248528272
minimum edm: 1.430049099906e-05
minimum internal state vector: LAVector parameters:
     0.1865317312755
     -1.089575218222
     -1.287002217587
     -1.065767148294
      -1.49158791197
     -1.495999588758
    -0.1256600398422
    -0.3212320462695
     -1.394600567928
    -0.9483589943885
     -1.367744370139
    -0.9776617009918

minimum internal covariance matrix: LASymMatrix parameters:
     0.40042385   -0.039444754              0 -0.00010961301   0.0064922657   0.0062116953  0.00013611154 -0.00053310977    0.013802536      0.0513571    0.014167354     0.04945077
   -0.039444754     0.00392304              0  1.2594775e-05 -0.00064482896 -0.00061703348 -4.2169002e-06 -7.0814903e-05  -0.0013638805  -0.0050743656  -0.0013960468  -0.0048895991
              0              0              2              0              0              0              0              0              0              0              0              0
 -0.00010961301  1.2594775e-05              0    0.000367016  9.5317862e-06  7.3982669e-06 -1.8323391e-06  2.5263288e-05  -1.738222e-07 -1.6034535e-05 -5.5954828e-06 -1.7329242e-05
   0.0064922657 -0.00064482896              0  9.5317862e-06  0.00012417706  0.00011646403  1.1679093e-06 -3.3496162e-06  0.00022776974  0.00083448633  0.00023027171  0.00080303583
   0.0062116953 -0.00061703348              0  7.3982669e-06  0.00011646403  0.00010965941  1.0933034e-06 -1.5428037e-06   0.0002170375  0.00079849838  0.00022024964  0.00076851979
  0.00013611154 -4.2169002e-06              0 -1.8323391e-06  1.1679093e-06  1.0933034e-06  7.0538294e-06 -8.6777014e-05  3.4688911e-06  1.4246926e-05  4.2242413e-06  1.2745782e-05
 -0.00053310977 -7.0814903e-05              0  2.5263288e-05 -3.3496162e-06 -1.5428037e-06 -8.6777014e-05   0.0025109105 -4.5513508e-06 -2.4833056e-05   -1.06417e-05 -1.2241701e-05
    0.013802536  -0.0013638805              0  -1.738222e-07  0.00022776974   0.0002170375  3.4688911e-06 -4.5513508e-06   0.0004994931   0.0017696142   0.0004899201   0.0017071881
      0.0513571  -0.0050743656              0 -1.6034535e-05  0.00083448633  0.00079849838  1.4246926e-05 -2.4833056e-05   0.0017696142   0.0066164265   0.0018164981   0.0063477933
    0.014167354  -0.0013960468              0 -5.5954828e-06  0.00023027171  0.00022024964  4.2242413e-06   -1.06417e-05   0.0004899201   0.0018164981  0.00052416788   0.0017486692
     0.04945077  -0.0048895991              0 -1.7329242e-05  0.00080303583  0.00076851979  1.2745782e-05 -1.2241701e-05   0.0017071881   0.0063477933   0.0017486692   0.0061407796


# ext. ||   Name    ||   type  ||     Value     ||  Error +/- 

   0   ||Natural mortality || limited ||    0.04963629778371 ||0.01062907642643
   1   ||Targeted q || limited ||      5.678481044617 ||1.024650751313
   2   ||Nontargeted q || limited ||                   2 ||22.06548931833
   3   ||     sigma || limited ||      6.241982136102 ||0.3277024477972
   4   ||  Biomass1 || limited ||      1.567673359211 ||0.3117369603945
   5   ||  Biomass2 || limited ||      1.397986064076 ||0.276663346412
   6   ||   vm_mean || limited ||     -0.393734538611 ||0.005853413171261
   7   ||  vm_sigma || limited ||      27.37122492672 ||1.344499233209
   8   ||Recruit year 1 || limited ||     0.7840404079708 ||0.1384854854883
   9   ||Recruit year 2 || limited ||      9.386069060273 ||1.675579928733
  10   ||Recruit year 3 || limited ||      1.037113067712 ||0.1632099152761
  11   ||Recruit year 4 || limited ||      8.549515164079 ||1.547690465827





