# Minimum negative log likelihood

Minuit did successfully converge.
# of function calls: 964
minimum function Value: 239.3354681091
minimum edm: 1.77749367679e-05
minimum internal state vector: LAVector parameters:
    -0.2554558924553
     -1.241350050767
     -1.287002217587
       -1.3956738582
     -1.518348820689
     -1.519399741233
     0.7992523133036
    -0.7501581382597
     -1.092261258798
     -1.224404651484
     -1.292130670557
     -1.023079079363

minimum internal covariance matrix: LASymMatrix parameters:
    0.002359676 -0.00027346176              0 -2.7834546e-06  4.0899984e-05  4.0957975e-05 -5.9662977e-06  3.8517617e-05  0.00039848256  0.00030960485  0.00025552691  0.00046645602
 -0.00027346176  3.2793405e-05              0   6.907973e-07 -4.9214171e-06 -4.9120727e-06  1.4910949e-06 -9.9415391e-06 -4.6835945e-05 -3.6291123e-05 -3.0051533e-05 -5.5148485e-05
              0              0              2              0              0              0              0              0              0              0              0              0
 -2.7834546e-06   6.907973e-07              0  4.1341267e-05  6.7574622e-08  4.9260915e-08  2.6487581e-07 -2.5325649e-06 -7.6858179e-07 -5.3197991e-07 -5.5129438e-07 -1.0460405e-06
  4.0899984e-05 -4.9214171e-06              0  6.7574622e-08  1.1026904e-06  1.0519886e-06 -2.0147883e-07  1.2879245e-06  7.0228091e-06  5.4426963e-06  4.5194138e-06  8.2814599e-06
  4.0957975e-05 -4.9120727e-06              0  4.9260915e-08  1.0519886e-06  1.0098444e-06 -1.8517177e-07  1.1926833e-06  7.0220684e-06  5.4451588e-06  4.5182427e-06  8.2811337e-06
 -5.9662977e-06  1.4910949e-06              0  2.6487581e-07 -2.0147883e-07 -1.8517177e-07  1.7273437e-06 -8.3430128e-06 -1.4129572e-06 -1.0039816e-06 -9.4419951e-07 -1.2338837e-06
  3.8517617e-05 -9.9415391e-06              0 -2.5325649e-06  1.2879245e-06  1.1926833e-06 -8.3430128e-06  7.2404503e-05  9.3329074e-06  6.5215474e-06  6.3574026e-06  9.9763343e-06
  0.00039848256 -4.6835945e-05              0 -7.6858179e-07  7.0228091e-06  7.0220684e-06 -1.4129572e-06  9.3329074e-06  6.8023941e-05  5.2517492e-05  4.3398485e-05  7.9462576e-05
  0.00030960485 -3.6291123e-05              0 -5.3197991e-07  5.4426963e-06  5.4451588e-06 -1.0039816e-06  6.5215474e-06  5.2517492e-05  4.1151248e-05  3.3699744e-05  6.1691644e-05
  0.00025552691 -3.0051533e-05              0 -5.5129438e-07  4.5194138e-06  4.5182427e-06 -9.4419951e-07  6.3574026e-06  4.3398485e-05  3.3699744e-05  2.8293916e-05  5.0987711e-05
  0.00046645602 -5.5148485e-05              0 -1.0460405e-06  8.2814599e-06  8.2811337e-06 -1.2338837e-06  9.9763343e-06  7.9462576e-05  6.1691644e-05  5.0987711e-05  9.4966102e-05


# ext. ||   Name    ||   type  ||     Value     ||  Error +/- 

   0   ||Natural mortality || limited ||    0.03868283667996 ||0.0008306888937816
   1   ||Targeted q || limited ||      2.688918556053 ||0.06550086610782
   2   ||Nontargeted q || limited ||                   2 ||22.06548931833
   3   ||     sigma || limited ||     0.7647395629353 ||0.03960638326732
   4   ||  Biomass1 || limited ||     0.6875276016388 ||0.01946289703916
   5   ||  Biomass2 || limited ||     0.6602568876069 ||0.01825262141378
   6   ||   vm_mean || limited ||      2.252003482175 ||0.002035674225462
   7   ||  vm_sigma || limited ||      12.73066249707 ||0.1760687130557
   8   ||Recruit year 1 || limited ||      5.625916058583 ||0.1342610726039
   9   ||Recruit year 2 || limited ||      2.979508945718 ||0.07699261496115
  10   ||Recruit year 3 || limited ||      1.938640313152 ||0.051725546093
  11   ||Recruit year 4 || limited ||      7.323495307169 ||0.1793961788375





