# Minimum negative log likelihood

Minuit did successfully converge.
# of function calls: 727
minimum function Value: 598.8640409718
minimum edm: 1.333509238241e-05
minimum internal state vector: LAVector parameters:
    -0.7096366888155
     -1.195658541377
     -1.287002217587
     -1.152716579337
     -1.479777498288
     -1.481887778222
   -0.03133450243871
    -0.1222210936568
     -1.143738277567
     -1.430226816317
     -1.027993914302
     -1.202464086516

minimum internal covariance matrix: LASymMatrix parameters:
     0.10076315  -0.0083115693              0 -4.0204691e-05   0.0020298166    0.001956413  0.00017848625  -0.0053609685   0.0093172209   0.0046240208    0.012919011   0.0089730724
  -0.0083115693  0.00069702835              0  7.7682626e-06 -0.00017041373 -0.00016420261 -1.1166561e-05  0.00034391428 -0.00077267136 -0.00037993969   -0.001070145 -0.00074372735
              0              0              2              0              0              0              0              0              0              0              0              0
 -4.0204691e-05  7.7682626e-06              0  0.00024122245 -3.8055465e-06 -3.5008245e-06  3.8715492e-06 -0.00012948447 -8.4059183e-06 -4.3898174e-06 -4.1914171e-06 -3.5230154e-06
   0.0020298166 -0.00017041373              0 -3.8055465e-06  5.4592207e-05  5.1210817e-05  2.1666906e-06 -0.00011013475  0.00019137751  9.2683286e-05  0.00026140911  0.00018163068
    0.001956413 -0.00016420261              0 -3.5008245e-06  5.1210817e-05   4.821187e-05  2.2091909e-06 -0.00010169991  0.00018399639  8.9346645e-05     0.00025195  0.00017504635
  0.00017848625 -1.1166561e-05              0  3.8715492e-06  2.1666906e-06  2.2091909e-06  5.8882821e-06 -8.2135062e-05  1.4897337e-05  8.3027706e-06  2.1814839e-05  1.5010677e-05
  -0.0053609685  0.00034391428              0 -0.00012948447 -0.00011013475 -0.00010169991 -8.2135062e-05    0.008995114  -0.0004645055 -0.00024979387 -0.00065221767 -0.00046374556
   0.0093172209 -0.00077267136              0 -8.4059183e-06  0.00019137751  0.00018399639  1.4897337e-05  -0.0004645055  0.00087281009  0.00042590554   0.0011956843  0.00083069098
   0.0046240208 -0.00037993969              0 -4.3898174e-06  9.2683286e-05  8.9346645e-05  8.3027706e-06 -0.00024979387  0.00042590554   0.0002252851  0.00059160192   0.0004112268
    0.012919011   -0.001070145              0 -4.1914171e-06  0.00026140911     0.00025195  2.1814839e-05 -0.00065221767   0.0011956843  0.00059160192   0.0016664379   0.0011513071
   0.0089730724 -0.00074372735              0 -3.5230154e-06  0.00018163068  0.00017504635  1.5010677e-05 -0.00046374556  0.00083069098   0.0004112268   0.0011513071  0.00081162805


# ext. ||   Name    ||   type  ||     Value     ||  Error +/- 

   0   ||Natural mortality || limited ||    0.02871104483358 ||0.004221191485677
   1   ||Targeted q || limited ||      3.477142696689 ||0.3419883703388
   2   ||Nontargeted q || limited ||                   2 ||22.06548931833
   3   ||     sigma || limited ||      4.306487028513 ||0.2229399804462
   4   ||  Biomass1 || limited ||        2.0696773527 ||0.237437760141
   5   ||  Biomass2 || limited ||      1.974881079512 ||0.2179723745229
   6   ||   vm_mean || limited ||   -0.09842413451366 ||0.005387852847022
   7   ||  vm_sigma || limited ||      35.12387971236 ||2.660513420117
   8   ||Recruit year 1 || limited ||      4.500139555903 ||0.4325582319852
   9   ||Recruit year 2 || limited ||     0.5031324634938 ||0.07434120356565
  10   ||Recruit year 3 || limited ||      7.196056616892 ||0.7453286113373
  11   ||Recruit year 4 || limited ||      3.363207826648 ||0.362606546761





