# Minimum negative log likelihood

Minuit did successfully converge.
# of function calls: 607
minimum function Value: 575.1996708598
minimum edm: 2.313426751773e-05
minimum internal state vector: LAVector parameters:
    -0.4669920621403
     -1.185307510276
     -1.287002217587
     -1.176114866778
     -1.480860822723
     -1.483805944167
    -0.3423269659859
    -0.3766404939893
     -1.188240125956
     -1.244391506153
     -1.197734931943
     -1.264118924835

minimum internal covariance matrix: LASymMatrix parameters:
      0.0388749  -0.0039319832              0  0.00022935344   0.0009187172  0.00088592885  0.00011708104   -0.001637924   0.0046640288   0.0032734603   0.0041720116   0.0027771898
  -0.0039319832  0.00041323133              0 -2.4971675e-05 -9.6138744e-05 -9.2738851e-05 -5.3292293e-06  2.7353176e-05 -0.00047649012 -0.00033376654 -0.00042677804 -0.00028385451
              0              0              2              0              0              0              0              0              0              0              0              0
  0.00022935344 -2.4971675e-05              0  0.00019854473  5.6369709e-06  5.1525386e-06 -1.2130372e-06  4.9095489e-05  2.4668346e-05  1.8409582e-05  2.3529782e-05  1.5274199e-05
   0.0009187172 -9.6138744e-05              0  5.6369709e-06    3.28774e-05  3.0160248e-05  1.0947002e-06 -2.7804434e-05  0.00011492279  7.7813403e-05  9.9344039e-05  6.6281241e-05
  0.00088592885 -9.2738851e-05              0  5.1525386e-06  3.0160248e-05  2.7934978e-05  1.1899891e-06  -2.123875e-05  0.00010975666  7.5078863e-05  9.5795787e-05  6.3870905e-05
  0.00011708104 -5.3292293e-06              0 -1.2130372e-06  1.0947002e-06  1.1899891e-06  1.0533726e-05 -0.00013630165  1.1042936e-05  8.5273529e-06  1.0234993e-05  7.0582794e-06
   -0.001637924  2.7353176e-05              0  4.9095489e-05 -2.7804434e-05  -2.123875e-05 -0.00013630165   0.0047492636 -0.00016093458 -0.00010994498 -0.00012328035 -9.2545392e-05
   0.0046640288 -0.00047649012              0  2.4668346e-05  0.00011492279  0.00010975666  1.1042936e-05 -0.00016093458  0.00057255915  0.00039286966  0.00050148671   0.0003339667
   0.0032734603 -0.00033376654              0  1.8409582e-05  7.7813403e-05  7.5078863e-05  8.5273529e-06 -0.00010994498  0.00039286966  0.00028383746  0.00035164969  0.00023391583
   0.0041720116 -0.00042677804              0  2.3529782e-05  9.9344039e-05  9.5795787e-05  1.0234993e-05 -0.00012328035  0.00050148671  0.00035164969  0.00045708986  0.00029861339
   0.0027771898 -0.00028385451              0  1.5274199e-05  6.6281241e-05  6.3870905e-05  7.0582794e-06 -9.2545392e-05   0.0003339667  0.00023391583  0.00029861339  0.00020708016


# ext. ||   Name    ||   type  ||     Value     ||  Error +/- 

   0   ||Natural mortality || limited ||    0.03374493853428 ||0.003102183813907
   1   ||Targeted q || limited ||       3.66926287773 ||0.2702330871571
   2   ||Nontargeted q || limited ||                   2 ||22.06548931833
   3   ||     sigma || limited ||      3.844045283615 ||0.1915531661478
   4   ||  Biomass1 || limited ||      2.020736129526 ||0.1820740730361
   5   ||  Biomass2 || limited ||      1.890638959307 ||0.1623497118186
   6   ||   vm_mean || limited ||     -1.054569650185 ||0.006791495056505
   7   ||  vm_sigma || limited ||      25.28874279118 ||1.811839089435
   8   ||Recruit year 1 || limited ||      3.623965798646 ||0.3157555575176
   9   ||Recruit year 2 || limited ||      2.649675011868 ||0.1909648872672
  10   ||Recruit year 3 || limited ||      3.448859541325 ||0.2754578633033
  11   ||Recruit year 4 || limited ||      2.342671782747 ||0.1535769321365





