# Minimum negative log likelihood

Minuit did successfully converge.
# of function calls: 1472
minimum function Value: 510.1817584047
minimum edm: 4.613864423816e-05
minimum internal state vector: LAVector parameters:
      3.229874591744
    -0.9297274885688
     -1.287002217587
     -1.233837581399
     -1.483388396054
     -1.490870654718
    -0.4904387748935
     -1.139273365189
     -1.245778657577
     -1.213748685395
     -1.104714886599
    0.05382886864025
     0.0977749891879
    0.03926341751871
    0.05145336063738

minimum internal covariance matrix: LASymMatrix parameters:
   0.0055036699  0.00041167391              0  2.8224263e-05 -6.0961285e-05 -5.2925575e-05  0.00063612315 -0.00040648694 -0.00032004733 -0.00031999059 -0.00044242791 -2.4197134e-05 -2.5103098e-05 -2.3894961e-05 -2.4613437e-05
  0.00041167391  3.7886323e-05              0  2.1960439e-06 -5.6714231e-06 -4.8682782e-06   3.485602e-05 -3.0971122e-05 -2.4578279e-05 -2.4157951e-05 -3.5010858e-05 -1.2776699e-06 -1.3966446e-06 -1.3450888e-06 -1.4418672e-06
              0              0              2              0              0              0              0              0              0              0              0              0              0              0              0
  2.8224263e-05  2.1960439e-06              0  0.00014131989  1.6349237e-07  7.2499439e-08 -6.6486252e-07 -2.8051958e-06 -1.8893226e-06 -1.9375201e-06 -2.5096962e-06 -2.9892322e-07 -1.9742679e-07 -1.8137889e-07 -1.1309213e-07
 -6.0961285e-05 -5.6714231e-06              0  1.6349237e-07   2.704896e-06  2.1404888e-06 -5.8481028e-06    4.55338e-06  3.5565756e-06   3.625633e-06  5.1903498e-06  1.5492652e-07  2.1032961e-07  1.9726407e-07   2.134625e-07
 -5.2925575e-05 -4.8682782e-06              0  7.2499439e-08  2.1404888e-06  1.7298754e-06 -5.0164727e-06  3.9419358e-06  3.0984354e-06    3.13992e-06  4.5038504e-06  1.4149212e-07  1.8646837e-07  1.7511184e-07  1.8732519e-07
  0.00063612315   3.485602e-05              0 -6.6486252e-07 -5.8481028e-06 -5.0164727e-06  0.00033751764 -4.3757596e-05  -3.329759e-05 -3.5623072e-05 -4.9390404e-05 -6.6420919e-06 -7.4343959e-06 -7.1151682e-06 -6.9609158e-06
 -0.00040648694 -3.0971122e-05              0 -2.8051958e-06    4.55338e-06  3.9419358e-06 -4.3757596e-05  3.4250999e-05  2.3716189e-05  2.3484144e-05  3.2812825e-05   1.789629e-06  1.7650221e-06   1.695137e-06  1.7602377e-06
 -0.00032004733 -2.4578279e-05              0 -1.8893226e-06  3.5565756e-06  3.0984354e-06  -3.329759e-05  2.3716189e-05  2.2626153e-05  1.8716916e-05  2.5926502e-05  1.3567045e-06  1.3823335e-06   1.362148e-06  1.3459045e-06
 -0.00031999059 -2.4157951e-05              0 -1.9375201e-06   3.625633e-06    3.13992e-06 -3.5623072e-05  2.3484144e-05  1.8716916e-05  2.2447996e-05  2.6010146e-05  1.4259394e-06  1.3541097e-06  1.3463168e-06   1.435194e-06
 -0.00044242791 -3.5010858e-05              0 -2.5096962e-06  5.1903498e-06  4.5038504e-06 -4.9390404e-05  3.2812825e-05  2.5926502e-05  2.6010146e-05  4.1025325e-05  1.8622783e-06  1.9039249e-06  1.8694389e-06  2.0265393e-06
 -2.4197134e-05 -1.2776699e-06              0 -2.9892322e-07  1.5492652e-07  1.4149212e-07 -6.6420919e-06   1.789629e-06  1.3567045e-06  1.4259394e-06  1.8622783e-06  3.9880677e-07  1.9742115e-07  1.9517674e-07  1.8503851e-07
 -2.5103098e-05 -1.3966446e-06              0 -1.9742679e-07  2.1032961e-07  1.8646837e-07 -7.4343959e-06  1.7650221e-06  1.3823335e-06  1.3541097e-06  1.9039249e-06  1.9742115e-07  7.4448221e-07  2.2229579e-07  1.9246034e-07
 -2.3894961e-05 -1.3450888e-06              0 -1.8137889e-07  1.9726407e-07  1.7511184e-07 -7.1151682e-06   1.695137e-06   1.362148e-06  1.3463168e-06  1.8694389e-06  1.9517674e-07  2.2229579e-07  4.6069656e-07  1.8645046e-07
 -2.4613437e-05 -1.4418672e-06              0 -1.1309213e-07   2.134625e-07  1.8732519e-07 -6.9609158e-06  1.7602377e-06  1.3459045e-06   1.435194e-06  2.0265393e-06  1.8503851e-07  1.9246034e-07  1.8645046e-07  3.5986086e-07


# ext. ||   Name    ||   type  ||     Value     ||  Error +/- 

   0   ||Natural mortality || limited ||    0.04279581727499 ||0.001305742121485
   1   ||Targeted q || limited ||      9.927150273675 ||0.1301469840239
   2   ||Nontargeted q || limited ||                   2 ||22.06548931833
   3   ||     sigma || limited ||       2.81177383772 ||0.1389564010394
   4   ||  Biomass1 || limited ||      1.908820818815 ||0.05076073284296
   5   ||  Biomass2 || limited ||      1.596178278834 ||0.03712668449954
   6   ||  vm_sigma || limited ||      21.16021597203 ||0.4583596157409
   7   ||Recruit year 1 || limited ||      4.593050771041 ||0.08653418741384
   8   ||Recruit year 2 || limited ||      2.627484008903 ||0.05369696696381
   9   ||Recruit year 3 || limited ||      3.163045504086 ||0.05854080075746
  10   ||Recruit year 4 || limited ||      5.342661650949 ||0.1017556877
  11   ||Mean Rec dist 1 || limited ||     0.5380287712576 ||0.004458992599173
  12   ||Mean Rec dist 2 || limited ||     0.9761927632651 ||0.006072015970238
  13   ||Mean Rec dist 3 || limited ||     0.3925333011113 ||0.004795762044214
  14   ||Mean Rec dist 4 || limited ||     0.5143066029028 ||0.004236206839505





