# Minimum negative log likelihood

Minuit did successfully converge.
# of function calls: 961
minimum function Value: 692.3458987983
minimum edm: 2.064935740924e-05
minimum internal state vector: LAVector parameters:
    0.02267799666648
     -1.175643706058
     -1.287002217587
     -1.045104697855
      -1.40377156981
     -1.410913102466
     0.1647065812677
     -1.133267825224
     -1.125042009701
    -0.9697224158421
     -1.185035642163
    0.01939834465871
    0.06605573969122
     0.1004266723441
    0.02471078084008

minimum internal covariance matrix: LASymMatrix parameters:
    0.020481659  -0.0017710281              0 -4.6303463e-05  0.00077301007  0.00072279453  -0.0097164643   0.0028204497   0.0029460737   0.0040113935   0.0023308956  9.9889182e-05  0.00011525519  9.2745916e-05  8.8788203e-05
  -0.0017710281  0.00017655037              0  5.1241297e-06 -7.7510265e-05 -7.2152309e-05  0.00062270201 -0.00025260491 -0.00026448467 -0.00036150717 -0.00021416525 -7.0239632e-06 -7.9349639e-06 -6.2289995e-06 -7.6815724e-06
              0              0              2              0              0              0              0              0              0              0              0              0              0              0              0
 -4.6303463e-05  5.1241297e-06              0  0.00036723354 -6.1239247e-06 -5.2127749e-06  0.00013597104 -5.0224497e-06 -8.2004498e-06 -1.2629278e-05    9.50462e-07  -8.680278e-07 -9.8703416e-07 -9.1778614e-07 -8.9364542e-07
  0.00077301007 -7.7510265e-05              0 -6.1239247e-06  5.3072842e-05  4.7509918e-05 -0.00028938601  0.00011154985  0.00011606976  0.00015882372  9.4155669e-05  2.9039997e-06   3.534595e-06  2.8936342e-06  3.4950573e-06
  0.00072279453 -7.2152309e-05              0 -5.2127749e-06  4.7509918e-05  4.2785693e-05 -0.00026839743  0.00010391837  0.00010832514   0.0001481851  8.7916005e-05   2.802887e-06  3.2980967e-06   2.707022e-06   3.255372e-06
  -0.0097164643  0.00062270201              0  0.00013597104 -0.00028938601 -0.00026839743    0.031297779  -0.0012388358  -0.0012275037  -0.0017198088  -0.0010223118 -0.00012947178  -0.0001556132 -0.00016145624 -0.00010450952
   0.0028204497 -0.00025260491              0 -5.0224497e-06  0.00011154985  0.00010391837  -0.0012388358  0.00041923041  0.00040921026   0.0005581217  0.00032630721  1.2745945e-05  1.5252538e-05  1.1855054e-05  1.2043277e-05
   0.0029460737 -0.00026448467              0 -8.2004498e-06  0.00011606976  0.00010832514  -0.0012275037  0.00040921026  0.00045767032  0.00058436361  0.00034066463   1.372392e-05  1.5388426e-05   1.271903e-05  1.2929975e-05
   0.0040113935 -0.00036150717              0 -1.2629278e-05  0.00015882372   0.0001481851  -0.0017198088   0.0005581217  0.00058436361  0.00082361115  0.00046213318  1.8524989e-05  2.1327251e-05  1.6396043e-05  1.7899025e-05
   0.0023308956 -0.00021416525              0    9.50462e-07  9.4155669e-05  8.7916005e-05  -0.0010223118  0.00032630721  0.00034066463  0.00046213318  0.00031877461  1.0717411e-05  1.1907848e-05  9.8501635e-06  1.1701267e-05
  9.9889182e-05 -7.0239632e-06              0  -8.680278e-07  2.9039997e-06   2.802887e-06 -0.00012947178  1.2745945e-05   1.372392e-05  1.8524989e-05  1.0717411e-05  2.7545234e-06  8.5886723e-07  9.1546422e-07     5.9505e-07
  0.00011525519 -7.9349639e-06              0 -9.8703416e-07   3.534595e-06  3.2980967e-06  -0.0001556132  1.5252538e-05  1.5388426e-05  2.1327251e-05  1.1907848e-05  8.5886723e-07  3.5758828e-06  1.0332623e-06   7.181344e-07
  9.2745916e-05 -6.2289995e-06              0 -9.1778614e-07  2.8936342e-06   2.707022e-06 -0.00016145624  1.1855054e-05   1.271903e-05  1.6396043e-05  9.8501635e-06  9.1546422e-07  1.0332623e-06  2.8522359e-06  8.4493241e-07
  8.8788203e-05 -7.6815724e-06              0 -8.9364542e-07  3.4950573e-06   3.255372e-06 -0.00010450952  1.2043277e-05  1.2929975e-05  1.7899025e-05  1.1701267e-05     5.9505e-07   7.181344e-07  8.4493241e-07  3.6080836e-06


# ext. ||   Name    ||   type  ||     Value     ||  Error +/- 

   0   ||Natural mortality || limited ||    0.04556690132165 ||0.002524959287397
   1   ||Targeted q || limited ||      3.853108804784 ||0.1808365410804
   2   ||Nontargeted q || limited ||                   2 ||22.06548931833
   3   ||     sigma || limited ||      6.751145936642 ||0.3399800080165
   4   ||  Biomass1 || limited ||      6.958118730365 ||0.4282022569121
   5   ||  Biomass2 || limited ||      6.377059432547 ||0.3681745607091
   6   ||  vm_sigma || limited ||      46.55893363058 ||4.923176123927
   7   ||Recruit year 1 || limited ||      4.719448627074 ||0.3066785351488
   8   ||Recruit year 2 || limited ||      4.895226083571 ||0.3260530789236
   9   ||Recruit year 3 || limited ||      8.772685475506 ||0.573716527143
  10   ||Recruit year 4 || limited ||      3.684008437651 ||0.2374841343668
  11   ||Mean Rec dist 1 || limited ||     0.1939712809574 ||0.01173346867166
  12   ||Mean Rec dist 2 || limited ||     0.6600771266677 ||0.01334222709559
  13   ||Mean Rec dist 3 || limited ||      1.002579483062 ||0.01188184501827
  14   ||Mean Rec dist 4 || limited ||     0.2470826608961 ||0.01342735768679





