# Minimum negative log likelihood

Minuit did successfully converge.
# of function calls: 1497
minimum function Value: 647.5827218534
minimum edm: 3.514522033308e-05
minimum internal state vector: LAVector parameters:
      1.403620767163
     -1.080417244937
     -1.287002217587
     -1.099817498855
     -1.437477828106
     -1.446799107644
      2.818127530766
     -1.003362513387
    -0.9136341314335
     -1.099567806573
     -1.215333456159
    0.07845905436726
    0.04404608669627
     0.1140873947616
    0.06866962970116

minimum internal covariance matrix: LASymMatrix parameters:
     0.38743157   -0.005683996              0   0.0003952434   0.0015596201   0.0014071953    0.023229697   0.0096838874    0.010811961    0.007793975    0.006013969  0.00023080967  0.00022586833  0.00020732486  0.00026684417
   -0.005683996  0.00010275494              0 -5.3993264e-06 -2.8361598e-05 -2.5349962e-05 -0.00021565376 -0.00014973226 -0.00016827612 -0.00012103777 -9.6128057e-05 -2.4685698e-06 -2.0576547e-06 -1.6776899e-06 -3.4099955e-06
              0              0              2              0              0              0              0              0              0              0              0              0              0              0              0
   0.0003952434 -5.3993264e-06              0  0.00029176318  5.7027279e-06   4.827722e-06  -6.507173e-06  2.7661869e-06  1.5679123e-05   2.580971e-06  1.7789706e-06   9.920335e-07  3.0078711e-07  6.7303746e-07 -4.4548868e-07
   0.0015596201 -2.8361598e-05              0  5.7027279e-06  1.8257992e-05  1.5311864e-05  6.7840057e-05  4.1533234e-05   4.680263e-05  3.2444518e-05  2.7161539e-05  8.5719769e-07  7.0128404e-07  4.1481149e-07  9.4755433e-07
   0.0014071953 -2.5349962e-05              0   4.827722e-06  1.5311864e-05  1.3002189e-05   6.048153e-05  3.7203135e-05  4.2180248e-05  2.9266565e-05  2.4302546e-05  7.7762523e-07  6.3302115e-07  3.9006306e-07  8.3891551e-07
    0.023229697 -0.00021565376              0  -6.507173e-06  6.7840057e-05   6.048153e-05    0.012915696  0.00052133023  0.00058262271  0.00038822241  0.00036330757  4.8020273e-05  5.5378729e-05  5.4355266e-05  5.3794209e-05
   0.0096838874 -0.00014973226              0  2.7661869e-06  4.1533234e-05  3.7203135e-05  0.00052133023  0.00026840865  0.00027121502  0.00019841333  0.00015224135  4.8626398e-06  5.2048839e-06  4.6054349e-06  6.4142595e-06
    0.010811961 -0.00016827612              0  1.5679123e-05   4.680263e-05  4.2180248e-05  0.00058262271  0.00027121502  0.00033223787  0.00021951839  0.00016997877  6.0582234e-06  5.6240815e-06  5.2094492e-06  7.5862214e-06
    0.007793975 -0.00012103777              0   2.580971e-06  3.2444518e-05  2.9266565e-05  0.00038822241  0.00019841333  0.00021951839  0.00018162919  0.00012299199  3.7787096e-06  3.9533519e-06  2.8741465e-06  4.9895048e-06
    0.006013969 -9.6128057e-05              0  1.7789706e-06  2.7161539e-05  2.4302546e-05  0.00036330757  0.00015224135  0.00016997877  0.00012299199  0.00012737774  3.5739564e-06  3.1512082e-06  3.0892607e-06  4.0185889e-06
  0.00023080967 -2.4685698e-06              0   9.920335e-07  8.5719769e-07  7.7762523e-07  4.8020273e-05  4.8626398e-06  6.0582234e-06  3.7787096e-06  3.5739564e-06  1.0802013e-06  2.7602823e-07  3.8156833e-07  2.4712771e-07
  0.00022586833 -2.0576547e-06              0  3.0078711e-07  7.0128404e-07  6.3302115e-07  5.5378729e-05  5.2048839e-06  5.6240815e-06  3.9533519e-06  3.1512082e-06  2.7602823e-07  6.7235532e-07  3.1059946e-07  1.8748578e-07
  0.00020732486 -1.6776899e-06              0  6.7303746e-07  4.1481149e-07  3.9006306e-07  5.4355266e-05  4.6054349e-06  5.2094492e-06  2.8741465e-06  3.0892607e-06  3.8156833e-07  3.1059946e-07  1.6342501e-06  3.5158953e-07
  0.00026684417 -3.4099955e-06              0 -4.4548868e-07  9.4755433e-07  8.3891551e-07  5.3794209e-05  6.4142595e-06  7.5862214e-06  4.9895048e-06  4.0185889e-06  2.4712771e-07  1.8748578e-07  3.5158953e-07  2.5509905e-06


# ext. ||   Name    ||   type  ||     Value     ||  Error +/- 

   0   ||Natural mortality || limited ||     0.0696514670125 ||0.00234939277249
   1   ||Targeted q || limited ||      5.892280525933 ||0.1687862159037
   2   ||Nontargeted q || limited ||                   2 ||22.06548931833
   3   ||     sigma || limited ||       5.44377182956 ||0.2740215455962
   4   ||  Biomass1 || limited ||      4.436877988833 ||0.2008093755617
   5   ||  Biomass2 || limited ||      3.838905109212 ||0.1576744200943
   6   ||  vm_sigma || limited ||      52.71449638648 ||3.044410888967
   7   ||Recruit year 1 || limited ||      7.845066510925 ||0.3112821265139
   8   ||Recruit year 2 || limited ||      10.42251094209 ||0.3936177912847
   9   ||Recruit year 3 || limited ||       5.45889327766 ||0.2162896551551
  10   ||Recruit year 4 || limited ||      3.135412477158 ||0.1388555817948
  11   ||Mean Rec dist 1 || limited ||     0.7837858246178 ||0.007326544981374
  12   ||Mean Rec dist 2 || limited ||     0.4403184608572 ||0.005792459257054
  13   ||Mean Rec dist 3 || limited ||      1.138400634523 ||0.008980730760761
  14   ||Mean Rec dist 4 || limited ||     0.6861567361129 ||0.01126716268666





