# Minimum negative log likelihood

Minuit did successfully converge.
# of function calls: 1337
minimum function Value: 421.2020986057
minimum edm: 4.74011227335e-06
minimum internal state vector: LAVector parameters:
    -0.3305686707658
    -0.9454453626588
     -1.287002217587
     -1.299171738757
     -1.382007092487
     -1.393062240831
     0.7602268327683
      3.100007423491
     -1.180885030883
     -1.180756085181
     -1.040308749217
     -1.157902896639

minimum internal covariance matrix: LASymMatrix parameters:
    0.012787036 -0.00092323319              0 -1.2757579e-05  0.00026742018  0.00025826803 -1.3392078e-05 -6.1709915e-05  0.00053645422  0.00064545286  0.00069717528  0.00061997846
 -0.00092323319   6.882785e-05              0  1.5366682e-06 -1.9880076e-05 -1.9169814e-05  1.6110993e-06  1.2249204e-05 -3.8841699e-05 -4.6780288e-05 -5.0508128e-05 -4.5182131e-05
              0              0              2              0              0              0              0              0              0              0              0              0
 -1.2757579e-05  1.5366682e-06              0  9.1238231e-05  1.5490608e-08 -7.4956644e-08 -7.4936625e-08 -8.6878358e-06 -6.5613357e-07  -7.702379e-07 -8.8330374e-07 -1.2390087e-07
  0.00026742018 -1.9880076e-05              0  1.5490608e-08  6.8388533e-06  6.4064588e-06 -4.3525308e-07 -3.8077828e-06  1.1216052e-05  1.3577241e-05  1.4628134e-05  1.3182881e-05
  0.00025826803 -1.9169814e-05              0 -7.4956644e-08  6.4064588e-06  6.0389761e-06 -4.2051375e-07 -3.5304447e-06  1.0839551e-05  1.3103665e-05  1.4124713e-05   1.269989e-05
 -1.3392078e-05  1.6110993e-06              0 -7.4936625e-08 -4.3525308e-07 -4.2051375e-07  7.6256613e-07  8.9846669e-06 -6.5160619e-07  -7.413892e-07 -7.5797519e-07 -6.8505689e-07
 -6.1709915e-05  1.2249204e-05              0 -8.6878358e-06 -3.8077828e-06 -3.5304447e-06  8.9846669e-06  0.00047111736 -3.1304042e-06  -3.110078e-06 -3.0310783e-06 -3.4023322e-06
  0.00053645422 -3.8841699e-05              0 -6.5613357e-07  1.1216052e-05  1.0839551e-05 -6.5160619e-07 -3.1304042e-06  2.3857539e-05   2.707082e-05  2.9247018e-05  2.6021891e-05
  0.00064545286 -4.6780288e-05              0  -7.702379e-07  1.3577241e-05  1.3103665e-05  -7.413892e-07  -3.110078e-06   2.707082e-05  3.3997253e-05  3.5241733e-05  3.1337612e-05
  0.00069717528 -5.0508128e-05              0 -8.8330374e-07  1.4628134e-05  1.4124713e-05 -7.5797519e-07 -3.0310783e-06  2.9247018e-05  3.5241733e-05   3.945833e-05  3.3807377e-05
  0.00061997846 -4.5182131e-05              0 -1.2390087e-07  1.3182881e-05   1.269989e-05 -6.8505689e-07 -3.4023322e-06  2.6021891e-05  3.1337612e-05  3.3807377e-05  3.2730926e-05


# ext. ||   Name    ||   type  ||     Value     ||  Error +/- 

   0   ||Natural mortality || limited ||    0.03688547593514 ||0.001888743480303
   1   ||Targeted q || limited ||      9.462113929751 ||0.1717014156663
   2   ||Nontargeted q || limited ||                   2 ||22.06548931833
   3   ||     sigma || limited ||      1.833185198908 ||0.0906057270308
   4   ||  Biomass1 || limited ||      8.883910427063 ||0.1735164870232
   5   ||  Biomass2 || limited ||      7.876583820808 ||0.1536095577799
   6   ||   vm_mean || limited ||      2.164827025029 ||0.001405787617457
   7   ||  vm_sigma || limited ||      41.66340902783 ||0.6133543347032
   8   ||Recruit year 1 || limited ||      3.762485689653 ||0.06563397061063
   9   ||Recruit year 2 || limited ||      3.764936483156 ||0.07837429612859
  10   ||Recruit year 3 || limited ||      6.881288740213 ||0.1123545085187
  11   ||Recruit year 4 || limited ||      4.211397961225 ||0.08115528209363





