# Minimum negative log likelihood

Minuit did successfully converge.
# of function calls: 1030
minimum function Value: 555.3045815495
minimum edm: 4.969371348172e-05
minimum internal state vector: LAVector parameters:
     0.6916304426077
     -1.266980868575
     -1.287002217587
     -1.194765773692
     -1.455610725334
     -1.460270796877
   -0.03704902674621
      -1.13932039946
     -1.006462899969
     -1.037833571368
     -1.257554878578
    0.09942305975703
    0.06788815634782
    0.04626516723514
     0.1025529097903

minimum internal covariance matrix: LASymMatrix parameters:
    0.018557426  -0.0016058227              0  5.0308561e-06  0.00061379255  0.00058034384  -0.0054341806   0.0028545296   0.0038301199   0.0036041611   0.0021040737  6.6986093e-05  8.3018029e-05  8.5413064e-05  7.4094854e-05
  -0.0016058227  0.00015243095              0  6.1606162e-07 -5.8116988e-05 -5.4875945e-05  0.00038491781 -0.00025805675 -0.00034546124 -0.00032434089 -0.00019259781 -4.6574321e-06 -6.2182112e-06 -6.3636889e-06 -6.3281973e-06
              0              0              2              0              0              0              0              0              0              0              0              0              0              0              0
  5.0308561e-06  6.1606162e-07              0   0.0001819186 -1.5586596e-06 -1.5964123e-06 -2.0626444e-05  4.6068421e-07  8.1880899e-07 -9.6326061e-07  -9.176679e-07  8.4172037e-07  2.4368736e-07   3.350176e-07 -1.0944093e-07
  0.00061379255 -5.8116988e-05              0 -1.5586596e-06  3.0193761e-05  2.7776829e-05  -0.0001375074  9.9420094e-05  0.00013254976  0.00012450608  7.3859865e-05  1.6057279e-06  2.3353031e-06  2.4061117e-06  2.2371372e-06
  0.00058034384 -5.4875945e-05              0 -1.5964123e-06  2.7776829e-05  2.5644631e-05 -0.00013049968  9.3837063e-05  0.00012519743  0.00011761953  6.9779611e-05  1.5460391e-06  2.2120463e-06  2.2722065e-06  2.1547549e-06
  -0.0054341806  0.00038491781              0 -2.0626444e-05  -0.0001375074 -0.00013049968    0.008784285  -0.0007426133  -0.0010172014 -0.00097115195 -0.00055017323 -5.9886779e-05 -6.0967039e-05 -6.1862234e-05 -4.9620381e-05
   0.0028545296 -0.00025805675              0  4.6068421e-07  9.9420094e-05  9.3837063e-05  -0.0007426133  0.00046178207  0.00060149099  0.00056587586  0.00033235817  8.5514998e-06  1.2063718e-05    1.23172e-05  1.1511919e-05
   0.0038301199 -0.00034546124              0  8.1880899e-07  0.00013254976  0.00012519743  -0.0010172014  0.00060149099  0.00081969321  0.00075780436   0.0004451089  1.2667902e-05   1.580541e-05  1.6655213e-05  1.5210668e-05
   0.0036041611 -0.00032434089              0 -9.6326061e-07  0.00012450608  0.00011761953 -0.00097115195  0.00056587586  0.00075780436  0.00072521511  0.00041919322  1.2025957e-05  1.5248205e-05  1.5541902e-05  1.4365529e-05
   0.0021040737 -0.00019259781              0  -9.176679e-07  7.3859865e-05  6.9779611e-05 -0.00055017323  0.00033235817   0.0004451089  0.00041919322  0.00027508429  6.9545815e-06  8.5190598e-06  8.8817367e-06  9.4901288e-06
  6.6986093e-05 -4.6574321e-06              0  8.4172037e-07  1.6057279e-06  1.5460391e-06 -5.9886779e-05  8.5514998e-06  1.2667902e-05  1.2025957e-05  6.9545815e-06  2.5581579e-06  5.3187985e-07  3.8020011e-07  4.0205786e-07
  8.3018029e-05 -6.2182112e-06              0  2.4368736e-07  2.3353031e-06  2.2120463e-06 -6.0967039e-05  1.2063718e-05   1.580541e-05  1.5248205e-05  8.5190598e-06  5.3187985e-07  1.5157834e-06  5.9123555e-07  3.2370799e-07
  8.5413064e-05 -6.3636889e-06              0   3.350176e-07  2.4061117e-06  2.2722065e-06 -6.1862234e-05    1.23172e-05  1.6655213e-05  1.5541902e-05  8.8817367e-06  3.8020011e-07  5.9123555e-07  1.4576313e-06  4.7797786e-07
  7.4094854e-05 -6.3281973e-06              0 -1.0944093e-07  2.2371372e-06  2.1547549e-06 -4.9620381e-05  1.1511919e-05  1.5210668e-05  1.4365529e-05  9.4901288e-06  4.0205786e-07  3.2370799e-07  4.7797786e-07   5.874044e-06


# ext. ||   Name    ||   type  ||     Value     ||  Error +/- 

   0   ||Natural mortality || limited ||    0.06094484519904 ||0.001851908815839
   1   ||Targeted q || limited ||      2.289900344653 ||0.1305852382949
   2   ||Nontargeted q || limited ||                   2 ||22.06548931833
   3   ||     sigma || limited ||      3.493516771518 ||0.1751163234125
   4   ||  Biomass1 || limited ||      3.313264974421 ||0.2232800603055
   5   ||  Biomass2 || limited ||       3.05086553913 ||0.1974832833964
   6   ||  vm_sigma || limited ||      38.51889645796 ||2.647138606631
   7   ||Recruit year 1 || limited ||      4.592067304536 ||0.3176945743329
   8   ||Recruit year 2 || limited ||      7.761959397369 ||0.5413046839109
   9   ||Recruit year 3 || limited ||      6.944030815933 ||0.4836789417674
  10   ||Recruit year 4 || limited ||      2.442769860163 ||0.1806708906471
  11   ||Mean Rec dist 1 || limited ||     0.9925934211853 ||0.01125378339454
  12   ||Mean Rec dist 2 || limited ||     0.6783602118742 ||0.008685642726965
  13   ||Mean Rec dist 3 || limited ||     0.4624866416753 ||0.008527933867511
  14   ||Mean Rec dist 4 || limited ||      1.023732444382 ||0.01704769296949





