# Minimum negative log likelihood

Minuit did successfully converge.
# of function calls: 808
minimum function Value: 375.4116992589
minimum edm: 2.828619621954e-05
minimum internal state vector: LAVector parameters:
    -0.4924720206455
     -1.192212446697
     -1.287002217587
     -1.327639268808
     -1.509909459487
     -1.510435776128
    -0.6846715565965
    -0.2515338155112
    -0.9530854474811
     -1.482940828329
     -1.314155274575
     -1.177236345659

minimum internal covariance matrix: LASymMatrix parameters:
   0.0084166978 -0.00088001914              0  1.0229193e-05   0.0001484259  0.00013663456  5.0992253e-05 -0.00061798462   0.0016624319  0.00026540793  0.00056960896  0.00096706513
 -0.00088001914  9.3775519e-05              0  -1.298506e-06 -1.5721408e-05  -1.452526e-05 -4.6138134e-06  5.2065807e-05 -0.00017491962 -2.6232364e-05 -5.9971112e-05 -0.00010185058
              0              0              2              0              0              0              0              0              0              0              0              0
  1.0229193e-05  -1.298506e-06              0  8.0295796e-05  3.8020937e-08  7.8876258e-08  3.1599864e-07 -1.7960657e-05  2.5084211e-06 -2.9764004e-07  3.2137577e-07  1.3742252e-06
   0.0001484259 -1.5721408e-05              0  3.8020937e-08  6.0746507e-06  4.7756418e-06  7.7443959e-07 -1.8718455e-05  3.1295883e-05  4.6359596e-06  1.0083935e-05  1.7234316e-05
  0.00013663456  -1.452526e-05              0  7.8876258e-08  4.7756418e-06  3.9788617e-06  7.2400721e-07 -1.0513008e-05  2.8045677e-05  4.1757188e-06  9.2978239e-06  1.5862132e-05
  5.0992253e-05 -4.6138134e-06              0  3.1599864e-07  7.7443959e-07  7.2400721e-07  1.6492979e-06 -2.2713948e-05  9.5076396e-06  2.0751543e-06  3.2871904e-06  5.5794049e-06
 -0.00061798462  5.2065807e-05              0 -1.7960657e-05 -1.8718455e-05 -1.0513008e-05 -2.2713948e-05  0.00080557303 -0.00013000025 -3.0288127e-05 -3.8304744e-05 -6.6478623e-05
   0.0016624319 -0.00017491962              0  2.5084211e-06  3.1295883e-05  2.8045677e-05  9.5076396e-06 -0.00013000025  0.00033219924  5.1124504e-05  0.00011266185    0.000191483
  0.00026540793 -2.6232364e-05              0 -2.9764004e-07  4.6359596e-06  4.1757188e-06  2.0751543e-06 -3.0288127e-05  5.1124504e-05  1.3739709e-05  1.7675355e-05  2.9650693e-05
  0.00056960896 -5.9971112e-05              0  3.2137577e-07  1.0083935e-05  9.2978239e-06  3.2871904e-06 -3.8304744e-05  0.00011266185  1.7675355e-05   3.975555e-05  6.5632433e-05
  0.00096706513 -0.00010185058              0  1.3742252e-06  1.7234316e-05  1.5862132e-05  5.5794049e-06 -6.6478623e-05    0.000191483  2.9650693e-05  6.5632433e-05  0.00011257929


# ext. ||   Name    ||   type  ||     Value     ||  Error +/- 

   0   ||Natural mortality || limited ||    0.03317986017444 ||0.001428069470021
   1   ||Targeted q || limited ||      3.540551395503 ||0.1265418517795
   2   ||Nontargeted q || limited ||                   2 ||22.06548931833
   3   ||     sigma || limited ||      1.470865277135 ||0.07627764598784
   4   ||  Biomass1 || limited ||     0.9265163669594 ||0.05302378198499
   5   ||  Biomass2 || limited ||     0.9105725041415 ||0.04254257042241
   6   ||   vm_mean || limited ||     -1.986801704938 ||0.002209921737065
   7   ||  vm_sigma || limited ||      30.04503242277 ||0.7774576800484
   8   ||Recruit year 1 || limited ||      9.248756896125 ||0.3731688246823
   9   ||Recruit year 2 || limited ||     0.2028213451966 ||0.0114976731504
  10   ||Recruit year 3 || limited ||      1.647433990087 ||0.05657925093434
  11   ||Recruit year 4 || limited ||      3.832130836955 ||0.1438394326503





