# Minimum negative log likelihood

Minuit did successfully converge.
# of function calls: 1673
minimum function Value: 418.5424445725
minimum edm: 5.302312473453e-06
minimum internal state vector: LAVector parameters:
    -0.5032666270689
     -1.154496850558
     -1.287002217587
     -1.300919707005
     -1.451545638787
     -1.456464892312
    0.08226738883406
     -1.182719742181
     -1.409059777838
     -1.497149093725
     -1.441510297874
    0.08590475559202
    0.06468291325953
    0.02969790879065
    0.02767503488922

minimum internal covariance matrix: LASymMatrix parameters:
   0.0084766197 -0.00055649556              0  1.4506614e-06  0.00016881853  0.00015817702  -0.0037601928  0.00087337061  0.00037312695  0.00017665838  0.00026477337  4.6161191e-05  5.1581174e-05  5.1502415e-05  4.0997897e-05
 -0.00055649556  4.2202963e-05              0  8.3031324e-07  -1.256353e-05 -1.1699387e-05  0.00019282033  -5.858907e-05  -2.483407e-05 -1.1420385e-05  -1.853148e-05  -2.418702e-06 -3.5368898e-06 -3.6576425e-06 -2.2611299e-06
              0              0      6.4511052              0              0              0              0              0              0              0              0              0              0              0              0
  1.4506614e-06  8.3031324e-07              0  9.5110008e-05 -7.7591329e-08 -8.6333709e-08  1.2380727e-05 -2.3759278e-07  2.7131668e-07  1.0454807e-08 -3.5687299e-07 -7.0481974e-08  1.5687881e-06 -1.0877099e-07 -7.8882863e-07
  0.00016881853  -1.256353e-05              0 -7.7591329e-08  4.9660262e-06  4.5250361e-06 -5.8829857e-05   1.778195e-05  7.5084411e-06  3.4838148e-06   5.609421e-06  7.0817935e-07  1.0685291e-06  1.0705499e-06  7.3009679e-07
  0.00015817702 -1.1699387e-05              0 -8.6333709e-08  4.5250361e-06  4.1377276e-06 -5.5562148e-05   1.663916e-05  7.0273475e-06  3.2629101e-06  5.2372545e-06  6.7543024e-07  9.9356335e-07  1.0014085e-06  6.9370555e-07
  -0.0037601928  0.00019282033              0  1.2380727e-05 -5.8829857e-05 -5.5562148e-05   0.0094257476 -0.00037313907 -0.00015546509 -8.0179972e-05 -0.00011457331 -5.3009212e-05 -3.3629264e-05 -3.1276699e-05 -5.4649514e-05
  0.00087337061  -5.858907e-05              0 -2.3759278e-07   1.778195e-05   1.663916e-05 -0.00037313907  9.1750847e-05  3.8351248e-05   1.816748e-05  2.7465364e-05  4.5735579e-06  5.3402418e-06   5.370685e-06   4.156742e-06
  0.00037312695  -2.483407e-05              0  2.7131668e-07  7.5084411e-06  7.0273475e-06 -0.00015546509  3.8351248e-05   1.836078e-05  7.6391416e-06  1.1766873e-05  1.9031074e-06  2.0520959e-06  2.3289308e-06   1.668398e-06
  0.00017665838 -1.1420385e-05              0  1.0454807e-08  3.4838148e-06  3.2629101e-06 -8.0179972e-05   1.816748e-05  7.6391416e-06  5.4837976e-06  5.5160148e-06  1.0385032e-06  9.5567763e-07  6.0893652e-07  8.8783147e-07
  0.00026477337  -1.853148e-05              0 -3.5687299e-07   5.609421e-06  5.2372545e-06 -0.00011457331  2.7465364e-05  1.1766873e-05  5.5160148e-06  1.1309645e-05  1.3190635e-06  1.6984873e-06   1.671052e-06  1.5737457e-06
  4.6161191e-05  -2.418702e-06              0 -7.0481974e-08  7.0817935e-07  6.7543024e-07 -5.3009212e-05  4.5735579e-06  1.9031074e-06  1.0385032e-06  1.3190635e-06  7.2359172e-07  2.6901909e-07  2.6449901e-07  3.6090819e-07
  5.1581174e-05 -3.5368898e-06              0  1.5687881e-06  1.0685291e-06  9.9356335e-07 -3.3629264e-05  5.3402418e-06  2.0520959e-06  9.5567763e-07  1.6984873e-06  2.6901909e-07  2.7591084e-06  5.6595338e-07  1.7561488e-07
  5.1502415e-05 -3.6576425e-06              0 -1.0877099e-07  1.0705499e-06  1.0014085e-06 -3.1276699e-05   5.370685e-06  2.3289308e-06  6.0893652e-07   1.671052e-06  2.6449901e-07  5.6595338e-07  6.4631789e-06  3.0087696e-07
  4.0997897e-05 -2.2611299e-06              0 -7.8882863e-07  7.3009679e-07  6.9370555e-07 -5.4649514e-05   4.156742e-06   1.668398e-06  8.8783147e-07  1.5737457e-06  3.6090819e-07  1.7561488e-07  3.0087696e-07  1.7021877e-06


# ext. ||   Name    ||   type  ||     Value     ||  Error +/- 

   0   ||Natural mortality || limited ||    0.03294275723699 ||0.001424752683603
   1   ||Targeted q || limited ||      4.270419387088 ||0.0928780931026
   2   ||Nontargeted q || limited ||                   2 ||72.53563650632
   3   ||     sigma || limited ||       1.80981007945 ||0.09192745172304
   4   ||  Biomass1 || limited ||      3.550970538695 ||0.09373254401521
   5   ||  Biomass2 || limited ||      3.264361013069 ||0.08204552244132
   6   ||  vm_sigma || limited ||      43.28744385943 ||2.734544455987
   7   ||Recruit year 1 || limited ||      3.727697753472 ||0.1281369675515
   8   ||Recruit year 2 || limited ||     0.6624781902977 ||0.02439324431392
   9   ||Recruit year 3 || limited ||     0.1455230416123 ||0.006091382233287
  10   ||Recruit year 4 || limited ||     0.4272484705308 ||0.0153276903618
  11   ||Mean Rec dist 1 || limited ||     0.8579913706138 ||0.005992766127232
  12   ||Mean Rec dist 2 || limited ||     0.6463781844417 ||0.01172087758072
  13   ||Mean Rec dist 3 || limited ||     0.2969354355991 ||0.01796868567532
  14   ||Mean Rec dist 4 || limited ||     0.2767150227145 ||0.009221940701034





