# Minimum negative log likelihood

Minuit did successfully converge.
# of function calls: 1509
minimum function Value: 289.5741719399
minimum edm: 1.163823862129e-05
minimum internal state vector: LAVector parameters:
    -0.7750480532306
     -1.308354232806
     -1.287002217587
     -1.373129698991
      -1.51215661949
     -1.513754866098
    -0.8396209254985
     -1.062976355761
     -1.118068515384
    -0.9615738535163
     -1.142687553058
     0.1022703205337
    0.09755037983407
     0.0794879298493
    0.02482654075405

minimum internal covariance matrix: LASymMatrix parameters:
  9.6784699e-05 -4.3587964e-05              0 -2.1147733e-06   1.103865e-05  1.0508577e-05 -5.1775162e-05  0.00011181782  0.00010093648  0.00013826013  9.1507833e-05  4.5198732e-06  4.5324964e-06  5.1297383e-06  4.8889493e-06
 -4.3587964e-05  2.1213022e-05              0  1.3419347e-06 -5.2504489e-06  -5.016299e-06  1.7462408e-05 -5.2397621e-05 -4.7066787e-05 -6.4592032e-05 -4.3167216e-05 -1.6837798e-06 -1.7848308e-06  -2.125684e-06 -2.1997475e-06
              0              0              2              0              0              0              0              0              0              0              0              0              0              0              0
 -2.1147733e-06  1.3419347e-06              0   5.607208e-05 -4.9132209e-07 -4.4755368e-07 -3.4742648e-06  -3.497564e-06 -1.5627975e-06 -3.7466925e-06 -2.3691025e-06  3.7625123e-07  1.1332642e-07  1.0683352e-07  3.5631742e-07
   1.103865e-05 -5.2504489e-06              0 -4.9132209e-07  1.9584348e-06  1.8061526e-06 -5.2692118e-06  1.3205237e-05   1.179201e-05   1.622032e-05  1.0825689e-05  4.4059788e-07  5.0701636e-07  5.5642803e-07  5.4184726e-07
  1.0508577e-05  -5.016299e-06              0 -4.4755368e-07  1.8061526e-06  1.6745869e-06 -4.9249033e-06  1.2572263e-05  1.1245686e-05  1.5471172e-05   1.031573e-05  4.1965619e-07  4.7224067e-07  5.2884659e-07  5.1828437e-07
 -5.1775162e-05  1.7462408e-05              0 -3.4742648e-06 -5.2692118e-06 -4.9249033e-06  0.00011968534 -5.1320437e-05 -4.7923032e-05 -6.4857119e-05 -4.1943858e-05 -5.4093503e-06  -4.459557e-06 -4.6071843e-06 -4.1331959e-06
  0.00011181782 -5.2397621e-05              0  -3.497564e-06  1.3205237e-05  1.2572263e-05 -5.1320437e-05  0.00013281367  0.00011852347  0.00016275601  0.00010837988  4.6647686e-06  5.0187237e-06  5.6513252e-06  5.5927452e-06
  0.00010093648 -4.7066787e-05              0 -1.5627975e-06   1.179201e-05  1.1245686e-05 -4.7923032e-05  0.00011852347  0.00010808719  0.00014638259  9.7470392e-05  4.3185212e-06  4.2254945e-06  5.1753881e-06  5.1473318e-06
  0.00013826013 -6.4592032e-05              0 -3.7466925e-06   1.622032e-05  1.5471172e-05 -6.4857119e-05  0.00016275601  0.00014638259  0.00020207972  0.00013331654  5.9263472e-06  6.0603786e-06  6.9830376e-06  7.1029338e-06
  9.1507833e-05 -4.3167216e-05              0 -2.3691025e-06  1.0825689e-05   1.031573e-05 -4.1943858e-05  0.00010837988  9.7470392e-05  0.00013331654  9.1598524e-05  3.8215494e-06  4.0216391e-06  4.5807779e-06  4.7523387e-06
  4.5198732e-06 -1.6837798e-06              0  3.7625123e-07  4.4059788e-07  4.1965619e-07 -5.4093503e-06  4.6647686e-06  4.3185212e-06  5.9263472e-06  3.8215494e-06  5.7074417e-07  3.3353713e-07  3.2223375e-07  2.6941082e-07
  4.5324964e-06 -1.7848308e-06              0  1.1332642e-07  5.0701636e-07  4.7224067e-07  -4.459557e-06  5.0187237e-06  4.2254945e-06  6.0603786e-06  4.0216391e-06  3.3353713e-07  8.0341552e-07  3.1315169e-07  2.1776156e-07
  5.1297383e-06  -2.125684e-06              0  1.0683352e-07  5.5642803e-07  5.2884659e-07 -4.6071843e-06  5.6513252e-06  5.1753881e-06  6.9830376e-06  4.5807779e-06  3.2223375e-07  3.1315169e-07  4.7616595e-07  2.9868044e-07
  4.8889493e-06 -2.1997475e-06              0  3.5631742e-07  5.4184726e-07  5.1828437e-07 -4.1331959e-06  5.5927452e-06  5.1473318e-06  7.1029338e-06  4.7523387e-06  2.6941082e-07  2.1776156e-07  2.9868044e-07  6.6719333e-07


# ext. ||   Name    ||   type  ||     Value     ||  Error +/- 

   0   ||Natural mortality || limited ||    0.04503743928339 ||0.0007454352106203
   1   ||Targeted q || limited ||      1.712035889988 ||0.04224663378225
   2   ||Nontargeted q || limited ||                   2 ||22.06548931833
   3   ||     sigma || limited ||     0.9736260566725 ||0.05199096021606
   4   ||  Biomass1 || limited ||     0.8594075115341 ||0.02899695306119
   5   ||  Biomass2 || limited ||     0.8132115262978 ||0.02608338152793
   6   ||  vm_sigma || limited ||      10.22527026153 ||0.2066171600451
   7   ||Recruit year 1 || limited ||      6.319035359776 ||0.1981110670384
   8   ||Recruit year 2 || limited ||       5.04663379697 ||0.1607657644782
   9   ||Recruit year 3 || limited ||      9.004440975925 ||0.2875651420198
  10   ||Recruit year 4 || limited ||      4.521922730118 ||0.1404619145305
  11   ||Mean Rec dist 1 || limited ||      1.020921358054 ||0.005314110287719
  12   ||Mean Rec dist 2 || limited ||     0.9739573728402 ||0.006307908819737
  13   ||Mean Rec dist 3 || limited ||     0.7940425111407 ||0.004863967852594
  14   ||Mean Rec dist 4 || limited ||     0.2482399049676 ||0.005774002568846





