# Minimum negative log likelihood

Minuit did successfully converge.
# of function calls: 1068
minimum function Value: 657.3467751913
minimum edm: 6.978190136265e-05
minimum internal state vector: LAVector parameters:
    -0.4524298707259
     -1.076784267361
     -1.287002217587
     -1.088475456917
     -1.485488399426
     -1.489615431088
     -1.141328844931
    -0.9892295411501
      -1.10022698808
    -0.9610581710151
    -0.9845763944829
    0.09200771482656
    0.03805755910416
     0.1047531582885
    0.04995906060611

minimum internal covariance matrix: LASymMatrix parameters:
    0.046730358  -0.0025466311              0  0.00013820553  0.00045053167  0.00041358062  -0.0013178941   0.0056808626   0.0044883948   0.0059360733   0.0055148113   0.0005511642  0.00060408862  0.00052504767  0.00056748795
  -0.0025466311  0.00016006528              0 -1.0329023e-05 -2.8313005e-05 -2.6108295e-05   5.002502e-05 -0.00031474768 -0.00024780101 -0.00032854753 -0.00031318648 -2.5014384e-05 -3.0804631e-05 -2.3912959e-05 -2.9525393e-05
              0              0              2              0              0              0              0              0              0              0              0              0              0              0              0
  0.00013820553 -1.0329023e-05              0   0.0003227258  1.3055114e-05  1.0591672e-05 -1.6436564e-06  1.6872575e-05    6.76688e-06  1.7173818e-05  1.8314126e-05  2.8929405e-07  4.1469618e-07  3.5857725e-07  1.6242752e-06
  0.00045053167 -2.8313005e-05              0  1.3055114e-05  1.9744857e-05  1.6469765e-05 -1.0749192e-05  5.6331365e-05  4.3691709e-05  5.7272571e-05  5.4009597e-05  3.9628155e-06  5.6785982e-06  4.7037443e-06  5.3362762e-06
  0.00041358062 -2.6108295e-05              0  1.0591672e-05  1.6469765e-05  1.3914995e-05 -9.2743437e-06  5.1570478e-05  4.0233612e-05  5.2643545e-05  4.9827526e-05   3.692292e-06  5.1761662e-06  4.2548304e-06  4.8542011e-06
  -0.0013178941   5.002502e-05              0 -1.6436564e-06 -1.0749192e-05 -9.2743437e-06  9.9023576e-05 -0.00015319078 -0.00012311565 -0.00016065655 -0.00014752035 -2.4453834e-05 -2.0926367e-05 -2.3998011e-05 -2.1594714e-05
   0.0056808626 -0.00031474768              0  1.6872575e-05  5.6331365e-05  5.1570478e-05 -0.00015319078  0.00070704348  0.00054549509  0.00072256135  0.00067247707  6.5200526e-05  7.3034058e-05  6.2282611e-05  6.8367484e-05
   0.0044883948 -0.00024780101              0    6.76688e-06  4.3691709e-05  4.0233612e-05 -0.00012311565  0.00054549509  0.00045461004  0.00057107283  0.00052981684  5.2434542e-05  5.6735476e-05  4.9273582e-05  5.4237413e-05
   0.0059360733 -0.00032854753              0  1.7173818e-05  5.7272571e-05  5.2643545e-05 -0.00016065655  0.00072256135  0.00057107283  0.00077120372  0.00070270531  6.8644478e-05  7.6149886e-05  6.4996626e-05  7.1905502e-05
   0.0055148113 -0.00031318648              0  1.8314126e-05  5.4009597e-05  4.9827526e-05 -0.00014752035  0.00067247707  0.00052981684  0.00070270531  0.00068892578  6.2375452e-05  7.0365618e-05  5.9153941e-05   6.795862e-05
   0.0005511642 -2.5014384e-05              0  2.8929405e-07  3.9628155e-06   3.692292e-06 -2.4453834e-05  6.5200526e-05  5.2434542e-05  6.8644478e-05  6.2375452e-05  1.0763429e-05  7.8417672e-06  7.6676028e-06  7.3304639e-06
  0.00060408862 -3.0804631e-05              0  4.1469618e-07  5.6785982e-06  5.1761662e-06 -2.0926367e-05  7.3034058e-05  5.6735476e-05  7.6149886e-05  7.0365618e-05  7.8417672e-06  1.1809142e-05   7.517874e-06  7.5254968e-06
  0.00052504767 -2.3912959e-05              0  3.5857725e-07  4.7037443e-06  4.2548304e-06 -2.3998011e-05  6.2282611e-05  4.9273582e-05  6.4996626e-05  5.9153941e-05  7.6676028e-06   7.517874e-06  1.0222369e-05  7.3765113e-06
  0.00056748795 -2.9525393e-05              0  1.6242752e-06  5.3362762e-06  4.8542011e-06 -2.1594714e-05  6.8367484e-05  5.4237413e-05  7.1905502e-05   6.795862e-05  7.3304639e-06  7.5254968e-06  7.3765113e-06  1.0354002e-05


# ext. ||   Name    ||   type  ||     Value     ||  Error +/- 

   0   ||Natural mortality || limited ||    0.03407119455161 ||0.003423567398658
   1   ||Targeted q || limited ||      5.978120831912 ||0.2120921448659
   2   ||Nontargeted q || limited ||                   2 ||22.06548931833
   3   ||     sigma || limited ||      5.703959725365 ||0.2945948295849
   4   ||  Biomass1 || limited ||      1.818257527926 ||0.1338578329372
   5   ||  Biomass2 || limited ||      1.646679810858 ||0.1069480160569
   6   ||  vm_sigma || limited ||      3.633450111934 ||0.1171931249641
   7   ||Recruit year 1 || limited ||      8.229028637535 ||0.5163514309721
   8   ||Recruit year 2 || limited ||      5.443941650775 ||0.3417356017146
   9   ||Recruit year 3 || limited ||      9.019199401029 ||0.5621595925298
  10   ||Recruit year 4 || limited ||      8.357274198832 ||0.5132957007984
  11   ||Mean Rec dist 1 || limited ||     0.9187795577676 ||0.02310037844543
  12   ||Mean Rec dist 2 || limited ||     0.3804837281546 ||0.02428170424757
  13   ||Mean Rec dist 3 || limited ||      1.045616833921 ||0.02248398203444
  14   ||Mean Rec dist 4 || limited ||      0.499382809985 ||0.02272461567596





