# Minimum negative log likelihood

Minuit did successfully converge.
# of function calls: 849
minimum function Value: 514.9069146544
minimum edm: 5.630021552805e-06
minimum internal state vector: LAVector parameters:
    -0.6339345072259
     -1.176438438593
     -1.287002217587
     -1.229938796345
      -1.34772210224
      -1.34642736402
     0.7970159593393
     -1.248680009037
    -0.9370301977932
     -1.279625448082
     -1.082184220488
    -0.9948042342357

minimum internal covariance matrix: LASymMatrix parameters:
    0.019250997  -0.0015230973              0 -0.00014461746  0.00082131484  0.00083060815   7.110469e-06 -0.00012865667   0.0027546597   0.0013549754    0.001915629   0.0022208768
  -0.0015230973  0.00012924621              0  1.3891565e-05 -7.1542954e-05 -7.1749958e-05  7.3121783e-06  6.6346559e-06 -0.00021856725 -0.00010784952 -0.00015568389 -0.00017943339
              0              0              2              0              0              0              0              0              0              0              0              0
 -0.00014461746  1.3891565e-05              0  0.00013021378  -6.494417e-06 -6.7591164e-06  2.4321524e-06 -1.5147851e-06 -2.1018104e-05 -1.0070211e-05 -1.7077877e-05 -1.8650089e-05
  0.00082131484 -7.1542954e-05              0  -6.494417e-06  4.3648496e-05   4.302258e-05 -5.9128469e-06 -2.8727034e-06  0.00011865777  5.8032531e-05  8.4839813e-05  9.6803216e-05
  0.00083060815 -7.1749958e-05              0 -6.7591164e-06   4.302258e-05  4.2570482e-05 -5.3295986e-06 -2.9926424e-06  0.00011971915  5.8714378e-05  8.5521361e-05  9.7800873e-05
   7.110469e-06  7.3121783e-06              0  2.4321524e-06 -5.9128469e-06 -5.3295986e-06  2.0737581e-05 -4.9203903e-06  3.1484108e-06 -1.4888793e-06 -4.1887851e-06  1.3878516e-06
 -0.00012865667  6.6346559e-06              0 -1.5147851e-06 -2.8727034e-06 -2.9926424e-06 -4.9203903e-06  7.1928664e-06 -2.0462353e-05 -7.9897659e-06  -1.033439e-05 -1.2931869e-05
   0.0027546597 -0.00021856725              0 -2.1018104e-05  0.00011865777  0.00011971915  3.1484108e-06 -2.0462353e-05  0.00040084894  0.00019222629  0.00027398649  0.00031842387
   0.0013549754 -0.00010784952              0 -1.0070211e-05  5.8032531e-05  5.8714378e-05 -1.4888793e-06 -7.9897659e-06  0.00019222629  0.00010284681  0.00013409156  0.00015675725
    0.001915629 -0.00015568389              0 -1.7077877e-05  8.4839813e-05  8.5521361e-05 -4.1887851e-06  -1.033439e-05  0.00027398649  0.00013409156  0.00019750837  0.00022039749
   0.0022208768 -0.00017943339              0 -1.8650089e-05  9.6803216e-05  9.7800873e-05  1.3878516e-06 -1.2931869e-05  0.00031842387  0.00015675725  0.00022039749  0.00026920017


# ext. ||   Name    ||   type  ||     Value     ||  Error +/- 

   0   ||Natural mortality || limited ||    0.03019201550667 ||0.001973012360929
   1   ||Targeted q || limited ||      3.837826802751 ||0.154430846918
   2   ||Nontargeted q || limited ||                   2 ||22.06548931833
   3   ||     sigma || limited ||      2.876582820196 ||0.1348680836411
   4   ||  Biomass1 || limited ||      12.38902400411 ||0.5167489068146
   5   ||  Biomass2 || limited ||       12.5326493031 ||0.5132400752901
   6   ||   vm_mean || limited ||      2.247099226371 ||0.007069579001456
   7   ||  vm_sigma || limited ||      2.058271481232 ||0.02401411341836
   8   ||Recruit year 1 || limited ||      9.718879615743 ||0.4191253143362
   9   ||Recruit year 2 || limited ||      2.114369373988 ||0.1029193766488
  10   ||Recruit year 3 || limited ||      5.860155560628 ||0.2332067145827
  11   ||Recruit year 4 || limited ||      8.076575508104 ||0.3159152723154





