# Minimum negative log likelihood

Minuit did successfully converge.
# of function calls: 883
minimum function Value: 455.4924243397
minimum edm: 2.583854864746e-05
minimum internal state vector: LAVector parameters:
    -0.1897129079096
    -0.9673814585086
     -1.287002217587
     -1.275659993138
     -1.517470621587
      -1.51886653051
     0.4091021412192
     -1.095374896791
    -0.9363087794455
     -1.274394314385
     -1.227827092502
     -1.207032705181

minimum internal covariance matrix: LASymMatrix parameters:
    0.011422585 -0.00077990203              0  0.00029191774  4.5670768e-05  4.1441857e-05  1.7852408e-05 -1.1957814e-05  0.00073084248  0.00055021149  0.00046429965    0.000562722
 -0.00077990203   6.407445e-05              0 -1.9737595e-05 -4.6374543e-06  -4.238421e-06   4.601344e-06 -9.1942196e-06 -4.9913067e-05 -3.7264414e-05 -3.3079155e-05 -4.1052326e-05
              0              0              2              0              0              0              0              0              0              0              0              0
  0.00029191774 -1.9737595e-05              0  0.00012903595  4.4775423e-07  1.2081004e-07  2.2490404e-06  4.0191514e-06  1.6821251e-05  1.3163589e-05  1.2776857e-05  1.7408131e-05
  4.5670768e-05 -4.6374543e-06              0  4.4775423e-07  2.8462328e-06  2.4313658e-06 -3.7528139e-07  1.2502239e-06  3.0322073e-06  2.1002774e-06  1.9027394e-06    2.31241e-06
  4.1441857e-05  -4.238421e-06              0  1.2081004e-07  2.4313658e-06  2.1007007e-06  -3.473426e-07  1.1895712e-06  2.7468728e-06  1.8905307e-06  1.7346352e-06  2.0978889e-06
  1.7852408e-05   4.601344e-06              0  2.2490404e-06 -3.7528139e-07  -3.473426e-07  5.2390837e-06  -6.671667e-06   1.095655e-06   8.637573e-07  2.3342399e-07 -1.0876751e-06
 -1.1957814e-05 -9.1942196e-06              0  4.0191514e-06  1.2502239e-06  1.1895712e-06  -6.671667e-06  2.0125339e-05  -7.715256e-07 -2.8107028e-07 -5.3235713e-07  3.3291666e-06
  0.00073084248 -4.9913067e-05              0  1.6821251e-05  3.0322073e-06  2.7468728e-06   1.095655e-06  -7.715256e-07  4.9165509e-05  3.5576058e-05  2.9147897e-05  3.5682621e-05
  0.00055021149 -3.7264414e-05              0  1.3163589e-05  2.1002774e-06  1.8905307e-06   8.637573e-07 -2.8107028e-07  3.5576058e-05  2.9087339e-05  2.1482916e-05  2.6877899e-05
  0.00046429965 -3.3079155e-05              0  1.2776857e-05  1.9027394e-06  1.7346352e-06  2.3342399e-07 -5.3235713e-07  2.9147897e-05  2.1482916e-05   2.230222e-05   2.319419e-05
    0.000562722 -4.1052326e-05              0  1.7408131e-05    2.31241e-06  2.0978889e-06 -1.0876751e-06  3.3291666e-06  3.5682621e-05  2.6877899e-05   2.319419e-05  3.2168852e-05


# ext. ||   Name    ||   type  ||     Value     ||  Error +/- 

   0   ||Natural mortality || limited ||    0.04028557596128 ||0.001853664141152
   1   ||Targeted q || limited ||      8.829868663361 ||0.1605937130718
   2   ||Nontargeted q || limited ||                   2 ||22.06548931833
   3   ||     sigma || limited ||      2.161875209893 ||0.1168167340453
   4   ||  Biomass1 || limited ||     0.7107392616986 ||0.03179222119293
   5   ||  Biomass2 || limited ||     0.6740244447768 ||0.02659857846632
   6   ||   vm_mean || limited ||      1.249680703326 ||0.004665070140959
   7   ||  vm_sigma || limited ||      4.436948289358 ||0.05807695762485
   8   ||Recruit year 1 || limited ||        9.7402485708 ||0.1469340768043
   9   ||Recruit year 2 || limited ||      2.190102907252 ||0.05568854182786
  10   ||Recruit year 3 || limited ||       2.92169330918 ||0.05614255235893
  11   ||Recruit year 4 || limited ||      3.281454247886 ||0.07133898465536





