# Minimum negative log likelihood

Minuit did successfully converge.
# of function calls: 1075
minimum function Value: 621.5762418274
minimum edm: 5.915205088642e-05
minimum internal state vector: LAVector parameters:
     0.3401181399044
     -1.019528893227
     -1.287002217587
     -1.128933123661
     -1.491772557124
     -1.497169004566
    -0.9840979484275
    -0.9931899849883
     -1.078902392346
     -1.181516867481
     -1.111701642536
    0.03027192343503
    0.07009097912009
     0.1108964179672
    0.02326221879134

minimum internal covariance matrix: LASymMatrix parameters:
    0.018757804  -0.0011987167              0  0.00017356694  0.00017712553  0.00015799542 -0.00094140067   0.0019587118   0.0017799213   0.0013914924   0.0014737121  0.00014485648    0.000160296  0.00013976182  0.00013818585
  -0.0011987167  9.4797196e-05              0 -1.5575298e-05 -1.4043286e-05 -1.2498826e-05  4.1778297e-05 -0.00013072558 -0.00011930363 -9.3335539e-05 -0.00010155737 -7.0152004e-06  -7.987111e-06 -6.4230153e-06 -7.4941955e-06
              0              0              2              0              0              0              0              0              0              0              0              0              0              0              0
  0.00017356694 -1.5575298e-05              0  0.00025313441  2.7257103e-06  2.6175115e-06 -6.3214148e-07  2.1017605e-05  1.9502136e-05  1.5604185e-05  1.5380985e-05  1.2993605e-06  3.5571441e-07  8.1099242e-07   8.901978e-07
  0.00017712553 -1.4043286e-05              0  2.7257103e-06  9.5098957e-06  7.5974896e-06 -6.8540498e-06  1.9312538e-05  1.7762805e-05  1.4151124e-05   1.526116e-05  1.0419919e-06  1.2083557e-06  8.4288845e-07  1.1313876e-06
  0.00015799542 -1.2498826e-05              0  2.6175115e-06  7.5974896e-06  6.1946668e-06  -5.787617e-06  1.7218408e-05  1.5820794e-05   1.259997e-05  1.3575456e-05  9.3973119e-07  1.0570206e-06  7.5940626e-07  1.0044186e-06
 -0.00094140067  4.1778297e-05              0 -6.3214148e-07 -6.8540498e-06  -5.787617e-06  0.00013825487 -9.1711671e-05 -8.1407268e-05 -6.2538914e-05 -6.8139212e-05  -1.226048e-05 -1.3720484e-05  -1.302814e-05 -1.1319925e-05
   0.0019587118 -0.00013072558              0  2.1017605e-05  1.9312538e-05  1.7218408e-05 -9.1711671e-05  0.00022065121  0.00018781254  0.00014595622  0.00015603349  1.4450681e-05   1.600506e-05  1.3749751e-05  1.3970409e-05
   0.0017799213 -0.00011930363              0  1.9502136e-05  1.7762805e-05  1.5820794e-05 -8.1407268e-05  0.00018781254  0.00018453447  0.00013384988  0.00014237821  1.2881638e-05  1.4249559e-05  1.2336315e-05   1.247596e-05
   0.0013914924 -9.3335539e-05              0  1.5604185e-05  1.4151124e-05   1.259997e-05 -6.2538914e-05  0.00014595622  0.00013384988  0.00011779635  0.00011075714  1.0149353e-05  1.1115563e-05   9.174612e-06  9.9184192e-06
   0.0014737121 -0.00010155737              0  1.5380985e-05   1.526116e-05  1.3575456e-05 -6.8139212e-05  0.00015603349  0.00014237821  0.00011075714  0.00013497019  1.0548511e-05   1.177729e-05  9.8473281e-06  1.1152762e-05
  0.00014485648 -7.0152004e-06              0  1.2993605e-06  1.0419919e-06  9.3973119e-07  -1.226048e-05  1.4450681e-05  1.2881638e-05  1.0149353e-05  1.0548511e-05  2.2006304e-06  1.6684317e-06  1.5132237e-06  1.3531862e-06
    0.000160296  -7.987111e-06              0  3.5571441e-07  1.2083557e-06  1.0570206e-06 -1.3720484e-05   1.600506e-05  1.4249559e-05  1.1115563e-05   1.177729e-05  1.6684317e-06  3.0243387e-06  1.6647917e-06  1.4810049e-06
  0.00013976182 -6.4230153e-06              0  8.1099242e-07  8.4288845e-07  7.5940626e-07  -1.302814e-05  1.3749751e-05  1.2336315e-05   9.174612e-06  9.8473281e-06  1.5132237e-06  1.6647917e-06    4.32987e-06  1.3644778e-06
  0.00013818585 -7.4941955e-06              0   8.901978e-07  1.1313876e-06  1.0044186e-06 -1.1319925e-05  1.3970409e-05   1.247596e-05  9.9184192e-06  1.1152762e-05  1.3531862e-06  1.4810049e-06  1.3644778e-06  2.4438204e-06


# ext. ||   Name    ||   type  ||     Value     ||  Error +/- 

   0   ||Natural mortality || limited ||    0.05333996166898 ||0.002278859060745
   1   ||Targeted q || limited ||      7.406931692257 ||0.1802966779753
   2   ||Nontargeted q || limited ||                   2 ||22.06548931833
   3   ||     sigma || limited ||      4.802175925055 ||0.2405381564346
   4   ||  Biomass1 || limited ||       1.56037677527 ||0.08606928166494
   5   ||  Biomass2 || limited ||      1.354633525009 ||0.06473070079152
   6   ||  vm_sigma || limited ||      6.689994769078 ||0.1841120735699
   7   ||Recruit year 1 || limited ||      8.120587142565 ||0.2867249103232
   8   ||Recruit year 2 || limited ||      5.937410094572 ||0.2268078246552
   9   ||Recruit year 3 || limited ||       3.75048786589 ||0.145616319663
  10   ||Recruit year 4 || limited ||      5.186780096261 ||0.1819966346034
  11   ||Mean Rec dist 1 || limited ||     0.3026730016884 ||0.01048478316186
  12   ||Mean Rec dist 2 || limited ||     0.7003360336019 ||0.01226683260894
  13   ||Mean Rec dist 3 || limited ||      1.106692567157 ||0.01462333077655
  14   ||Mean Rec dist 4 || limited ||     0.2326012086417 ||0.01105101186827





