# Minimum negative log likelihood

Minuit did successfully converge.
# of function calls: 1053
minimum function Value: 909.290155161
minimum edm: 2.706358289569e-05
minimum internal state vector: LAVector parameters:
     -1.569049711957
     -1.029912524887
     -1.287002217587
    -0.6647223197066
     -1.469408079734
     -1.463723886277
     -1.571392378806
     -1.258480246227
     -1.331633774379
     -1.276025732169
     -1.240243389057
     -1.291297749642

minimum internal covariance matrix: LASymMatrix parameters:
      5.0639362  -0.0089626482              0  -0.0077854552   0.0022026249   0.0019962126   -0.034197763   0.0010022936    0.010090949   0.0077691537   0.0042300611   0.0036580587
  -0.0089626482  0.00087132101              0  3.1275798e-05 -0.00018656586 -0.00016711226 -0.00013183496  -0.0005633165  0.00025678542 -0.00017192039  7.9009307e-05  4.5737462e-06
              0              0              2              0              0              0              0              0              0              0              0              0
  -0.0077854552  3.1275798e-05              0   0.0011614572 -2.0633291e-07 -1.6235639e-06  0.00015819158 -1.0854283e-05  -4.593046e-05 -1.3142389e-05 -1.4538817e-05 -4.2626694e-05
   0.0022026249 -0.00018656586              0 -2.0633291e-07   0.0001932283  0.00014694925  1.0780586e-05  8.6148172e-05 -3.1765254e-05  3.1996322e-05 -9.5631337e-06 -1.5171956e-05
   0.0019962126 -0.00016711226              0 -1.6235639e-06  0.00014694925  0.00011508242  1.4084629e-05  9.1125783e-05 -4.5649318e-05  3.3765711e-05 -1.1295626e-05 -1.1249029e-05
   -0.034197763 -0.00013183496              0  0.00015819158  1.0780586e-05  1.4084629e-05   0.0024407698  -2.726601e-05  4.2565375e-05 -3.1159685e-05  0.00013598343  2.3734934e-06
   0.0010022936  -0.0005633165              0 -1.0854283e-05  8.6148172e-05  9.1125783e-05  -2.726601e-05  0.00072308734 -0.00025633746  0.00012763303 -7.4364794e-05  1.3674549e-05
    0.010090949  0.00025678542              0  -4.593046e-05 -3.1765254e-05 -4.5649318e-05  4.2565375e-05 -0.00025633746  0.00071455681 -0.00018493787  0.00013479024 -5.8750307e-05
   0.0077691537 -0.00017192039              0 -1.3142389e-05  3.1996322e-05  3.3765711e-05 -3.1159685e-05  0.00012763303 -0.00018493787  0.00031203244  -0.0001081695  7.5928743e-05
   0.0042300611  7.9009307e-05              0 -1.4538817e-05 -9.5631337e-06 -1.1295626e-05  0.00013598343 -7.4364794e-05  0.00013479024  -0.0001081695  0.00026980514 -0.00014235192
   0.0036580587  4.5737462e-06              0 -4.2626694e-05 -1.5171956e-05 -1.1249029e-05  2.3734934e-06  1.3674549e-05 -5.8750307e-05  7.5928743e-05 -0.00014235192  0.00041798861


# ext. ||   Name    ||   type  ||     Value     ||  Error +/- 

   0   ||Natural mortality || limited ||    0.02000003813328* ||0.03773337955571
   1   ||Targeted q || limited ||      7.137302396394 ||0.5373165987611
   2   ||Nontargeted q || limited ||                   2 ||22.06548931833
   3   ||     sigma || limited ||      19.15797011712 ||0.9482829008566
   4   ||  Biomass1 || limited ||      2.567693462725 ||0.4974239320115
   5   ||  Biomass2 || limited ||      2.863389698036 ||0.4053245251551
   6   ||   vm_mean || limited ||      -3.14159209552 ||0.001916780821336
   7   ||  vm_sigma || limited ||       1.93599677741 ||0.2336790317954
   8   ||Recruit year 1 || limited ||      1.433022797968 ||0.2238459138107
   9   ||Recruit year 2 || limited ||      2.166343622688 ||0.1814164694441
  10   ||Recruit year 3 || limited ||       2.71657815028 ||0.188464715372
  11   ||Recruit year 4 || limited ||      1.950111543225 ||0.1993834016917

* Parameter is at Lower limit




