# Minimum negative log likelihood

Minuit did successfully converge.
# of function calls: 1301
minimum function Value: 670.0206971064
minimum edm: 1.905222351906e-05
minimum internal state vector: LAVector parameters:
     -1.568042906641
     -1.122642404575
     -1.287002217587
     -1.073197867773
     -1.550121845325
     -1.550146556023
    -0.7857375761981
    -0.3938297453262
     -1.320549786972
     -1.266466943008
     -1.347450732868
     -1.042137143493

minimum internal covariance matrix: LASymMatrix parameters:
     0.72289669 -0.00050763435              0 -0.00012395005  -0.0005077555 -0.00031353706 -9.9095711e-05  7.4015908e-05  2.7707988e-05   0.0003958323  0.00040558899  0.00085289058
 -0.00050763435  1.9657058e-05              0  3.4401159e-07 -7.8516136e-06 -5.0821046e-06  1.4028797e-05 -0.00015553135 -6.1670394e-06 -7.0629737e-07 -4.4843549e-07 -3.1077505e-06
              0              0              2              0              0              0              0              0              0              0              0              0
 -0.00012395005  3.4401159e-07              0  0.00032544991 -1.6932396e-06 -5.2975256e-07  9.3691784e-07 -2.0632747e-05 -2.7576644e-06 -1.5647161e-06  2.9367606e-07  1.0757309e-06
  -0.0005077555 -7.8516136e-06              0 -1.6932396e-06  0.00020439833  0.00013225071 -5.1452252e-06 -3.0328833e-05  0.00011677759  3.6747149e-08  1.3469708e-06  4.6783059e-07
 -0.00031353706 -5.0821046e-06              0 -5.2975256e-07  0.00013225071  9.2727079e-05 -1.5338062e-06  9.2769914e-07   5.818957e-05  2.0712608e-07  9.7645078e-07 -2.8649595e-08
 -9.9095711e-05  1.4028797e-05              0  9.3691784e-07 -5.1452252e-06 -1.5338062e-06  3.0448091e-05 -0.00026917243 -7.2971378e-06 -2.6787181e-07  1.3603364e-07 -4.7100174e-07
  7.4015908e-05 -0.00015553135              0 -2.0632747e-05 -3.0328833e-05  9.2769914e-07 -0.00026917243   0.0061721866 -6.6131071e-05 -2.2025856e-06  5.7803947e-06  6.1068643e-06
  2.7707988e-05 -6.1670394e-06              0 -2.7576644e-06  0.00011677759   5.818957e-05 -7.2971378e-06 -6.6131071e-05  0.00012104393 -3.3867197e-07  4.1040268e-07  1.6723584e-06
   0.0003958323 -7.0629737e-07              0 -1.5647161e-06  3.6747149e-08  2.0712608e-07 -2.6787181e-07 -2.2025856e-06 -3.3867197e-07  1.3919617e-05 -6.4538437e-07 -8.8384603e-08
  0.00040558899 -4.4843549e-07              0  2.9367606e-07  1.3469708e-06  9.7645078e-07  1.3603364e-07  5.7803947e-06  4.1040268e-07 -6.4538437e-07  1.3691344e-05  -2.985188e-07
  0.00085289058 -3.1077505e-06              0  1.0757309e-06  4.6783059e-07 -2.8649595e-08 -4.7100174e-07  6.1068643e-06  1.6723584e-06 -8.8384603e-08  -2.985188e-07  1.3912963e-05


# ext. ||   Name    ||   type  ||     Value     ||  Error +/- 

   0   ||Natural mortality || limited ||    0.02000009476647 ||0.004383628321815
   1   ||Targeted q || limited ||      4.937572612933 ||0.06792110552839
   2   ||Nontargeted q || limited ||                   2 ||22.06548931833
   3   ||     sigma || limited ||      6.063430491141 || 0.304433089
   4   ||  Biomass1 || limited ||     0.1068547398161 ||0.1044936660954
   5   ||  Biomass2 || limited ||     0.1065994702056 ||0.07029740758444
   6   ||   vm_mean || limited ||     -2.222195326779 ||0.008664656552478
   7   ||  vm_sigma || limited ||       24.6515804833 ||2.050913352476
   8   ||Recruit year 1 || limited ||      1.567274390144 ||0.09631733510005
   9   ||Recruit year 2 || limited ||      2.307364263619 ||0.03952246133205
  10   ||Recruit year 3 || limited ||      1.251781740081 ||0.02897308992029
  11   ||Recruit year 4 || limited ||      6.835111306393 ||0.06650822010798





