# Minimum negative log likelihood

Minuit did successfully converge.
# of function calls: 1328
minimum function Value: 651.2023434692
minimum edm: 2.612556819118e-05
minimum internal state vector: LAVector parameters:
    -0.7733644271203
      -1.29519562092
     -1.287002217587
     -1.095616686115
     -1.479909745888
     -1.482130190216
    -0.3428934021828
    -0.9556471052106
     -1.194826111379
     -1.190153512632
     -1.040420101526
    0.09761477097999
    0.03722002443875
     0.0772687909867
    0.04465979796306

minimum internal covariance matrix: LASymMatrix parameters:
    0.058896052  -0.0043287107              0  1.9969481e-05   0.0014391849   0.0013916454   -0.014538816    0.013296065   0.0086758186   0.0083864039    0.011292908  0.00033295817  0.00055533535  0.00042167421  0.00036474806
  -0.0043287107  0.00034095746              0 -2.3653953e-06 -0.00011350444 -0.00010962983  0.00086073306  -0.0010075162 -0.00064206373 -0.00063064537 -0.00086285348 -2.0920431e-05 -4.0816377e-05 -2.9533382e-05 -2.6000385e-05
              0              0              2              0              0              0              0              0              0              0              0              0              0              0              0
  1.9969481e-05 -2.3653953e-06              0   0.0002965344  1.4038176e-07  6.0262815e-08 -6.5488177e-05  6.2927088e-06  2.2441254e-06  1.7778666e-06  1.1222539e-05 -7.8094132e-07  7.4301817e-07 -1.2490226e-06  8.7060634e-07
   0.0014391849 -0.00011350444              0  1.4038176e-07  5.7067854e-05  5.3467508e-05 -0.00031215533  0.00033719499  0.00021356145  0.00020943392  0.00028716285  6.8244715e-06  1.3870925e-05  9.9428584e-06  8.7895142e-06
   0.0013916454 -0.00010962983              0  6.0262815e-08  5.3467508e-05  5.0249657e-05 -0.00029889733  0.00032560895  0.00020652641  0.00020246601  0.00027747442  6.6617607e-06  1.3374794e-05  9.6125711e-06  8.4838279e-06
   -0.014538816  0.00086073306              0 -6.5488177e-05 -0.00031215533 -0.00029889733    0.019263877  -0.0030079727   -0.002094992  -0.0018920148   -0.002657156 -0.00022950039 -0.00018693138 -0.00016467376 -0.00018114129
    0.013296065  -0.0010075162              0  6.2927088e-06  0.00033719499  0.00032560895  -0.0030079727    0.003063592   0.0019599638   0.0019135941   0.0025923442  6.9944815e-05  0.00012805929  9.2718025e-05  8.1213743e-05
   0.0086758186 -0.00064206373              0  2.2441254e-06  0.00021356145  0.00020652641   -0.002094992   0.0019599638   0.0013067248   0.0012360023   0.0016737463  4.8037912e-05  7.7583127e-05  6.3570755e-05  5.3743402e-05
   0.0083864039 -0.00063064537              0  1.7778666e-06  0.00020943392  0.00020246601  -0.0018920148   0.0019135941   0.0012360023   0.0012241107   0.0016254944  4.4808017e-05  7.8245543e-05  5.6804182e-05  5.1829582e-05
    0.011292908 -0.00086285348              0  1.1222539e-05  0.00028716285  0.00027747442   -0.002657156   0.0025923442   0.0016737463   0.0016254944   0.0022715181  5.9801272e-05  0.00010729095  7.9057032e-05  7.3182608e-05
  0.00033295817 -2.0920431e-05              0 -7.8094132e-07  6.8244715e-06  6.6617607e-06 -0.00022950039  6.9944815e-05  4.8037912e-05  4.4808017e-05  5.9801272e-05   6.495382e-06  3.6270449e-06  3.0965225e-06  2.7715186e-06
  0.00055533535 -4.0816377e-05              0  7.4301817e-07  1.3870925e-05  1.3374794e-05 -0.00018693138  0.00012805929  7.7583127e-05  7.8245543e-05  0.00010729095  3.6270449e-06  1.8374046e-05  4.7126558e-06  3.7975282e-06
  0.00042167421 -2.9533382e-05              0 -1.2490226e-06  9.9428584e-06  9.6125711e-06 -0.00016467376  9.2718025e-05  6.3570755e-05  5.6804182e-05  7.9057032e-05  3.0965225e-06  4.7126558e-06  1.4558126e-05   3.187706e-06
  0.00036474806 -2.6000385e-05              0  8.7060634e-07  8.7895142e-06  8.4838279e-06 -0.00018114129  8.1213743e-05  5.3743402e-05  5.1829582e-05  7.3182608e-05  2.7715186e-06  3.7975282e-06   3.187706e-06  6.6375143e-06


# ext. ||   Name    ||   type  ||     Value     ||  Error +/- 

   0   ||Natural mortality || limited ||    0.02753633369262 ||0.003054803516526
   1   ||Targeted q || limited ||      1.886904792329 ||0.1776483763036
   2   ||Nontargeted q || limited ||                   2 ||22.06548931833
   3   ||     sigma || limited ||      5.539472465746 ||0.2785294973281
   4   ||  Biomass1 || limited ||        2.0636715027 ||0.2424099313092
   5   ||  Biomass2 || limited ||      1.964133654838 ||0.2219260732883
   6   ||  vm_sigma || limited ||       26.5521296746 ||3.691187872588
   7   ||Recruit year 1 || limited ||      9.174716279577 ||1.128892221515
   8   ||Recruit year 2 || limited ||      3.502059721003 ||0.4691693429916
   9   ||Recruit year 3 || limited ||      3.588341590295 ||0.4594695379148
  10   ||Recruit year 4 || limited ||      6.878472332144 ||0.8521499389405
  11   ||Mean Rec dist 1 || limited ||     0.9745982209533 ||0.01793555019235
  12   ||Mean Rec dist 2 || limited ||     0.3721143136321 ||0.03028906397729
  13   ||Mean Rec dist 3 || limited ||     0.7719192548741 ||0.0268992052428
  14   ||Mean Rec dist 4 || limited ||      0.446449538005 ||0.01819928188802





