# Minimum negative log likelihood

Minuit did successfully converge.
# of function calls: 737
minimum function Value: 659.3146596521
minimum edm: 1.292048549522e-05
minimum internal state vector: LAVector parameters:
     0.8190971532535
     -1.106684838873
     -1.287002217587
     -1.086090840966
     -1.534651784578
     -1.537820554738
    -0.1009485725641
      6.279958094868
    -0.9580905407743
     -1.502187511908
     -1.055963959712
      -1.49680796759

minimum internal covariance matrix: LASymMatrix parameters:
     0.32457814   -0.021482526              0  -3.221464e-05   0.0017528369   0.0016495755 -0.00023273313    0.007656933    0.027780011   0.0031110676    0.024798634   0.0032574918
   -0.021482526   0.0014418264              0    1.90082e-06  -0.0001158506  -0.0001092997  2.1614289e-05 -0.00063046771  -0.0018458995 -0.00020462842   -0.001647614  -0.0002142848
              0              0              2              0              0              0              0              0              0              0              0              0
  -3.221464e-05    1.90082e-06              0  0.00029259865 -3.9464727e-07 -3.5803102e-07  2.1248622e-08  4.6546304e-07 -2.6996463e-06  9.5445239e-09 -2.2916199e-06 -9.5071792e-07
   0.0017528369  -0.0001158506              0 -3.9464727e-07  2.1209516e-05  1.8311907e-05 -1.4008294e-06  3.1147943e-05  0.00014974013  1.6627294e-05  0.00013346991  1.7464583e-05
   0.0016495755  -0.0001092997              0 -3.5803102e-07  1.8311907e-05   1.603123e-05 -1.3795095e-06  3.4130509e-05  0.00014102062  1.5660691e-05   0.0001257582  1.6449141e-05
 -0.00023273313  2.1614289e-05              0  2.1248622e-08 -1.4008294e-06 -1.3795095e-06  8.0497713e-06 -0.00017535177 -2.2797151e-05 -2.3141266e-06 -2.0693805e-05 -2.6032314e-06
    0.007656933 -0.00063046771              0  4.6546304e-07  3.1147943e-05  3.4130509e-05 -0.00017535177   0.0079479453  0.00071033778  7.6170709e-05  0.00063768249  8.1403176e-05
    0.027780011  -0.0018458995              0 -2.6996463e-06  0.00014974013  0.00014102062 -2.2797151e-05  0.00071033778   0.0023986817    0.000265096   0.0021242814  0.00027779922
   0.0031110676 -0.00020462842              0  9.5445239e-09  1.6627294e-05  1.5660691e-05 -2.3141266e-06  7.6170709e-05    0.000265096  5.2288732e-05  0.00023705464  3.1600942e-05
    0.024798634   -0.001647614              0 -2.2916199e-06  0.00013346991   0.0001257582 -2.0693805e-05  0.00063768249   0.0021242814  0.00023705464   0.0019152203   0.0002478839
   0.0032574918  -0.0002142848              0 -9.5071792e-07  1.7464583e-05  1.6449141e-05 -2.6032314e-06  8.1403176e-05  0.00027779922  3.1600942e-05   0.0002478839  5.7418087e-05


# ext. ||   Name    ||   type  ||     Value     ||  Error +/- 

   0   ||Natural mortality || limited ||    0.06326323976557 ||0.006692965963612
   1   ||Targeted q || limited ||      5.289017909299 ||0.6008651145276
   2   ||Nontargeted q || limited ||                   2 ||22.06548931833
   3   ||     sigma || limited ||       5.75938921463 ||0.2817849768686
   4   ||  Biomass1 || limited ||     0.3265714271921 ||0.05883933855916
   5   ||  Biomass2 || limited ||     0.2718257523687 ||0.04667175242437
   6   ||   vm_mean || limited ||    -0.3166009276409 ||0.006270609012451
   7   ||  vm_sigma || limited ||      39.87141334521 ||2.519863716508
   8   ||Recruit year 1 || limited ||      9.104342347911 ||0.9955010317036
   9   ||Recruit year 2 || limited ||     0.1276213195973 ||0.01752479248079
  10   ||Recruit year 3 || limited ||      6.490588120219 ||0.7616578561971
  11   ||Recruit year 4 || limited ||      0.146780831652 ||0.01980162996654





