# Minimum negative log likelihood

Minuit did successfully converge.
# of function calls: 1307
minimum function Value: 613.4485134166
minimum edm: 6.741016925065e-05
minimum internal state vector: LAVector parameters:
      3.059102718185
    -0.9716828115203
     -1.287002217587
     -1.137494891026
      -1.46369850123
     -1.472305593605
    -0.9568424853239
     -1.401418212939
      -1.31738607004
    -0.9886763192001
     -1.162710296506
    0.03870838035561
    0.07600039234761
     0.1050734928306
    0.03893576786601

minimum internal covariance matrix: LASymMatrix parameters:
    0.033220286   0.0019160389              0  0.00030234401 -0.00032729196 -0.00029589939   0.0015029608 -0.00094602804  -0.0015244656  -0.0035126589   -0.002139344 -0.00031860901 -0.00026812538  -0.0002707563  -0.0002424143
   0.0019160389  0.00013526937              0  2.2040414e-05 -2.1922422e-05 -1.9903931e-05  6.6323416e-05 -5.5945767e-05 -9.0323931e-05 -0.00020505067 -0.00013025478 -1.3964115e-05 -1.2605429e-05 -1.2971434e-05 -1.2425719e-05
              0              0              2              0              0              0              0              0              0              0              0              0              0              0              0
  0.00030234401  2.2040414e-05              0  0.00030888391 -2.0623767e-06 -2.1511842e-06 -7.6656721e-06 -6.9435294e-06  -1.069244e-05 -2.5899283e-05  -2.675957e-05 -5.2385126e-07 -1.4634639e-06  -7.254262e-07 -1.6162053e-06
 -0.00032729196 -2.1922422e-05              0 -2.0623767e-06  9.7337293e-06  8.0050672e-06 -1.1770264e-05  9.9441468e-06  1.4726704e-05  3.5519703e-05  2.0959344e-05  2.8890071e-06  2.6197096e-06  2.1285483e-06  2.0461913e-06
 -0.00029589939 -1.9903931e-05              0 -2.1511842e-06  8.0050672e-06  6.7055221e-06 -1.0553087e-05   8.906518e-06  1.3425046e-05  3.2041887e-05  1.9171551e-05  2.4952022e-06  2.3324071e-06  1.9511376e-06  1.8595868e-06
   0.0015029608  6.6323416e-05              0 -7.6656721e-06 -1.1770264e-05 -1.0553087e-05  0.00024661135 -4.3113959e-05 -6.7611204e-05 -0.00015826978 -9.8234476e-05 -1.8716297e-05  -1.962931e-05 -2.3055009e-05 -1.7569152e-05
 -0.00094602804 -5.5945767e-05              0 -6.9435294e-06  9.9441468e-06   8.906518e-06 -4.3113959e-05   3.806931e-05   4.351582e-05  0.00010100308  6.1136889e-05  8.0174132e-06  7.6868574e-06  7.7211781e-06  7.0775354e-06
  -0.0015244656 -9.0323931e-05              0  -1.069244e-05  1.4726704e-05  1.3425046e-05 -6.7611204e-05   4.351582e-05  8.5207956e-05  0.00016002597  9.6147168e-05  1.4201746e-05  1.1917621e-05  1.2729228e-05  1.0544576e-05
  -0.0035126589 -0.00020505067              0 -2.5899283e-05  3.5519703e-05  3.2041887e-05 -0.00015826978  0.00010100308  0.00016002597  0.00038388028  0.00022576498  3.3183295e-05  2.8351232e-05   2.826139e-05  2.5782078e-05
   -0.002139344 -0.00013025478              0  -2.675957e-05  2.0959344e-05  1.9171551e-05 -9.8234476e-05  6.1136889e-05  9.6147168e-05  0.00022576498   0.0001546429  1.8220606e-05  1.6604393e-05  1.6928105e-05  1.6031951e-05
 -0.00031860901 -1.3964115e-05              0 -5.2385126e-07  2.8890071e-06  2.4952022e-06 -1.8716297e-05  8.0174132e-06  1.4201746e-05  3.3183295e-05  1.8220606e-05  1.3872916e-05   2.388774e-06  2.4755736e-06  2.2623076e-06
 -0.00026812538 -1.2605429e-05              0 -1.4634639e-06  2.6197096e-06  2.3324071e-06  -1.962931e-05  7.6868574e-06  1.1917621e-05  2.8351232e-05  1.6604393e-05   2.388774e-06  6.6654661e-06  2.8155802e-06  2.3438016e-06
  -0.0002707563 -1.2971434e-05              0  -7.254262e-07  2.1285483e-06  1.9511376e-06 -2.3055009e-05  7.7211781e-06  1.2729228e-05   2.826139e-05  1.6928105e-05  2.4755736e-06  2.8155802e-06  4.0459015e-06  2.5070738e-06
  -0.0002424143 -1.2425719e-05              0 -1.6162053e-06  2.0461913e-06  1.8595868e-06 -1.7569152e-05  7.0775354e-06  1.0544576e-05  2.5782078e-05  1.6031951e-05  2.2623076e-06  2.3438016e-06  2.5070738e-06  3.6193115e-06


# ext. ||   Name    ||   type  ||     Value     ||  Error +/- 

   0   ||Natural mortality || limited ||    0.04705991038845 ||0.00320217062095
   1   ||Targeted q || limited ||      8.708208126252 ||0.2318782983894
   2   ||Nontargeted q || limited ||                   2 ||22.06548931833
   3   ||     sigma || limited ||      4.620773681249 ||0.2608889658254
   4   ||  Biomass1 || limited ||      2.864746282451 ||0.1179083061889
   5   ||  Biomass2 || limited ||      2.423146384925 ||0.09002519401738
   6   ||  vm_sigma || limited ||      7.305845091821 ||0.2558808930496
   7   ||Recruit year 1 || limited ||      0.725439025056 ||0.03676854358503
   8   ||Recruit year 2 || limited ||      1.606686406659 ||0.0818115458868
   9   ||Recruit year 3 || limited ||      8.244228686495 ||0.3808002010912
  10   ||Recruit year 4 || limited ||      4.115485975515 ||0.1744620299013
  11   ||Mean Rec dist 1 || limited ||     0.3869871470231 ||0.02631739720806
  12   ||Mean Rec dist 2 || limited ||     0.7592724967486 ||0.01820306654553
  13   ||Mean Rec dist 3 || limited ||      1.048802566192 ||0.01414460045539
  14   ||Mean Rec dist 4 || limited ||     0.3892593087981 ||0.01344214494752





