# Minimum negative log likelihood

WARNING: Minuit did not converge.

# of function calls: 858
minimum function Value: 939.979135194
minimum edm: 0.2319118908589
minimum internal state vector: LAVector parameters:
      1.091768050782
     -1.154304529004
     -1.287002217587
    -0.5848592119447
     -1.468872051563
     -1.508689474905
     -1.270810397947
     -1.252598287962
    -0.9335518703385
    -0.9598430219341
    -0.8518533366283
     -0.986469025399

minimum internal covariance matrix: LASymMatrix parameters:
     0.23109277   -0.011185247              0 -0.00030641016  -0.0026884076  -0.0019615988  -0.0014768241  -0.0022440314    0.011428202    0.022185821    0.021308286    0.017676173
   -0.011185247     0.00119451              0  -1.679871e-05  0.00021264991  0.00014806687  0.00061555565 -2.1071874e-05   -0.001381031  -0.0012567304  -0.0015364935 -0.00099049853
              0              0              2              0              0              0              0              0              0              0              0              0
 -0.00030641016  -1.679871e-05              0   0.0013743167 -1.1488192e-06   8.865629e-07 -6.4721309e-05 -1.1522041e-05 -4.5155832e-05    1.81026e-05 -2.5390406e-05 -6.7403947e-06
  -0.0026884076  0.00021264991              0 -1.1488192e-06  4.1794528e-05  2.9515222e-05  9.1109479e-05  1.0958569e-05 -0.00023466591 -0.00028208789 -0.00031236144 -0.00022215528
  -0.0019615988  0.00014806687              0   8.865629e-07  2.9515222e-05  2.1116138e-05  5.2793902e-05  6.4214597e-06 -0.00017377148 -0.00020099208 -0.00022198257   -0.000161744
  -0.0014768241  0.00061555565              0 -6.4721309e-05  9.1109479e-05  5.2793902e-05   0.0021469634 -2.0521082e-05 -0.00077869115 -0.00028355994 -0.00066334682 -5.7827246e-05
  -0.0022440314 -2.1071874e-05              0 -1.1522041e-05  1.0958569e-05  6.4214597e-06 -2.0521082e-05  0.00016205173  0.00017334659 -0.00020249894 -0.00011275359 -0.00012298682
    0.011428202   -0.001381031              0 -4.5155832e-05 -0.00023466591 -0.00017377148 -0.00077869115  0.00017334659   0.0025203894   0.0010947181   0.0017117316   0.0010509155
    0.022185821  -0.0012567304              0    1.81026e-05 -0.00028208789 -0.00020099208 -0.00028355994 -0.00020249894   0.0010947181   0.0027297366   0.0020777907   0.0017608917
    0.021308286  -0.0015364935              0 -2.5390406e-05 -0.00031236144 -0.00022198257 -0.00066334682 -0.00011275359   0.0017117316   0.0020777907   0.0028524392   0.0015574833
    0.017676173 -0.00099049853              0 -6.7403947e-06 -0.00022215528   -0.000161744 -5.7827246e-05 -0.00012298682   0.0010509155   0.0017608917   0.0015574833   0.0020612952


# ext. ||   Name    ||   type  ||     Value     ||  Error +/- 

   0   ||Natural mortality || limited ||    0.06718608064598 ||0.003841890449138
   1   ||Targeted q || limited ||      4.274308770368 ||0.4942923285773
   2   ||Nontargeted q || limited ||                   2 ||22.06548931833
   3   ||     sigma || limited ||      22.39589999226 ||1.092710885498
   4   ||  Biomass1 || limited ||      2.594891870996 ||0.2325619324363
   5   ||  Biomass2 || limited ||     0.9640053347906 ||0.1008374301512
   6   ||   vm_mean || limited ||     -3.001291159361 ||0.03041143547714
   7   ||  vm_sigma || limited ||      2.008946364804 ||0.1126430560894
   8   ||Recruit year 1 || limited ||      9.822103257455 ||1.055744208037
   9   ||Recruit year 2 || limited ||      9.054019100146 ||1.0593002416
  10   ||Recruit year 3 || limited ||        12.383648256 ||1.243172598265
  11   ||Recruit year 4 || limited ||      8.305002368025 ||0.8852411138061



WARNING: FunctionMinimum is invalid: 
	 Edm is above max


