# Minimum negative log likelihood

Minuit did successfully converge.
# of function calls: 517
minimum function Value: 673.0535665485
minimum edm: 4.3988795946e-05
minimum internal state vector: LAVector parameters:
       0.35826641753
     -1.101214223449
     -1.287002217587
     -1.069436088638
     -1.519961202879
      -1.48444207728
     -1.050937264976
    -0.2102631276597
     -1.110330612598
     -1.275080004417
     -1.206449002459
     -1.093728061543

minimum internal covariance matrix: LASymMatrix parameters:
   0.0029878595 -0.00016796553              0 -6.6233365e-05 -0.00018116372 -0.00011531386  7.3232033e-05 -0.00047623469  0.00071227341  0.00015900234   0.0001442101  0.00021377214
 -0.00016796553  3.8353393e-05              0  5.6489899e-06  1.1207587e-05   9.576281e-06   1.019801e-05 -0.00011499694 -0.00012159815 -1.4311059e-05  -1.422761e-05 -2.1011997e-05
              0              0              2              0              0              0              0              0              0              0              0              0
 -6.6233365e-05  5.6489899e-06              0  0.00033035119 -2.0219496e-06 -3.2733137e-06 -5.3135712e-07 -1.1008285e-05  3.2928557e-05  -7.077449e-06 -3.2528623e-06 -5.9629349e-06
 -0.00018116372  1.1207587e-05              0 -2.0219496e-06  3.4410186e-05  9.7710878e-06  5.8669015e-06  -4.787861e-05  8.9047898e-06 -1.2399327e-05 -1.1312669e-05 -1.5419094e-05
 -0.00011531386   9.576281e-06              0 -3.2733137e-06  9.7710878e-06  1.0678658e-05 -8.8425847e-06  4.9767837e-05  -6.913019e-05 -7.4501627e-06 -8.3052713e-06 -1.0880199e-05
  7.3232033e-05   1.019801e-05              0 -5.3135712e-07  5.8669015e-06 -8.8425847e-06  4.6272249e-05 -0.00040493988  2.3887746e-05 -7.5706942e-07  1.1703717e-06  1.0817867e-06
 -0.00047623469 -0.00011499694              0 -1.1008285e-05  -4.787861e-05  4.9767837e-05 -0.00040493988    0.007886191 -0.00063778587  5.9128914e-05 -1.3070665e-05 -1.2072554e-05
  0.00071227341 -0.00012159815              0  3.2928557e-05  8.9047898e-06  -6.913019e-05  2.3887746e-05 -0.00063778587   0.0011512812  4.0868868e-05  6.5136217e-05  8.7571294e-05
  0.00015900234 -1.4311059e-05              0  -7.077449e-06 -1.2399327e-05 -7.4501627e-06 -7.5706942e-07  5.9128914e-05  4.0868868e-05  3.2206042e-05  7.8434662e-06  1.2446941e-05
   0.0001442101  -1.422761e-05              0 -3.2528623e-06 -1.1312669e-05 -8.3052713e-06  1.1703717e-06 -1.3070665e-05  6.5136217e-05  7.8434662e-06  2.8276353e-05  1.2119679e-05
  0.00021377214 -2.1011997e-05              0 -5.9629349e-06 -1.5419094e-05 -1.0880199e-05  1.0817867e-06 -1.2072554e-05  8.7571294e-05  1.2446941e-05  1.2119679e-05  3.8687267e-05


# ext. ||   Name    ||   type  ||     Value     ||  Error +/- 

   0   ||Natural mortality || limited ||    0.05376628126036 ||0.0009047062145752
   1   ||Targeted q || limited ||      5.412126499876 ||0.0990802760281
   2   ||Nontargeted q || limited ||                   2 ||22.06548931833
   3   ||     sigma || limited ||      6.153519134601 ||0.3088387303609
   4   ||  Biomass1 || limited ||     0.6459133399416 ||0.1053838577968
   5   ||  Biomass2 || limited ||      1.863105896681 ||0.0996452909531
   6   ||   vm_mean || limited ||     -2.726554336236 ||0.007506512603689
   7   ||  vm_sigma || limited ||      31.65191477412 ||2.45479918775
   8   ||Recruit year 1 || limited ||      5.217196857007 ||0.5329676053259
   9   ||Recruit year 2 || limited ||      2.180101298072 ||0.05846636874192
  10   ||Recruit year 3 || limited ||      3.291845067455 ||0.06698634250608
  11   ||Recruit year 4 || limited ||      5.592195574295 ||0.1009657552762





