# Minimum negative log likelihood

Minuit did successfully converge.
# of function calls: 1062
minimum function Value: 729.097225414
minimum edm: 1.452656289392e-05
minimum internal state vector: LAVector parameters:
    -0.6020584469188
    -0.8875858146546
     -1.287002217587
    -0.9952780687424
     -1.577678305761
     -1.564193952037
     -0.500317177336
     0.2284721534266
      -1.15456069103
     -1.064108417892
     -1.231989236541
    -0.9885765472147

minimum internal covariance matrix: LASymMatrix parameters:
     0.65596431   -0.036239639              0  9.0714752e-05  -0.0006289166  0.00053871071  -0.0003941758   0.0098688931    0.021409659    0.024253935    0.018209069     0.02922708
   -0.036239639   0.0020265261              0 -8.8383122e-06  3.3414002e-05 -2.8723868e-05  2.8174818e-05 -0.00071686174  -0.0011847121  -0.0013386412  -0.0010066116  -0.0016155851
              0              0      6.9991427              0              0              0              0              0              0              0              0              0
  9.0714752e-05 -8.8383122e-06              0  0.00046954457  -3.936398e-07  6.2354614e-07 -1.6669129e-07 -0.00015140812  2.1013248e-05  2.0221572e-06  7.5256848e-07  1.0551528e-05
  -0.0006289166  3.3414002e-05              0  -3.936398e-07  1.4194605e-05 -8.9614427e-06  2.0466305e-07  1.4341221e-05   -2.17186e-05 -2.1710395e-05   -1.73061e-05 -2.9246276e-05
  0.00053871071 -2.8723868e-05              0  6.2354614e-07 -8.9614427e-06  6.3057744e-06 -5.4396656e-08 -4.2342948e-06  1.8342093e-05   1.864854e-05  1.4799373e-05  2.4914989e-05
  -0.0003941758  2.8174818e-05              0 -1.6669129e-07  2.0466305e-07 -5.4396656e-08  5.7728756e-06  -0.0001286385 -1.3275357e-05 -1.4646447e-05 -1.1032462e-05 -1.7268355e-05
   0.0098688931 -0.00071686174              0 -0.00015140812  1.4341221e-05 -4.2342948e-06  -0.0001286385   0.0084826266  0.00033087184  0.00033823541  0.00028406841  0.00045775124
    0.021409659  -0.0011847121              0  2.1013248e-05   -2.17186e-05  1.8342093e-05 -1.3275357e-05  0.00033087184  0.00072857655  0.00078761965   0.0005947161  0.00095529371
    0.024253935  -0.0013386412              0  2.0221572e-06 -2.1710395e-05   1.864854e-05 -1.4646447e-05  0.00033823541  0.00078761965  0.00092468992  0.00067169132   0.0010778826
    0.018209069  -0.0010066116              0  7.5256848e-07   -1.73061e-05  1.4799373e-05 -1.1032462e-05  0.00028406841   0.0005947161  0.00067169132  0.00053390634  0.00081000368
     0.02922708  -0.0016155851              0  1.0551528e-05 -2.9246276e-05  2.4914989e-05 -1.7268355e-05  0.00045775124  0.00095529371   0.0010778826  0.00081000368   0.0013309989


# ext. ||   Name    ||   type  ||     Value     ||  Error +/- 

   0   ||Natural mortality || limited ||    0.03084149536259 ||0.01116548329568
   1   ||Targeted q || limited ||      11.22250163934 ||1.004578894881
   2   ||Nontargeted q || limited ||                   2 ||74.40307494991
   3   ||     sigma || limited ||      8.054482851308 ||0.4169562921485
   4   ||  Biomass1 || limited ||    0.01184036189056 ||0.009166975345115
   5   ||  Biomass2 || limited ||    0.01089779852331 ||0.005861665217793
   6   ||   vm_mean || limited ||      -1.50703413436 ||0.004683208229317
   7   ||  vm_sigma || limited ||       49.0599725617 ||2.535494707402
   8   ||Recruit year 1 || limited ||      4.278701780854 ||0.3857877437318
   9   ||Recruit year 2 || limited ||      6.291541521713 ||0.5216414730319
  10   ||Recruit year 3 || limited ||      2.852125026537 ||0.2714791382684
  11   ||Recruit year 4 || limited ||      8.246971332052 ||0.7091198726748





