# Minimum negative log likelihood

Minuit did successfully converge.
# of function calls: 971
minimum function Value: 636.4361052906
minimum edm: 9.182884955001e-06
minimum internal state vector: LAVector parameters:
    -0.2371196865249
     -1.064518024102
     -1.287002217587
     -1.112499015728
     -1.491038532019
     -1.495732619366
    -0.2671074025316
      -1.03192705398
     -1.253433994754
      -1.11188364249
     -1.105051554833
      0.107536508297
     0.1026655503234
     0.0941139284274
    0.05783487663083

minimum internal covariance matrix: LASymMatrix parameters:
    0.014911691 -0.00091683242              0  0.00017263198  0.00014797376  0.00013786248  -0.0028755092   0.0019113662   0.0011267463   0.0016230908   0.0015517095  8.6792379e-05  7.9857508e-05  9.6576945e-05  7.8493342e-05
 -0.00091683242  7.0908555e-05              0 -1.8012039e-05 -1.2789854e-05 -1.1845725e-05  0.00010782793 -0.00012118004 -7.1841768e-05 -0.00010051639  -0.0001059487 -3.6442269e-06 -3.8897588e-06 -4.6314746e-06 -4.1024872e-06
              0              0              2              0              0              0              0              0              0              0              0              0              0              0              0
  0.00017263198 -1.8012039e-05              0  0.00031075211    2.28986e-07  5.7179784e-07  4.3466322e-05  2.2193419e-05   1.804202e-05  5.5200194e-06  3.5160931e-05 -1.7453297e-06 -3.0695143e-07  2.1551722e-06  1.8505298e-07
  0.00014797376 -1.2789854e-05              0    2.28986e-07  1.1537353e-05  9.7768149e-06 -1.9505839e-05  2.0074259e-05  1.2382265e-05  1.5089742e-05  1.8234234e-05  2.8976822e-07  5.8268772e-07  4.5951609e-07  6.1236576e-07
  0.00013786248 -1.1845725e-05              0  5.7179784e-07  9.7768149e-06  8.3869913e-06 -1.7330062e-05  1.8639645e-05  1.1503846e-05  1.4050933e-05  1.6966608e-05  2.8740519e-07  5.5491163e-07  4.4621098e-07   5.732373e-07
  -0.0028755092  0.00010782793              0  4.3466322e-05 -1.9505839e-05 -1.7330062e-05   0.0039378565 -0.00033208381 -0.00016766986 -0.00034673469 -0.00026712935 -5.8582469e-05 -4.7408054e-05 -4.1584166e-05 -4.6293307e-05
   0.0019113662 -0.00012118004              0  2.2193419e-05  2.0074259e-05  1.8639645e-05 -0.00033208381  0.00025956345  0.00014893705  0.00020334181  0.00019979908  9.7605263e-06  9.2237244e-06  1.2699327e-05   9.441451e-06
   0.0011267463 -7.1841768e-05              0   1.804202e-05  1.2382265e-05  1.1503846e-05 -0.00016766986  0.00014893705  0.00010723588  0.00011173201  0.00011892845  4.4609445e-06  4.0987144e-06  9.3358291e-06  5.1258973e-06
   0.0016230908 -0.00010051639              0  5.5200194e-06  1.5089742e-05  1.4050933e-05 -0.00034673469  0.00020334181  0.00011173201  0.00020524079  0.00016536976  1.1144069e-05  1.0332027e-05  7.5058245e-06  9.1843634e-06
   0.0015517095  -0.0001059487              0  3.5160931e-05  1.8234234e-05  1.6966608e-05 -0.00026712935  0.00019979908  0.00011892845  0.00016536976  0.00019349642  7.2614739e-06  7.7966703e-06  9.1156332e-06  8.3014509e-06
  8.6792379e-05 -3.6442269e-06              0 -1.7453297e-06  2.8976822e-07  2.8740519e-07 -5.8582469e-05  9.7605263e-06  4.4609445e-06  1.1144069e-05  7.2614739e-06  2.3131065e-06  1.0034153e-06  6.1651469e-07  8.4013869e-07
  7.9857508e-05 -3.8897588e-06              0 -3.0695143e-07  5.8268772e-07  5.5491163e-07 -4.7408054e-05  9.2237244e-06  4.0987144e-06  1.0332027e-05  7.7966703e-06  1.0034153e-06  3.8498622e-06  6.5093149e-07    7.04859e-07
  9.6576945e-05 -4.6314746e-06              0  2.1551722e-06  4.5951609e-07  4.4621098e-07 -4.1584166e-05  1.2699327e-05  9.3358291e-06  7.5058245e-06  9.1156332e-06  6.1651469e-07  6.5093149e-07   2.969361e-06  7.0634884e-07
  7.8493342e-05 -4.1024872e-06              0  1.8505298e-07  6.1236576e-07   5.732373e-07 -4.6293307e-05   9.441451e-06  5.1258973e-06  9.1843634e-06  8.3014509e-06  8.4013869e-07    7.04859e-07  7.0634884e-07  1.8014906e-06


# ext. ||   Name    ||   type  ||     Value     ||  Error +/- 

   0   ||Natural mortality || limited ||    0.03912740283941 ||0.002095671607489
   1   ||Targeted q || limited ||      6.272234640086 ||0.1443700251427
   2   ||Nontargeted q || limited ||                   2 ||22.06548931833
   3   ||     sigma || limited ||      5.159644810306 ||0.2757320742975
   4   ||  Biomass1 || limited ||      1.589483589533 ||0.0956798050453
   5   ||  Biomass2 || limited ||      1.407978745187 ||0.07678561921279
   6   ||  vm_sigma || limited ||      29.44293103385 ||1.711380235511
   7   ||Recruit year 1 || limited ||      7.094817423716 ||0.2922682768741
   8   ||Recruit year 2 || limited ||      2.506658448889 ||0.114240007048
   9   ||Recruit year 3 || limited ||      5.182748698712 ||0.2243436499669
  10   ||Recruit year 4 || limited ||      5.335100186068 ||0.2208375138533
  11   ||Mean Rec dist 1 || limited ||      1.073293676028 ||0.01069219252757
  12   ||Mean Rec dist 2 || limited ||      1.024852925147 ||0.01380112996406
  13   ||Mean Rec dist 3 || limited ||     0.9397505533186 ||0.01213082065529
  14   ||Mean Rec dist 4 || limited ||     0.5780264030351 ||0.009474890549314





