# Minimum negative log likelihood

Minuit did successfully converge.
# of function calls: 974
minimum function Value: 586.460474123
minimum edm: 4.148070336235e-05
minimum internal state vector: LAVector parameters:
      2.421634793476
    -0.9895232197552
     -1.287002217587
     -1.165123710488
     -1.405456734872
     -1.411890522557
      0.672377007844
     -1.217378414113
     -1.148985459962
     -1.155954668443
     -1.117527666179
     -1.212019540443

minimum internal covariance matrix: LASymMatrix parameters:
      0.1821822   0.0092868229              0  9.3024336e-05  -0.0021689867  -0.0021821596  -0.0011956795  0.00084833761  -0.0081058322   -0.007576976  -0.0077358246  -0.0065690248
   0.0092868229  0.00062027571              0 -1.0549452e-05 -0.00014788217 -0.00014505623  1.9253508e-05 -2.1814901e-05 -0.00043553514 -0.00041211263 -0.00041216925 -0.00035759892
              0              0              2              0              0              0              0              0              0              0              0              0
  9.3024336e-05 -1.0549452e-05              0   0.0002298996 -8.6147598e-07 -2.9852139e-07 -8.0033551e-06  7.3219744e-06 -7.5185955e-06 -1.6095253e-06 -4.1991409e-06  2.5206854e-06
  -0.0021689867 -0.00014788217              0 -8.6147598e-07  4.0884177e-05  3.8957374e-05 -6.2697401e-06  6.0073272e-06  0.00010319348  9.6792728e-05  9.6914474e-05  8.4009587e-05
  -0.0021821596 -0.00014505623              0 -2.9852139e-07  3.8957374e-05  3.7460429e-05 -4.2350369e-06   4.654751e-06  0.00010294057  9.6717486e-05  9.6978369e-05    8.39148e-05
  -0.0011956795  1.9253508e-05              0 -8.0033551e-06 -6.2697401e-06 -4.2350369e-06  6.2531442e-05 -4.3639335e-05  4.1095505e-05  3.5375007e-05  4.1072838e-05  3.2579351e-05
  0.00084833761 -2.1814901e-05              0  7.3219744e-06  6.0073272e-06   4.654751e-06 -4.3639335e-05  4.2763431e-05  -2.848032e-05 -2.3709869e-05 -2.8584289e-05 -2.1481085e-05
  -0.0081058322 -0.00043553514              0 -7.5185955e-06  0.00010319348  0.00010294057  4.1095505e-05  -2.848032e-05  0.00037557896  0.00034043788  0.00034782787  0.00029393384
   -0.007576976 -0.00041211263              0 -1.6095253e-06  9.6792728e-05  9.6717486e-05  3.5375007e-05 -2.3709869e-05  0.00034043788  0.00032902421  0.00032439313  0.00027710617
  -0.0077358246 -0.00041216925              0 -4.1991409e-06  9.6914474e-05  9.6978369e-05  4.1072838e-05 -2.8584289e-05  0.00034782787  0.00032439313  0.00034002956  0.00027995295
  -0.0065690248 -0.00035759892              0  2.5206854e-06  8.4009587e-05    8.39148e-05  3.2579351e-05 -2.1481085e-05  0.00029393384  0.00027710617  0.00027995295  0.00025554958


# ext. ||   Name    ||   type  ||     Value     ||  Error +/- 

   0   ||Natural mortality || limited ||    0.06148382475946 ||0.00558709601656
   1   ||Targeted q || limited ||      8.211786044904 ||0.4834674201255
   2   ||Nontargeted q || limited ||                   2 ||22.06548931833
   3   ||     sigma || limited ||      4.058141708224 ||0.2115502075194
   4   ||  Biomass1 || limited ||      6.818740147888 ||0.3720724199675
   5   ||  Biomass2 || limited ||      6.299491169289 ||0.3424132109544
   6   ||   vm_mean || limited ||      1.956732757067 ||0.01374292690307
   7   ||  vm_sigma || limited ||      2.473159760243 ||0.06401533662995
   8   ||Recruit year 1 || limited ||       4.39210955933 ||0.2804855673607
   9   ||Recruit year 2 || limited ||      4.250568361733 ||0.2584444181301
  10   ||Recruit year 3 || limited ||      5.058468106416 ||0.2854558592757
  11   ||Recruit year 4 || limited ||      3.193330132558 ||0.1984297658152





