# Minimum negative log likelihood

Minuit did successfully converge.
# of function calls: 1131
minimum function Value: 294.9515644724
minimum edm: 6.488505395845e-06
minimum internal state vector: LAVector parameters:
     0.4485126902479
     -1.214316230554
     -1.287002217587
     -1.370550272425
     -1.486684892003
     -1.490315897726
    -0.8957312071232
     -1.084465291811
      -1.20488653546
    -0.9634870002031
     -1.221858561368
    0.07102312493439
     0.0497657315335
     0.1087782710004
    0.08901127698601

minimum internal covariance matrix: LASymMatrix parameters:
   0.0023757448  -0.0001735263              0 -1.0754399e-05  4.4239308e-05   4.152534e-05  -0.0002036581  0.00036242523  0.00026832918  0.00044495683  0.00025386652  2.4626582e-05  2.4992896e-05  2.1276423e-05  2.2819189e-05
  -0.0001735263  1.4016735e-05              0   5.615631e-07 -3.4707373e-06 -3.2601353e-06  1.1896655e-05  -2.753192e-05 -2.0312258e-05 -3.3682824e-05 -1.9492928e-05 -1.5454618e-06 -1.6898757e-06 -1.3212141e-06 -1.7128989e-06
              0              0              2              0              0              0              0              0              0              0              0              0              0              0              0
 -1.0754399e-05   5.615631e-07              0  5.3583352e-05 -3.4651997e-07 -3.0974726e-07  4.1461556e-06 -2.1063654e-06  -6.626097e-07 -1.9450895e-06 -2.7387515e-06 -3.0933034e-07 -2.5916085e-07 -3.7668423e-07 -1.5835305e-07
  4.4239308e-05 -3.4707373e-06              0 -3.4651997e-07  1.4053174e-06  1.2627111e-06 -3.5680873e-06  6.9874338e-06   5.111116e-06  8.5574064e-06  4.9431714e-06  4.1032786e-07  4.4311575e-07  3.9406135e-07   4.305536e-07
   4.152534e-05 -3.2601353e-06              0 -3.0974726e-07  1.2627111e-06  1.1418661e-06 -3.3181965e-06  6.5506517e-06  4.8024129e-06  8.0222247e-06  4.6416042e-06  3.9015647e-07  4.1673937e-07  3.6413518e-07  4.0705091e-07
  -0.0002036581  1.1896655e-05              0  4.1461556e-06 -3.5680873e-06 -3.3181965e-06  5.5366259e-05 -2.8893019e-05 -2.2052108e-05 -3.4257512e-05 -2.0373334e-05 -4.2805813e-06 -3.2046529e-06 -3.6725225e-06 -3.3241308e-06
  0.00036242523  -2.753192e-05              0 -2.1063654e-06  6.9874338e-06  6.5506517e-06 -2.8893019e-05  5.7234135e-05  4.1352627e-05  6.8798179e-05   3.941601e-05  3.5367168e-06  3.7401023e-06  3.0997955e-06  3.4953396e-06
  0.00026832918 -2.0312258e-05              0  -6.626097e-07   5.111116e-06  4.8024129e-06 -2.2052108e-05  4.1352627e-05  3.1762961e-05  5.0848084e-05  2.9101652e-05  2.7450749e-06  2.7189267e-06  2.3049605e-06  2.5850909e-06
  0.00044495683 -3.3682824e-05              0 -1.9450895e-06  8.5574064e-06  8.0222247e-06 -3.4257512e-05  6.8798179e-05  5.0848084e-05  8.5372814e-05  4.8377817e-05  4.2939502e-06  4.5140176e-06  3.7438639e-06  4.2908697e-06
  0.00025386652 -1.9492928e-05              0 -2.7387515e-06  4.9431714e-06  4.6416042e-06 -2.0373334e-05   3.941601e-05  2.9101652e-05  4.8377817e-05  3.0352979e-05  2.4899349e-06  2.6063708e-06  2.1321657e-06  2.6379088e-06
  2.4626582e-05 -1.5454618e-06              0 -3.0933034e-07  4.1032786e-07  3.9015647e-07 -4.2805813e-06  3.5367168e-06  2.7450749e-06  4.2939502e-06  2.4899349e-06  5.3737901e-07  3.3462876e-07  3.2172372e-07  2.7191467e-07
  2.4992896e-05 -1.6898757e-06              0 -2.5916085e-07  4.4311575e-07  4.1673937e-07 -3.2046529e-06  3.7401023e-06  2.7189267e-06  4.5140176e-06  2.6063708e-06  3.3462876e-07  4.8284989e-07  2.7180401e-07   2.596142e-07
  2.1276423e-05 -1.3212141e-06              0 -3.7668423e-07  3.9406135e-07  3.6413518e-07 -3.6725225e-06  3.0997955e-06  2.3049605e-06  3.7438639e-06  2.1321657e-06  3.2172372e-07  2.7180401e-07  4.3343876e-07  3.4766288e-07
  2.2819189e-05 -1.7128989e-06              0 -1.5835305e-07   4.305536e-07  4.0705091e-07 -3.3241308e-06  3.4953396e-06  2.5850909e-06  4.2908697e-06  2.6379088e-06  2.7191467e-07   2.596142e-07  3.4766288e-07  1.0157478e-06


# ext. ||   Name    ||   type  ||     Value     ||  Error +/- 

   0   ||Natural mortality || limited ||    0.05584064524392 ||0.0007762624026168
   1   ||Targeted q || limited ||      3.143450261487 ||0.04619295176142
   2   ||Nontargeted q || limited ||                   2 ||22.06548931833
   3   ||     sigma || limited ||     0.9991167641634 ||0.05147847355242
   4   ||  Biomass1 || limited ||      1.767640864618 ||0.03521153815753
   5   ||  Biomass2 || limited ||      1.618401037437 ||0.03037273605383
   6   ||  vm_sigma || limited ||      8.774240078366 ||0.1315237373596
   7   ||Recruit year 1 || limited ||      5.806738968786 ||0.1250006531442
   8   ||Recruit year 2 || limited ||      3.319737731239 ||0.07128695166792
   9   ||Recruit year 3 || limited ||      8.949783521428 ||0.1863999124869
  10   ||Recruit year 4 || limited ||      3.022877646196 ||0.06659014456729
  11   ||Mean Rec dist 1 || limited ||     0.7096342985362 ||0.005170458496574
  12   ||Mean Rec dist 2 || limited ||     0.4974519220943 ||0.004907417864939
  13   ||Mean Rec dist 3 || limited ||      1.085638742214 ||0.004627797364774
  14   ||Mean Rec dist 4 || limited ||     0.8889378403905 ||0.007098313521423





