# Minimum negative log likelihood

Minuit did successfully converge.
# of function calls: 690
minimum function Value: 650.436516225
minimum edm: 1.406524495418e-06
minimum internal state vector: LAVector parameters:
     0.1796984694267
      -1.05247565102
     -1.287002217587
      -1.09652446058
      -1.54726286539
     -1.547810491812
    -0.3027646474967
     -2.768729093404
     -1.029051163684
     -1.201138176628
     -1.214323774654
     -1.238336767429

minimum internal covariance matrix: LASymMatrix parameters:
     0.10255372  -0.0075009077              0  6.2723241e-05  0.00038055034  0.00034870716  0.00021093345   0.0019372782   0.0079191151    0.006872873   0.0054914444   0.0052653806
  -0.0075009077  0.00056933649              0 -3.1678152e-06 -2.8004765e-05 -2.5783324e-05 -8.4441356e-06 -4.2834186e-05 -0.00058371706 -0.00050673318 -0.00040460119 -0.00038861421
              0              0              2              0              0              0              0              0              0              0              0              0
  6.2723241e-05 -3.1678152e-06              0  0.00028517229  3.2797476e-06  2.5922224e-06  9.2746916e-07  1.1424651e-05  5.2864959e-06  4.2391176e-06  3.1707434e-06  2.9151273e-06
  0.00038055034 -2.8004765e-05              0  3.2797476e-06  2.8968982e-05  2.3842687e-05  6.0519412e-07  2.5917259e-05  3.0369853e-05  2.5697423e-05  2.0407661e-05  1.9587525e-05
  0.00034870716 -2.5783324e-05              0  2.5922224e-06  2.3842687e-05  1.9804249e-05   5.174383e-07  1.8907844e-05  2.7662289e-05  2.3519835e-05   1.868234e-05  1.7923159e-05
  0.00021093345 -8.4441356e-06              0  9.2746916e-07  6.0519412e-07   5.174383e-07  7.4469098e-06  8.5714379e-05  1.4672449e-05  1.2608528e-05  1.0418638e-05  9.6202582e-06
   0.0019372782 -4.2834186e-05              0  1.1424651e-05  2.5917259e-05  1.8907844e-05  8.5714379e-05   0.0023917377  0.00012969285  0.00010894658  9.2946856e-05  8.4914149e-05
   0.0079191151 -0.00058371706              0  5.2864959e-06  3.0369853e-05  2.7662289e-05  1.4672449e-05  0.00012969285  0.00062749237  0.00053225296  0.00042457847  0.00040781466
    0.006872873 -0.00050673318              0  4.2391176e-06  2.5697423e-05  2.3519835e-05  1.2608528e-05  0.00010894658  0.00053225296  0.00047738663   0.0003685393  0.00035408764
   0.0054914444 -0.00040460119              0  3.1707434e-06  2.0407661e-05   1.868234e-05  1.0418638e-05  9.2946856e-05  0.00042457847   0.0003685393  0.00030887949  0.00028259534
   0.0052653806 -0.00038861421              0  2.9151273e-06  1.9587525e-05  1.7923159e-05  9.6202582e-06  8.4914149e-05  0.00040781466  0.00035408764  0.00028259534  0.00028647561


# ext. ||   Name    ||   type  ||     Value     ||  Error +/- 

   0   ||Natural mortality || limited ||    0.04946832265847 ||0.005522461879501
   1   ||Targeted q || limited ||      6.567381077154 ||0.4179210802007
   2   ||Nontargeted q || limited ||                   2 ||22.06548931833
   3   ||     sigma || limited ||       5.51872552869 ||0.2726594884704
   4   ||  Biomass1 || limited ||     0.1384495615232 ||0.04477816555509
   5   ||  Biomass2 || limited ||     0.1320813369008 ||0.03616225664527
   6   ||   vm_mean || limited ||    -0.9366980276174 ||0.005786364478974
   7   ||  vm_sigma || limited ||      25.42933329525 ||1.287934542656
   8   ||Recruit year 1 || limited ||      7.168777823786 ||0.4565969360075
   9   ||Recruit year 2 || limited ||      3.387116789437 ||0.2790573168865
  10   ||Recruit year 3 || limited ||      3.153004294788 ||0.2168123029739
  11   ||Recruit year 4 || limited ||      2.747602224476 ||0.1952782127477





