# Minimum negative log likelihood

Minuit did successfully converge.
# of function calls: 380
minimum function Value: 131.1279176254
minimum edm: 3.543451504401e-05
minimum internal state vector: LAVector parameters:
     -1.223050294685
     -1.287002217587
     -1.182760944608
     -1.487567975201
     -1.494952804828
    -0.2512115096755
    -0.9563419004959
     -1.016916072553
    -0.9452851469133
     -1.124705533647
     -1.424440175975

minimum internal covariance matrix: LASymMatrix parameters:
  1.6545933e-05              0  1.2850945e-06 -1.5577447e-06 -4.0918324e-06  1.0808377e-05 -5.7337095e-05 -6.0685568e-06 -1.2967626e-05 -3.8735518e-06 -1.7192813e-06
              0              2              0              0              0              0              0              0              0              0              0
  1.2850945e-06              0   0.0009828772 -1.3050151e-05   1.761297e-06 -5.8959774e-06  9.7609857e-05  -2.766888e-05 -1.6352649e-05  1.8376605e-05 -1.8818498e-05
 -1.5577447e-06              0 -1.3050151e-05  3.9864674e-05  1.2608973e-05 -4.1472486e-06 -5.4630196e-06  1.5533108e-05 -4.5960416e-06   4.783846e-06 -3.9078533e-06
 -4.0918324e-06              0   1.761297e-06  1.2608973e-05  1.0983391e-05  -1.376208e-06   2.024136e-05 -2.3308094e-07  3.6278275e-06  -9.697515e-09   9.441796e-07
  1.0808377e-05              0 -5.8959774e-06 -4.1472486e-06  -1.376208e-06  1.5771283e-05 -5.0734376e-05 -6.5606079e-06 -4.5500475e-06 -6.7006511e-06  2.0946267e-06
 -5.7337095e-05              0  9.7609857e-05 -5.4630196e-06   2.024136e-05 -5.0734376e-05  0.00051776253 -3.2394216e-06  4.2696155e-05  2.0726462e-05  3.7542076e-07
 -6.0685568e-06              0  -2.766888e-05  1.5533108e-05 -2.3308094e-07 -6.5606079e-06 -3.2394216e-06  2.6808471e-05  3.4359891e-06  1.4362393e-06  9.1304533e-07
 -1.2967626e-05              0 -1.6352649e-05 -4.5960416e-06  3.6278275e-06 -4.5500475e-06  4.2696155e-05  3.4359891e-06  3.5376429e-05  -1.104149e-05  1.5219809e-05
 -3.8735518e-06              0  1.8376605e-05   4.783846e-06  -9.697515e-09 -6.7006511e-06  2.0726462e-05  1.4362393e-06  -1.104149e-05    2.16522e-05 -1.2467581e-05
 -1.7192813e-06              0 -1.8818498e-05 -3.9078533e-06   9.441796e-07  2.0946267e-06  3.7542076e-07  9.1304533e-07  1.5219809e-05 -1.2467581e-05  2.2132831e-05


# ext. ||   Name    ||   type  ||     Value     ||  Error +/- 

   0   ||Targeted q || limited ||      2.992839666973 ||0.04900875284362
   1   ||Nontargeted q || limited ||                   2 ||22.06548931833
   2   ||     sigma || limited ||      3.717290031814 ||0.4193594536625
   3   ||  Biomass1 || limited ||      1.730740217318 ||0.1855741403082
   4   ||  Biomass2 || limited ||      1.437370749448 ||0.08878199027809
   5   ||   vm_mean || limited ||    -0.7809296379604 ||0.008545109892543
   6   ||  vm_sigma || limited ||      7.317384595052 ||0.3710181085859
   7   ||Recruit year 1 || limited ||      7.484754956953 ||0.09627758401245
   8   ||Recruit year 2 || limited ||      9.475857139157 ||0.123112713175
   9   ||Recruit year 3 || limited ||      4.902481302607 ||0.07097157062928
  10   ||Recruit year 4 || limited ||     0.5444944210526 ||0.02425429678025





