# Minimum negative log likelihood

Minuit did successfully converge.
# of function calls: 621
minimum function Value: 546.3801958644
minimum edm: 3.029950925567e-05
minimum internal state vector: LAVector parameters:
    -0.8452040732721
     -1.230245607949
     -1.287002217587
     -1.202875123471
     -1.514269912222
     -1.516152683867
    -0.4902660625924
    -0.7125879387112
     -1.227076287468
    -0.9752016417285
    -0.9845853954939
     -1.352116303094

minimum internal covariance matrix: LASymMatrix parameters:
   0.0016242168 -0.00079309322              0 -1.6120398e-06  0.00013323439  0.00012700931 -1.1573707e-05 -8.9931748e-05  0.00079333484   0.0013313588   0.0013948816  0.00049548238
 -0.00079309322  0.00039714896              0 -3.6894001e-07 -6.6051931e-05 -6.3225116e-05  1.0437327e-05 -3.1888115e-07 -0.00039114238 -0.00065664058 -0.00068727591 -0.00024175851
              0              0              2              0              0              0              0              0              0              0              0              0
 -1.6120398e-06 -3.6894001e-07              0  0.00017183951 -2.5777193e-06 -1.8821527e-06 -1.4015517e-07  8.6855266e-06 -9.2759085e-07 -1.0247978e-06 -1.0976403e-06 -1.4582928e-07
  0.00013323439 -6.6051931e-05              0 -2.5777193e-06  2.4577261e-05  2.0950448e-05 -2.1844922e-06 -1.1734509e-05  7.1284226e-05  0.00011007193  0.00011525128  4.0367758e-05
  0.00012700931 -6.3225116e-05              0 -1.8821527e-06  2.0950448e-05  1.8279384e-05 -1.9276813e-06 -6.2974731e-06  6.6277548e-05  0.00010506913  0.00010998484  3.8518925e-05
 -1.1573707e-05  1.0437327e-05              0 -1.4015517e-07 -2.1844922e-06 -1.9276813e-06   6.676059e-06 -3.2022359e-05 -8.1434614e-06 -1.2541374e-05 -1.2774944e-05 -3.7299029e-06
 -8.9931748e-05 -3.1888115e-07              0  8.6855266e-06 -1.1734509e-05 -6.2974731e-06 -3.2022359e-05  0.00071970335  -3.700772e-05 -4.4802805e-05 -5.1287633e-05 -2.7340717e-05
  0.00079333484 -0.00039114238              0 -9.2759085e-07  7.1284226e-05  6.6277548e-05 -8.1434614e-06  -3.700772e-05  0.00040001115  0.00065271441  0.00068383537  0.00024200796
   0.0013313588 -0.00065664058              0 -1.0247978e-06  0.00011007193  0.00010506913 -1.2541374e-05 -4.4802805e-05  0.00065271441   0.0011019221   0.0011474907   0.0004059635
   0.0013948816 -0.00068727591              0 -1.0976403e-06  0.00011525128  0.00010998484 -1.2774944e-05 -5.1287633e-05  0.00068383537   0.0011474907   0.0012088219  0.00042457459
  0.00049548238 -0.00024175851              0 -1.4582928e-07  4.0367758e-05  3.8518925e-05 -3.7299029e-06 -2.7340717e-05  0.00024200796   0.0004059635  0.00042457459  0.00015995478


# ext. ||   Name    ||   type  ||     Value     ||  Error +/- 

   0   ||Natural mortality || limited ||    0.03778401803794 ||0.002836167456874
   1   ||Targeted q || limited ||       2.87145675268 ||0.2353270889572
   2   ||Nontargeted q || limited ||                   2 ||22.06548931833
   3   ||     sigma || limited ||      3.346147222708 ||0.1666949340422
   4   ||  Biomass1 || limited ||      0.798596210218 ||0.09902412125742
   5   ||  Biomass2 || limited ||     0.7462962015117 ||0.08255789573328
   6   ||   vm_mean || limited ||     -1.479252287523 ||0.005063671431938
   7   ||  vm_sigma || limited ||      13.84905969375 ||0.5741140694763
   8   ||Recruit year 1 || limited ||      2.934329535123 ||0.2382607786127
   9   ||Recruit year 2 || limited ||      8.618387763337 ||0.6582803317372
  10   ||Recruit year 3 || limited ||      8.357025250231 ||0.6798887769237
  11   ||Recruit year 4 || limited ||      1.200648072987 ||0.09699438216182





