# Minimum negative log likelihood

Minuit did successfully converge.
# of function calls: 1167
minimum function Value: 617.3065213838
minimum edm: 1.172020880905e-05
minimum internal state vector: LAVector parameters:
      0.612698826682
     -1.144899905689
     -1.287002217587
     -1.133462197603
     -1.397317096718
     -1.406422336341
    0.01682311530326
    -0.9114432154384
     -1.077958842142
      -1.03299360308
     -1.289130301593
      0.119477136684
    0.03762275242669
    0.03807785071897
    0.06905132770312

minimum internal covariance matrix: LASymMatrix parameters:
    0.020252881   -0.001325201              0 -1.7537763e-05  0.00059408471  0.00054848542  -0.0037214607   0.0031202065   0.0022497863   0.0024070617   0.0012267704  3.9869979e-05  7.5687752e-05  6.8554795e-05  0.00010357323
   -0.001325201  9.9344393e-05              0  1.1968261e-06 -4.4390843e-05 -4.0764563e-05  0.00017640303 -0.00021317178 -0.00015348185 -0.00016550396 -8.7157613e-05 -1.9391044e-06 -4.2976542e-06 -3.6704134e-06 -6.1965933e-06
              0              0              2              0              0              0              0              0              0              0              0              0              0              0              0
 -1.7537763e-05  1.1968261e-06              0  0.00025657654  4.5588202e-06  3.8094629e-06  -2.008591e-05 -3.2300012e-06  -2.318996e-06 -2.3605525e-06 -2.7552053e-06  1.0746331e-06  7.8720292e-07 -5.6218936e-08 -1.6336399e-08
  0.00059408471 -4.4390843e-05              0  4.5588202e-06   2.955378e-05  2.6182228e-05  -8.655771e-05  9.5357248e-05  6.8785069e-05  7.4024673e-05  3.7975435e-05  9.2322351e-07  1.9893587e-06  1.6976177e-06  2.7590011e-06
  0.00054848542 -4.0764563e-05              0  3.8094629e-06  2.6182228e-05  2.3331117e-05 -8.0187551e-05  8.7885038e-05  6.3364184e-05  6.8159036e-05  3.5032621e-05  8.6261179e-07  1.8389866e-06  1.5779666e-06  2.5644383e-06
  -0.0037214607  0.00017640303              0  -2.008591e-05  -8.655771e-05 -8.0187551e-05   0.0056679642 -0.00051108045 -0.00038593856 -0.00041480244  -0.0002121213 -3.7609413e-05 -3.6918069e-05 -4.0768298e-05 -3.3436065e-05
   0.0031202065 -0.00021317178              0 -3.2300012e-06  9.5357248e-05  8.7885038e-05 -0.00051108045  0.00050441544  0.00035063703  0.00037621606  0.00019572434  5.3241698e-06  1.1202242e-05  9.9352755e-06  1.5340638e-05
   0.0022497863 -0.00015348185              0  -2.318996e-06  6.8785069e-05  6.3364184e-05 -0.00038593856  0.00035063703  0.00026988401  0.00027254413   0.0001396043  4.2321011e-06  8.1573929e-06  7.3577707e-06  1.1018388e-05
   0.0024070617 -0.00016550396              0 -2.3605525e-06  7.4024673e-05  6.8159036e-05 -0.00041480244  0.00037621606  0.00027254413  0.00030962886    0.000150292  4.6708963e-06  8.7496266e-06  7.8762229e-06  1.1617991e-05
   0.0012267704 -8.7157613e-05              0 -2.7552053e-06  3.7975435e-05  3.5032621e-05  -0.0002121213  0.00019572434   0.0001396043    0.000150292  0.00010717099  2.3791502e-06  4.4510618e-06  3.9635005e-06  6.8309577e-06
  3.9869979e-05 -1.9391044e-06              0  1.0746331e-06  9.2322351e-07  8.6261179e-07 -3.7609413e-05  5.3241698e-06  4.2321011e-06  4.6708963e-06  2.3791502e-06  1.2371245e-06  2.8682063e-07  2.9744032e-07  2.2743184e-07
  7.5687752e-05 -4.2976542e-06              0  7.8720292e-07  1.9893587e-06  1.8389866e-06 -3.6918069e-05  1.1202242e-05  8.1573929e-06  8.7496266e-06  4.4510618e-06  2.8682063e-07  1.1172187e-06   4.001808e-07  4.3976169e-07
  6.8554795e-05 -3.6704134e-06              0 -5.6218936e-08  1.6976177e-06  1.5779666e-06 -4.0768298e-05  9.9352755e-06  7.3577707e-06  7.8762229e-06  3.9635005e-06  2.9744032e-07   4.001808e-07  9.3358108e-07  3.6912527e-07
  0.00010357323 -6.1965933e-06              0 -1.6336399e-08  2.7590011e-06  2.5644383e-06 -3.3436065e-05  1.5340638e-05  1.1018388e-05  1.1617991e-05  6.8309577e-06  2.2743184e-07  4.3976169e-07  3.6912527e-07  3.6654211e-06


# ext. ||   Name    ||   type  ||     Value     ||  Error +/- 

   0   ||Natural mortality || limited ||    0.05937693647673 ||0.002054665034243
   1   ||Targeted q || limited ||      4.466562304476 ||0.1455852877201
   2   ||Nontargeted q || limited ||                   2 ||22.06548931833
   3   ||     sigma || limited ||      4.705802675607 ||0.2398469882553
   4   ||  Biomass1 || limited ||      7.504910743332 ||0.3317625822629
   5   ||  Biomass2 || limited ||      6.739507207934 ||0.2794457944763
   6   ||  vm_sigma || limited ||      40.67338445988 ||2.128072910027
   7   ||Recruit year 1 || limited ||      10.48951771811 ||0.4863719613488
   8   ||Recruit year 2 || limited ||      5.959709234677 ||0.274769589522
   9   ||Recruit year 3 || limited ||      7.067478743595 ||0.3186421067759
  10   ||Recruit year 4 || limited ||      1.980118504594 ||0.1017239024974
  11   ||Mean Rec dist 1 || limited ||      1.191930877333 ||0.007808804086236
  12   ||Mean Rec dist 2 || limited ||     0.3761387739919 ||0.00746872749505
  13   ||Mean Rec dist 3 || limited ||     0.3806864972925 ||0.006827254087455
  14   ||Mean Rec dist 4 || limited ||     0.6899646700727 ||0.01350549820484





