# Minimum negative log likelihood

Minuit did successfully converge.
# of function calls: 1364
minimum function Value: 626.4720541022
minimum edm: 5.80408317898e-05
minimum internal state vector: LAVector parameters:
     0.5592436535792
     -1.042061074586
     -1.287002217587
      -1.12357947146
     -1.437273632854
     -1.446834308742
    -0.1443847677792
     -1.118358797769
     -1.240391457995
     -1.072138421029
    -0.9803443545535
    0.02137695199548
     0.1122277329079
    0.05824951508232
    0.05035192831837

minimum internal covariance matrix: LASymMatrix parameters:
    0.015502899  -0.0010986078              0  1.1231448e-05  0.00027719495  0.00024745285  -0.0021876862   0.0012532586  0.00097070307   0.0015024771    0.001703748  4.2662444e-05  4.6274822e-05  5.3900422e-05  4.8139982e-05
  -0.0010986078  9.7875581e-05              0 -8.5558566e-07 -2.4805737e-05 -2.2100892e-05   9.198633e-05 -9.4100246e-05 -7.2395486e-05 -0.00011302501 -0.00013563703 -1.5961257e-06 -1.9920837e-06 -2.3426899e-06 -2.6198253e-06
              0              0              2              0              0              0              0              0              0              0              0              0              0              0              0
  1.1231448e-05 -8.5558566e-07              0   0.0002687956  2.7203802e-07  2.7803588e-07 -2.5607957e-05  3.9554965e-06  3.6944091e-06  5.2602611e-07 -1.3241668e-06  1.0469758e-06  4.9177366e-07  5.0565269e-07  4.2089375e-07
  0.00027719495 -2.4805737e-05              0  2.7203802e-07  1.4234253e-05  1.1902066e-05 -2.6223229e-05  2.3597078e-05  1.8856978e-05  2.8910712e-05  3.3957164e-05  3.8431267e-07  4.0254688e-07  5.3847162e-07  6.3486011e-07
  0.00024745285 -2.2100892e-05              0  2.7803588e-07  1.1902066e-05  1.0075256e-05 -2.2916107e-05   2.097895e-05  1.6792273e-05   2.575636e-05  3.0268391e-05  3.6146804e-07  3.6350842e-07  4.7112775e-07  5.6353777e-07
  -0.0021876862   9.198633e-05              0 -2.5607957e-05 -2.6223229e-05 -2.2916107e-05   0.0022705166 -0.00016005979 -0.00012807476 -0.00018928452 -0.00021343049 -2.1702617e-05 -2.2325766e-05 -2.6002217e-05 -2.2980428e-05
   0.0012532586 -9.4100246e-05              0  3.9554965e-06  2.3597078e-05   2.097895e-05 -0.00016005979  0.00011935087  7.7780531e-05   0.0001226746  0.00014207848  3.3610892e-06  3.5456936e-06  3.8735061e-06  3.6512817e-06
  0.00097070307 -7.2395486e-05              0  3.6944091e-06  1.8856978e-05  1.6792273e-05 -0.00012807476  7.7780531e-05  7.8128331e-05  9.6354141e-05  0.00010805824  2.4444495e-06  2.3046868e-06   3.240756e-06  2.8790855e-06
   0.0015024771 -0.00011302501              0  5.2602611e-07  2.8910712e-05   2.575636e-05 -0.00018928452   0.0001226746  9.6354141e-05  0.00016427112  0.00016794319  3.5640185e-06   3.903684e-06   4.707728e-06  4.3036827e-06
    0.001703748 -0.00013563703              0 -1.3241668e-06  3.3957164e-05  3.0268391e-05 -0.00021343049  0.00014207848  0.00010805824  0.00016794319   0.0002238892  3.7290996e-06  4.3640248e-06  4.9715101e-06  5.3567865e-06
  4.2662444e-05 -1.5961257e-06              0  1.0469758e-06  3.8431267e-07  3.6146804e-07 -2.1702617e-05  3.3610892e-06  2.4444495e-06  3.5640185e-06  3.7290996e-06   8.451134e-07  2.7178267e-07  3.4389219e-07  2.4904751e-07
  4.6274822e-05 -1.9920837e-06              0  4.9177366e-07  4.0254688e-07  3.6350842e-07 -2.2325766e-05  3.5456936e-06  2.3046868e-06   3.903684e-06  4.3640248e-06  2.7178267e-07  2.5750217e-06  2.9490961e-07  2.8580521e-07
  5.3900422e-05 -2.3426899e-06              0  5.0565269e-07  5.3847162e-07  4.7112775e-07 -2.6002217e-05  3.8735061e-06   3.240756e-06   4.707728e-06  4.9715101e-06  3.4389219e-07  2.9490961e-07  1.0515722e-06  3.2216614e-07
  4.8139982e-05 -2.6198253e-06              0  4.2089375e-07  6.3486011e-07  5.6353777e-07 -2.2980428e-05  3.6512817e-06  2.8790855e-06  4.3036827e-06  5.3567865e-06  2.4904751e-07  2.8580521e-07  3.2216614e-07  7.4284225e-07


# ext. ||   Name    ||   type  ||     Value     ||  Error +/- 

   0   ||Natural mortality || limited ||     0.0582636306919 ||0.001863331913931
   1   ||Targeted q || limited ||      6.827712377323 ||0.1764410464352
   2   ||Nontargeted q || limited ||                   2 ||22.06548931833
   3   ||     sigma || limited ||      4.917290729307 ||0.2506686770889
   4   ||  Biomass1 || limited ||      4.450459536822 ||0.1775765838284
   5   ||  Biomass2 || limited ||      3.836728585759 ||0.1387581479444
   6   ||  vm_sigma || limited ||      34.24522688233 ||1.333450984957
   7   ||Recruit year 1 || limited ||        5.0402875577 ||0.1688338715341
   8   ||Recruit year 2 || limited ||      2.714176001217 ||0.1013744953013
   9   ||Recruit year 3 || limited ||      6.098130846529 ||0.2166899543119
  10   ||Recruit year 4 || limited ||      8.474696720755 ||0.2944894643888
  11   ||Mean Rec dist 1 || limited ||     0.2137532391386 ||0.006498950479724
  12   ||Mean Rec dist 2 || limited ||      1.119922953107 ||0.01127546885436
  13   ||Mean Rec dist 3 || limited ||     0.5821658051107 ||0.007238812419619
  14   ||Mean Rec dist 4 || limited ||     0.5033065466798 ||0.00608670852678





