# Minimum negative log likelihood

Minuit did successfully converge.
# of function calls: 1160
minimum function Value: 163.4746703768
minimum edm: 3.653364298229e-05
minimum internal state vector: LAVector parameters:
    -0.6489946777871
     -1.019608772117
     -1.287002217587
       -1.4249365517
     -1.504363371576
     -1.508739852513
   -0.09163278072818
     -1.129212784606
    -0.9846107605668
     -1.131070005942
     -1.298547433007
     -1.066180412571

minimum internal covariance matrix: LASymMatrix parameters:
  0.00010967191 -3.9218508e-05              0  1.2997037e-05  4.6215634e-06  4.1557014e-06  5.1290599e-07 -3.0924502e-06   4.006246e-05  3.3765247e-05  2.1702911e-05   3.371216e-05
 -3.9218508e-05  1.4764951e-05              0 -5.1160995e-06 -1.7169954e-06 -1.5523531e-06  1.4355007e-07  5.9871043e-07  -1.448026e-05 -1.2209834e-05 -7.8515576e-06 -1.2224694e-05
              0              0              2              0              0              0              0              0              0              0              0              0
  1.2997037e-05 -5.1160995e-06              0  4.4363693e-05  5.2850971e-07  4.2794242e-07 -3.3349244e-08  -4.525456e-07  4.4694497e-06  4.1336335e-06  2.8397586e-06  4.4869246e-06
  4.6215634e-06 -1.7169954e-06              0  5.2850971e-07  3.0588811e-07  2.6088335e-07 -1.1492618e-08 -1.0003185e-07  1.7113516e-06  1.4356575e-06  9.2163412e-07  1.4310824e-06
  4.1557014e-06 -1.5523531e-06              0  4.2794242e-07  2.6088335e-07  2.2644446e-07 -1.3398278e-08 -7.3323114e-08  1.5383157e-06  1.2910113e-06  8.2834199e-07  1.2879763e-06
  5.1290599e-07  1.4355007e-07              0 -3.3349244e-08 -1.1492618e-08 -1.3398278e-08  2.0616751e-07 -2.8367097e-07  1.2044118e-07  1.0471607e-07  6.8045973e-08  8.6578169e-08
 -3.0924502e-06  5.9871043e-07              0  -4.525456e-07 -1.0003185e-07 -7.3323114e-08 -2.8367097e-07  7.9960549e-07 -1.0379489e-06 -8.8397379e-07 -5.6996735e-07 -8.4422644e-07
   4.006246e-05  -1.448026e-05              0  4.4694497e-06  1.7113516e-06  1.5383157e-06  1.2044118e-07 -1.0379489e-06  1.4821989e-05  1.2366418e-05  7.9456583e-06  1.2341658e-05
  3.3765247e-05 -1.2209834e-05              0  4.1336335e-06  1.4356575e-06  1.2910113e-06  1.0471607e-07 -8.8397379e-07  1.2366418e-05  1.0570793e-05  6.7023661e-06  1.0411784e-05
  2.1702911e-05 -7.8515576e-06              0  2.8397586e-06  9.2163412e-07  8.2834199e-07  6.8045973e-08 -5.6996735e-07  7.9456583e-06  6.7023661e-06  4.4565997e-06  6.6968028e-06
   3.371216e-05 -1.2224694e-05              0  4.4869246e-06  1.4310824e-06  1.2879763e-06  8.6578169e-08 -8.4422644e-07  1.2341658e-05  1.0411784e-05  6.6968028e-06  1.0554533e-05


# ext. ||   Name    ||   type  ||     Value     ||  Error +/- 

   0   ||Natural mortality || limited ||    0.05934213310168 ||0.0008849329024535
   1   ||Targeted q || limited ||      7.404839930514 ||0.0711463213423
   2   ||Nontargeted q || limited ||                   2 ||22.06548931833
   3   ||     sigma || limited ||     0.5309345416368 ||0.03422644187047
   4   ||  Biomass1 || limited ||      1.102928662228 ||0.0129807673816
   5   ||  Biomass2 || limited ||     0.9624425762368 ||0.01043383991906
   6   ||   vm_mean || limited ||    -0.2874701825767 ||0.001004428743659
   7   ||  vm_sigma || limited ||      3.837910597658 ||0.01080894038078
   8   ||Recruit year 1 || limited ||      8.356323725037 ||0.07528987522892
   9   ||Recruit year 2 || limited ||      4.766114336763 ||0.04892831964754
  10   ||Recruit year 3 || limited ||      1.851385390306 ||0.02006786108152
  11   ||Recruit year 4 || limited ||      6.241365129957 ||0.05552663793388





