# Minimum negative log likelihood

Minuit did successfully converge.
# of function calls: 715
minimum function Value: 519.1202704617
minimum edm: 6.377761460747e-06
minimum internal state vector: LAVector parameters:
    -0.7677008625749
     -1.054388327312
     -1.287002217587
     -1.226438623834
     -1.533483214387
     -1.534292414278
     -0.364182946669
    -0.3351249359175
     -1.328652965029
     -1.222765324903
     -1.471012627099
     -1.083502483638

minimum internal covariance matrix: LASymMatrix parameters:
   0.0019080532 -0.00079672013              0 -1.3462273e-05  5.4906493e-05  5.0294885e-05 -1.4279103e-05  0.00014638362  0.00037065298  0.00050353284  0.00011921647  0.00066212469
 -0.00079672013  0.00034528328              0  6.1680417e-06 -2.3742135e-05 -2.1730826e-05  9.5301115e-06 -0.00010853272 -0.00015584267 -0.00021196137 -4.9871934e-05 -0.00027973465
              0              0              2              0              0              0              0              0              0              0              0              0
 -1.3462273e-05  6.1680417e-06              0  0.00014757896  2.9776242e-06  2.2748427e-06  6.5570052e-07 -3.7608407e-05 -2.9276054e-06 -4.6567006e-06 -1.3595109e-06 -5.0672177e-06
  5.4906493e-05 -2.3742135e-05              0  2.9776242e-06  7.4540942e-06   6.252229e-06 -8.2474631e-07  8.7580745e-06  1.1337546e-05  1.4291388e-05  3.3288853e-06  1.8919238e-05
  5.0294885e-05 -2.1730826e-05              0  2.2748427e-06   6.252229e-06  5.3104948e-06 -7.1259938e-07  7.8062006e-06  1.0255776e-05  1.3124809e-05  3.0530478e-06  1.7359478e-05
 -1.4279103e-05  9.5301115e-06              0  6.5570052e-07 -8.2474631e-07 -7.1259938e-07  2.8334969e-06 -3.3900636e-05 -3.1944648e-06  -4.255498e-06  -9.387677e-07  -5.604325e-06
  0.00014638362 -0.00010853272              0 -3.7608407e-05  8.7580745e-06  7.8062006e-06 -3.3900636e-05  0.00097696186  3.2179148e-05  4.6394131e-05  1.2810697e-05  5.8847535e-05
  0.00037065298 -0.00015584267              0 -2.9276054e-06  1.1337546e-05  1.0255776e-05 -3.1944648e-06  3.2179148e-05  7.7169968e-05  9.7710639e-05  2.3018414e-05  0.00012858554
  0.00050353284 -0.00021196137              0 -4.6567006e-06  1.4291388e-05  1.3124809e-05  -4.255498e-06  4.6394131e-05  9.7710639e-05  0.00013773078  3.1110201e-05  0.00017496654
  0.00011921647 -4.9871934e-05              0 -1.3595109e-06  3.3288853e-06  3.0530478e-06  -9.387677e-07  1.2810697e-05  2.3018414e-05  3.1110201e-05  1.2143775e-05  4.1610233e-05
  0.00066212469 -0.00027973465              0 -5.0672177e-06  1.8919238e-05  1.7359478e-05  -5.604325e-06  5.8847535e-05  0.00012858554  0.00017496654  4.1610233e-05  0.00023554388


# ext. ||   Name    ||   type  ||     Value     ||  Error +/- 

   0   ||Natural mortality || limited ||    0.04582757626544 ||0.003333027136871
   1   ||Targeted q || limited ||      6.520081447337 ||0.3243739358176
   2   ||Nontargeted q || limited ||                   2 ||22.06548931833
   3   ||     sigma || limited ||      2.935375940107 ||0.1449954064409
   4   ||  Biomass1 || limited ||     0.3480267077078 ||0.03600915018351
   5   ||  Biomass2 || limited ||     0.3330969161646 ||0.02973481683644
   6   ||   vm_mean || limited ||     -1.118991152792 ||0.003494105325076
   7   ||  vm_sigma || limited ||      26.84517812053 ||0.8348046088343
   8   ||Recruit year 1 || limited ||      1.468541063371 ||0.07446516522501
   9   ||Recruit year 2 || limited ||      3.007397400604 ||0.1414936641736
  10   ||Recruit year 3 || limited ||     0.2586883286681 ||0.01227231944454
  11   ||Recruit year 4 || limited ||       5.82925732916 ||0.2540412086492





