# Minimum negative log likelihood

Minuit did successfully converge.
# of function calls: 926
minimum function Value: 339.0954111263
minimum edm: 6.308501683413e-06
minimum internal state vector: LAVector parameters:
     0.3363105758184
    -0.9851883658086
     -1.287002217587
     -1.348042919465
     -1.554079136028
     -1.555464016127
     0.1092641345381
    -0.2579069197629
     -1.290407124173
     -1.247498771582
     -1.375535528798
     -1.006632856541

minimum internal covariance matrix: LASymMatrix parameters:
   0.0093345088  -0.0006775235              0  6.5296165e-05  1.2117198e-05  1.2764584e-05 -1.0812268e-05  0.00015917077   0.0002831286  0.00040532287  0.00015200705  0.00061342716
  -0.0006775235  5.1527455e-05              0 -5.0595849e-06 -9.4978039e-07 -9.8882592e-07  1.2899545e-06 -1.9117679e-05 -2.0514612e-05 -2.9585696e-05 -1.1232248e-05 -4.5228191e-05
              0              0              2              0              0              0              0              0              0              0              0              0
  6.5296165e-05 -5.0595849e-06              0   7.070686e-05  3.8031904e-07  2.9461697e-07  4.3865388e-07 -3.1141197e-06  2.1220432e-06   2.807059e-06  1.1690222e-06  4.5962391e-06
  1.2117198e-05 -9.4978039e-07              0  3.8031904e-07  5.1125591e-07  3.9974401e-07  1.1205138e-08  -2.617494e-07  3.3272588e-07  5.1665548e-07  2.0447007e-07    8.23003e-07
  1.2764584e-05 -9.8882592e-07              0  2.9461697e-07  3.9974401e-07  3.1984209e-07 -3.2188208e-11 -1.2510468e-08  3.6233626e-07  5.5074667e-07  2.1352318e-07  8.6303274e-07
 -1.0812268e-05  1.2899545e-06              0  4.3865388e-07  1.1205138e-08 -3.2188208e-11  3.1920356e-07 -4.1155397e-06  -3.208556e-07 -5.1146926e-07 -2.2042408e-07 -8.5024876e-07
  0.00015917077 -1.9117679e-05              0 -3.1141197e-06  -2.617494e-07 -1.2510468e-08 -4.1155397e-06  0.00013808049  5.1345117e-06  7.0681211e-06  3.7974565e-06   1.300771e-05
   0.0002831286 -2.0514612e-05              0  2.1220432e-06  3.3272588e-07  3.6233626e-07  -3.208556e-07  5.1345117e-06  9.4858457e-06   1.224267e-05  4.6149637e-06  1.8570398e-05
  0.00040532287 -2.9585696e-05              0   2.807059e-06  5.1665548e-07  5.5074667e-07 -5.1146926e-07  7.0681211e-06   1.224267e-05  1.8605453e-05  6.3890178e-06  2.6669482e-05
  0.00015200705 -1.1232248e-05              0  1.1690222e-06  2.0447007e-07  2.1352318e-07 -2.2042408e-07  3.7974565e-06  4.6149637e-06  6.3890178e-06  3.3594887e-06  1.0129503e-05
  0.00061342716 -4.5228191e-05              0  4.5962391e-06    8.23003e-07  8.6303274e-07 -8.5024876e-07   1.300771e-05  1.8570398e-05  2.6669482e-05  1.0129503e-05  4.1497404e-05


# ext. ||   Name    ||   type  ||     Value     ||  Error +/- 

   0   ||Natural mortality || limited ||    0.05325016521214 ||0.001610998091079
   1   ||Targeted q || limited ||      8.331189192514 ||0.1402706406999
   2   ||Nontargeted q || limited ||                   2 ||22.06548931833
   3   ||     sigma || limited ||      1.235356210689 ||0.06567651068173
   4   ||  Biomass1 || limited ||    0.06986448971003 ||0.004225880661568
   5   ||  Biomass2 || limited ||    0.05876878630967 ||0.003065585240825
   6   ||   vm_mean || limited ||     0.3425807929657 ||0.001247587766274
   7   ||  vm_sigma || limited ||      29.79833718976 ||0.3213615681994
   8   ||Recruit year 1 || limited ||      1.962414379993 ||0.03013040643394
   9   ||Recruit year 2 || limited ||      2.600093043104 ||0.04844415726058
  10   ||Recruit year 3 || limited ||     0.9600498723735 ||0.01257187007286
  11   ||Recruit year 4 || limited ||      7.757415375296 ||0.1217693865912





