# Minimum negative log likelihood

Minuit did successfully converge.
# of function calls: 1294
minimum function Value: 489.3283562695
minimum edm: 4.628225530739e-05
minimum internal state vector: LAVector parameters:
   -0.07715978730923
     -1.188457233028
     -1.287002217587
     -1.250434953343
     -1.532867908638
     -1.534428889731
    -0.5160331615215
     -1.015694981304
      -1.49026984401
     -1.286924580707
     -1.086667498521
    0.04286510293132
    0.07448591641878
    0.05474011800382
     0.1170623516832

minimum internal covariance matrix: LASymMatrix parameters:
   0.0072252209 -0.00062645723              0  0.00016226799  6.0503717e-05   5.671333e-05  -0.0012307306   0.0013677352  0.00022512355  0.00072795942   0.0011552374  4.9838621e-05  6.3922564e-05   4.207375e-05  5.2123059e-05
 -0.00062645723  6.5862335e-05              0 -2.2113813e-05 -6.4559723e-06 -6.0035853e-06  9.1642969e-05 -0.00012722297 -1.6645822e-05 -6.5181709e-05 -0.00011410758 -3.6752956e-06 -7.2394908e-06 -2.4421954e-06  -3.809583e-06
              0              0              2              0              0              0              0              0              0              0              0              0              0              0              0
  0.00016226799 -2.2113813e-05              0  0.00018064742  8.0536354e-07  6.8502873e-07 -2.8162859e-05  3.9124309e-05  5.8922288e-06  2.0246551e-05  3.8254138e-05  8.7580377e-07  1.4511938e-06 -2.5641708e-06  1.7643063e-06
  6.0503717e-05 -6.4559723e-06              0  8.0536354e-07  3.7102371e-06  3.1805506e-06 -8.7319791e-06  1.2453615e-05  2.0585299e-06  5.5896935e-06  1.1453343e-05  3.0736386e-07 -1.6102515e-06  2.7231244e-07  4.2371924e-07
   5.671333e-05 -6.0035853e-06              0  6.8502873e-07  3.1805506e-06  2.7518171e-06 -7.9083173e-06    1.16124e-05  1.9258877e-06  5.2390142e-06  1.0643917e-05  2.9040209e-07 -1.4402299e-06  2.5103271e-07  3.7999833e-07
  -0.0012307306  9.1642969e-05              0 -2.8162859e-05 -8.7319791e-06 -7.9083173e-06  0.00088445012 -0.00022338277 -3.2860853e-05 -0.00012241302 -0.00019124707 -2.0700096e-05 -3.5881309e-05  -1.836333e-05 -2.4456886e-05
   0.0013677352 -0.00012722297              0  3.9124309e-05  1.2453615e-05    1.16124e-05 -0.00022338277  0.00026984975  3.9839548e-05  0.00013986054  0.00022968501  8.9856927e-06  1.1670754e-05  6.9784012e-06  9.4088752e-06
  0.00022512355 -1.6645822e-05              0  5.8922288e-06  2.0585299e-06  1.9258877e-06 -3.2860853e-05  3.9839548e-05  1.8986677e-05  1.8176239e-05  3.2548889e-05  1.3785972e-06 -1.0547595e-05   1.290495e-06  1.9000146e-06
  0.00072795942 -6.5181709e-05              0  2.0246551e-05  5.5896935e-06  5.2390142e-06 -0.00012241302  0.00013986054  1.8176239e-05   8.290067e-05  0.00011824632  4.9021514e-06  1.0975099e-05  4.0296059e-06  5.1219145e-06
   0.0011552374 -0.00011410758              0  3.8254138e-05  1.1453343e-05  1.0643917e-05 -0.00019124707  0.00022968501  3.2548889e-05  0.00011824632  0.00021214063  7.5513505e-06  8.8168806e-06  5.4404438e-06  8.9220296e-06
  4.9838621e-05 -3.6752956e-06              0  8.7580377e-07  3.0736386e-07  2.9040209e-07 -2.0700096e-05  8.9856927e-06  1.3785972e-06  4.9021514e-06  7.5513505e-06  8.3851679e-07  1.3819891e-06  5.5834756e-07  6.9507834e-07
  6.3922564e-05 -7.2394908e-06              0  1.4511938e-06 -1.6102515e-06 -1.4402299e-06 -3.5881309e-05  1.1670754e-05 -1.0547595e-05  1.0975099e-05  8.8168806e-06  1.3819891e-06  0.00011035518  2.1668496e-06  4.2463879e-08
   4.207375e-05 -2.4421954e-06              0 -2.5641708e-06  2.7231244e-07  2.5103271e-07  -1.836333e-05  6.9784012e-06   1.290495e-06  4.0296059e-06  5.4404438e-06  5.5834756e-07  2.1668496e-06  1.7954658e-06  6.3567137e-07
  5.2123059e-05  -3.809583e-06              0  1.7643063e-06  4.2371924e-07  3.7999833e-07 -2.4456886e-05  9.4088752e-06  1.9000146e-06  5.1219145e-06  8.9220296e-06  6.9507834e-07  4.2463879e-08  6.3567137e-07  2.2079892e-06


# ext. ||   Name    ||   type  ||     Value     ||  Error +/- 

   0   ||Natural mortality || limited ||    0.04307291883522 ||0.001497252182945
   1   ||Targeted q || limited ||      3.610276095917 ||0.1070500210696
   2   ||Nontargeted q || limited ||                   2 ||22.06548931833
   3   ||     sigma || limited ||      2.543915994989 ||0.149640862016
   4   ||  Biomass1 || limited ||     0.3595981141028 ||0.02582357114966
   5   ||  Biomass2 || limited ||     0.3306111786485 ||0.02132463714338
   6   ||  vm_sigma || limited ||      20.26339715855 ||0.7315690747391
   7   ||Recruit year 1 || limited ||      7.516897606279 ||0.3060537389434
   8   ||Recruit year 2 || limited ||     0.1720090752148 ||0.01239095079314
   9   ||Recruit year 3 || limited ||      2.010886952265 ||0.09014906160084
  10   ||Recruit year 4 || limited ||      5.755387359276 ||0.2396498594588
  11   ||Mean Rec dist 1 || limited ||     0.4285197729209 ||0.006469068387333
  12   ||Mean Rec dist 2 || limited ||     0.7441705899527 ||0.07407497053486
  13   ||Mean Rec dist 3 || limited ||     0.5471278414987 ||0.009460683285923
  14   ||Mean Rec dist 4 || limited ||      1.167951723212 ||0.01043520233812





