# Minimum negative log likelihood

Minuit did successfully converge.
# of function calls: 1776
minimum function Value: 351.6864752151
minimum edm: 1.598098385582e-05
minimum internal state vector: LAVector parameters:
    -0.7746691374389
     -1.361616507515
     -1.287002217587
      -1.34117474053
     -1.438369392331
     -1.441037190405
      1.085316969689
     0.1254034463745
      -1.17625266296
     -0.945045755725
     -1.309971068274
     -1.194840784325

minimum internal covariance matrix: LASymMatrix parameters:
   0.0006303677 -0.00058563831              0 -1.5312538e-06   0.0003681615  0.00036427315  1.4734383e-05 -7.7756606e-05   0.0011107877   0.0018300935  0.00073691687   0.0010523849
 -0.00058563831  0.00055269939              0  3.3471623e-06  -0.0003472405 -0.00034348789 -1.0822518e-05 -1.6324606e-05  -0.0010446937  -0.0017197773 -0.00069076344 -0.00098968197
              0              0              2              0              0              0              0              0              0              0              0              0
 -1.5312538e-06  3.3471623e-06              0  7.4233175e-05 -3.0776932e-06 -2.9256769e-06 -6.3340948e-07 -8.4372495e-06 -5.2344269e-06 -9.4056464e-06 -3.4695749e-06 -6.4955276e-06
   0.0003681615  -0.0003472405              0 -3.0776932e-06  0.00021975086   0.0002172064  6.8181962e-06  7.9360097e-06  0.00065663637   0.0010807563  0.00043409311  0.00062171427
  0.00036427315 -0.00034348789              0 -2.9256769e-06   0.0002172064  0.00021471653  6.8047698e-06  6.1629236e-06  0.00064954685   0.0010691512  0.00042944883  0.00061503554
  1.4734383e-05 -1.0822518e-05              0 -6.3340948e-07  6.8181962e-06  6.8047698e-06  6.3137194e-06 -8.3260315e-05  2.1377375e-05  3.6860359e-05  1.4671042e-05   2.320243e-05
 -7.7756606e-05 -1.6324606e-05              0 -8.4372495e-06  7.9360097e-06  6.1629236e-06 -8.3260315e-05   0.0045999313  1.4920993e-05 -4.3806929e-05  -1.147152e-05 -4.9046573e-05
   0.0011107877  -0.0010446937              0 -5.2344269e-06  0.00065663637  0.00064954685  2.1377375e-05  1.4920993e-05   0.0019777753   0.0032539929   0.0013079277    0.001872165
   0.0018300935  -0.0017197773              0 -9.4056464e-06   0.0010807563   0.0010691512  3.6860359e-05 -4.3806929e-05   0.0032539929   0.0053598381   0.0021533263   0.0030835261
  0.00073691687 -0.00069076344              0 -3.4695749e-06  0.00043409311  0.00042944883  1.4671042e-05  -1.147152e-05   0.0013079277   0.0021533263  0.00086792657   0.0012381657
   0.0010523849 -0.00098968197              0 -6.4955276e-06  0.00062171427  0.00061503554   2.320243e-05 -4.9046573e-05    0.001872165   0.0030835261   0.0012381657   0.0017853781


# ext. ||   Name    ||   type  ||     Value     ||  Error +/- 

   0   ||Natural mortality || limited ||    0.04507805071816 ||0.001903028718221
   1   ||Targeted q || limited ||      1.089921973155 ||0.1725947049571
   2   ||Nontargeted q || limited ||                   2 ||22.06548931833
   3   ||     sigma || limited ||      1.312370244177 ||0.0693331415967
   4   ||  Biomass1 || limited ||      4.377819849263 ||0.6920198644749
   5   ||  Biomass2 || limited ||      4.203455450399 ||0.6703451992063
   6   ||   vm_mean || limited ||      2.778585917607 ||0.002604666704211
   7   ||  vm_sigma || limited ||      45.00343833367 ||1.902501008269
   8   ||Recruit year 1 || limited ||      3.851012353026 ||0.6042227970015
   9   ||Recruit year 2 || limited ||      9.482865917197 ||1.515210376096
  10   ||Recruit year 3 || limited ||      1.700956329358 ||0.2685566576843
  11   ||Recruit year 4 || limited ||      3.501790375882 ||0.5483643350725





