# Minimum negative log likelihood

Minuit did successfully converge.
# of function calls: 1252
minimum function Value: 350.1141115661
minimum edm: 7.052433643295e-05
minimum internal state vector: LAVector parameters:
     0.7192777944558
     -1.107324778942
     -1.287002217587
     -1.342055911531
     -1.518846260444
     -1.522126770946
    -0.1742319705799
     -1.379522287168
    -0.9598015727759
     -1.162919551618
     -1.368289371484
    0.05829640631272
    0.07290233734597
     0.1167898790124
    0.07458540665772

minimum internal covariance matrix: LASymMatrix parameters:
   0.0036470343 -0.00021249027              0  6.4849376e-06  2.3838242e-05  2.2664599e-05 -0.00058567953  0.00013231172  0.00044594782  0.00028436809  0.00014131984  1.7841101e-05  1.4539793e-05  1.1707369e-05  1.4954058e-05
 -0.00021249027   1.397297e-05              0 -8.4871684e-07 -1.6235643e-06 -1.5142499e-06  2.6511052e-05  -7.971163e-06 -2.6813014e-05 -1.7076056e-05 -8.5684736e-06 -8.7122137e-07 -7.0351254e-07 -5.8202337e-07 -7.7451679e-07
              0              0              2              0              0              0              0              0              0              0              0              0              0              0              0
  6.4849376e-06 -8.4871684e-07              0  8.1110929e-05  1.1363158e-06  7.8339985e-07  -6.580584e-06  1.8363367e-06  8.8648097e-07  4.2962797e-07 -9.6223166e-07  5.3316839e-07  6.9096933e-08 -5.1701159e-08  2.7580809e-07
  2.3838242e-05 -1.6235643e-06              0  1.1363158e-06    8.83527e-07  7.3415388e-07 -4.6315523e-06   9.200396e-07  2.9932958e-06  1.8729295e-06  8.7130488e-07  1.6904216e-07   8.261462e-08  4.6067721e-08   3.500396e-08
  2.2664599e-05 -1.5142499e-06              0  7.8339985e-07  7.3415388e-07  6.2364865e-07 -4.4213574e-06  8.4297042e-07   2.821557e-06  1.7774295e-06  8.3102532e-07    1.75143e-07  7.7964079e-08  4.1353765e-08  5.1929274e-08
 -0.00058567953  2.6511052e-05              0  -6.580584e-06 -4.6315523e-06 -4.4213574e-06  0.00047336197 -1.8838856e-05 -6.5456828e-05 -4.1267951e-05 -1.9233482e-05 -8.1191688e-06 -5.0583031e-06 -3.8180636e-06 -4.3401454e-06
  0.00013231172  -7.971163e-06              0  1.8363367e-06   9.200396e-07  8.4297042e-07 -1.8838856e-05  6.2872536e-06  1.6237967e-05  1.0586525e-05  5.2544788e-06  5.3376589e-07  5.0393058e-07   4.054362e-07  6.0066485e-07
  0.00044594782 -2.6813014e-05              0  8.8648097e-07  2.9932958e-06   2.821557e-06 -6.5456828e-05  1.6237967e-05  5.6444324e-05  3.4843343e-05  1.7428712e-05  2.0070788e-06  1.7123663e-06  1.4401947e-06   1.757953e-06
  0.00028436809 -1.7076056e-05              0  4.2962797e-07  1.8729295e-06  1.7774295e-06 -4.1267951e-05  1.0586525e-05  3.4843343e-05  2.3767691e-05  1.1306412e-05  1.2235025e-06  1.0633268e-06  8.0710175e-07   1.164317e-06
  0.00014131984 -8.5684736e-06              0 -9.6223166e-07  8.7130488e-07  8.3102532e-07 -1.9233482e-05  5.2544788e-06  1.7428712e-05  1.1306412e-05  7.5957807e-06  5.0981893e-07  5.4476143e-07  4.2289017e-07  6.2639375e-07
  1.7841101e-05 -8.7122137e-07              0  5.3316839e-07  1.6904216e-07    1.75143e-07 -8.1191688e-06  5.3376589e-07  2.0070788e-06  1.2235025e-06  5.0981893e-07  6.6443129e-07  1.0627826e-07  3.1822105e-08  1.2159659e-07
  1.4539793e-05 -7.0351254e-07              0  6.9096933e-08   8.261462e-08  7.7964079e-08 -5.0583031e-06  5.0393058e-07  1.7123663e-06  1.0633268e-06  5.4476143e-07  1.0627826e-07  1.2845158e-07  6.9058286e-08  7.4253899e-08
  1.1707369e-05 -5.8202337e-07              0 -5.1701159e-08  4.6067721e-08  4.1353765e-08 -3.8180636e-06   4.054362e-07  1.4401947e-06  8.0710175e-07  4.2289017e-07  3.1822105e-08  6.9058286e-08  2.1310449e-07  6.4013037e-08
  1.4954058e-05 -7.7451679e-07              0  2.7580809e-07   3.500396e-08  5.1929274e-08 -4.3401454e-06  6.0066485e-07   1.757953e-06   1.164317e-06  6.2639375e-07  1.2159659e-07  7.4253899e-08  6.4013037e-08  6.6349237e-07


# ext. ||   Name    ||   type  ||     Value     ||  Error +/- 

   0   ||Natural mortality || limited ||    0.06147103854479 ||0.000802866730276
   1   ||Targeted q || limited ||      5.274704296192 ||0.05908277688161
   2   ||Nontargeted q || limited ||                   2 ||22.06548931833
   3   ||     sigma || limited ||      1.302361022436 ||0.07220060410399
   4   ||  Biomass1 || limited ||     0.6745506210194 ||0.0172566157699
   5   ||  Biomass2 || limited ||     0.5920645329096 ||0.01358347510158
   6   ||  vm_sigma || limited ||       33.0665151813 ||0.6060292710551
   7   ||Recruit year 1 || limited ||     0.9217675899676 ||0.01685180650053
   8   ||Recruit year 2 || limited ||      9.055207878961 ||0.152367131149
   9   ||Recruit year 3 || limited ||      4.111335216818 ||0.0683634392145
  10   ||Recruit year 4 || limited ||      1.031625654361 ||0.01959589251466
  11   ||Mean Rec dist 1 || limited ||     0.5826339214883 ||0.005754023466377
  12   ||Mean Rec dist 2 || limited ||     0.7283777821163 ||0.002527549196595
  13   ||Mean Rec dist 3 || limited ||      1.165245601147 ||0.00324199751137
  14   ||Mean Rec dist 4 || limited ||     0.7451627299985 ||0.005743727614624





