# Minimum negative log likelihood

Minuit did successfully converge.
# of function calls: 644
minimum function Value: 678.0486163287
minimum edm: 1.748754488062e-05
minimum internal state vector: LAVector parameters:
    -0.7004458886113
     -1.208458310048
     -1.287002217587
     -1.063290698487
     -1.494165012228
     -1.496996472463
    -0.2449306989967
    -0.3279387287193
    -0.9385953456517
    -0.9623337305865
    -0.9818619178679
     -1.107019153135

minimum internal covariance matrix: LASymMatrix parameters:
   0.0025424754  -0.0012413157              0 -1.4986256e-06  0.00028728643  0.00027240341  4.1241365e-05 -0.00074346779   0.0024899103   0.0023375508   0.0021054024   0.0016915583
  -0.0012413157  0.00062841469              0  4.0520677e-06 -0.00014438887 -0.00013702927 -1.4220483e-05  0.00025397287  -0.0012360334  -0.0011586066   -0.001043566 -0.00084169178
              0              0              2              0              0              0              0              0              0              0              0              0
 -1.4986256e-06  4.0520677e-06              0  0.00032337028 -4.8610697e-06 -4.2555194e-06  9.6270532e-07 -3.1047139e-05 -5.0953365e-06 -2.5408562e-06 -2.1226663e-06  3.1200466e-07
  0.00028728643 -0.00014438887              0 -4.8610697e-06  7.2260986e-05  6.3521751e-05  3.0956274e-06 -9.4133935e-05  0.00028933201   0.0002668636  0.00024032602  0.00019366801
  0.00027240341 -0.00013702927              0 -4.2555194e-06  6.3521751e-05  5.6430444e-05  3.0579447e-06 -8.0506562e-05   0.0002732416  0.00025317209  0.00022824459   0.0001835997
  4.1241365e-05 -1.4220483e-05              0  9.6270532e-07  3.0956274e-06  3.0579447e-06  8.7408288e-06 -0.00011664738  3.5483783e-05  3.2656243e-05  2.9552055e-05  2.3356053e-05
 -0.00074346779  0.00025397287              0 -3.1047139e-05 -9.4133935e-05 -8.0506562e-05 -0.00011664738   0.0042471269  -0.0006536527 -0.00057813466 -0.00051846605 -0.00042677289
   0.0024899103  -0.0012360334              0 -5.0953365e-06  0.00028933201   0.0002732416  3.5483783e-05  -0.0006536527   0.0024880926   0.0023043827   0.0020716154    0.001673776
   0.0023375508  -0.0011586066              0 -2.5408562e-06   0.0002668636  0.00025317209  3.2656243e-05 -0.00057813466   0.0023043827   0.0021920944   0.0019436224   0.0015695749
   0.0021054024   -0.001043566              0 -2.1226663e-06  0.00024032602  0.00022824459  2.9552055e-05 -0.00051846605   0.0020716154   0.0019436224   0.0017957091   0.0013997219
   0.0016915583 -0.00084169178              0  3.1200466e-07  0.00019366801   0.0001835997  2.3356053e-05 -0.00042677289    0.001673776   0.0015695749   0.0013997219   0.0011742833


# ext. ||   Name    ||   type  ||     Value     ||  Error +/- 

   0   ||Natural mortality || limited ||    0.05331620135902 ||0.004088097804229
   1   ||Targeted q || limited ||      3.246467829212 ||0.3141408325649
   2   ||Nontargeted q || limited ||                   2 ||22.06548931833
   3   ||     sigma || limited ||      6.302025658524 ||0.3089786960143
   4   ||  Biomass1 || limited ||      1.467371304676 ||0.2300834974793
   5   ||  Biomass2 || limited ||       1.36098674797 ||0.1958262494653
   6   ||   vm_mean || limited ||    -0.7618019522529 ||0.006371645474319
   7   ||  vm_sigma || limited ||      27.11696938776 ||1.744414299418
   8   ||Recruit year 1 || limited ||      9.672590859982 ||1.041801060078
   9   ||Recruit year 2 || limited ||      8.982713766905 ||0.945930304397
  10   ||Recruit year 3 || limited ||      8.432504636937 ||0.8320114398392
  11   ||Recruit year 4 || limited ||      5.291009825426 ||0.5418549447648





