# Minimum negative log likelihood

Minuit did successfully converge.
# of function calls: 481
minimum function Value: 136.0517685263
minimum edm: 2.097760898404e-05
minimum internal state vector: LAVector parameters:
     -1.250221613999
     -1.287002217587
     -1.162047343139
     -1.513629891924
     -1.519319047241
    -0.2761239946976
    -0.7118827759737
     -1.045613767578
     -1.237938996518
    -0.9609699321863
     -0.997786048717

minimum internal covariance matrix: LASymMatrix parameters:
  1.5978443e-05              0 -5.7254535e-06 -1.1945984e-06  4.8902385e-07  1.0772876e-05 -9.4232074e-05 -1.6594543e-05 -4.1037087e-06 -1.3126495e-05 -9.8518377e-06
              0              2              0              0              0              0              0              0              0              0              0
 -5.7254535e-06              0  0.00081352968 -1.6240584e-05 -1.7137982e-05 -3.3944114e-06 -6.8959332e-05  1.9961429e-05 -1.7095273e-05  3.2980902e-06  1.7730005e-05
 -1.1945984e-06              0 -1.6240584e-05   4.981637e-05  2.0131385e-05 -1.4528566e-06    6.90628e-06   7.579586e-06  2.7953063e-06  1.6540401e-06 -1.0683478e-06
  4.8902385e-07              0 -1.7137982e-05  2.0131385e-05  1.8012187e-05  1.1324541e-06   1.604247e-05 -1.0056725e-05  5.7772824e-07 -1.9298656e-07  2.0658669e-06
  1.0772876e-05              0 -3.3944114e-06 -1.4528566e-06  1.1324541e-06  1.3212036e-05 -0.00010517784 -1.2218517e-05 -1.8673796e-06 -8.2802472e-06 -7.6028938e-06
 -9.4232074e-05              0 -6.8959332e-05    6.90628e-06   1.604247e-05 -0.00010517784   0.0015213704  6.0622226e-05   3.599454e-05  8.5943183e-05  6.0388634e-05
 -1.6594543e-05              0  1.9961429e-05   7.579586e-06 -1.0056725e-05 -1.2218517e-05  6.0622226e-05  4.7758013e-05  1.7506812e-06   1.357522e-05  6.8700578e-06
 -4.1037087e-06              0 -1.7095273e-05  2.7953063e-06  5.7772824e-07 -1.8673796e-06   3.599454e-05  1.7506812e-06  3.2417292e-05  1.1140285e-05 -1.6477142e-05
 -1.3126495e-05              0  3.2980902e-06  1.6540401e-06 -1.9298656e-07 -8.2802472e-06  8.5943183e-05   1.357522e-05  1.1140285e-05  2.4160791e-05 -6.7738204e-07
 -9.8518377e-06              0  1.7730005e-05 -1.0683478e-06  2.0658669e-06 -7.6028938e-06  6.0388634e-05  6.8700578e-06 -1.6477142e-05 -6.7738204e-07  3.6371649e-05


# ext. ||   Name    ||   type  ||     Value     ||  Error +/- 

   0   ||Targeted q || limited ||      2.547276204953 ||0.04453348290593
   1   ||Nontargeted q || limited ||                   2 ||22.06548931833
   2   ||     sigma || limited ||       4.11906140978 ||0.4007813756521
   3   ||  Biomass1 || limited ||     0.8167778466968 ||0.1425751310591
   4   ||  Biomass2 || limited ||     0.6623312983076 ||0.07720782997112
   5   ||   vm_mean || limited ||    -0.8564877744909 ||0.00776869792469
   6   ||  vm_sigma || limited ||      13.87040901531 ||0.8351689021099
   7   ||Recruit year 1 || limited ||      6.747704854614 ||0.1224876085043
   8   ||Recruit year 2 || limited ||      2.754096316378 ||0.06576692380971
   9   ||Recruit year 3 || limited ||      9.021725818641 ||0.0995204969905
  10   ||Recruit year 4 || limited ||      7.995565336909 ||0.1155905674569





