# Minimum negative log likelihood

Minuit did successfully converge.
# of function calls: 568
minimum function Value: 603.0083007028
minimum edm: 5.249777606596e-05
minimum internal state vector: LAVector parameters:
    -0.3459012797207
     -1.131082990282
     -1.287002217587
     -1.148436094287
     -1.437442765409
      -1.44290845539
      0.346170989991
     0.1693326758822
     -1.146211586304
    -0.9872020826744
      -1.38051613926
      -1.02199068268

minimum internal covariance matrix: LASymMatrix parameters:
    0.043169586  -0.0040480824              0 -0.00015849861   0.0011622913      0.0011451  4.7063641e-05 -0.00020836778   0.0042279363   0.0056229122   0.0016000092   0.0048710891
  -0.0040480824  0.00038943759              0   1.510177e-05 -0.00011216054 -0.00011033102 -1.9256277e-06 -6.4778533e-05 -0.00039871865 -0.00053016989 -0.00014937407 -0.00046338873
              0              0              2              0              0              0              0              0              0              0              0              0
 -0.00015849861   1.510177e-05              0  0.00021699639 -4.1905399e-06 -4.3248743e-06  2.9917326e-08 -6.1524249e-06 -1.4103476e-05 -2.0454175e-05 -5.2767714e-06 -1.7559269e-05
   0.0011622913 -0.00011216054              0 -4.1905399e-06  4.0005394e-05  3.8185312e-05  4.5209517e-07  2.0709274e-05  0.00011519021  0.00015231382  4.2971282e-05  0.00013331279
      0.0011451 -0.00011033102              0 -4.3248743e-06  3.8185312e-05  3.6640189e-05  4.9750531e-07  1.9739573e-05  0.00011331675  0.00015000777  4.2331654e-05  0.00013122005
  4.7063641e-05 -1.9256277e-06              0  2.9917326e-08  4.5209517e-07  4.9750531e-07   3.149708e-06  -8.911534e-05  4.0311462e-06  5.4210621e-06  1.7611234e-06  4.0368736e-06
 -0.00020836778 -6.4778533e-05              0 -6.1524249e-06  2.0709274e-05  1.9739573e-05  -8.911534e-05   0.0061960955 -1.0490834e-06 -6.8835112e-06 -9.4648522e-06  1.6874262e-05
   0.0042279363 -0.00039871865              0 -1.4103476e-05  0.00011519021  0.00011331675  4.0311462e-06 -1.0490834e-06  0.00042291977  0.00055176711  0.00015696131  0.00047835907
   0.0056229122 -0.00053016989              0 -2.0454175e-05  0.00015231382  0.00015000777  5.4210621e-06 -6.8835112e-06  0.00055176711  0.00074128216  0.00020851431  0.00063615564
   0.0016000092 -0.00014937407              0 -5.2767714e-06  4.2971282e-05  4.2331654e-05  1.7611234e-06 -9.4648522e-06  0.00015696131  0.00020851431   6.764069e-05  0.00017872248
   0.0048710891 -0.00046338873              0 -1.7559269e-05  0.00013331279  0.00013122005  4.0368736e-06  1.6874262e-05  0.00047835907  0.00063615564  0.00017872248  0.00056720309


# ext. ||   Name    ||   type  ||     Value     ||  Error +/- 

   0   ||Natural mortality || limited ||    0.03652388220013 ||0.003442976413211
   1   ||Targeted q || limited ||      4.756313633181 ||0.2969909274645
   2   ||Nontargeted q || limited ||                   2 ||22.06548931833
   3   ||     sigma || limited ||      4.393800577038 ||0.2134846251489
   4   ||  Biomass1 || limited ||      4.439208628991 ||0.2973236804823
   5   ||  Biomass2 || limited ||      4.083257115269 ||0.2729464254049
   6   ||   vm_mean || limited ||      1.065937470963 ||0.003708610755425
   7   ||  vm_sigma || limited ||      46.74140001611 ||2.193400713107
   8   ||Recruit year 1 || limited ||      4.449062323148 ||0.2994758363313
   9   ||Recruit year 2 || limited ||      8.284796468099 ||0.5303337600279
  10   ||Recruit year 3 || limited ||     0.9123457232264 ||0.05498988648552
  11   ||Recruit year 4 || limited ||      7.351856319851 ||0.4391926583319





