# Minimum negative log likelihood

Minuit did successfully converge.
# of function calls: 1786
minimum function Value: 644.8714989262
minimum edm: 7.599931690701e-05
minimum internal state vector: LAVector parameters:
    -0.7477622113314
     -1.242425823611
     -1.287002217587
     -1.102978904593
     -1.334988914355
     -1.341295458354
    -0.2348603554522
    -0.9653913389421
    -0.9830714719314
     -1.307172683242
     -1.010954696581
     0.1187524039976
     0.1107818260265
     0.0776979317299
     0.1005761541279

minimum internal covariance matrix: LASymMatrix parameters:
    0.066161458  -0.0040817409              0  -2.364631e-05   0.0030265135   0.0029085793   -0.018785245    0.011620719    0.011432682   0.0056110217    0.010382831  0.00033630382   0.0003835927  0.00057692949  0.00034479253
  -0.0040817409  0.00026127246              0  3.8319132e-06 -0.00019332562 -0.00018562511     0.00108795 -0.00072375333 -0.00071078659 -0.00034547789 -0.00065324983 -1.9329663e-05 -2.2711607e-05 -3.6125422e-05 -2.0935496e-05
              0              0              2              0              0              0              0              0              0              0              0              0              0              0              0
  -2.364631e-05  3.8319132e-06              0  0.00026448235 -5.4219802e-06  -4.909623e-06 -4.3519217e-05 -5.7391636e-06 -5.7759985e-06 -2.3886816e-06 -5.5576946e-06  5.7951686e-07 -2.2015569e-08  2.6875977e-08  9.3260899e-07
   0.0030265135 -0.00019332562              0 -5.4219802e-06  0.00015566798  0.00014831993 -0.00083600899  0.00053830823  0.00052708658  0.00025630193  0.00048401293  1.4103114e-05  1.6893852e-05  2.6745016e-05  1.5791761e-05
   0.0029085793 -0.00018562511              0  -4.909623e-06  0.00014831993  0.00014147167 -0.00080092838  0.00051693489  0.00050643346   0.0002463266  0.00046493684  1.3633854e-05  1.6243785e-05  2.5688357e-05  1.5148549e-05
   -0.018785245     0.00108795              0 -4.3519217e-05 -0.00083600899 -0.00080092838    0.019696559  -0.0032735183  -0.0032278432  -0.0015896448  -0.0029344807 -0.00016576556 -0.00019113017 -0.00020298134 -0.00018600891
    0.011620719 -0.00072375333              0 -5.7391636e-06  0.00053830823  0.00051693489  -0.0032735183   0.0020608956   0.0020123096  0.00098621233   0.0018331324  5.7287833e-05  6.7006501e-05   0.0001015618  6.0433943e-05
    0.011432682 -0.00071078659              0 -5.7759985e-06  0.00052708658  0.00050643346  -0.0032278432   0.0020123096   0.0019923518  0.00096763409   0.0018019789  5.7231171e-05  6.4985165e-05  0.00010145036  5.9511273e-05
   0.0056110217 -0.00034547789              0 -2.3886816e-06  0.00025630193   0.0002463266  -0.0015896448  0.00098621233  0.00096763409  0.00049268886  0.00088007874  2.8193486e-05    3.23156e-05   4.396991e-05  2.9294008e-05
    0.010382831 -0.00065324983              0 -5.5576946e-06  0.00048401293  0.00046493684  -0.0029344807   0.0018331324   0.0018019789  0.00088007874   0.0016832621   5.072913e-05   5.932637e-05  9.1242348e-05  5.5864873e-05
  0.00033630382 -1.9329663e-05              0  5.7951686e-07  1.4103114e-05  1.3633854e-05 -0.00016576556  5.7287833e-05  5.7231171e-05  2.8193486e-05   5.072913e-05  5.5467184e-06  2.3132779e-06  3.0085722e-06  2.1158207e-06
   0.0003835927 -2.2711607e-05              0 -2.2015569e-08  1.6893852e-05  1.6243785e-05 -0.00019113017  6.7006501e-05  6.4985165e-05    3.23156e-05   5.932637e-05  2.3132779e-06   6.098857e-06  3.5049121e-06  2.4072799e-06
  0.00057692949 -3.6125422e-05              0  2.6875977e-08  2.6745016e-05  2.5688357e-05 -0.00020298134   0.0001015618  0.00010145036   4.396991e-05  9.1242348e-05  3.0085722e-06  3.5049121e-06   3.209458e-05  3.4475822e-06
  0.00034479253 -2.0935496e-05              0  9.3260899e-07  1.5791761e-05  1.5148549e-05 -0.00018600891  6.0433943e-05  5.9511273e-05  2.9294008e-05  5.5864873e-05  2.1158207e-06  2.4072799e-06  3.4475822e-06  4.8514092e-06


# ext. ||   Name    ||   type  ||     Value     ||  Error +/- 

   0   ||Natural mortality || limited ||    0.02800000775974 ||0.003315585525405
   1   ||Targeted q || limited ||      2.671544280799 ||0.1842992071027
   2   ||Nontargeted q || limited ||                   2 ||22.06548931833
   3   ||     sigma || limited ||      5.372268829742 ||0.2592757243112
   4   ||  Biomass1 || limited ||      13.83698798416 ||1.030562059522
   5   ||  Biomass2 || limited ||      13.10996775429 ||0.9566428299663
   6   ||  vm_sigma || limited ||       30.6923292769 ||3.854181859612
   7   ||Recruit year 1 || limited ||       8.89552693568 ||0.9131662528527
   8   ||Recruit year 2 || limited ||      8.398944547077 ||0.8747819345484
   9   ||Recruit year 3 || limited ||      1.737223902209 ||0.2044665997929
  10   ||Recruit year 4 || limited ||      7.642275484491 ||0.7701292003968
  11   ||Mean Rec dist 1 || limited ||      1.184734903592 ||0.01653611161865
  12   ||Mean Rec dist 2 || limited ||      1.105553679535 ||0.01735555776899
  13   ||Mean Rec dist 3 || limited ||     0.7761977866171 ||0.03993810533139
  14   ||Mean Rec dist 4 || limited ||      1.004066758022 ||0.01549596052953





