# Minimum negative log likelihood

Minuit did successfully converge.
# of function calls: 1502
minimum function Value: 685.1144200698
minimum edm: 1.028939506953e-05
minimum internal state vector: LAVector parameters:
     0.5222103694035
    -0.9778990727433
     -1.287002217587
     -1.054393819805
     -1.457219743352
     -1.466636094672
     0.1038063851846
    -0.9375416200872
     -1.265865277654
     -1.260480170668
     -1.294884694631
    0.03953028817723
    0.04155320013617
    0.04961958715677
    0.03916092233069

minimum internal covariance matrix: LASymMatrix parameters:
    0.034021443  -0.0026377328              0   0.0003204319  0.00056266466   0.0004868589  -0.0037946584   0.0036955597   0.0015663803   0.0017340888    0.001540689  6.2828074e-05  6.5169641e-05  6.2233379e-05  5.8757905e-05
  -0.0026377328  0.00024603785              0 -2.8376324e-05 -4.9910685e-05 -4.3281004e-05  4.9349283e-05 -0.00030117782 -0.00012873257 -0.00014078914 -0.00012657412 -1.5897749e-06 -3.0375052e-06 -1.3427735e-06 -3.3294752e-06
              0              0              2              0              0              0              0              0              0              0              0              0              0              0              0
   0.0003204319 -2.8376324e-05              0  0.00038164907  1.0894251e-05   8.981583e-06  7.7278757e-05  4.8606678e-05  1.4913854e-05  1.5692604e-05  1.9516096e-06 -3.4440699e-07  -1.091229e-06  5.9361752e-09 -4.2484961e-06
  0.00056266466 -4.9910685e-05              0  1.0894251e-05  2.3186215e-05  1.8824305e-05 -2.4739828e-05  6.4213778e-05  2.5267205e-05  2.8950025e-05  2.5882219e-05  7.3843874e-07  4.4561217e-07  8.7397604e-07 -1.7345061e-07
   0.0004868589 -4.3281004e-05              0   8.981583e-06  1.8824305e-05  1.5503155e-05 -1.9562031e-05   5.554361e-05  2.2059121e-05  2.5117939e-05  2.2422949e-05  6.0120524e-07  4.2421929e-07  7.2203476e-07 -5.4749699e-08
  -0.0037946584  4.9349283e-05              0  7.7278757e-05 -2.4739828e-05 -1.9562031e-05   0.0089041617 -0.00029131019  -0.0001856267 -0.00016849585 -0.00013722283 -6.5658594e-05  -4.408672e-05 -6.3262949e-05 -4.7808579e-05
   0.0036955597 -0.00030117782              0  4.8606678e-05  6.4213778e-05   5.554361e-05 -0.00029131019  0.00043546194  0.00017408159   0.0001907021  0.00016507458  5.4069985e-06  5.9192695e-06  5.0876625e-06  4.9042848e-06
   0.0015663803 -0.00012873257              0  1.4913854e-05  2.5267205e-05  2.2059121e-05  -0.0001856267  0.00017408159  0.00010973574  8.4477759e-05  6.1494381e-05  2.3193289e-06  2.4776064e-06  2.1893076e-06   2.004347e-06
   0.0017340888 -0.00014078914              0  1.5692604e-05  2.8950025e-05  2.5117939e-05 -0.00016849585   0.0001907021  8.4477759e-05  0.00011383635  7.7742621e-05  2.7131444e-06  2.8172976e-06  2.3255318e-06  2.9710164e-06
    0.001540689 -0.00012657412              0  1.9516096e-06  2.5882219e-05  2.2422949e-05 -0.00013722283  0.00016507458  6.1494381e-05  7.7742621e-05  0.00011414291   2.603799e-06  3.1410964e-06   1.476162e-06  5.7273384e-06
  6.2828074e-05 -1.5897749e-06              0 -3.4440699e-07  7.3843874e-07  6.0120524e-07 -6.5658594e-05  5.4069985e-06  2.3193289e-06  2.7131444e-06   2.603799e-06  1.0095341e-06   3.638563e-07   6.460486e-07  3.1965084e-07
  6.5169641e-05 -3.0375052e-06              0  -1.091229e-06  4.4561217e-07  4.2421929e-07  -4.408672e-05  5.9192695e-06  2.4776064e-06  2.8172976e-06  3.1410964e-06   3.638563e-07  2.0511527e-06  5.6844478e-07  5.1975384e-07
  6.2233379e-05 -1.3427735e-06              0  5.9361752e-09  8.7397604e-07  7.2203476e-07 -6.3262949e-05  5.0876625e-06  2.1893076e-06  2.3255318e-06   1.476162e-06   6.460486e-07  5.6844478e-07  2.7851137e-06  8.2719981e-08
  5.8757905e-05 -3.3294752e-06              0 -4.2484961e-06 -1.7345061e-07 -5.4749699e-08 -4.7808579e-05  4.9042848e-06   2.004347e-06  2.9710164e-06  5.7273384e-06  3.1965084e-07  5.1975384e-07  8.2719981e-08  3.1194486e-06


# ext. ||   Name    ||   type  ||     Value     ||  Error +/- 

   0   ||Natural mortality || limited ||    0.05746992808582 ||0.002818042896343
   1   ||Targeted q || limited ||      8.533736268089 ||0.3098682889911
   2   ||Nontargeted q || limited ||                   2 ||22.06548931833
   3   ||     sigma || limited ||      6.519945849409 ||0.3410238584682
   4   ||  Biomass1 || limited ||      3.221444885287 ||0.1929406729244
   5   ||  Biomass2 || limited ||      2.709887115606 ||0.1447374237994
   6   ||  vm_sigma || limited ||      44.14525032573 ||2.652587024694
   7   ||Recruit year 1 || limited ||      9.703743601624 ||0.4365409404106
   8   ||Recruit year 2 || limited ||      2.316386549635 ||0.111181361043
   9   ||Recruit year 3 || limited ||      2.397907378615 ||0.1151753818952
  10   ||Recruit year 4 || limited ||      1.900948545334 ||0.102891051054
  11   ||Mean Rec dist 1 || limited ||     0.3951999368907 ||0.007099145170854
  12   ||Mean Rec dist 2 || limited ||     0.4154124306862 ||0.01011833076163
  13   ||Mean Rec dist 3 || limited ||     0.4959922823726 ||0.01178613752201
  14   ||Mean Rec dist 4 || limited ||     0.3915091371107 ||0.0124793139243





