# Minimum negative log likelihood

Minuit did successfully converge.
# of function calls: 904
minimum function Value: 549.7525592994
minimum edm: 2.138306346439e-05
minimum internal state vector: LAVector parameters:
    -0.6779422817011
     -1.129444049096
     -1.287002217587
     -1.199832748452
     -1.430563763599
     -1.438589522369
     0.1506867693895
     -0.027685941605
     -1.326492966884
     -1.155205318668
    -0.9935333857379
     -1.044207839205

minimum internal covariance matrix: LASymMatrix parameters:
    0.045191253  -0.0037193304              0  4.5191103e-05    0.001082573   0.0010655958 -8.4694534e-05   0.0018043709   0.0020562821   0.0037361376   0.0045782247   0.0041101922
  -0.0037193304  0.00031198207              0  -4.320148e-06 -9.0957873e-05 -8.9480625e-05  8.9005971e-06 -0.00020886079 -0.00016968583 -0.00030912444 -0.00037822785 -0.00034067955
              0              0              2              0              0              0              0              0              0              0              0              0
  4.5191103e-05  -4.320148e-06              0  0.00015707493  9.6454027e-07  1.0312436e-06 -5.5231181e-07  1.1641497e-05  2.2128919e-06   3.076945e-06  4.5674782e-06  4.2657238e-06
    0.001082573 -9.0957873e-05              0  9.6454027e-07  3.0345482e-05  2.9255852e-05 -2.7213768e-06  6.0108122e-05  5.0302985e-05  9.0329029e-05  0.00010988279  9.8944445e-05
   0.0010655958 -8.9480625e-05              0  1.0312436e-06  2.9255852e-05  2.8312614e-05 -2.6380545e-06  5.9098805e-05  4.9312353e-05  8.8851099e-05  0.00010818253  9.7416729e-05
 -8.4694534e-05  8.9005971e-06              0 -5.5231181e-07 -2.7213768e-06 -2.6380545e-06  2.2878429e-06 -5.1971508e-05 -4.0722241e-06 -7.4302608e-06 -8.8790048e-06 -8.2505541e-06
   0.0018043709 -0.00020886079              0  1.1641497e-05  6.0108122e-05  5.9098805e-05 -5.1971508e-05   0.0031724209  8.6019342e-05   0.0001636739  0.00019410233  0.00018186419
   0.0020562821 -0.00016968583              0  2.2128919e-06  5.0302985e-05  4.9312353e-05 -4.0722241e-06  8.6019342e-05  9.9618466e-05  0.00016998363  0.00020822296  0.00018691568
   0.0037361376 -0.00030912444              0   3.076945e-06  9.0329029e-05  8.8851099e-05 -7.4302608e-06   0.0001636739  0.00016998363   0.0003146671  0.00037850799  0.00034039096
   0.0045782247 -0.00037822785              0  4.5674782e-06  0.00010988279  0.00010818253 -8.8790048e-06  0.00019410233  0.00020822296  0.00037850799  0.00046993672  0.00041637058
   0.0041101922 -0.00034067955              0  4.2657238e-06  9.8944445e-05  9.7416729e-05 -8.2505541e-06  0.00018186419  0.00018691568  0.00034039096  0.00041637058  0.00038210057


# ext. ||   Name    ||   type  ||     Value     ||  Error +/- 

   0   ||Natural mortality || limited ||    0.02932020829208 ||0.002915933411122
   1   ||Targeted q || limited ||      4.791257614162 ||0.2667483275313
   2   ||Nontargeted q || limited ||                   2 ||22.06548931833
   3   ||     sigma || limited ||      3.401076598196 ||0.1606301642538
   4   ||  Biomass1 || limited ||      4.908241579031 ||0.2722234018439
   5   ||  Biomass2 || limited ||      4.363298848936 ||0.247988700575
   6   ||   vm_mean || limited ||     0.4716069509751 ||0.00332199113118
   7   ||  vm_sigma || limited ||      38.89321764884 ||1.592038907685
   8   ||Recruit year 1 || limited ||       1.49454832976 ||0.08534510678694
   9   ||Recruit year 2 || limited ||      4.265680781254 ||0.253173143879
  10   ||Recruit year 3 || limited ||      8.111215363193 ||0.4182096293508
  11   ||Recruit year 4 || limited ||      6.782988654023 ||0.347294397618





