# Minimum negative log likelihood

Minuit did successfully converge.
# of function calls: 1427
minimum function Value: 389.4690882137
minimum edm: 2.985629253916e-05
minimum internal state vector: LAVector parameters:
     0.7906778479516
    -0.9427523068129
     -1.287002217587
     -1.319215009382
      -1.50093405245
     -1.507406237844
      2.641460706918
     -1.350541162706
     -1.000130436763
     -1.030514580292
     -1.132724169847
    0.03213922067724
    0.09789549116202
    0.09683792476858
     0.1117375877777

minimum internal covariance matrix: LASymMatrix parameters:
   0.0039789535 -0.00019649971              0  3.3876596e-05  2.2231065e-05  1.9180412e-05   0.0010049588  8.7635311e-05  0.00028884405  0.00028091775  0.00022116879  5.3612354e-06  7.1342334e-06   8.635428e-06  7.5050948e-06
 -0.00019649971  1.1588871e-05              0 -1.5203809e-06 -1.3115982e-06 -1.1288715e-06 -3.8958368e-05 -4.6056216e-06 -1.4784721e-05 -1.4260618e-05 -1.1728561e-05 -1.9107799e-07 -2.7158513e-07 -3.3858857e-07 -3.0950457e-07
              0              0              2              0              0              0              0              0              0              0              0              0              0              0              0
  3.3876596e-05 -1.5203809e-06              0  8.3800963e-05  3.2345636e-07  2.4439375e-07  9.2835827e-06  1.6633248e-07  1.9082586e-06  2.3804423e-06   1.327297e-06  9.6698385e-09  1.3295938e-07  3.8409736e-08  1.2340605e-07
  2.2231065e-05 -1.3115982e-06              0  3.2345636e-07  7.9051747e-07  6.1071781e-07  4.7712876e-06  5.3217873e-07  1.7023173e-06  1.6426648e-06  1.3356119e-06  2.2705584e-08  3.8792422e-08  3.8992647e-08  3.5952358e-08
  1.9180412e-05 -1.1288715e-06              0  2.4439375e-07  6.1071781e-07  4.8439516e-07  4.1252197e-06  4.5327694e-07  1.4663746e-06  1.4181793e-06   1.153348e-06  2.0450215e-08  3.3055283e-08  3.3919768e-08  3.0392214e-08
   0.0010049588 -3.8958368e-05              0  9.2835827e-06  4.7712876e-06  4.1252197e-06   0.0014128806  2.1485491e-05  6.9553247e-05  6.8213554e-05  5.0859878e-05  4.8660775e-06  5.3351623e-06  5.5616409e-06  5.2855359e-06
  8.7635311e-05 -4.6056216e-06              0  1.6633248e-07  5.3217873e-07  4.5327694e-07  2.1485491e-05  3.7884176e-06  6.6778334e-06   6.264214e-06  5.2753576e-06  1.3929019e-07  1.7324507e-07  1.7949709e-07  1.8722353e-07
  0.00028884405 -1.4784721e-05              0  1.9082586e-06  1.7023173e-06  1.4663746e-06  6.9553247e-05  6.6778334e-06  2.3049556e-05  2.0482284e-05  1.6519981e-05  3.8276527e-07  5.1516891e-07  6.0733275e-07  5.3666032e-07
  0.00028091775 -1.4260618e-05              0  2.3804423e-06  1.6426648e-06  1.4181793e-06  6.8213554e-05   6.264214e-06  2.0482284e-05  2.1548314e-05    1.57842e-05  3.7614094e-07  4.9515546e-07   5.833729e-07  5.0240251e-07
  0.00022116879 -1.1728561e-05              0   1.327297e-06  1.3356119e-06   1.153348e-06  5.0859878e-05  5.2753576e-06  1.6519981e-05    1.57842e-05  1.4831091e-05  2.5351662e-07  3.7832931e-07  4.5014331e-07  4.1540595e-07
  5.3612354e-06 -1.9107799e-07              0  9.6698385e-09  2.2705584e-08  2.0450215e-08  4.8660775e-06  1.3929019e-07  3.8276527e-07  3.7614094e-07  2.5351662e-07  1.5356075e-07  2.4579655e-08  2.0890681e-08  2.5400087e-08
  7.1342334e-06 -2.7158513e-07              0  1.3295938e-07  3.8792422e-08  3.3055283e-08  5.3351623e-06  1.7324507e-07  5.1516891e-07  4.9515546e-07  3.7832931e-07  2.4579655e-08  6.5076102e-08  2.6025033e-08  2.7778877e-08
   8.635428e-06 -3.3858857e-07              0  3.8409736e-08  3.8992647e-08  3.3919768e-08  5.5616409e-06  1.7949709e-07  6.0733275e-07   5.833729e-07  4.5014331e-07  2.0890681e-08  2.6025033e-08  6.9903942e-08  2.4311026e-08
  7.5050948e-06 -3.0950457e-07              0  1.2340605e-07  3.5952358e-08  3.0392214e-08  5.2855359e-06  1.8722353e-07  5.3666032e-07  5.0240251e-07  4.1540595e-07  2.5400087e-08  2.7778877e-08  2.4311026e-08  1.0429315e-07


# ext. ||   Name    ||   type  ||     Value     ||  Error +/- 

   0   ||Natural mortality || limited ||    0.06277075523227 ||0.000784052862704
   1   ||Targeted q || limited ||      9.541084137355 ||0.07071795527535
   2   ||Nontargeted q || limited ||                   2 ||22.06548931833
   3   ||     sigma || limited ||      1.574000686444 ||0.08056823470555
   4   ||  Biomass1 || limited ||       1.21968814161 ||0.02194320690019
   5   ||  Biomass2 || limited ||      1.004239498492 ||0.01558781907501
   6   ||  vm_sigma || limited ||       59.1819133705 ||0.9328199552294
   7   ||Recruit year 1 || limited ||      1.217792548734 ||0.01503312684499
   8   ||Recruit year 2 || limited ||      7.932135060605 ||0.09168337912217
   9   ||Recruit year 3 || limited ||      7.131098253711 ||0.08441109069458
  10   ||Recruit year 4 || limited ||      4.730971562652 ||0.05775140761451
  11   ||Mean Rec dist 1 || limited ||      0.321336880381 ||0.002769496150708
  12   ||Mean Rec dist 2 || limited ||     0.9773920205398 ||0.001795194041131
  13   ||Mean Rec dist 3 || limited ||     0.9668664476101 ||0.001860785553976
  14   ||Mean Rec dist 4 || limited ||      1.115052202136 ||0.002269321782232





