# Minimum negative log likelihood

Minuit did successfully converge.
# of function calls: 963
minimum function Value: 580.8045943866
minimum edm: 1.171996942681e-05
minimum internal state vector: LAVector parameters:
    0.09737381244866
    -0.9539581893446
     -1.287002217587
     -1.170700098544
     -1.524207684667
      -1.52738468826
   -0.03445338854198
    -0.6171705662488
     -1.268108356455
     -1.372078179351
     -1.018417229155
    -0.9876897023817

minimum internal covariance matrix: LASymMatrix parameters:
    0.048181355  -0.0039444739              0  0.00018923182  0.00028048202  0.00025608463  0.00010288675 -0.00059501625   0.0018235871   0.0011520735    0.004517051   0.0035017192
  -0.0039444739  0.00033655357              0 -1.5610017e-05 -2.4112097e-05 -2.1938752e-05  -4.407869e-06  1.6861766e-05 -0.00015026076 -9.5493962e-05 -0.00037312594  -0.0002896951
              0              0              2              0              0              0              0              0              0              0              0              0
  0.00018923182 -1.5610017e-05              0  0.00020320174 -2.4893298e-07 -4.3382468e-07  5.7103554e-07  2.7775347e-06  1.1382897e-05  5.5308856e-06  2.3762763e-05  1.7302292e-05
  0.00028048202 -2.4112097e-05              0 -2.4893298e-07  6.3275761e-06   5.262728e-06  1.6721455e-07 -2.4114339e-06  1.0119636e-05  7.2002879e-06  2.6653118e-05  2.0358519e-05
  0.00025608463 -2.1938752e-05              0 -4.3382468e-07   5.262728e-06  4.4452525e-06  1.8912328e-07  -2.190829e-06  9.2725876e-06   6.546988e-06  2.4271067e-05  1.8615332e-05
  0.00010288675  -4.407869e-06              0  5.7103554e-07  1.6721455e-07  1.8912328e-07  3.1149365e-06 -2.2019491e-05  3.6959846e-06  2.1056462e-06  8.5190697e-06  6.6689096e-06
 -0.00059501625  1.6861766e-05              0  2.7775347e-06 -2.4114339e-06  -2.190829e-06 -2.2019491e-05  0.00036731208 -2.2720706e-05 -1.2496551e-05 -4.7269067e-05 -3.6254766e-05
   0.0018235871 -0.00015026076              0  1.1382897e-05  1.0119636e-05  9.2725876e-06  3.6959846e-06 -2.2720706e-05  7.7754894e-05  4.3618123e-05  0.00017105097  0.00013340611
   0.0011520735 -9.5493962e-05              0  5.5308856e-06  7.2002879e-06   6.546988e-06  2.1056462e-06 -1.2496551e-05  4.3618123e-05  3.6929092e-05  0.00010843602  8.5012441e-05
    0.004517051 -0.00037312594              0  2.3762763e-05  2.6653118e-05  2.4271067e-05  8.5190697e-06 -4.7269067e-05  0.00017105097  0.00010843602  0.00043558971  0.00032890647
   0.0035017192  -0.0002896951              0  1.7302292e-05  2.0358519e-05  1.8615332e-05  6.6689096e-06 -3.6254766e-05  0.00013340611  8.5012441e-05  0.00032890647  0.00026329207


# ext. ||   Name    ||   type  ||     Value     ||  Error +/- 

   0   ||Natural mortality || limited ||    0.04743050019574 ||0.003846424339908
   1   ||Targeted q || limited ||      9.214423070251 ||0.3751823750196
   2   ||Nontargeted q || limited ||                   2 ||22.06548931833
   3   ||     sigma || limited ||      3.948824165378 ||0.1963028466789
   4   ||  Biomass1 || limited ||     0.5425272534875 ||0.04141869416144
   5   ||  Biomass2 || limited ||     0.4710686029476 ||0.03234989121872
   6   ||   vm_mean || limited ||    -0.1082170997709 ||0.003918334844825
   7   ||  vm_sigma || limited ||      16.85158845935 ||0.4420567897904
   8   ||Recruit year 1 || limited ||      2.282838228809 ||0.0929213990917
   9   ||Recruit year 2 || limited ||     0.9938797339434 ||0.04241016965819
  10   ||Recruit year 3 || limited ||      7.445327063359 ||0.387130384643
  11   ||Recruit year 4 || limited ||        8.2713681947 ||0.3158441312428





