# Minimum negative log likelihood

Minuit did successfully converge.
# of function calls: 1630
minimum function Value: 488.1694129516
minimum edm: 4.251834373928e-05
minimum internal state vector: LAVector parameters:
    -0.7947601159808
     -1.345438932956
     -1.287002217587
     -1.251343673864
     -1.383456832463
     -1.386827578888
     0.2167315301384
    -0.9715667501031
      -1.02238913888
     -1.301063347575
     -1.139884074612
     -1.023634974763

minimum internal covariance matrix: LASymMatrix parameters:
    0.001306243  -0.0011103586              0 -1.0900345e-05  0.00093271029  0.00091145473  2.2562565e-07  5.3633974e-05   0.0027533877   0.0012784798    0.002058358   0.0027731718
  -0.0011103586  0.00098086392              0   6.894555e-06 -0.00082078218 -0.00080213349  1.4199923e-05 -0.00012788266  -0.0024057105  -0.0011106551  -0.0017990974  -0.0024272141
              0              0              2              0              0              0              0              0              0              0              0              0
 -1.0900345e-05   6.894555e-06              0  0.00014448761 -9.3777026e-06 -8.7288619e-06  1.4076456e-07  1.6201872e-05 -2.0724921e-05 -9.2212077e-06 -1.2847499e-05 -1.9968313e-05
  0.00093271029 -0.00082078218              0 -9.3777026e-06  0.00069327673  0.00067678501 -1.1142777e-05  9.2955812e-05    0.002016627  0.00093146864   0.0015074398   0.0020335926
  0.00091145473 -0.00080213349              0 -8.7288619e-06  0.00067678501  0.00066079308 -1.0767661e-05  9.2191889e-05   0.0019705404  0.00091023565   0.0014731166   0.0019872588
  2.2562565e-07  1.4199923e-05              0  1.4076456e-07 -1.1142777e-05 -1.0767661e-05  1.6392243e-05 -4.6261195e-05 -2.4696721e-05 -9.8157404e-06 -1.8282754e-05 -2.4604175e-05
  5.3633974e-05 -0.00012788266              0  1.6201872e-05  9.2955812e-05  9.2191889e-05 -4.6261195e-05  0.00046855258  0.00025124298  0.00010914997  0.00019296669  0.00025832602
   0.0027533877  -0.0024057105              0 -2.0724921e-05    0.002016627   0.0019705404 -2.4696721e-05  0.00025124298   0.0059250195   0.0027364068   0.0044263651   0.0059702283
   0.0012784798  -0.0011106551              0 -9.2212077e-06  0.00093146864  0.00091023565 -9.8157404e-06  0.00010914997   0.0027364068   0.0012727135   0.0020465642   0.0027595034
    0.002058358  -0.0017990974              0 -1.2847499e-05   0.0015074398   0.0014731166 -1.8282754e-05  0.00019296669   0.0044263651   0.0020465642   0.0033142561   0.0044638213
   0.0027731718  -0.0024272141              0 -1.9968313e-05   0.0020335926   0.0019872588 -2.4604175e-05  0.00025832602   0.0059702283   0.0027595034   0.0044638213   0.0060286462


# ext. ||   Name    ||   type  ||     Value     ||  Error +/- 

   0   ||Natural mortality || limited ||    0.04294566040906 ||0.002684861083334
   1   ||Targeted q || limited ||      1.264284601204 ||0.2474078332965
   2   ||Nontargeted q || limited ||                   2 ||22.06548931833
   3   ||     sigma || limited ||      2.529627351569 ||0.1334626276064
   4   ||  Biomass1 || limited ||      8.748390384214 ||1.733681248248
   5   ||  Biomass2 || limited ||      8.437288411272 ||1.662475949617
   6   ||   vm_mean || limited ||     0.6755642254029 ||0.008783601937627
   7   ||  vm_sigma || limited ||      6.970097539226 ||0.3452914628986
   8   ||Recruit year 1 || limited ||      7.341467640232 ||1.417926136037
   9   ||Recruit year 2 || limited ||      1.817714968281 ||0.3360359998153
  10   ||Recruit year 3 || limited ||      4.580288915122 ||0.8498630716418
  11   ||Recruit year 4 || limited ||       7.30902950798 ||1.427341748869





