# Minimum negative log likelihood

Minuit did successfully converge.
# of function calls: 1437
minimum function Value: 366.4355958011
minimum edm: 1.552749463774e-05
minimum internal state vector: LAVector parameters:
     -2.467350127148
     -1.115440783792
     -1.287002217587
     -1.332841888117
     -1.378025810592
     -1.386572774548
     0.2288126866894
     -1.393136274754
     -1.177328804105
     -1.427754095049
     -1.210761364242
    0.03386104263011
    0.03606595631598
    0.08909515059819
    0.06935985100783

minimum internal covariance matrix: LASymMatrix parameters:
   0.0024815531  0.00016048845              0  3.1835832e-05 -7.3082534e-05 -6.7343446e-05  0.00082923647 -9.5395138e-05  -0.0002060382 -7.5249538e-05  -0.0001912604 -1.1963425e-05 -9.1237059e-06  -9.836534e-06  -9.174898e-06
  0.00016048845  1.2736413e-05              0  2.8950948e-06 -6.0621795e-06 -5.5286528e-06  3.0189754e-05 -6.0858973e-06 -1.3650226e-05  -4.812886e-06 -1.3463914e-05 -7.5389565e-07 -3.4777601e-07 -6.1969265e-07 -4.2076115e-07
              0              0              2              0              0              0              0              0              0              0              0              0              0              0              0
  3.1835832e-05  2.8950948e-06              0  8.2775056e-05 -1.5549749e-06 -1.4066828e-06 -6.5046804e-08 -9.4318063e-07 -2.8978918e-06  -1.048643e-06  -2.938125e-06 -4.9293557e-07  3.9738582e-08 -2.7098205e-07  2.2999787e-08
 -7.3082534e-05 -6.0621795e-06              0 -1.5549749e-06  3.7332844e-06  3.3295901e-06 -6.8822739e-06  2.8575382e-06  6.2622789e-06  2.1317111e-06  6.1228723e-06  4.4923068e-07  9.8861713e-08  2.8912933e-07  1.0565654e-07
 -6.7343446e-05 -5.5286528e-06              0 -1.4066828e-06  3.3295901e-06  2.9804011e-06 -7.2596041e-06   2.620747e-06   5.762289e-06  1.9681733e-06  5.6290313e-06  4.0873952e-07  1.0055819e-07  2.7234841e-07   1.087443e-07
  0.00082923647  3.0189754e-05              0 -6.5046804e-08 -6.8822739e-06 -7.2596041e-06   0.0025750543 -3.2797109e-05 -6.4560061e-05 -2.7202873e-05 -5.9270895e-05 -2.0022598e-06 -1.3705464e-05 -7.8490154e-06  -1.472378e-05
 -9.5395138e-05 -6.0858973e-06              0 -9.4318063e-07  2.8575382e-06   2.620747e-06 -3.2797109e-05  4.7037782e-06  7.9105051e-06  2.9302858e-06  7.2895764e-06  3.3660976e-07  3.7294873e-07  4.0846445e-07  3.5890737e-07
  -0.0002060382 -1.3650226e-05              0 -2.8978918e-06  6.2622789e-06   5.762289e-06 -6.4560061e-05  7.9105051e-06  1.8083013e-05   6.128796e-06  1.6052299e-05  9.5474897e-07  7.1615661e-07  8.0503414e-07   7.233316e-07
 -7.5249538e-05  -4.812886e-06              0  -1.048643e-06  2.1317111e-06  1.9681733e-06 -2.7202873e-05  2.9302858e-06   6.128796e-06   3.330931e-06  5.7559997e-06  3.4587602e-07  2.8809778e-07  1.9526073e-07   2.806688e-07
  -0.0001912604 -1.3463914e-05              0  -2.938125e-06  6.1228723e-06  5.6290313e-06 -5.9270895e-05  7.2895764e-06  1.6052299e-05  5.7559997e-06  1.7361097e-05  9.9235621e-07  5.9258799e-07  8.6320159e-07  7.6827854e-07
 -1.1963425e-05 -7.5389565e-07              0 -4.9293557e-07  4.4923068e-07  4.0873952e-07 -2.0022598e-06  3.3660976e-07  9.5474897e-07  3.4587602e-07  9.9235621e-07  9.0636889e-07  1.2648028e-08  1.0620611e-07  2.6915716e-08
 -9.1237059e-06 -3.4777601e-07              0  3.9738582e-08  9.8861713e-08  1.0055819e-07 -1.3705464e-05  3.7294873e-07  7.1615661e-07  2.8809778e-07  5.9258799e-07  1.2648028e-08  1.5766298e-07  5.3092521e-08  9.4844023e-08
  -9.836534e-06 -6.1969265e-07              0 -2.7098205e-07  2.8912933e-07  2.7234841e-07 -7.8490154e-06  4.0846445e-07  8.0503414e-07  1.9526073e-07  8.6320159e-07  1.0620611e-07  5.3092521e-08  1.3302464e-06  5.9373055e-08
  -9.174898e-06 -4.2076115e-07              0  2.2999787e-08  1.0565654e-07   1.087443e-07  -1.472378e-05  3.5890737e-07   7.233316e-07   2.806688e-07  7.6827854e-07  2.6915716e-08  9.4844023e-08  5.9373055e-08  2.5125371e-07


# ext. ||   Name    ||   type  ||     Value     ||  Error +/- 

   0   ||Natural mortality || limited ||    0.02939235568402 ||0.000687777779246
   1   ||Targeted q || limited ||      5.094763817182 ||0.05549006402796
   2   ||Nontargeted q || limited ||                   2 ||22.06548931833
   3   ||     sigma || limited ||      1.408891119134 ||0.07582097074675
   4   ||  Biomass1 || limited ||      9.261384826994 ||0.1308723537526
   5   ||  Biomass2 || limited ||      8.460610401696 ||0.1118093397299
   6   ||  vm_sigma || limited ||      49.07323923112 ||1.397559001334
   7   ||Recruit year 1 || limited ||     0.7969253573651 ||0.01354994661984
   8   ||Recruit year 2 || limited ||      3.830358419555 ||0.05763559798862
   9   ||Recruit year 3 || limited ||     0.5206043311101 ||0.009197642325979
  10   ||Recruit year 4 || limited ||      3.215454087563 ||0.05189442916767
  11   ||Mean Rec dist 1 || limited ||     0.3385457232394 ||0.006728038087354
  12   ||Mean Rec dist 2 || limited ||     0.3605813800643 ||0.002805868751887
  13   ||Mean Rec dist 3 || limited ||     0.8897732529215 ||0.008123159949993
  14   ||Mean Rec dist 4 || limited ||     0.6930425178273 ||0.003535865611998





