# Minimum negative log likelihood

Minuit did successfully converge.
# of function calls: 1270
minimum function Value: 626.0218954226
minimum edm: 1.167108635575e-05
minimum internal state vector: LAVector parameters:
    -0.1586644984596
      -1.01850396049
     -1.287002217587
     -1.124033899356
     -1.523584778721
     -1.526823383647
    -0.2421502746055
     -1.057781678359
     -1.012010790885
     -1.168730262372
     -1.209510173249
    0.03606545095727
    0.02510356931501
    0.03911951515032
     0.1202360921199

minimum internal covariance matrix: LASymMatrix parameters:
   0.0089883245 -0.00072453305              0 -1.5607141e-05  9.2236012e-05  8.0420244e-05  -0.0016629224  0.00092705323  0.00096784479  0.00071259651  0.00072087087  4.0783208e-05  3.5694241e-05  3.6080068e-05  3.8728501e-05
 -0.00072453305  7.1501456e-05              0  4.8250594e-06 -8.0412598e-06 -7.0018912e-06  8.0604417e-05 -7.6990227e-05 -7.9039626e-05 -5.8594633e-05 -6.3682465e-05 -2.0288583e-06 -1.8883233e-06 -2.2219264e-06 -2.3839137e-06
              0              0              2              0              0              0              0              0              0              0              0              0              0              0              0
 -1.5607141e-05  4.8250594e-06              0  0.00027474218  4.8238323e-06  4.0936746e-06 -6.6129073e-06 -2.6821455e-06 -5.7181484e-06 -2.2067992e-06 -4.1307412e-06  6.0672966e-08  1.2108671e-07  1.1703318e-06  1.7723592e-06
  9.2236012e-05 -8.0412598e-06              0  4.8238323e-06  7.8371157e-06  6.3388326e-06 -1.6303746e-05   9.908766e-06  9.9853883e-06  7.5003752e-06  7.4517859e-06  3.1399189e-07  3.3708961e-07  3.9220223e-07  5.3304038e-07
  8.0420244e-05 -7.0018912e-06              0  4.0936746e-06  6.3388326e-06  5.2048737e-06 -1.4015688e-05   8.607547e-06  8.7016095e-06  6.5173892e-06  6.5105179e-06  2.8113191e-07  2.9459304e-07  3.4048079e-07   4.565647e-07
  -0.0016629224  8.0604417e-05              0 -6.6129073e-06 -1.6303746e-05 -1.4015688e-05    0.001914249  -0.0001577228 -0.00017375071 -0.00012296561 -0.00010536879 -2.4127355e-05 -1.9605577e-05 -1.7767273e-05 -2.0986424e-05
  0.00092705323 -7.6990227e-05              0 -2.6821455e-06   9.908766e-06   8.607547e-06  -0.0001577228  0.00010733065  9.9600869e-05  7.3612543e-05  7.6036899e-05  3.9129053e-06  3.4024584e-06  3.6481138e-06  4.0780234e-06
  0.00096784479 -7.9039626e-05              0 -5.7181484e-06  9.9853883e-06  8.7016095e-06 -0.00017375071  9.9600869e-05  0.00011647685   7.695145e-05  7.8269418e-05  4.3236171e-06  3.6639538e-06  3.6756391e-06  4.1357498e-06
  0.00071259651 -5.8594633e-05              0 -2.2067992e-06  7.5003752e-06  6.5173892e-06 -0.00012296561  7.3612543e-05   7.695145e-05  6.8109319e-05  5.8282722e-05  3.0112317e-06  2.6555122e-06  2.7717563e-06  3.1902794e-06
  0.00072087087 -6.3682465e-05              0 -4.1307412e-06  7.4517859e-06  6.5105179e-06 -0.00010536879  7.6036899e-05  7.8269418e-05  5.8282722e-05  8.0529565e-05  2.4270146e-06  2.4408753e-06  2.5726961e-06   2.952357e-06
  4.0783208e-05 -2.0288583e-06              0  6.0672966e-08  3.1399189e-07  2.8113191e-07 -2.4127355e-05  3.9129053e-06  4.3236171e-06  3.0112317e-06  2.4270146e-06  8.8457205e-07  2.9327842e-07  2.5501626e-07  4.0223365e-07
  3.5694241e-05 -1.8883233e-06              0  1.2108671e-07  3.3708961e-07  2.9459304e-07 -1.9605577e-05  3.4024584e-06  3.6639538e-06  2.6555122e-06  2.4408753e-06  2.9327842e-07  6.6155935e-07  2.5550053e-07  1.9877331e-07
  3.6080068e-05 -2.2219264e-06              0  1.1703318e-06  3.9220223e-07  3.4048079e-07 -1.7767273e-05  3.6481138e-06  3.6756391e-06  2.7717563e-06  2.5726961e-06  2.5501626e-07  2.5550053e-07  1.0465939e-06  2.7288281e-07
  3.8728501e-05 -2.3839137e-06              0  1.7723592e-06  5.3304038e-07   4.565647e-07 -2.0986424e-05  4.0780234e-06  4.1357498e-06  3.1902794e-06   2.952357e-06  4.0223365e-07  1.9877331e-07  2.7288281e-07  2.5528378e-06


# ext. ||   Name    ||   type  ||     Value     ||  Error +/- 

   0   ||Natural mortality || limited ||    0.04105000946572 ||0.001653672059446
   1   ||Targeted q || limited ||      7.433795373296 ||0.1568452558556
   2   ||Nontargeted q || limited ||                   2 ||22.06548931833
   3   ||     sigma || limited ||      4.907469340617 ||0.253186024193
   4   ||  Biomass1 || limited ||     0.5571290728627 ||0.0467110626389
   5   ||  Biomass2 || limited ||     0.4833270438436 ||0.03545728539109
   6   ||  vm_sigma || limited ||      30.40899114864 ||1.201186017918
   7   ||Recruit year 1 || limited ||      6.445913278949 ||0.1797543734084
   8   ||Recruit year 2 || limited ||       7.61425986798 ||0.2022700282339
   9   ||Recruit year 3 || limited ||       3.99687800419 ||0.1141681481474
  10   ||Recruit year 4 || limited ||      3.237528666213 ||0.1121368346826
  11   ||Mean Rec dist 1 || limited ||     0.3605763297636 ||0.006646133625511
  12   ||Mean Rec dist 2 || limited ||     0.2510093273174 ||0.005749532421838
  13   ||Mean Rec dist 3 || limited ||     0.3910953824366 ||0.007228391669054
  14   ||Mean Rec dist 4 || limited ||      1.199465982459 ||0.0112163020194





