# Minimum negative log likelihood

Minuit did successfully converge.
# of function calls: 879
minimum function Value: 279.5789414369
minimum edm: 3.752198560938e-05
minimum internal state vector: LAVector parameters:
     -1.263830376817
     -1.287002217587
     -1.377822469477
     -1.448420034037
     -1.452642986251
    -0.1742208020393
     -1.047466295713
    -0.9484037888475
     -1.479797728298
      -1.01725065907
    -0.9686938166861

minimum internal covariance matrix: LASymMatrix parameters:
  4.2381953e-06              0  8.1406938e-07  -1.110711e-06 -1.2214453e-06  1.5033871e-06 -5.3636005e-06 -2.9770149e-06  2.3133646e-06  -4.141531e-06 -3.9197544e-06
              0              2              0              0              0              0              0              0              0              0              0
  8.1406938e-07              0  9.0586835e-05   -1.57978e-06  -1.216233e-06 -1.4214189e-06 -3.4813679e-06  -2.395561e-06  3.5431993e-06  1.0344022e-06  4.5768167e-07
  -1.110711e-06              0   -1.57978e-06  1.4482989e-06  1.2742117e-06 -3.4487818e-07  8.9167909e-07  1.1107355e-06 -1.7085715e-06  5.6043763e-07  1.4056013e-06
 -1.2214453e-06              0  -1.216233e-06  1.2742117e-06  1.1469401e-06  -3.999645e-07  1.1553783e-06  1.0677915e-06 -1.5714802e-06  7.3268455e-07  1.4564144e-06
  1.5033871e-06              0 -1.4214189e-06 -3.4487818e-07  -3.999645e-07  1.5808032e-06 -2.9765883e-06 -9.7989829e-07  1.0365674e-06 -1.2386631e-06 -8.4621045e-07
 -5.3636005e-06              0 -3.4813679e-06  8.9167909e-07  1.1553783e-06 -2.9765883e-06  1.2485179e-05  3.5750678e-06 -2.6997337e-06  5.4087439e-06  3.4659628e-06
 -2.9770149e-06              0  -2.395561e-06  1.1107355e-06  1.0677915e-06 -9.7989829e-07  3.5750678e-06  3.8641645e-06 -2.8095338e-06   3.364711e-06  2.3433626e-06
  2.3133646e-06              0  3.5431993e-06 -1.7085715e-06 -1.5714802e-06  1.0365674e-06 -2.6997337e-06 -2.8095338e-06  7.8852156e-06 -1.5172576e-06  -1.526141e-06
  -4.141531e-06              0  1.0344022e-06  5.6043763e-07  7.3268455e-07 -1.2386631e-06  5.4087439e-06   3.364711e-06 -1.5172576e-06   5.840433e-06  3.2076297e-06
 -3.9197544e-06              0  4.5768167e-07  1.4056013e-06  1.4564144e-06 -8.4621045e-07  3.4659628e-06  2.3433626e-06  -1.526141e-06  3.2076297e-06  5.9399103e-06


# ext. ||   Name    ||   type  ||     Value     ||  Error +/- 

   0   ||Targeted q || limited ||      2.337262585114 ||0.02199345857184
   1   ||Nontargeted q || limited ||                   2 ||22.06548931833
   2   ||     sigma || limited ||     0.9280872898296 ||0.06453331167684
   3   ||  Biomass1 || limited ||      3.739319103957 ||0.05193938654119
   4   ||  Biomass2 || limited ||      3.485994702714 ||0.04463344406502
   5   ||   vm_mean || limited ||    -0.5445661458511 ||0.002750736974198
   6   ||  vm_sigma || limited ||      5.354543289174 ||0.04994641142927
   7   ||Recruit year 1 || limited ||      9.384763434769 ||0.04051291000547
   8   ||Recruit year 2 || limited ||     0.2168551193558 ||0.009020969892335
   9   ||Recruit year 3 || limited ||      7.475958737284 ||0.04491355206195
  10   ||Recruit year 4 || limited ||      8.801789480193 ||0.04879850631506





