# Minimum negative log likelihood

Minuit did successfully converge.
# of function calls: 1219
minimum function Value: 640.850016309
minimum edm: 6.931154879267e-05
minimum internal state vector: LAVector parameters:
      1.565854575246
    -0.9696353225897
     -1.287002217587
     -1.107526879286
     -1.542550943996
     -1.543693741477
   -0.07566506835326
      3.469019607764
     -1.072876617212
     -1.014246316795
     -1.239279941064
     -1.111461297053

minimum internal covariance matrix: LASymMatrix parameters:
     0.62884798 -0.00067292398              0  -0.0007237413 -9.6245447e-05 -6.7936804e-05 -7.5251349e-05   -0.001772246  0.00034954818  0.00097591284  0.00037761832  0.00069517052
 -0.00067292398  2.2980789e-05              0  1.5200107e-06 -1.2603428e-06 -1.1182048e-06  5.2469444e-06  7.4902372e-05 -5.5344078e-06 -7.0561136e-06 -3.4444566e-06 -5.3304362e-06
              0              0      3.0670732              0              0              0              0              0              0              0              0              0
  -0.0007237413  1.5200107e-06              0  0.00025291688  9.3092239e-07  6.7073725e-07  1.0113034e-06   2.512196e-05 -3.0748863e-06 -8.4699495e-07 -1.1219891e-08  -2.502251e-06
 -9.6245447e-05 -1.2603428e-06              0  9.3092239e-07  1.4306069e-05  1.1666332e-05 -3.9530656e-07  1.7617504e-06  3.5079206e-07 -1.8211434e-07  2.7265439e-07 -4.1924628e-07
 -6.7936804e-05 -1.1182048e-06              0  6.7073725e-07  1.1666332e-05  9.6239805e-06 -3.3811301e-07  5.9188952e-07   2.833131e-07 -1.2112623e-07  2.1438274e-07  -2.803681e-07
 -7.5251349e-05  5.2469444e-06              0  1.0113034e-06 -3.9530656e-07 -3.3811301e-07  3.3236657e-06  4.1160866e-05 -1.2064836e-06 -1.4152074e-06 -8.1317391e-07 -1.0198066e-06
   -0.001772246  7.4902372e-05              0   2.512196e-05  1.7617504e-06  5.9188952e-07  4.1160866e-05   0.0011872637 -1.6315996e-05 -2.1147313e-05 -1.4546863e-05 -1.3784812e-05
  0.00034954818 -5.5344078e-06              0 -3.0748863e-06  3.5079206e-07   2.833131e-07 -1.2064836e-06 -1.6315996e-05  1.5952143e-05  2.0889703e-06  1.2102805e-06   1.634758e-06
  0.00097591284 -7.0561136e-06              0 -8.4699495e-07 -1.8211434e-07 -1.2112623e-07 -1.4152074e-06 -2.1147313e-05  2.0889703e-06  1.8661415e-05  1.6458235e-06  3.4737555e-06
  0.00037761832 -3.4444566e-06              0 -1.1219891e-08  2.7265439e-07  2.1438274e-07 -8.1317391e-07 -1.4546863e-05  1.2102805e-06  1.6458235e-06  1.4079004e-05  1.4522356e-06
  0.00069517052 -5.3304362e-06              0  -2.502251e-06 -4.1924628e-07  -2.803681e-07 -1.0198066e-06 -1.3784812e-05   1.634758e-06  3.4737555e-06  1.4522356e-06  1.6479135e-05


# ext. ||   Name    ||   type  ||     Value     ||  Error +/- 

   0   ||Natural mortality || limited ||    0.06999969473927 ||0.003828344703203
   1   ||Targeted q || limited ||      8.766024673834 ||0.09586195422147
   2   ||Nontargeted q || limited ||                   2 ||59.55093231166
   3   ||     sigma || limited ||      5.270187699893 ||0.2512587157117
   4   ||  Biomass1 || limited ||      0.199437152562 ||0.03776629294766
   5   ||  Biomass2 || limited ||      0.183626292092 ||0.02972279024005
   6   ||   vm_mean || limited ||    -0.2374820659326 ||0.004038304130175
   7   ||  vm_sigma || limited ||       27.1363508797 ||0.9227029847818
   8   ||Recruit year 1 || limited ||      6.080492559592 ||0.06743475986882
   9   ||Recruit year 2 || limited ||      7.555112800456 ||0.08067350540643
  10   ||Recruit year 3 || limited ||      2.732233658643 ||0.0431735371956
  11   ||Recruit year 4 || limited ||      5.192106153533 ||0.06362488573492





