# Minimum negative log likelihood

Minuit did successfully converge.
# of function calls: 1023
minimum function Value: 559.9514319844
minimum edm: 2.099498815254e-05
minimum internal state vector: LAVector parameters:
     -0.297992037148
     -1.257078587676
     -1.287002217587
     -1.190519152085
     -1.385078040298
     -1.389696714466
     0.3314843691685
     0.1839572699096
     -0.975457113548
     -1.170933615803
     -1.034470248462
     -1.091193540366

minimum internal covariance matrix: LASymMatrix parameters:
    0.012634635   -0.001664666              0  5.6976575e-05  0.00097909628  0.00095572269  4.7509028e-05  -0.0018285726   0.0030546614   0.0020740749   0.0034864202   0.0026309335
   -0.001664666  0.00023245293              0 -3.3080257e-06 -0.00013626865  -0.0001329317 -3.3066169e-06  3.5480957e-05 -0.00041334007  -0.0002787943  -0.0004722265 -0.00035998196
              0              0              2              0              0              0              0              0              0              0              0              0
  5.6976575e-05 -3.3080257e-06              0  0.00018588863  2.0065334e-06  1.9860175e-06  1.4066737e-06 -0.00018340541   1.124648e-05  8.2501715e-06  1.1492492e-05  7.6591448e-06
  0.00097909628 -0.00013626865              0  2.0065334e-06  8.7828246e-05  8.4848409e-05  1.8109903e-06 -5.0653397e-05  0.00024372372  0.00016379927  0.00027734593   0.0002118087
  0.00095572269  -0.0001329317              0  1.9860175e-06  8.4848409e-05  8.2084027e-05  1.8359447e-06 -4.6456365e-05   0.0002376383  0.00015985389  0.00027065839  0.00020659273
  4.7509028e-05 -3.3066169e-06              0  1.4066737e-06  1.8109903e-06  1.8359447e-06  3.8972151e-06  -0.0001320055  9.0552941e-06  6.4944011e-06  1.0303778e-05  7.1560731e-06
  -0.0018285726  3.5480957e-05              0 -0.00018340541 -5.0653397e-05 -4.6456365e-05  -0.0001320055    0.013680241 -0.00029789666 -0.00021428183 -0.00029583949 -0.00017939084
   0.0030546614 -0.00041334007              0   1.124648e-05  0.00024372372   0.0002376383  9.0552941e-06 -0.00029789666  0.00075541545  0.00050572716  0.00085391939  0.00064678687
   0.0020740749  -0.0002787943              0  8.2501715e-06  0.00016379927  0.00015985389  6.4944011e-06 -0.00021428183  0.00050572716  0.00035049066  0.00057763271  0.00043744674
   0.0034864202  -0.0004722265              0  1.1492492e-05  0.00027734593  0.00027065839  1.0303778e-05 -0.00029583949  0.00085391939  0.00057763271   0.0009830208   0.0007383574
   0.0026309335 -0.00035998196              0  7.6591448e-06   0.0002118087  0.00020659273  7.1560731e-06 -0.00017939084  0.00064678687  0.00043744674   0.0007383574  0.00057584545


# ext. ||   Name    ||   type  ||     Value     ||  Error +/- 

   0   ||Natural mortality || limited ||    0.03765996669967 ||0.001897466689783
   1   ||Targeted q || limited ||      2.440356864983 ||0.1663435141413
   2   ||Nontargeted q || limited ||                   2 ||22.06548931833
   3   ||     sigma || limited ||      3.571910493412 ||0.178919119913
   4   ||  Biomass1 || limited ||      8.598064617671 ||0.6118206944326
   5   ||  Biomass2 || limited ||      8.176882552164 ||0.5769289756866
   6   ||   vm_mean || limited ||      1.022421737752 ||0.004146686039185
   7   ||  vm_sigma || limited ||      47.31726839953 ||3.248636145582
   8   ||Recruit year 1 || limited ||      8.611223831446 ||0.5448502449742
   9   ||Recruit year 2 || limited ||      3.953883163212 ||0.2576395128086
  10   ||Recruit year 3 || limited ||       7.02970876225 ||0.5663206815828
  11   ||Recruit year 4 || limited ||       5.65052200362 ||0.3914231695283





