# Minimum negative log likelihood

Minuit did successfully converge.
# of function calls: 597
minimum function Value: 709.2419704897
minimum edm: 4.87522608808e-05
minimum internal state vector: LAVector parameters:
    -0.2852008329176
     -1.085555974499
     -1.287002217587
     -1.022774301621
     -1.498436599785
     -1.499161249635
     0.5811440177356
     0.1846819108658
     -0.934806805636
     -1.219677169491
     -1.381877015661
     -1.062090427131

minimum internal covariance matrix: LASymMatrix parameters:
     0.11989832   -0.012363011              0  0.00021725577   0.0018127599   0.0017440903 -0.00022121906   0.0070690745    0.016698569   0.0087182064   0.0041434579    0.011939939
   -0.012363011   0.0013141863              0  -2.445216e-05  -0.0001932857 -0.00018563728  3.2117351e-05  -0.0010401516  -0.0017384792 -0.00090049208 -0.00042931874  -0.0012558991
              0              0              2              0              0              0              0              0              0              0              0              0
  0.00021725577  -2.445216e-05              0   0.0004105108  2.0596582e-06  2.0081762e-06 -1.4786081e-06  8.5366905e-06  3.0104346e-05  1.8233104e-05  6.9765988e-06   2.639194e-05
   0.0018127599  -0.0001932857              0  2.0596582e-06   5.616501e-05  5.0573957e-05 -4.2850357e-06  0.00017355211  0.00025348857  0.00013328265  6.3356903e-05  0.00018302609
   0.0017440903 -0.00018563728              0  2.0081762e-06  5.0573957e-05  4.5910805e-05 -4.1202195e-06  0.00016548671  0.00024384877  0.00012816753  6.0922227e-05  0.00017597669
 -0.00022121906  3.2117351e-05              0 -1.4786081e-06 -4.2850357e-06 -4.1202195e-06  1.2651974e-05 -0.00031435043 -3.4025737e-05 -1.7354634e-05 -7.5411465e-06 -2.3403532e-05
   0.0070690745  -0.0010401516              0  8.5366905e-06  0.00017355211  0.00016548671 -0.00031435043    0.021098875   0.0010855794  0.00051523577  0.00026534176     0.00079389
    0.016698569  -0.0017384792              0  3.0104346e-05  0.00025348857  0.00024384877 -3.4025737e-05   0.0010855794   0.0023675703   0.0012159555  0.00057852859    0.001675931
   0.0087182064 -0.00090049208              0  1.8233104e-05  0.00013328265  0.00012816753 -1.7354634e-05  0.00051523577   0.0012159555  0.00066177095   0.0003024941  0.00086634016
   0.0041434579 -0.00042931874              0  6.9765988e-06  6.3356903e-05  6.0922227e-05 -7.5411465e-06  0.00026534176  0.00057852859   0.0003024941  0.00017271286  0.00041272521
    0.011939939  -0.0012558991              0   2.639194e-05  0.00018302609  0.00017597669 -2.3403532e-05     0.00079389    0.001675931  0.00086634016  0.00041272521   0.0012488654


# ext. ||   Name    ||   type  ||     Value     ||  Error +/- 

   0   ||Natural mortality || limited ||    0.03796624556816 ||0.005815354260473
   1   ||Targeted q || limited ||      5.771856534677 ||0.5977423050851
   2   ||Nontargeted q || limited ||                   2 ||22.06548931833
   3   ||     sigma || limited ||      7.322164206758 ||0.3731986905743
   4   ||  Biomass1 || limited ||      1.308411477845 ||0.1915595283984
   5   ||  Biomass2 || limited ||      1.282347556309 ||0.1714608737683
   6   ||   vm_mean || limited ||      1.724673124832 ||0.006604412599933
   7   ||  vm_sigma || limited ||      47.34576269853 ||4.031405921143
   8   ||Recruit year 1 || limited ||      9.784805385504 ||1.021514792203
   9   ||Recruit year 2 || limited ||      3.060276539162 ||0.3127774227813
  10   ||Recruit year 3 || limited ||     0.8995230714492 ||0.08724841870524
  11   ||Recruit year 4 || limited ||      6.340590526724 ||0.6084087223505





