# Minimum negative log likelihood

Minuit did successfully converge.
# of function calls: 442
minimum function Value: 146.7511172467
minimum edm: 5.003552950428e-06
minimum internal state vector: LAVector parameters:
     -1.150266589951
     -1.287002217587
     -1.113046843196
     -1.492309087179
     -1.496992227016
     0.1157164707802
    -0.8257262872384
     -1.334379744352
    -0.9897840316206
     -1.058856064442
      -1.10609168271

minimum internal covariance matrix: LASymMatrix parameters:
  4.4966943e-05              0  5.6215569e-06 -1.0693057e-05 -7.8438104e-06  5.1727183e-06 -0.00012353805 -6.0983927e-06  -1.802918e-05 -1.2873279e-05 -1.5893031e-05
              0              2              0              0              0              0              0              0              0              0              0
  5.6215569e-06              0   0.0010947687  4.2503245e-06  3.9018239e-06  2.2110406e-07  -9.933484e-06  1.7077623e-06  3.0462107e-07 -1.4008526e-06  2.1695485e-06
 -1.0693057e-05              0  4.2503245e-06  3.3845864e-05  1.9007951e-05 -1.1819951e-06  2.5055175e-05  3.7629465e-06  3.9934582e-06  1.7104288e-06   4.116493e-06
 -7.8438104e-06              0  3.9018239e-06  1.9007951e-05  1.1560965e-05 -8.3643557e-07  1.9351767e-05  1.1334125e-06  2.8006038e-06  2.6364263e-06  2.5089556e-06
  5.1727183e-06              0  2.2110406e-07 -1.1819951e-06 -8.3643557e-07  1.0221118e-06  -1.889415e-05 -9.1770622e-07 -1.9263663e-06 -9.9253117e-07 -1.6172335e-06
 -0.00012353805              0  -9.933484e-06  2.5055175e-05  1.9351767e-05  -1.889415e-05  0.00066476207  2.0667112e-05  4.8315418e-05  2.7527855e-05  3.6355038e-05
 -6.0983927e-06              0  1.7077623e-06  3.7629465e-06  1.1334125e-06 -9.1770622e-07  2.0667112e-05  2.8758676e-05  5.2709184e-06  -1.666507e-05  7.4327176e-06
  -1.802918e-05              0  3.0462107e-07  3.9934582e-06  2.8006038e-06 -1.9263663e-06  4.8315418e-05  5.2709184e-06  2.2962781e-05  4.0507764e-07  7.5170367e-06
 -1.2873279e-05              0 -1.4008526e-06  1.7104288e-06  2.6364263e-06 -9.9253117e-07  2.7527855e-05  -1.666507e-05  4.0507764e-07  4.5393937e-05 -4.0513742e-06
 -1.5893031e-05              0  2.1695485e-06   4.116493e-06  2.5089556e-06 -1.6172335e-06  3.6355038e-05  7.4327176e-06  7.5170367e-06 -4.0513742e-06  2.6288007e-05


# ext. ||   Name    ||   type  ||     Value     ||  Error +/- 

   0   ||Targeted q || limited ||      4.356359676446 ||0.09678765548647
   1   ||Nontargeted q || limited ||                   2 ||22.06548931833
   2   ||     sigma || limited ||      5.147532999761 ||0.5169284745432
   3   ||  Biomass1 || limited ||      1.539271261271 ||0.1612722524503
   4   ||  Biomass2 || limited ||      1.361143266996 ||0.08864163789826
   5   ||   vm_mean || limited ||      1.154583972174 ||0.007101007708621
   6   ||  vm_sigma || limited ||      10.59925089087 ||0.494416818253
   7   ||Recruit year 1 || limited ||      1.400684698479 ||0.04440375425054
   8   ||Recruit year 2 || limited ||       8.21380656508 ||0.09298069731901
   9   ||Recruit year 3 || limited ||      6.419575301773 ||0.1166781188503
  10   ||Recruit year 4 || limited ||      5.311771222598 ||0.08123091901622





