# Minimum negative log likelihood

Minuit did successfully converge.
# of function calls: 1315
minimum function Value: 531.637744387
minimum edm: 9.853566273477e-06
minimum internal state vector: LAVector parameters:
      3.964976459521
    -0.9836741578029
     -1.287002217587
      -1.21580067004
     -1.439767849995
     -1.444968143889
     0.5789611597402
    -0.7363562242264
     -1.321170219373
     -1.058859377848
     -1.043494856393
    -0.9920532399664

minimum internal covariance matrix: LASymMatrix parameters:
     0.11569634   0.0054392109              0   9.368914e-05   -0.001052536  -0.0010179859 -0.00010321929  0.00014033599  -0.0029072843  -0.0050488702  -0.0053602326  -0.0057916632
   0.0054392109  0.00026062978              0  3.6680641e-06 -5.0460633e-05 -4.8713867e-05 -2.7633927e-06 -4.9577318e-06 -0.00013713819 -0.00023760712 -0.00025268398 -0.00027418573
              0              0              2              0              0              0              0              0              0              0              0              0
   9.368914e-05  3.6680641e-06              0  0.00015451212 -7.5114481e-07 -7.6921967e-07 -6.0804385e-07  6.6592174e-06 -2.5333926e-06 -4.9108318e-06 -3.4371178e-06  -3.981353e-06
   -0.001052536 -5.0460633e-05              0 -7.5114481e-07  1.1970937e-05  1.1252779e-05  5.3953979e-07  5.3979204e-07  2.6553077e-05  4.6022863e-05  4.8746814e-05  5.2979768e-05
  -0.0010179859 -4.8713867e-05              0 -7.6921967e-07  1.1252779e-05  1.0637262e-05  5.6509404e-07   3.362225e-07  2.5687218e-05  4.4524301e-05   4.716591e-05  5.1229654e-05
 -0.00010321929 -2.7633927e-06              0 -6.0804385e-07  5.3953979e-07  5.6509404e-07  2.9464069e-06 -1.4093174e-05  2.5803702e-06  4.6395289e-06  4.7477258e-06   5.106835e-06
  0.00014033599 -4.9577318e-06              0  6.6592174e-06  5.3979204e-07   3.362225e-07 -1.4093174e-05  0.00015609443 -3.5143308e-06 -7.1493395e-06 -6.3866377e-06 -6.3280215e-06
  -0.0029072843 -0.00013713819              0 -2.5333926e-06  2.6553077e-05  2.5687218e-05  2.5803702e-06 -3.5143308e-06  7.7178563e-05  0.00012729801   0.0001353334  0.00014623603
  -0.0050488702 -0.00023760712              0 -4.9108318e-06  4.6022863e-05  4.4524301e-05  4.6395289e-06 -7.1493395e-06  0.00012729801  0.00022428621  0.00023424815  0.00025307428
  -0.0053602326 -0.00025268398              0 -3.4371178e-06  4.8746814e-05   4.716591e-05  4.7477258e-06 -6.3866377e-06   0.0001353334  0.00023424815  0.00025312603  0.00026912521
  -0.0057916632 -0.00027418573              0  -3.981353e-06  5.2979768e-05  5.1229654e-05   5.106835e-06 -6.3280215e-06  0.00014623603  0.00025307428  0.00026912521  0.00029716238


# ext. ||   Name    ||   type  ||     Value     ||  Error +/- 

   0   ||Natural mortality || limited ||    0.02666374640923 ||0.004047943466297
   1   ||Targeted q || limited ||      8.373082549633 ||0.3161854032542
   2   ||Nontargeted q || limited ||                   2 ||22.06548931833
   3   ||     sigma || limited ||       3.11760007597 ||0.1527542596057
   4   ||  Biomass1 || limited ||      4.285978194642 ||0.1598236067136
   5   ||  Biomass2 || limited ||      3.952963254745 ||0.1447107706394
   6   ||   vm_mean || limited ||      1.718937154987 ||0.003191706413308
   7   ||  vm_sigma || limited ||      13.13713069836 ||0.2618178774411
   8   ||Recruit year 1 || limited ||      1.559602199897 ||0.07672331272488
   9   ||Recruit year 2 || limited ||      6.419494153255 ||0.2593479036684
  10   ||Recruit year 3 || limited ||      6.800914638726 ||0.2830180971785
  11   ||Recruit year 4 || limited ||      8.151645378855 ||0.3333212060865





