# Minimum negative log likelihood

Minuit did successfully converge.
# of function calls: 933
minimum function Value: 538.6201118843
minimum edm: 8.462253653655e-06
minimum internal state vector: LAVector parameters:
    -0.6134571550843
     -1.051039627858
     -1.287002217587
     -1.209740448041
     -1.432698506907
     -1.441268951192
     0.4334597851728
    -0.8245222919947
      -1.16787397766
     -1.150005975143
     -1.001982433068
    -0.9661286929812

minimum internal covariance matrix: LASymMatrix parameters:
    0.042259832  -0.0032261086              0 -1.4726797e-05   0.0008407387  0.00081575759  -2.921102e-06 -0.00026848521   0.0022371348   0.0029865562   0.0034422869    0.003591847
  -0.0032261086  0.00025449179              0 -2.5203657e-07 -6.6731214e-05 -6.4628691e-05  4.3095485e-06  -1.307195e-06 -0.00017155437 -0.00022891051 -0.00026347356 -0.00027684717
              0              0              2              0              0              0              0              0              0              0              0              0
 -1.4726797e-05 -2.5203657e-07              0  0.00017187403  1.3223691e-06  1.1155575e-06 -8.4995678e-07   8.266503e-07  6.6463808e-07 -1.4579286e-06 -8.4183171e-07 -2.0999424e-06
   0.0008407387 -6.6731214e-05              0  1.3223691e-06  2.1412302e-05  2.0123019e-05 -1.6906247e-06  3.5299605e-06  4.4399114e-05  6.0119106e-05  6.8737593e-05  7.2381636e-05
  0.00081575759 -6.4628691e-05              0  1.1155575e-06  2.0123019e-05  1.9022188e-05 -1.5304612e-06  2.5221376e-06  4.3085488e-05  5.8244173e-05  6.6635265e-05  7.0151249e-05
  -2.921102e-06  4.3095485e-06              0 -8.4995678e-07 -1.6906247e-06 -1.5304612e-06  3.8852746e-06 -1.7522497e-05 -5.9578511e-07 -5.5460421e-07 -4.6378611e-07 -9.3842207e-07
 -0.00026848521  -1.307195e-06              0   8.266503e-07  3.5299605e-06  2.5221376e-06 -1.7522497e-05  0.00018772742 -1.0213987e-05 -1.7521451e-05 -1.8139019e-05 -1.9705028e-05
   0.0022371348 -0.00017155437              0  6.6463808e-07  4.4399114e-05  4.3085488e-05 -5.9578511e-07 -1.0213987e-05   0.0001258847  0.00015671344  0.00018256054  0.00018941052
   0.0029865562 -0.00022891051              0 -1.4579286e-06  6.0119106e-05  5.8244173e-05 -5.5460421e-07 -1.7521451e-05  0.00015671344  0.00021637875  0.00024342052  0.00025500254
   0.0034422869 -0.00026347356              0 -8.4183171e-07  6.8737593e-05  6.6635265e-05 -4.6378611e-07 -1.8139019e-05  0.00018256054  0.00024342052  0.00028504489   0.0002930451
    0.003591847 -0.00027684717              0 -2.0999424e-06  7.2381636e-05  7.0151249e-05 -9.3842207e-07 -1.9705028e-05  0.00018941052  0.00025500254   0.0002930451   0.0003131054


# ext. ||   Name    ||   type  ||     Value     ||  Error +/- 

   0   ||Natural mortality || limited ||    0.03060755796655 ||0.002960959947195
   1   ||Targeted q || limited ||      6.602997727162 ||0.280123612574
   2   ||Nontargeted q || limited ||                   2 ||22.06548931833
   3   ||     sigma || limited ||      3.223782841887 ||0.1637386207259
   4   ||  Biomass1 || limited ||      4.760179626659 ||0.2252119620381
   5   ||  Biomass2 || limited ||      4.188474386722 ||0.1991732700173
   6   ||   vm_mean || limited ||      1.319510155406 ||0.003973752887021
   7   ||  vm_sigma || limited ||      10.63192525775 ||0.2630918650917
   8   ||Recruit year 1 || limited ||      4.013647281138 ||0.1555247701167
   9   ||Recruit year 2 || limited ||      4.371244781148 ||0.2124144034638
  10   ||Recruit year 3 || limited ||      7.882190514359 ||0.3214777462656
  11   ||Recruit year 4 || limited ||      8.874558981383 ||0.3556045757712





