# Minimum negative log likelihood

Minuit did successfully converge.
# of function calls: 642
minimum function Value: 665.3989816161
minimum edm: 1.893031236384e-05
minimum internal state vector: LAVector parameters:
     0.5604555219623
     -1.106967748761
     -1.287002217587
     -1.078806172257
     -1.547941888801
      -1.54940385334
      0.156331402699
    -0.2422305506491
      -1.06794913243
    -0.9972525836393
     -1.069290460158
     -1.365973925767

minimum internal covariance matrix: LASymMatrix parameters:
     0.15380413   -0.012461246              0 -8.6887714e-05  0.00056131155  0.00052767106 -1.6940753e-05  0.00021894083    0.014765068    0.015887906     0.01264442   0.0050689633
   -0.012461246   0.0010313487              0  6.6935599e-06 -4.6908451e-05 -4.3979378e-05  6.9522986e-06 -0.00012455931  -0.0012039555  -0.0012951175   -0.001030887 -0.00041398794
              0              0              2              0              0              0              0              0              0              0              0              0
 -8.6887714e-05  6.6935599e-06              0  0.00029262361  6.8345868e-07  6.7406887e-07 -3.4534398e-08  -9.900694e-06 -8.2051293e-06 -9.6752549e-06 -7.9942591e-06  -3.162198e-06
  0.00056131155 -4.6908451e-05              0  6.8345868e-07  1.2794743e-05  1.0557097e-05 -3.9232256e-07  3.1556942e-06   5.454984e-05  5.8694102e-05  4.6746964e-05  1.8779099e-05
  0.00052767106 -4.3979378e-05              0  6.7406887e-07  1.0557097e-05  8.8752748e-06 -3.5301755e-07  4.3497865e-06  5.1218136e-05  5.5126716e-05  4.3909791e-05   1.763542e-05
 -1.6940753e-05  6.9522986e-06              0 -3.4534398e-08 -3.9232256e-07 -3.5301755e-07  6.2074119e-06 -8.3193641e-05 -3.9437782e-06  -4.211284e-06  -3.119678e-06 -1.2761621e-06
  0.00021894083 -0.00012455931              0  -9.900694e-06  3.1556942e-06  4.3497865e-06 -8.3193641e-05   0.0034631563   6.418414e-05  6.9948072e-05  4.8123056e-05  1.6155156e-05
    0.014765068  -0.0012039555              0 -8.2051293e-06   5.454984e-05  5.1218136e-05 -3.9437782e-06   6.418414e-05   0.0014403449   0.0015279611    0.001216274  0.00048788391
    0.015887906  -0.0012951175              0 -9.6752549e-06  5.8694102e-05  5.5126716e-05  -4.211284e-06  6.9948072e-05   0.0015279611   0.0016634177   0.0013079038  0.00052481036
     0.01264442   -0.001030887              0 -7.9942591e-06  4.6746964e-05  4.3909791e-05  -3.119678e-06  4.8123056e-05    0.001216274   0.0013079038   0.0010603706  0.00041752551
   0.0050689633 -0.00041398794              0  -3.162198e-06  1.8779099e-05   1.763542e-05 -1.2761621e-06  1.6155156e-05  0.00048788391  0.00052481036  0.00041752551  0.00018815719


# ext. ||   Name    ||   type  ||     Value     ||  Error +/- 

   0   ||Natural mortality || limited ||    0.05828930215269 ||0.005797201825031
   1   ||Targeted q || limited ||      5.282687772877 ||0.5079168204628
   2   ||Nontargeted q || limited ||                   2 ||22.06548931833
   3   ||     sigma || limited ||       5.93027531762 ||0.28568764579
   4   ||  Biomass1 || limited ||     0.1305756502726 ||0.02890034790712
   5   ||  Biomass2 || limited ||     0.1144051170187 ||0.02253063674129
   6   ||   vm_mean || limited ||     0.4891315351787 ||0.005467152685093
   7   ||  vm_sigma || limited ||      30.40587386019 ||1.615408747195
   8   ||Recruit year 1 || limited ||      6.198681621107 ||0.6465016990904
   9   ||Recruit year 2 || limited ||      8.010031144566 ||0.78224272266
  10   ||Recruit year 3 || limited ||      6.166403487003 ||0.5533732870604
  11   ||Recruit year 4 || limited ||      1.055039365756 ||0.09862835066903





