# Minimum negative log likelihood

Minuit did successfully converge.
# of function calls: 839
minimum function Value: 541.3382077707
minimum edm: 8.94309610754e-07
minimum internal state vector: LAVector parameters:
     0.3454355152679
     -1.014040035549
     -1.287002217587
     -1.207345594745
      -1.54512710698
     -1.553320967698
    -0.4585467813147
    -0.9520724744958
     -1.003384478569
     -1.011923859964
     -1.005906351891
    -0.9501939687766

minimum internal covariance matrix: LASymMatrix parameters:
    0.042582621   -0.003020269              0 -2.7184194e-05  0.00015211937  9.9361002e-05  3.8750767e-05 -3.8350114e-05   0.0032388444   0.0033321621   0.0033952731   0.0033694225
   -0.003020269  0.00022110546              0  2.0437035e-06 -1.1192533e-05 -7.3018622e-06  6.2465496e-07 -8.0605238e-06 -0.00023129037 -0.00023801498 -0.00024253202 -0.00024057144
              0              0              2              0              0              0              0              0              0              0              0              0
 -2.7184194e-05  2.0437035e-06              0  0.00016065668 -1.4961965e-06 -8.9483974e-07 -4.2150241e-07  1.0508277e-06 -1.7373206e-06 -1.9865392e-06 -2.2131631e-06  -1.757428e-06
  0.00015211937 -1.1192533e-05              0 -1.4961965e-06   1.249366e-05  8.1257213e-06 -2.7159518e-07  1.4399104e-06  1.1617279e-05  1.2239336e-05  1.2509823e-05  1.2324663e-05
  9.9361002e-05 -7.3018622e-06              0 -8.9483974e-07  8.1257213e-06  5.3406537e-06  -1.751278e-07  7.9574212e-07  7.6504217e-06  7.9858509e-06  8.1702913e-06  8.0397471e-06
  3.8750767e-05  6.2465496e-07              0 -4.2150241e-07 -2.7159518e-07  -1.751278e-07  3.0204143e-06 -8.2584313e-06  2.2145874e-06   2.136277e-06  2.1503294e-06   2.280197e-06
 -3.8350114e-05 -8.0605238e-06              0  1.0508277e-06  1.4399104e-06  7.9574212e-07 -8.2584313e-06  4.7032101e-05 -8.7043948e-07  9.7554393e-08    1.41347e-07 -4.7453986e-07
   0.0032388444 -0.00023129037              0 -1.7373206e-06  1.1617279e-05  7.6504217e-06  2.2145874e-06 -8.7043948e-07   0.0002527609  0.00025370469   0.0002585744  0.00025646572
   0.0033321621 -0.00023801498              0 -1.9865392e-06  1.2239336e-05  7.9858509e-06   2.136277e-06  9.7554393e-08  0.00025370469  0.00026685222  0.00026620129  0.00026409214
   0.0033952731 -0.00024253202              0 -2.2131631e-06  1.2509823e-05  8.1702913e-06  2.1503294e-06    1.41347e-07   0.0002585744  0.00026620129   0.0002768689  0.00026902617
   0.0033694225 -0.00024057144              0  -1.757428e-06  1.2324663e-05  8.0397471e-06   2.280197e-06 -4.7453986e-07  0.00025646572  0.00026409214  0.00026902617  0.00027281106


# ext. ||   Name    ||   type  ||     Value     ||  Error +/- 

   0   ||Natural mortality || limited ||    0.05346516244723 ||0.003420230846034
   1   ||Targeted q || limited ||      7.551316797161 ||0.2778039688213
   2   ||Nontargeted q || limited ||                   2 ||22.06548931833
   3   ||     sigma || limited ||      3.266217500545 ||0.1593089669555
   4   ||  Biomass1 || limited ||      0.164718166662 ||0.03207483041667
   5   ||  Biomass2 || limited ||    0.07634510095367 ||0.01427762683451
   6   ||   vm_mean || limited ||     -1.390611783139 ||0.00346189266461
   7   ||  vm_sigma || limited ||      7.416136092698 ||0.1125019620721
   8   ||Recruit year 1 || limited ||      7.844476299029 ||0.3020622641319
   9   ||Recruit year 2 || limited ||      7.616564148878 ||0.3061978050471
  10   ||Recruit year 3 || limited ||      7.776848013131 ||0.314886801032
  11   ||Recruit year 4 || limited ||      9.332651749391 ||0.3395480999431





