# Minimum negative log likelihood

Minuit did successfully converge.
# of function calls: 685
minimum function Value: 637.8728065389
minimum edm: 5.309175024019e-05
minimum internal state vector: LAVector parameters:
     -1.066842118919
      -1.19605720894
     -1.287002217587
     -1.110921972678
     -1.395136371034
     -1.400476376923
   -0.05747882495452
    -0.3460404804244
      -1.16421570425
     -1.121991382086
     -1.334647263035
    -0.9681686863756

minimum internal covariance matrix: LASymMatrix parameters:
  0.00036366071 -7.7680651e-05              0  3.2601943e-06  -2.455978e-05 -1.5829456e-05  1.4621392e-05 -0.00035456991  0.00010265148  0.00012792018  8.3863386e-05  0.00016841595
 -7.7680651e-05   3.350968e-05              0 -1.1045563e-05  6.4799365e-06  3.4929127e-06  3.5367303e-06 -7.1178293e-05 -1.9301171e-05 -2.9744943e-05 -1.5154958e-05 -4.6620058e-05
              0              0              2              0              0              0              0              0              0              0              0              0
  3.2601943e-06 -1.1045563e-05              0   0.0003468601  -1.348764e-06  -6.287584e-07 -5.3583076e-06  0.00012583937 -2.7902231e-06   8.449633e-07 -6.1610227e-07   8.709813e-06
  -2.455978e-05  6.4799365e-06              0  -1.348764e-06  2.2742562e-06  1.4829493e-06 -5.0851648e-07  1.0100732e-05 -6.2574642e-06 -8.8298517e-06 -5.2726184e-06 -1.1842393e-05
 -1.5829456e-05  3.4929127e-06              0  -6.287584e-07  1.4829493e-06  1.0757166e-06 -5.3152336e-07  1.3422511e-05 -4.5664746e-06 -5.5866287e-06 -3.4483285e-06 -7.1059432e-06
  1.4621392e-05  3.5367303e-06              0 -5.3583076e-06 -5.0851648e-07 -5.3152336e-07  1.1740051e-05 -0.00018852596  4.6165124e-06  4.2093859e-06  3.9035743e-06  3.9812837e-06
 -0.00035456991 -7.1178293e-05              0  0.00012583937  1.0100732e-05  1.3422511e-05 -0.00018852596   0.0077868548 -0.00012384347 -0.00011580272 -8.2548643e-05 -8.8684633e-05
  0.00010265148 -1.9301171e-05              0 -2.7902231e-06 -6.2574642e-06 -4.5664746e-06  4.6165124e-06 -0.00012384347  4.6794815e-05  3.3663948e-05  2.4088882e-05  4.6244971e-05
  0.00012792018 -2.9744943e-05              0   8.449633e-07 -8.8298517e-06 -5.5866287e-06  4.2093859e-06 -0.00011580272  3.3663948e-05  5.7113658e-05  2.7307635e-05  6.0895882e-05
  8.3863386e-05 -1.5154958e-05              0 -6.1610227e-07 -5.2726184e-06 -3.4483285e-06  3.9035743e-06 -8.2548643e-05  2.4088882e-05  2.7307635e-05   3.389857e-05  3.5894756e-05
  0.00016841595 -4.6620058e-05              0   8.709813e-06 -1.1842393e-05 -7.1059432e-06  3.9812837e-06 -8.8684633e-05  4.6244971e-05  6.0895882e-05  3.5894756e-05  9.9930985e-05


# ext. ||   Name    ||   type  ||     Value     ||  Error +/- 

   0   ||Natural mortality || limited ||    0.01864800633546 ||0.000976700109453
   1   ||Targeted q || limited ||      3.469842789523 ||0.07491268033925
   2   ||Nontargeted q || limited ||                   2 ||22.06548931833
   3   ||     sigma || limited ||      5.194586464777 ||0.2922413607016
   4   ||  Biomass1 || limited ||      7.694289599947 ||0.0931776230301
   5   ||  Biomass2 || limited ||      7.234706703284 ||0.06215379491475
   6   ||   vm_mean || limited ||    -0.1804756395329 ||0.007598915641831
   7   ||  vm_sigma || limited ||      26.43364300417 ||2.346391842028
   8   ||Recruit year 1 || limited ||      4.085669674193 ||0.09563644317823
   9   ||Recruit year 2 || limited ||      4.961191476232 ||0.1159199741372
  10   ||Recruit year 3 || limited ||        1.3975538344 ||0.04815520416867
  11   ||Recruit year 4 || limited ||      8.816664746917 ||0.2003064518891





